-49.999999999950745 -46.53328772635861
-49.999999999962796 -48.27298997345969
-49.99999999997957 -47.650715830079236
-49.99999999994009 -47.15592038990506
-49.99999999997846 -48.906407652033096
-49.999999999962554 -49.112092017885715
-49.999999999975884 -48.79851989095338
-49.99999999992986 -49.60878756258122
-49.99999999997782 -48.50161089631562
-49.99999999997607 -48.49891955946882
-49.999999999995914 -45.809113662426405
-49.999999999969006 -48.43799931801635
-49.99999999986515 -49.39180065099692
-49.99999999992833 -49.097629264772976
-49.999999999950155 -47.12359702871705
-49.999999999984425 -47.5737244346447
-49.99999999997918 -47.3776090166676
-49.999999999981654 -48.16284041070796
-49.999999999980346 -46.2762214574161
-49.99999999994465 -48.576346771554384
-49.999999999937636 -47.851388810919566
-49.999999999989356 -47.755941818902045
-49.999999999993435 -46.10270572241964
-49.999999999910415 -47.37022648800395
-49.99999999997145 -46.860135366642716
-49.99999999997789 -49.62918021119083
-49.99999999992587 -48.9266909140575
-49.999999999951264 -49.2739000840143
-49.99999999997797 -48.1917193530893
-49.99999999997979 -46.92740656228679
-49.99999999996015 -47.09908175870655
-49.99999999994774 -48.96083424729902
-49.99999999996558 -49.75700337225044
-49.99999999992758 -49.29999329056435
-49.99999999997104 -49.07205500517594
-49.99999999999767 -49.954978278379784
-49.99999999999517 -47.810694842888275
-49.999999999968345 -48.527275179222634
-49.999999999982904 -47.398394003155
-49.99999999996238 -46.983989837266456
-49.99999999992009 -49.68825135334113
-49.99999999994247 -47.850123903221586
-49.999999999947676 -49.13391774871373
-49.99999999984311 -47.50154100066014
-49.99999999997 -47.57645172862406
-49.99999999997644 -47.60276132884262
-49.99999999993442 -47.6186704042012
-49.99999999999295 -48.783510310896744
-49.999999999988276 -46.096090287341696
-49.99999999999808 -47.807687958739805
-49.99999999999538 -46.04355370396188
-49.999999999951775 -48.85598271887486
-49.99999999997094 -49.416264840475
-49.99999999997465 -48.43837090809065
-49.99999999999537 -48.25596787956839
-49.999999999947924 -49.46871323214687
-49.99999999990887 -48.045036576577715
-49.999999999943526 -46.96098661759723
-49.99999999994547 -47.953599081031854
-49.99999999997529 -48.795254494501016
-49.99999999995616 -48.508661618164666
-49.99999999995975 -47.469340094711995
-49.9999999999725 -46.47649146858336
-49.99999999989749 -47.214333599966025
-49.99999999991307 -47.521168989571436
-49.99999999998656 -45.830357170701824
-49.99999999999822 -48.29289579424659
-49.99999999994718 -45.909982757214266
-49.99999999995913 -46.79191517848139
-49.999999999965894 -46.50157582085514
-49.99999999993242 -49.62439111868797
-49.999999999987175 -48.82993935837691
-49.99999999998983 -47.8971714359964
-49.99999999995184 -47.921412981893866
-49.999999999970925 -48.2848209833941
-49.999999999954795 -48.43219113197361
-49.99999999998877 -47.46182118246563
-49.99999999997577 -48.12727076523125
-49.99999999998297 -48.23947550269537
-49.999999999974456 -46.669407850719494
-49.99999999992992 -46.330997162048575
-49.99999999994836 -47.60971426895476
-49.99999999998833 -47.0832322611064
-49.99999999997867 -48.81240315637521
-49.999999999966995 -47.39634470454557
-49.99999999999579 -48.22901246182155
-49.999999999936264 -47.96461184203479
-49.99999999997088 -47.9998252380925
-49.99999999991572 -47.50958514144759
-49.99999999991299 -49.010783154319874
-49.99999999999063 -48.96498375886064
-49.99999999991111 -47.18785137749721
-49.999999999947875 -46.53585288816703
-49.99999999999253 -48.129074083665785
-49.999999999974676 -46.19725044341209
-49.99999999992616 -49.04181251986407
-49.999999999998266 -46.835595063481335
-49.999999999961744 -48.36006220780207
-49.999999999961396 -47.31724975541037
-49.99999999991047 -46.49272917814328
