-49.91363350210868 -46.173840009355104
-49.99403673263492 -48.84248347919301
-49.92810814931015 -49.92728497309845
-49.97706893444915 -48.57506678472201
-49.88951111119145 -48.311898740782325
-49.69330934238579 -47.77497498974771
-49.805293895962556 -46.881228147838826
-49.99859648015146 -46.84706317660325
-49.898605373281235 -47.488050891003994
-49.953951664034705 -48.412647355379995
-49.89683795303214 -45.7231124874327
-49.86547160079866 -46.18759219478663
-49.799586164469 -41.67079102813008
-49.76088122661557 -48.795361779876885
-49.89103713499575 -48.315607677618715
-49.844075171826844 -48.848943491639346
-49.93497640873693 -46.87331198232211
-49.885355404731264 -45.91366636803307
-49.85045701548718 -47.99274402502971
-49.75265574181727 -48.55314991922937
-49.686747630535336 -46.337458045065986
-49.895015416909345 -48.54970087387437
-49.255094149369214 -47.9963162859238
-49.9946449985295 -48.42831128036562
-49.984833184405645 -46.649749895548666
-49.891374081238595 -47.24893143114873
-49.910010061387005 -49.6469065635737
-49.93403974318069 -46.43841677607231
-49.17254747729135 -47.9309025556708
-49.96504558258053 -48.38822264050832
-49.93920576217556 -45.313636795454336
-49.9711060807096 -49.969849219515346
-49.886965153988754 -49.94828847040981
-49.9530423304881 -48.35331302251594
-49.836474386039406 -46.05941301437677
-49.87962957926162 -46.2170542199198
-49.93530262713087 -47.74032170293603
-49.80770376554132 -45.581628642201416
-49.63582370707327 -45.770929980246244
-49.970980081830845 -44.9901236759044
-49.959958851565005 -46.30965921619526
-49.75011956621388 -49.41475852424786
-49.70365480052314 -46.06852000461705
-49.924273392223476 -45.59779471758564
-49.974903918610195 -49.567683898377226
-49.79743244397035 -46.78231089190532
-49.85748369830484 -48.58499678453625
-49.82350469425814 -46.03506393420764
-49.99456752697462 -45.99498892424408
-49.663056275051886 -47.98845311736959
-49.98203608928078 -49.65426579076408
-49.98184947534895 -46.27146806002184
-49.98150764802624 -48.274202975111876
-49.99140448063306 -49.81899910735336
-49.90727112613108 -48.02782892079041
-49.86382069005071 -45.7807402253989
-49.99727301285172 -47.120240944611126
-49.518785232440635 -43.42657869019668
-49.759381679988316 -45.81200950183435
-49.91083260427763 -45.53015508732824
-49.968348783732026 -49.64792265944264
-49.961040606089526 -46.26045188143057
-49.9476792033751 -47.82421901594613
-49.79405764975236 -47.62906809208824
-49.64452950611488 -47.46836397925095
-49.96730869096464 -46.03845686195619
-49.958126088107534 -48.68436780696443
-49.96297560493424 -47.1904619607947
-49.99930732058542 -48.39950042576214
-49.82070888617929 -45.26455667565048
-49.96184891462939 -45.96670006819056
-49.94080541006756 -47.17910419661116
-49.991202347794726 -47.66745607934823
-49.9414336597132 -49.38219643626713
-49.97594430107944 -47.4656959277699
-49.96320684004456 -45.6095741481857
-49.76080151808106 -47.09381799774694
-49.94734368123996 -47.98293651576171
-49.99428702805488 -47.31215391056839
-49.962574786425655 -46.27555834997311
-49.938677320921016 -47.23916321497357
-49.850567650826605 -48.023958017341776
-49.87791760864819 -47.807515001326216
-49.909759135014035 -47.853949727959616
-49.557402143979736 -39.81326651651463
-49.94233695336988 -49.795074966612304
-49.99040349070258 -47.199497080007696
-49.31649684285887 -46.37101992864689
-49.72177610572802 -48.363646988768735
-49.76140593611893 -46.68084189638412
-49.727147952092125 -47.15102910045289
-49.93332031356005 -47.44622022435752
-49.91516658987261 -48.82339944441391
-49.83942049444746 -45.98925812479431
-49.99334653007735 -49.68148587439332
-49.86614155054765 -45.421346871615114
-49.82813460042133 -46.19318671327012
-49.84007013015864 -48.3268000453153
-49.97049337982136 -45.987972376082496
-49.87169849000523 -49.95281070049232
