-49.997529152725456 -46.409626651510436
-49.998448140620226 -49.4212417395965
-49.99885139036143 -46.35585615472587
-49.9991898824109 -48.680628738038514
-49.99873245228837 -48.0289360364614
-49.998045515337736 -46.704837095454266
-49.99829293314445 -49.46958322955778
-49.999649120037866 -46.84706317660325
-49.99583404132299 -47.39187226167496
-49.99611597953165 -48.362331157674184
-49.99954745422513 -46.76136595722724
-49.99860650845497 -48.093796097393316
-49.99948672834836 -49.023605234905844
-49.99955318434737 -48.20054385312166
-49.998023064336444 -45.649109892504555
-49.99898085674191 -47.03076702212809
-49.9992935768889 -47.25152106491348
-49.995962462454955 -46.71254495948607
-49.99837305080044 -47.93421053344753
-49.997510436772664 -47.095676521630836
-49.99886319454104 -47.288347635895136
-49.999789493105595 -47.50357945069169
-49.999630386546954 -46.985840994516096
-49.998613354726814 -47.038829678700125
-49.99753384970735 -48.38752865487565
-49.999364848994944 -45.705273509845306
-49.99760925693322 -47.465322990606175
-49.997898141922356 -45.912655929320174
-49.99968023915707 -47.29113426589496
-49.998222268170736 -46.15789302753949
-49.99775732249675 -47.31535317500632
-49.99790852400767 -46.862219718546974
-49.99870440713545 -46.19861598622877
-49.9992238826714 -48.6119770711464
-49.999829111165695 -47.243141089383265
-49.99970251904581 -48.6446006784189
-49.99918469676324 -49.07321830624014
-49.99904453852693 -45.64056215886602
-49.99864210494085 -46.02346217881029
-49.99896794229065 -48.82554965151464
-49.99922101018557 -46.30965921619526
-49.99889495673902 -45.65806304524636
-49.99959908415447 -47.08190379290025
-49.99784706658458 -48.11134097932289
-49.99745790205644 -46.11091993054574
-49.99988799190499 -45.67090594827624
-49.999677325051536 -45.974089331258625
-49.99804730567308 -49.48946001820973
-49.99864188174365 -45.99498892424408
-49.99905320085156 -48.994226558684794
-49.99916052447312 -48.6301719641349
-49.999415238078825 -49.31046647333057
-49.999419521585935 -46.6059115012674
-49.9996605941207 -46.422894986506506
-49.99739474248501 -46.78979037942152
-49.99985085970785 -45.956326124646736
-49.99984903193274 -47.53543020337065
-49.99820738427032 -45.600084195556306
-49.99727314642934 -46.28587078465473
-49.997447671832404 -47.97975883855074
-49.9992383415629 -49.64792265944264
-49.998217134843756 -48.130225940715285
-49.99826326376418 -46.932245307103805
-49.99977998554654 -47.71261628265151
-49.99913039217509 -48.734181989625476
-49.99960095221114 -48.28937157586614
-49.99998410832945 -48.68436780696443
-49.99985047731366 -47.24512193012543
-49.999826830146354 -48.39950042576214
-49.999608797010964 -49.675549758953586
-49.999798779512254 -46.525714498667696
-49.999684241287994 -45.9039050636679
-49.99907338492942 -46.82417227105377
-49.99778108293336 -46.406635510855146
-49.99958303007625 -49.92416914619946
-49.99912295550059 -47.00120225362615
-49.99839743542392 -46.400568918228025
-49.99846042455143 -49.19393596667466
-49.999642939253434 -47.327843767482776
-49.999499814835474 -48.90227134878626
-49.99952472034158 -45.93358838543932
-49.99667556644597 -46.64054797592834
-49.99697439762047 -47.9105490257154
-49.9999060101933 -48.31187061273598
-49.99820955500602 -47.256665648633586
-49.99990203472995 -45.92952589201002
-49.996171347286186 -47.46478574533537
-49.99760846595476 -49.87962955172528
-49.99927251925317 -47.27291988103343
-49.99972991934355 -49.19664157478806
-49.99928722038734 -47.62043963797244
-49.998813935992544 -48.49327004481248
-49.99942302701841 -49.42767522017233
-49.99983005143919 -47.48030056185925
-49.99898020866851 -47.61004332735696
-49.99961133606672 -47.48082782636149
-49.99821179551432 -47.854687365004814
-49.99824142634575 -46.311231812341774
-49.99728738869673 -48.21448868567391
-49.99856567360599 -48.62551014656105
