-13.785326157149253 319.4687706921988
-30.40634597557081 -43.41351613607785
-19.228311814537417 143.82741223509083
-20.063483353676908 114.61526803311133
-22.114048859810605 66.38972148168476
-42.22743348766468 48.09012309046343
-12.176077339814528 380.6096706122026
-30.252340840055993 -32.70160625107258
-23.55008370253737 45.30938383586847
-12.936815029970969 361.2258881420632
-20.58952881228568 104.40491283982404
-30.082934887020357 -35.99749109977978
-37.490872425675434 -14.396936690543498
-18.53596497411941 162.75215162397222
-43.98765487110629 89.70736414118602
-31.650119846225298 -39.47634154387003
-22.87926845520269 57.94858698855852
-54.24011844161423 416.6214468410297
-31.897254161751434 -47.286808523391215
-16.558690484903124 222.15472174553415
-10.070545554245939 472.6465962245725
-53.31459337249729 374.61960236248353
-35.73171801847871 -31.537096810177175
-20.592573479497723 105.15728642196359
-41.3604532381902 47.87491853079544
-34.922223445059146 -30.98423738780238
-31.033455120366774 -39.75890441693272
-35.21288484754409 -34.879825738103406
-42.99346428842708 68.90594287423718
-17.881593104071236 180.27127646356993
-37.136477146492034 -23.73371523412837
-12.806623457550934 371.41478457649373
-29.7962943013711 -33.12647838675787
-45.035057107373085 107.69888427289621
-12.22827689939169 391.44218019831726
-41.74320495487048 45.48251703924342
-22.61044423744624 56.578344609740796
-53.36131365255912 377.19550659280503
-31.378554284987892 -39.6294476840349
-26.50491536458506 -0.2678285697031697
-24.32833076269273 15.041309040210564
-40.73997065338416 30.074898243007354
-11.060163562398374 429.7260961309116
-19.398028928387575 144.2335033933166
-4.919740343628604 729.1325986791096
-33.89591296471521 -38.86118926173805
-23.18819972077539 45.73013968940063
-15.611330039049427 257.45547356988277
-42.80164014651705 58.49457465246809
-38.75874038252122 -2.6500622322869702
-44.9451736352356 106.89536773656641
-18.39894405767879 170.15848835294867
-10.826059996174502 439.79167062448676
-19.911964980623594 124.868536119597
-14.083173102573605 308.8178763003235
-31.978425095042375 -46.399496971590494
-14.315384313696311 294.55199128628306
-21.931525413175127 94.14957029710698
-16.99718460630753 201.56787982288674
-44.66025336833504 103.05731238344117
-13.53697338166788 317.8505988837024
-38.14337634833828 -8.603298847725569
-33.112514783936845 -39.199038564698924
-13.412484377968095 330.74871590640066
-31.27778382345651 -35.10833069981514
-38.03184236859608 -11.312648943616395
-27.57268138462613 -9.696069197186247
-17.48434152631896 187.5040630549505
-30.33942542384591 -32.82026610642812
-25.791887529537377 11.50407295111944
-46.548082497247606 151.01839353468765
-22.80182009578638 55.382143863964785
-38.60074611359171 -11.917172275146726
-32.105182520507114 -63.703321842761994
-5.93779331733213 682.1621072661549
-21.697691041034464 81.53735036468805
-30.26795168700622 -34.97410143382867
-37.25857742153637 -24.68562925008672
-45.04398706108936 112.63311456606107
-18.859125471571957 149.66149561834618
-18.86693000128843 161.3694302304575
-38.573011553559624 -0.10847027005624454
-13.716740325942848 319.457631956362
-8.902859523442482 512.4124771376812
-18.273292194460417 180.44020111505037
-18.595069612504297 160.29044903131455
-44.11257057554211 87.51335045456256
-9.663345710084345 501.4699090744591
-10.846456419371606 444.74720018412336
-49.818760195797864 252.70190869086898
-42.907128995251604 68.378157682704
-16.72039602917835 218.4467092273851
-31.03542801952291 -37.67413133430415
-18.684845440696016 149.81876274265232
-15.789465623618142 221.3798451045267
-42.271344774652064 52.01893162795603
-38.06934542184476 -12.36061190908778
-37.32660847271142 -20.16830681136875
-55.32457908790413 470.28377592504165
-18.778286000819676 154.97057120329532
