-19.501168365341147 142.7225448629266
-45.48321990518869 145.2477186481256
-19.2290062209209 143.82741223509083
-20.063483353676908 114.61526803311133
-22.114048859810605 66.38972148168476
-17.26346102477193 189.45574316231853
-11.414349358323083 429.7768147352992
-43.36379176262871 57.2303566060248
-49.24979341640137 220.28035870734362
-12.936815029970969 361.2258881420632
-20.58952881228568 104.40491283982404
-32.42618968164442 -35.99749109977978
-20.907609673952205 119.06512626501251
-40.43372001717482 23.365904809410978
-55.000778950619 421.3404469609355
-43.05205728860756 55.87548250466375
-34.5879848763783 -58.20750259603642
-45.91839726608107 146.76651448872067
-45.70745999260346 171.5090245490838
-12.800752927620877 352.19124326462725
-10.070545554245939 472.6465962245725
-53.31459337249729 374.61960236248353
-29.612788430913852 -31.537096810177175
-20.592573479497723 105.15728642196359
-41.3604532381902 47.87491853079544
-52.31197803565995 356.827713263951
-31.033455120366774 -39.75890441693272
-42.868175172322225 51.734537359299225
-26.58339147427609 75.25532821419577
-1.388623948130089 923.4956595422506
-41.944745877933244 36.4402830708039
-12.806623457550934 371.41478457649373
-34.66209482910185 -33.12647838675787
-11.128936180756222 440.9923743692955
-12.22827689939169 391.44218019831726
-11.268151524129188 398.2116046899438
-42.87007401888983 55.83764557806472
-23.442554297032252 28.43971909693559
-31.378554284987892 -39.6294476840349
-36.754903941444645 -0.2678285697031697
-12.537369936882257 301.6881728316971
-28.70985955163944 -8.772873586893127
-11.060163562398374 429.7260961309116
-19.398028928387575 144.2335033933166
-4.919740343628604 729.1325986791096
-41.9880912004099 -38.86118926173805
-23.18819972077539 45.73013968940063
-15.611330039049427 257.45547356988277
-42.80164014651705 58.49457465246809
-38.75874038252122 -2.6500622322869702
-42.4007264736922 59.2551342128819
-52.867118696053396 346.50045966976575
-17.026360474310533 234.73355708496229
-55.15174257469545 449.1242317557962
-53.4880707235351 397.4288073567164
-42.23310612550682 62.66198363172708
-33.16684463004768 -59.34866363620455
-21.931525413175127 94.14957029710698
-16.99718460630753 201.56787982288674
-44.66025336833504 103.05731238344117
-13.53697338166788 317.8505988837024
-37.4815880252581 -8.603298847725569
-25.81814724799593 31.80461999750213
-21.472569196721437 111.55547463535672
-10.391937766371214 413.62391246245636
-2.7077606888332504 817.7663294607187
-23.152300844063774 42.50684678666843
-22.836331169483884 63.52375508766892
-37.435533943390176 -24.685765083720618
-25.791887529537377 11.50407295111944
-46.548082497247606 151.01839353468765
-45.62199587292905 119.21650299120246
-26.535218355564755 -11.917172275146726
-36.88878523895406 -63.703321842761994
-5.93779331733213 682.1621072661549
-2.6720310462133483 867.2034522601925
-40.81317747415041 15.667754629751187
-37.25857742153637 -24.68562925008672
-45.04398706108936 112.63311456606107
-9.648656579249362 489.758369000046
-56.2841341088339 452.49431133017606
-17.028406300207987 197.02288945737456
-40.15604565756537 28.194128018465165
-46.143934977231936 115.9878929097674
-55.87860471056865 469.26652182574287
-53.13750047453494 374.5942430602897
-20.428812351511446 87.51335045456256
-22.618480228126376 72.55867163237265
-10.846456419371606 444.74720018412336
-46.76951269538788 252.70190869086898
-42.907128995251604 68.378157682704
-16.72039602917835 218.4467092273851
-34.721403619146386 -37.67413133430415
-18.684845440696016 149.81876274265232
-15.789465623618142 221.3798451045267
-20.840390186255817 102.39461067992994
-7.948294317116358 523.0512650508989
-37.32660847271142 -20.16830681136875
-10.586987577451996 470.28377592504165
-24.484190364071768 93.35526916145523
