# FVC 2D Coordinates
01.3953 325.4189
01.2891 474.6884
01.1084 393.6507
01.0385 126.1526
01.2339 375.4821
00.7672 129.2151
01.4277 467.8314
00.9763 245.6453
01.0334 149.1173
00.6297 514.9128
01.0947 176.8955
01.9415 554.0730
01.1873 173.1509
00.7038 266.6422
01.2958 498.2525
01.1792 112.0028
01.9747 221.4474
01.5587 471.6620
00.8720 502.0059
01.9659 544.9242
01.0900 504.5334
01.2631 378.8807
00.8781 154.7604
01.0577 639.3103
00.8408 307.9680
00.7260 533.3857
00.9065 306.5320
01.9978 117.6360
01.1212 375.1259
01.8330 317.3112
01.5249 282.5157
00.5249 370.8262
00.3918 61.6236
00.9860 509.3599
01.0924 329.6270
00.9565 438.0220
01.8675 348.3461
01.8549 314.6608
00.5350 395.5317
01.7245 258.3431
01.5187 361.1417
00.9093 349.1054
01.8604 102.7618
01.0306 411.6629
01.2914 92.2263
01.1488 350.3167
01.3572 337.4049
00.4081 171.0009
01.2644 639.6599
01.1322 237.7828
01.1177 290.5632
01.3345 345.1307
02.0624 415.7784
01.3211 346.3652
01.4144 461.1192
01.1146 256.9353
00.8883 380.7602
01.4754 660.4144
01.3340 368.6235
00.5920 257.5606
02.2065 360.4262
01.4340 474.4002
00.8612 413.0468
01.2134 453.5632
01.7229 605.7570
01.1744 407.9245
01.3832 268.4379
00.7481 75.7266
01.8600 196.9862
01.1905 240.3246
00.3839 236.1897
02.0518 170.9864
00.2133 138.9865
01.3689 452.5085
01.6056 562.3824
01.1147 87.1588
00.7870 236.4181
01.2650 361.0216
01.9522 170.6427
01.5975 125.8372
00.9710 302.4960
01.8028 445.3447
00.9256 328.3572
00.6035 267.3370
01.1751 495.5899
00.7640 221.0078
01.2115 309.8632
01.9363 446.7338
01.2496 452.3246
00.5124 399.3358
01.7520 378.7228
01.0349 512.7892
01.5345 268.0437
00.9573 299.9501
00.7312 286.4695
01.3433 345.3594
00.9729 244.0010
01.4806 227.3053
01.4621 211.4869
00.9281 422.3855
01.0498 282.7767
01.2037 559.6466
02.1226 591.2644
01.8754 438.8649
00.4351 126.3692
02.1012 312.0538
01.7093 616.9174
01.6688 332.3887
00.8705 230.4091
01.7605 461.7717
01.9920 429.6307
01.3721 359.3208
01.5014 297.7248
00.9930 534.1086
01.6600 302.6980
01.3253 162.5980
01.1234 251.3159
01.1024 412.7160
01.6899 339.5503
00.3070 337.0063
00.7161 518.5506
01.6404 321.4494
01.5512 601.9421
01.2786 247.5489
02.2034 334.8623
01.2778 703.2738
02.1068 402.6000
01.3027 289.6494
01.7632 448.9847
01.9482 320.2356
01.3256 420.6341
01.1171 148.3871
01.1741 523.6260
00.7398 229.9987
01.2512 449.0012
01.1325 412.4274
01.5731 373.4253
00.9826 541.6178
00.5461 223.9611
01.4686 506.5747
00.8415 99.9894
00.4579 193.0638
00.8724 351.7230
01.1911 425.7675
00.3055 210.8408
00.7677 386.7676
01.1457 464.3384
01.5812 626.6213
01.6984 279.4308
01.0208 411.3911
01.6537 190.0710
00.6512 358.7495
01.4183 259.1200
01.2433 188.3026
01.9273 313.9938
00.6872 183.1927
00.5594 492.2837
01.0738 343.2872
01.3791 529.0550
01.4600 90.7671
01.6316 390.6894
01.2625 315.1047
01.4536 473.5025
01.3798 163.7192
01.3386 404.1227
00.9540 131.6517
01.3061 429.5465
01.9707 396.5673
01.6378 343.0517
01.4499 623.6820
00.9864 310.3714
00.6787 123.7383
00.1792 186.4707
00.5782 366.4606
01.0629 303.6508
01.0084 543.5407
00.5941 141.2453
01.2769 294.5781
01.0262 423.4372
01.9267 404.1127
01.2400 227.4646
01.2413 368.4027
01.1588 236.8341
01.6638 146.8564
00.9120 510.8540
01.3255 680.8296
02.2250 541.7421
02.2029 336.8892
00.7844 272.2507
01.2382 346.3664
01.7427 354.1821
01.0450 167.2455
02.2324 478.6610
00.5859 302.7668
01.5563 202.6446
01.0019 535.3264
01.8655 213.4597
01.8589 443.2706
01.4354 454.7906
00.4021 310.8701
00.5173 253.4198
01.0796 211.3220
00.7528 135.2976
01.2032 259.5952
01.4777 317.6426
00.4123 174.2251
01.3010 433.7530
01.1483 186.4223
01.2337 512.2561
01.1754 252.6302
01.2043 302.3285
02.1950 328.5308
00.5103 182.0065
00.7704 94.0711
01.8981 274.4022
01.2014 422.4526
00.6742 108.3021
00.8483 215.8118
00.7252 224.7205
01.3373 525.7391
00.2857 141.4060
00.7416 537.8731
01.6655 431.7602
01.4658 606.4518
00.5124 566.0942
01.1894 398.4933
01.2324 441.3019
00.4070 370.5214
01.1736 104.9730
00.9748 150.6393
01.4094 346.9947
01.3146 227.9837
01.8453 152.0241
01.1398 217.1002
00.3777 469.3074
01.1010 280.9499
01.0443 83.6964
00.3581 509.2587
01.3852 256.7754
01.4850 247.1098
01.9097 242.0813
00.3449 181.3571
01.3693 351.6354
00.3270 198.9761
01.4530 194.1489
01.2146 299.6770
00.7916 234.6087
01.3365 452.9710
01.3628 394.1424
01.0660 149.8337
01.4268 316.6124
00.7212 198.6554
01.0614 386.8196
01.7527 348.3384
01.5958 446.9926
00.3702 139.7778
00.8166 259.3275
01.2596 264.2094
01.3803 390.2577
00.1856 262.0364
00.8309 386.7848
00.7300 214.0823
00.4857 372.7497
02.0984 382.9587
00.3722 259.1456
01.7422 234.8998
01.0973 197.3464
00.7269 322.1850
01.2500 340.9238
02.1525 384.1267
01.5298 378.3708
02.0304 405.6194
02.0343 474.2619
01.2777 508.9124
01.8707 169.5008
02.0688 233.1758
01.3942 339.4554
01.5001 134.5060
00.8892 308.4541
00.3219 252.0118
01.2068 176.6822
01.5876 126.6879
01.1915 304.1151
00.4096 264.3021
01.4276 195.5739
01.4636 312.7683
01.0325 213.9193
01.3674 410.7807
01.2314 583.5961
00.7645 190.6806
01.3725 529.7484
01.0323 269.3340
01.0598 108.7019
01.7852 499.3742
01.4125 331.3232
00.2912 416.5252
01.0284 172.1590
01.7510 134.0357
01.2077 383.8176
00.8552 207.6949
01.4420 316.5702
01.9062 437.8974
01.1578 276.4534
01.4696 344.2631
01.1728 129.6494
00.8565 307.4327
01.4409 569.0341
00.9895 318.7718
01.1231 228.7072
00.7445 129.8597
00.6141 275.7106
01.1291 260.1575
01.3799 411.3464
02.0018 237.6396
01.5582 475.4791
01.0710 666.8032
01.2785 192.4957
00.6262 201.7987
00.9124 455.5925
01.1833 341.7208
01.2819 458.6441
00.7391 522.6158
00.9632 500.6825
01.8679 417.2988
00.6019 190.7420
00.3204 182.1464
01.3807 491.3808
01.5851 111.7713
01.5538 432.3816
00.8204 121.1727
01.5282 378.5313
01.6075 634.3120
01.1611 242.8792
01.0107 490.7958
00.8748 215.1605
00.9228 97.6960
00.9850 402.3910
00.4559 527.5594
01.1478 560.9234
01.2290 334.6788
00.3453 175.5103
01.7672 373.5742
01.4574 357.9112
00.9562 162.9095
02.1123 316.5529
01.0290 336.1635
01.2439 229.5441
01.3164 228.8932
00.7320 298.1111
01.2410 396.0519
01.7375 198.9311
00.3870 166.7124
02.0522 451.2289
00.8738 338.1768
00.4675 287.4466
00.8374 426.8424
00.4502 182.6492
00.5063 190.8755
01.0836 407.7912
01.5834 316.5969
01.4218 253.9733
01.4781 113.4535
01.4881 356.1377
01.1627 512.4938
01.7470 354.9740
01.8212 374.1265
01.2017 322.0447
00.4082 254.3510
01.9796 187.6500
00.7911 200.2347
01.1725 145.4525
02.1233 244.0319
01.3818 380.4757
01.1298 112.3961
01.3269 160.6083
00.5521 435.9962
00.4225 65.4485
01.4901 166.2987
01.4220 358.4671
01.2536 505.6021
01.6349 72.9187
00.2475 349.9703
00.9525 495.7413
02.3189 594.5677
01.5551 362.5961
01.2872 603.6921
00.3718 401.2977
01.3741 148.9761
00.5573 179.0209
01.1022 300.4832
00.6045 141.2116
01.0448 89.4712
02.0425 455.5995
01.2570 576.9637
02.0055 411.1707
01.6523 625.0990
01.5253 178.6554
01.1563 544.5313
01.0208 311.9619
01.4427 510.4490
01.1072 316.8446
00.7694 458.5789
00.8382 218.2976
01.1351 115.4224
01.2244 370.5389
00.4134 294.1961
01.6965 486.0513
00.5169 188.4851
01.1767 534.0267
01.5748 111.1958
01.0353 320.5067
01.6603 588.6059
00.6740 447.4985
01.8614 177.9139
02.0293 592.8687
01.1317 255.8263
01.2210 351.8339
00.4564 464.8541
00.6769 525.7651
01.3129 316.2167
01.3554 261.9821
00.4059 529.8408
01.2498 295.6987
01.8694 259.8480
00.4786 258.9705
01.4329 272.3426
00.7488 280.5174
01.0050 418.8325
00.7482 322.5080
00.6248 172.7220
01.4680 278.5543
01.4118 334.1413
01.4342 486.6362
01.6885 442.0890
01.9169 431.6966
01.4617 189.6648
00.4127 355.8399
00.5067 328.6998
00.6523 228.3229
01.5654 208.2295
01.7504 479.9628
01.2956 248.0280
00.8180 262.2885
01.4479 276.1929
01.4046 262.7850
01.2922 376.2567
01.8317 246.2612
00.9421 243.4263
02.1656 333.1556
00.5545 287.7702
01.8016 601.7365
00.9975 268.0277
01.2726 381.1950
01.7946 179.1430
01.1312 213.9593
00.9981 459.8917
00.2222 164.0402
01.1538 339.0324
01.2358 382.4543
01.4463 291.4117
00.5128 252.2799
01.0623 435.3806
01.1049 405.8812
01.4990 268.1876
01.1741 234.1022
01.0506 488.0942
01.3568 395.4856
00.7348 411.8916
01.4038 220.2194
00.4321 379.7572
01.2307 236.1536
01.3779 380.9242
01.6155 325.4508
01.9411 342.9107
01.2069 553.4028
01.2016 334.4326
01.4006 405.3382
00.5207 317.3689
00.6448 150.9467
01.2310 384.1326
01.8940 468.9180
00.4199 201.7651
01.1590 306.2672
00.9212 142.1172
01.4973 265.8294
02.2369 491.6828
01.0582 205.2644
00.4938 196.5845
01.3518 356.2051
00.7765 322.0593
01.2859 290.4904
01.2520 202.6563
00.6667 366.8351
01.2295 251.3032
01.1333 169.6563
01.4400 366.6606
01.6503 346.1332
02.0482 323.7015
01.0316 320.1541
01.8449 555.7649
01.1248 96.1996
01.1662 168.4431
01.5040 143.3320
00.4509 381.1611
01.8139 258.3075
01.0764 574.8255
01.0533 273.0363
00.8875 271.7547
00.6000 264.6415
01.0471 546.8780
01.7526 173.7725
00.4620 533.8673
01.1341 272.4332
01.6331 284.8989
01.7788 149.3691
02.1698 597.3954
00.8520 199.8448
01.0784 307.3019
02.2487 400.4001
01.4744 275.7866
00.5382 288.9088
01.5988 361.8825
00.3674 536.2665
01.1629 362.1035
01.8817 237.5246
02.0156 230.7698
01.0252 179.9916
01.6252 126.5677
01.2441 222.1513
01.6842 337.0872
02.2702 476.0974
01.3384 279.7560
01.5678 620.9942
01.0338 433.7751
01.1270 435.5246
01.5863 444.8386
01.7620 381.0415
01.3387 313.8050
01.4647 343.3291
01.6506 252.4107
01.2767 448.9090
01.1240 401.7962
00.1806 290.9969
00.5100 498.9868
01.7262 96.7934
01.5123 494.4026
00.7367 217.2429
01.2309 342.8777
00.8626 397.7653
02.1926 378.2503
01.3629 332.7606
01.5679 501.5318
00.3683 264.4401
00.7495 118.8625
00.9263 321.7284
01.1195 166.6857
01.1453 258.7889
02.0266 323.7393
01.2970 227.2820
01.7185 419.0719
01.0012 167.2535
00.2489 216.6006
01.7047 417.2345
01.6302 129.6504
00.7168 363.7859
00.8464 374.5926
01.0396 329.9821
01.1594 202.5380
00.7869 530.1160
01.8847 125.0367
01.0079 169.2203
01.2958 338.0536
01.9471 600.4355
01.1963 304.0085
00.8709 254.7648
01.0984 172.7308
01.1773 509.1675
00.6230 99.2605
01.7951 445.7600
01.1067 226.3864
02.0486 288.2411
01.1039 160.9542
00.3184 365.0533
00.4893 226.5126
01.4102 388.1453
01.0019 316.6062
00.3285 266.1515
01.3870 705.5545
01.8893 428.3974
01.0766 291.8528
00.2951 345.8419
01.5877 438.7668
01.8976 443.5302
01.1071 174.6840
01.2469 351.4000
01.7412 600.9093
01.0687 218.3784
00.9126 539.0319
01.1663 168.6940
01.9140 251.4188
00.6810 269.3479
01.2888 253.5090
01.6403 374.8209
00.4063 430.1564
00.8691 120.3570
01.3692 445.0488
01.9208 102.2738
00.6924 87.7877
00.8246 327.2635
01.1292 211.4117
00.4618 160.6746
01.1589 331.8279
00.5545 309.2475
01.8571 494.5612
01.3271 431.0280
01.9321 231.2506
01.2956 449.8881
00.1125 166.6646
01.0696 533.2090
00.5759 303.6471
01.4860 277.7849
01.1883 496.3536
01.4622 582.2129
01.6097 393.3210
00.2152 155.2799
01.4626 293.7593
00.6738 201.0738
01.2505 365.4532
01.2786 450.9970
01.7185 228.6119
01.0470 334.2410
01.2537 403.2476
00.6418 338.1457
01.6242 283.5849
01.9217 191.7949
01.1767 460.6086
00.6268 124.6517
01.2667 163.4488
01.7143 160.8142
01.3996 278.7411
01.1777 277.2719
00.6680 233.8641
02.1071 313.9319
01.4959 492.4280
01.0910 193.9061
01.5363 346.6987
00.8249 208.6829
01.3617 271.8254
01.2095 339.1317
00.5068 341.2084
00.6711 133.6274
00.9415 142.4022
00.7723 379.4439
01.2141 406.7444
01.3496 362.4637
01.0964 244.2879
00.7187 387.7008
01.2707 432.2887
01.5028 191.5188
01.0940 212.8061
01.2137 293.4050
01.3425 381.8421
01.6419 455.4389
01.6245 174.9955
01.0586 299.4725
01.4098 224.6215
01.4141 586.6380
01.3803 468.8812
01.8978 621.6374
01.0846 291.9959
01.4833 264.0805
01.5966 470.9767
01.8738 443.8841
01.7337 332.9354
01.0956 335.3179
01.4414 594.5084
00.8993 427.6177
01.4225 93.2327
00.6704 283.1447
01.1672 446.0401
00.9494 290.2575
01.2930 214.5546
01.0336 157.5090
00.6309 240.5504
00.9357 397.1500
02.0363 525.6940
01.2347 85.1478
00.7117 387.2472
02.0056 523.3814
01.9937 471.1412
01.7764 283.6942
01.1473 216.5476
01.7240 270.1650
01.8990 467.0160
01.9134 462.6216
01.3112 385.3232
00.9944 161.2191
01.5458 274.8605
01.4056 301.6860
01.4351 299.1160
01.0466 407.8448
01.5782 267.4745
01.9606 239.9826
00.6629 269.3790
01.3838 312.1127
00.6993 58.4108
00.9526 179.5251
01.8739 547.8093
01.2294 236.0268
01.1823 166.3382
00.9560 572.0263
01.4156 114.5918
00.9961 134.1284
00.6474 239.7132
01.5170 358.2464
00.4880 308.4778
01.1529 356.1156
01.9327 251.0856
01.3299 120.4512
00.3562 220.0367
01.5130 420.6116
01.7589 223.2079
00.9000 162.0272
02.1768 432.1077
00.8200 335.1948
01.2867 194.5001
01.9755 263.4454
01.9253 430.5073
02.0564 404.2842
01.2295 428.1396
00.2657 172.6969
00.4899 347.0847
01.1233 250.7122
01.2138 387.3566
01.0788 327.3217
01.0734 222.4525
01.9444 488.6440
01.7396 528.4163
02.0386 413.4595
01.6277 388.2268
02.1057 300.5159
01.1182 435.9640
00.6374 424.2845
01.0984 332.8880
01.0740 216.8011
01.0930 429.0666
00.3538 286.4404
01.2526 348.2085
01.6465 117.7065
00.8244 499.1241
01.1891 361.6218
01.6766 286.0424
01.3370 350.3100
01.0137 289.0974
00.6550 188.9658
01.2437 222.7208
01.3664 357.5407
01.9008 253.7164
01.4783 45.9771
01.8026 361.6566
00.6204 283.2298
01.7502 493.8432
01.8701 506.5702
01.0184 316.3527
01.2663 331.2967
01.5011 603.2964
01.8307 219.3605
01.2471 401.4160
01.1762 280.0431
01.2502 347.5065
01.6299 295.2798
00.9126 241.3786
01.4091 109.6775
01.9955 596.3918
00.2182 340.3695
00.3759 337.2026
01.6459 355.6872
00.8381 318.9187
00.4024 308.2753
01.0281 343.3940
00.4488 565.6495
02.0657 136.3421
00.6193 292.8310
01.3664 148.6001
01.4313 245.2328
00.2135 229.8954
01.4143 482.5583
00.5977 306.2918
01.6861 306.7136
00.7311 181.0384
01.2160 520.1997
01.7756 299.8127
00.8867 365.1976
00.7123 350.9693
00.6603 346.4095
00.7027 398.6286
01.1729 257.7703
01.1784 471.6238
00.5530 273.2372
00.3880 112.6179
02.1754 380.4531
01.6372 324.1704
01.0655 186.3119
00.8706 276.2890
01.2088 201.2753
02.1226 377.9210
01.0694 182.6076
01.1924 92.8786
01.7520 460.6653
01.4883 340.5580
00.2032 247.0389
01.0561 291.2571
01.3078 672.3076
01.1142 316.0310
01.4725 328.5365
00.8352 559.7681
01.8107 372.8823
01.9546 315.1375
00.9891 194.2863
01.9542 472.4844
00.5767 385.4351
01.5721 400.9301
02.0315 220.8317
01.0573 274.6389
01.7579 446.2941
01.9684 541.4976
01.0942 403.7706
00.1991 264.3319
01.0649 167.4614
02.1624 468.4142
01.4432 126.9653
01.2970 353.5899
00.7361 249.9381
01.3873 476.8780
00.5422 279.3287
00.6106 249.0966
01.0854 560.5961
01.8288 360.1910
00.4190 179.4126
01.4566 199.8796
01.9348 368.4053
01.8933 230.0135
00.5899 276.4229
01.0573 335.1238
01.4788 397.7042
00.9812 255.1634
02.0095 467.7692
01.0500 523.2246
00.9408 112.4851
01.0360 183.7839
00.4275 172.9129
00.5254 233.7563
02.1184 338.8377
00.9863 425.6053
00.9934 247.0536
01.0647 315.3034
01.1511 334.0381
00.9382 280.8395
01.5301 308.5295
00.7160 68.7181
01.5521 255.7969
00.3464 143.5438
01.6836 236.6028
01.1142 376.0374
02.2438 423.7906
00.6289 316.2206
01.1784 208.4016
01.1353 520.9707
00.4706 313.1509
00.9430 223.0540
01.1485 204.0441
00.6504 130.7214
02.0788 396.2518
00.6252 513.1183
00.6949 261.6235
01.8358 121.6187
01.3975 471.7587
02.0730 349.4632
01.9327 345.4096
01.3189 334.8574
01.4675 277.1674
01.1881 210.4674
01.0281 297.6376
00.8414 275.8516
02.0178 404.3281
00.4192 280.5700
00.2022 261.9744
01.1374 163.6237
01.0853 282.5488
00.3165 324.4026
01.4335 235.2296
02.1338 244.9407
00.8118 169.4757
01.7432 595.3084
01.3151 460.2680
01.9816 293.5102
00.6862 108.6173
01.5366 315.3568
00.5511 326.0934
00.9666 319.3871
02.1436 326.3286
00.1612 162.1543
02.2428 387.3698
00.8699 235.3519
01.3104 477.5852
01.6621 166.1421
00.3477 234.1443
00.8979 80.0512
01.8116 228.3117
01.5766 285.0175
01.2405 326.6011
01.4629 229.9008
00.3607 401.5770
01.3976 117.3013
01.0807 323.5240
01.5539 621.1826
01.3694 174.9107
01.7733 257.1143
00.6201 410.5229
01.2778 143.1433
01.3585 167.3600
01.6861 631.5259
01.1307 174.5222
01.0347 504.4441
01.1639 317.4696
01.4686 192.3131
01.5162 408.9167
00.7432 344.0904
01.2279 410.8413
00.6937 127.8559
01.8054 92.6743
01.1470 315.1057
00.5087 278.2115
02.1696 341.1266
01.8300 595.3835
00.5323 299.9945
01.0329 308.1453
00.3441 341.7111
01.1568 293.5963
00.3963 191.3853
00.6582 285.6551
00.9535 281.7331
01.1207 375.0777
02.1256 295.0620
01.6787 130.8899
01.7989 358.9217
01.3696 314.6040
01.9662 142.4090
00.3770 359.3231
00.8060 384.1726
00.5694 376.0713
01.2061 205.3638
01.0704 207.5795
01.3544 421.6976
00.9611 531.3096
01.8830 185.3452
01.6240 556.6654
00.7775 557.7677
00.2976 367.4885
00.8706 386.2874
00.5353 366.1865
01.0088 192.8347
00.6500 199.0849
01.1492 347.9904
01.6675 271.6147
01.0807 395.1945
00.3730 185.0795
01.0303 229.6236
00.8628 473.3988
00.6794 522.3027
00.8375 164.1825
00.6489 165.7594
01.5577 238.7264
01.0794 196.8772
00.1855 215.5052
01.0577 390.8264
02.0964 413.0202
00.5923 340.7582
01.1707 260.1294
01.1071 194.9567
00.9692 136.3287
01.5567 443.3948
01.6897 197.0697
01.3450 261.0524
01.3494 322.2521
01.0586 553.5804
00.7473 365.5475
01.4894 548.2956
00.3780 177.3022
00.3448 394.3397
00.5624 465.4101
01.1888 286.2894
02.0664 589.3665
01.8198 331.9724
01.9990 369.4051
01.3403 272.9863
00.5397 147.5621
00.6099 392.2276
00.9094 330.5258
01.9514 404.6027
00.6778 368.1292
01.0198 287.5360
00.5160 515.4163
00.7618 70.6788
01.7552 251.6155
01.9430 504.9226
00.5659 285.4973
01.8849 262.9620
02.0977 384.0186
00.5037 194.8084
01.0365 140.8399
01.1415 150.9184
01.3451 582.6193
00.7130 408.6334
01.4963 492.1728
00.7095 192.6324
01.3907 309.5278
01.3726 301.5911
01.4776 606.2527
01.0249 274.3278
01.6050 343.0850
01.8574 463.4076
00.4674 113.1798
00.3883 401.6024
00.4094 240.3110
01.2077 323.3135
01.5014 275.6312
01.9942 486.7893
01.2167 240.8296
00.8087 324.8132
00.7359 543.0974
00.2224 324.0981
01.2989 283.8910
01.4484 164.8939
01.3025 277.2989
01.3158 430.7017
01.1956 85.2972
00.5238 297.9591
00.3969 280.8762
00.6407 238.8784
00.6165 273.8698
00.2383 308.9386
01.0838 283.5811
00.8494 259.7185
02.2102 348.6958
00.6844 133.9448
01.4840 307.8647
01.3592 456.6634
00.8481 290.7196
00.2854 372.2162
00.2898 251.9113
01.7275 270.9667
00.2930 356.7849
01.0456 325.3984
01.2280 541.9535
01.1712 442.2218
01.7910 253.6001
00.3985 168.3148
01.0813 225.5699
01.4550 417.6721
00.8800 389.7334
00.4029 173.4883
01.4242 229.0913
01.2990 474.2087
00.5461 290.2666
01.0234 219.4169
00.3937 300.7459
01.2325 240.8466
01.7364 351.0569
01.3909 193.9262
01.2291 396.5029
01.1198 379.5893
00.8142 347.7611
01.1026 236.8318
00.7685 282.5328
00.1126 170.7637
01.1960 327.8267
01.8442 93.5758
00.7752 588.5650
01.4306 117.8178
01.0022 303.5401
00.5232 506.6169
00.5794 213.7817
01.3016 422.3936
01.5746 585.1905
01.0788 230.4281
02.0167 411.1996
00.8437 204.1962
01.8483 244.5046
00.5086 279.8749
00.2498 305.7290
01.8313 243.5365
01.1342 190.1127
00.7229 245.3796
01.7651 540.0320
01.1087 414.1711
01.5511 269.6183
00.4060 381.1958
02.0263 405.8073
01.2262 325.5921
01.2627 237.0688
01.0924 424.0856
01.5474 474.2648
00.7167 528.7439
00.9965 293.0147
02.1158 313.4986
01.4087 191.9823
00.3459 337.9797
01.1401 143.9314
00.6094 109.7684
00.3138 346.8223
01.1800 323.6326
00.6799 351.2773
00.8533 433.6998
01.3076 349.9895
01.0561 168.9627
01.8408 471.0710
01.2294 216.9481
01.4378 600.9981
00.9701 337.5560
00.5258 340.9081
01.7041 619.8969
01.0365 201.6999
01.0059 502.9018
01.6219 471.2585
00.6603 128.1915
01.2933 441.2951
00.4889 258.5831
00.9081 168.7732
01.8245 370.5972
00.7766 344.8257
01.7638 411.8962
00.7491 144.4437
01.4550 564.4273
00.9932 153.4510
01.2955 422.9754
01.2507 284.5020
01.3510 251.2119
01.1378 237.3358
01.5301 410.2103
00.9292 172.6860
01.5645 178.0886
01.4235 231.3272
01.4288 223.3227
01.8222 315.6350
01.6345 452.9023
01.8094 255.5835
01.2187 377.0454
00.5494 386.2915
01.5617 279.5174
01.3664 324.2197
00.5093 191.8205
01.5524 274.6197
01.3420 258.8745
00.3965 181.6461
01.8212 293.8428
01.3824 266.3244
01.8822 634.3096
01.8930 314.8566
01.2599 262.6766
01.3367 338.8040
01.0551 363.5384
01.7155 133.8237
00.7341 322.5447
01.5745 459.0839
01.2885 163.8548
01.7594 172.4326
01.8471 471.5946
02.1883 487.9100
01.5399 516.1784
01.2606 340.1743
01.0343 437.0576
01.7608 361.6013
00.8240 128.7075
01.0613 155.8747
00.9408 376.1507
01.0961 630.8540
01.6122 336.0521
01.2206 512.7138
01.3135 495.9601
01.1175 187.2018
02.0689 155.5939
01.9304 470.1136
01.6813 250.5407
01.3714 441.8222
01.9588 136.9712
01.7627 340.5188
00.3721 413.5509
01.1319 338.0605
01.3589 320.9367
02.0320 218.2770
01.4959 186.6927
00.3997 488.5814
01.1965 352.5802
01.2525 258.8854
01.6051 286.6273
02.0460 346.5202
00.5420 227.1557
01.2329 336.4005
00.9635 338.9680
01.9305 391.7256
00.6982 479.7351
00.4065 311.9765
01.8971 547.3149
01.9728 317.3925
00.9490 206.2433
01.9855 222.2347
00.8283 306.9145
01.3157 574.3300
01.5924 362.1528
00.6347 255.3579
01.4467 422.4645
01.2483 484.6033
00.9329 402.3688
01.0640 172.0151
01.2058 250.9936
01.5830 135.4595
01.0537 331.3042
01.4551 347.3800
00.6005 117.4657
00.9043 450.7346
02.0383 237.9826
01.1118 555.2686
01.0783 259.5302
01.3080 695.9866
01.1255 238.8676
01.7008 495.7423
01.4278 144.3519
00.8467 285.8318
00.5755 266.3415
01.2667 260.4935
01.2310 155.8604
01.1518 352.6373
01.7741 97.0959
01.2442 311.8545
01.8716 473.3916
00.5942 297.6201
01.3391 279.4441
00.5848 369.4014
01.9737 439.6733
00.6222 356.6523
02.1779 449.0250
01.0905 169.0533
00.8682 226.9471
00.9807 549.2838
01.2356 340.7812
01.0712 487.7742
01.2511 302.2413
01.2650 239.4693
01.5403 353.4110
00.5524 430.8507
01.2700 219.4928
01.2638 387.5229
00.4767 260.9416
00.4340 202.7703
00.7107 425.6923
00.2717 178.7765
00.3343 222.4324
00.5252 309.8424
00.4704 240.7087
00.6290 105.9273
01.9545 331.6344
00.4106 298.6393
01.2185 504.4330
01.6570 432.3227
01.1516 408.6746
01.2277 306.4396
01.2623 452.7833
01.4583 263.8948
00.9636 249.5238
01.7322 588.8678
01.0449 294.9074
01.7791 208.6455
02.0834 441.8526
00.3404 353.5110
01.6746 574.5199
00.5774 403.6529
01.2668 421.0869
01.1697 242.1225
00.7313 464.2968
00.5919 232.1376
01.3380 194.7379
01.5608 470.4869
01.1323 449.2903
01.4594 262.1192
01.6520 435.2119
02.0246 308.5648
01.1700 223.7805
00.7657 495.9434
01.0857 126.0857
01.2773 251.9138
01.1599 313.3890
00.3734 440.7362
01.6362 456.6995
00.8573 383.3090
01.2071 481.1848
00.4226 310.4254
00.4136 259.9267
00.2022 196.3890
01.0867 135.9699
00.8584 366.3651
02.1972 396.8392
01.1162 171.1249
02.1545 401.0394
01.4199 586.7698
00.5706 554.1063
01.9515 287.8406
01.4892 354.2382
02.3005 607.7053
01.5783 180.0917
01.4393 252.5799
01.5733 505.0971
00.7136 210.0878
00.2574 254.0076
01.1166 408.3195
00.8479 325.4856
00.8590 234.4823
02.2419 445.9235
00.6606 171.2064
01.8549 259.1003
00.9311 239.9683
00.8907 416.5189
01.0561 501.9796
00.9081 247.3291
01.8060 590.4102
01.0497 196.2566
01.5986 503.6311
00.8915 314.3553
02.1913 586.3302
01.1808 265.2591
00.7738 182.1739
00.9203 199.7431
01.5335 324.0862
00.3684 87.9366
01.1184 138.5059
00.4310 266.5047
02.0909 339.6782
01.8286 193.2086
00.3879 176.3798
01.0731 313.0855
00.7803 230.6876
01.9552 558.9393
00.1261 185.0113
01.1373 153.5442
02.1289 666.6334
00.4537 514.9254
01.2404 220.1208
01.4117 363.4905
00.3013 308.3583
01.1776 475.7138
01.1930 311.0087
01.0576 265.7016
01.5570 371.9698
01.0485 118.2036
00.7185 311.5566
01.9941 395.7096
01.0294 118.2875
01.1563 347.1197
01.7296 482.6462
00.4223 301.3563
01.5408 300.8426
01.2634 233.5570
02.1574 413.2984
01.2670 226.5115
00.3727 256.7497
00.9997 159.4556
01.1042 409.5007
01.1211 309.1304
01.3549 161.9974
00.6693 309.2248
00.9907 412.1662
01.1810 432.4248
01.5457 322.7171
00.8380 379.7574
01.9849 357.4328
02.1017 296.3590
01.1262 107.1804
01.3989 625.4222
01.3276 530.4977
00.7712 480.2933
01.1025 325.7321
01.1965 170.2197
01.1723 293.3889
00.9825 92.1578
00.4350 439.3696
01.7389 336.0828
01.5291 626.7038
00.2736 452.0454
01.1711 565.9495
01.0583 261.0058
00.5565 131.1111
01.1961 332.2542
01.1238 254.4787
01.1101 394.7540
00.8973 539.4954
01.6450 364.2015
01.2288 350.6378
01.9675 427.1026
01.0145 313.5345
00.9919 232.5639
02.1679 468.6175
01.0910 220.1160
01.2010 327.2186
01.0415 238.0381
01.2641 160.0504
00.5844 307.1492
02.0885 316.7484
02.0980 240.5942
00.9863 70.8989
01.6762 626.3364
01.4986 215.4547
01.1830 118.0714
01.3554 372.3597
00.6350 535.3182
00.9034 314.6398
01.2929 229.4377
01.4324 176.0766
00.6825 358.2754
01.1791 113.7083
00.7877 383.4472
00.8892 224.4282
01.1576 215.9253
00.7196 289.6406
01.9171 457.1685
01.9211 430.9064
01.2235 380.5101
01.1595 388.9495
01.5727 529.1904
01.5662 375.8477
01.1279 508.6446
00.7459 113.6206
00.4421 238.8436
02.0773 227.4242
00.6221 187.0855
00.9346 267.7787
01.1017 313.8353
00.3581 274.7803
01.0337 312.7520
01.2325 292.9210
02.1127 492.1968
00.7684 274.3787
02.1514 341.2665
01.1192 239.8285
01.0107 272.0375
00.7116 283.9979
01.2920 523.9684
00.5821 317.2330
01.0562 437.3684
01.2483 230.7067
01.1309 194.6582
00.8967 232.4257
00.8361 283.3174
01.0095 277.9711
01.2406 228.6984
02.0151 541.0943
00.9766 317.0325
00.4040 318.7389
01.0423 212.4850
00.9985 292.3699
01.4410 172.5942
00.2241 171.0699
01.1416 156.7284
01.2326 338.8217
01.3165 505.3485
00.4784 278.7458
00.2863 173.3577
00.8524 184.4394
01.8699 569.8965
01.3115 304.0153
02.0230 468.0660
01.2902 348.5678
00.5410 130.3983
00.6140 57.4218
00.7373 527.3458
01.1858 208.7391
01.4325 323.8579
01.2418 335.7994
00.4308 184.6979
01.3267 545.8289
01.3163 248.7208
01.0446 226.2705
01.1924 494.9216
01.2005 420.7803
01.9092 186.2123
02.1603 437.9734
01.1791 250.6735
01.1676 265.0399
01.8607 149.4095
00.7588 314.8300
00.7927 435.3512
01.2824 410.2664
01.3675 576.7010
00.3307 397.2004
00.8671 506.4922
01.5028 208.6574
00.3831 406.6284
01.8248 398.2590
01.1553 549.7258
01.2210 377.7430
00.5537 462.8160
00.6723 373.3553
01.1099 156.5997
01.6929 211.7507
02.2591 443.2929
00.8387 315.3111
00.9542 170.2998
01.6675 434.1932
01.2324 379.4857
00.8532 73.6900
01.4306 562.9615
00.7834 375.8602
01.0878 220.4173
00.9011 219.4686
01.6150 324.2609
02.0245 404.7289
01.1588 408.1224
01.1654 260.7342
00.9035 296.1102
00.9082 203.1709
01.5843 624.6541
00.7961 379.8273
01.6441 210.2672
00.8922 548.2392
02.1945 486.7361
00.4388 277.4060
00.8907 338.6328
01.4818 366.7693
01.0836 113.2156
01.8336 198.9966
00.9995 289.5284
00.8156 513.7940
00.5111 412.6302
01.1669 420.4027
00.9861 326.6111
00.8811 202.0198
00.6154 124.0964
01.4795 481.3243
00.6629 212.9963
00.4549 354.0381
01.7921 170.0851
00.8370 584.2909
00.7895 541.1263
01.6786 556.4186
01.8606 478.8154
01.3342 381.1637
01.6461 195.3304
00.7126 308.6523
01.6808 557.9733
00.5423 430.3230
01.1713 205.0928
01.4354 296.7292
01.3536 555.7151
01.7067 635.3924
00.9992 339.2949
00.8289 321.7120
02.1966 437.8535
02.0291 124.5278
01.1616 269.4009
01.6305 279.9319
00.8792 161.0280
01.4536 417.9075
00.6812 319.5979
00.6165 551.0809
00.3529 142.8416
01.9291 316.3169
01.0825 506.9944
01.8135 287.2409
01.0810 487.4901
01.4398 614.5309
00.3802 313.1978
00.4709 202.0154
01.4574 257.1981
01.3658 195.2258
01.1833 246.4042
00.3409 352.9890
01.3201 360.1602
00.7626 537.4750
01.6866 337.8645
01.2265 229.8208
01.2222 316.4412
00.9572 312.2271
00.2892 188.1184
00.5363 413.5971
01.5492 186.1868
01.5053 398.4805
00.2891 201.3095
00.8652 120.1655
00.7319 403.0030
00.5050 367.9129
02.0660 576.2069
01.7722 299.2330
00.9761 451.3637
01.1209 491.2073
01.5511 264.0441
01.6628 507.5540
01.1863 257.0687
01.2016 231.7970
00.3535 399.9092
02.0249 316.1842
00.9338 443.0747
01.1156 243.8936
01.9657 379.8374
01.2526 443.8433
01.2705 288.6989
01.6674 144.8726
00.2782 273.2380
01.4706 503.2416
01.2939 407.2570
00.1682 109.9467
00.7090 144.8165
01.3312 527.2607
00.7965 344.0744
00.5137 391.9848
00.9477 342.9371
01.9131 234.0201
01.2013 192.2220
01.7490 413.0182
00.8117 378.9702
02.1474 360.3903
01.1124 256.7460
00.8150 405.5280
01.6784 321.3685
01.1626 174.3678
00.9581 277.2744
01.6299 390.5200
01.9193 306.4331
00.9924 144.4319
01.4283 255.7989
02.1767 481.0444
01.8815 312.5419
02.1157 521.7316
00.8409 347.5885
01.1409 166.8647
01.6976 317.7671
01.1132 412.4122
02.1768 364.2695
01.8150 506.3356
00.8007 288.1305
00.4617 315.7264
01.1684 412.7759
02.1370 332.8021
01.1170 224.5132
01.2797 281.3005
01.6595 86.8326
00.9296 159.9066
01.1027 311.2221
00.8556 409.1683
01.8875 466.5372
00.6807 527.4327
02.0008 139.0654
01.1830 701.2883
00.3102 137.4668
01.2249 329.0028
01.0957 526.3615
01.2255 384.4002
01.0963 275.2634
01.3484 213.9801
01.0968 407.9317
02.0076 185.4859
00.4905 110.5869
01.0696 147.3190
00.5403 235.2464
02.1015 323.7139
01.1595 273.7774
01.6253 374.9609
01.3235 394.4960
01.5641 364.3946
01.9606 291.4527
00.7113 195.5610
01.9090 158.0034
01.2718 287.6971
01.5696 449.1910
01.6416 595.5707
01.3204 564.7775
01.4950 376.0006
00.8381 507.4407
01.1165 520.9789
00.9523 523.2518
01.5952 94.5996
01.7932 205.3366
00.6777 300.9329
00.8914 459.2189
00.9373 285.9017
01.3982 228.7972
01.1502 173.7785
00.7630 419.1609
01.0846 210.0494
01.7462 544.2750
02.1521 402.2229
00.6991 385.8390
01.7273 461.3539
01.0718 297.2203
01.2241 361.2753
01.3454 217.6675
01.2189 371.7656
01.3285 367.6575
01.0820 259.0155
01.2653 294.8174
01.1787 352.4364
00.7866 232.6919
00.7118 82.6476
01.2998 320.2593
01.4625 215.7879
00.9879 176.0639
00.8969 107.0596
01.2765 373.8325
01.0415 383.0911
01.6674 388.5309
02.0280 455.3027
01.1855 189.7619
01.0835 126.8889
00.8689 151.6712
00.6302 362.8171
01.3991 411.6799
01.2853 424.3159
01.2479 312.0871
01.1584 511.9979
01.3699 262.4506
01.4014 300.6530
01.3103 425.8564
00.9756 276.1888
00.1175 156.1528
01.3556 266.0979
00.5262 290.3330
01.5671 432.1543
00.4863 84.0555
01.8587 228.4889
01.2439 219.2212
02.0808 256.4212
00.2191 136.7326
00.5100 382.6682
00.6923 226.7403
00.9978 406.2610
01.0043 525.8563
01.5459 307.3757
01.5915 374.9056
01.6466 326.2402
01.9704 328.9662
01.1270 105.0583
02.0887 606.1264
01.8289 442.9580
01.3254 213.9470
01.1740 234.8045
01.3322 193.8606
00.1900 112.1714
01.5098 283.9704
00.8974 425.9665
01.3958 696.9557
01.2854 231.8250
01.7094 328.3907
00.7053 117.7275
00.8917 169.2809
01.2060 315.0460
00.4069 406.0811
00.1764 169.9899
01.7083 185.1167
00.7254 191.6363
00.5454 203.9212
00.8428 502.1033
00.7096 291.0676
01.3494 378.6980
01.9552 321.9284
01.2116 383.2924
00.5194 306.3158
01.7897 473.6255
00.3949 54.9044
01.5555 484.3214
01.8999 398.9674
00.8716 171.7136
02.0216 111.4322
00.6787 350.3506
00.6759 365.8879
00.2497 276.6510
01.0876 275.0519
01.4241 361.4908
01.7876 259.3559
01.3214 545.7598
00.8669 334.7647
00.7747 410.2455
01.1743 165.3074
01.0286 318.3000
01.0873 130.7022
01.3864 421.8626
00.9797 482.0408
01.2099 400.8303
01.7369 208.2556
02.1145 508.0355
01.1765 209.3061
00.5990 237.4601
01.4188 113.9005
00.4749 296.1942
01.5659 618.6830
01.1673 191.6469
01.7205 299.2827
01.1764 183.8247
01.4381 601.2301
01.1136 202.0035
01.4796 276.4229
00.8694 190.9950
00.6945 257.1916
02.1131 305.9773
00.1367 181.2790
01.0883 326.4567
01.0147 173.6908
01.2820 81.1888
01.2473 385.8701
01.0440 121.0449
00.9445 318.6478
01.4409 372.2809
00.6034 368.1246
01.0882 162.3210
00.6013 317.0298
01.2448 531.9993
01.3967 183.8163
01.8068 457.5962
02.0559 424.9185
01.0438 193.3952
01.0083 259.0382
01.9413 169.8004
01.1514 332.4047
00.4566 295.3845
01.5035 473.2737
01.6398 563.6416
01.8538 46.0824
01.7737 599.0025
02.1479 507.4619
01.4759 120.8954
00.9098 202.5887
00.9023 507.7352
00.6666 337.9064
01.1924 479.4688
00.4345 440.3860
01.1887 249.7240
00.9363 465.2408
00.5151 212.3100
01.6990 285.1194
02.0035 235.5554
01.1032 571.3211
02.0291 207.9147
01.0871 130.3165
01.2411 96.0155
00.6154 157.2964
00.9017 230.9789
01.3073 86.2731
00.6918 118.1777
00.3991 229.0267
00.2593 183.8611
00.9419 125.7368
01.0509 321.7893
02.2911 594.5005
01.4429 454.2792
00.5639 429.4153
01.7696 214.3732
01.1777 367.4900
01.9711 241.7801
02.1392 509.3831
01.2919 536.6454
00.7328 334.7588
01.6277 348.2727
00.3944 294.8458
00.3776 270.1602
01.2210 309.0021
02.0883 337.2170
02.0511 376.9539
01.4906 486.4612
00.6063 424.5576
01.5970 672.7562
00.9284 286.5940
01.1983 216.1741
01.6629 287.3863
01.2741 381.3077
01.5784 217.4374
01.2137 309.4739
01.3266 281.4956
01.2582 375.2840
01.8505 370.9301
01.0551 120.1934
00.6362 290.7952
01.5436 451.5382
01.4508 432.7935
01.5366 352.8197
01.7876 249.0296
00.6040 378.3928
01.6655 248.7129
01.2785 314.4112
00.3495 151.7649
01.4493 311.2400
01.0639 158.7942
01.5724 172.9081
00.6544 196.4256
01.1750 341.9985
01.0106 403.0837
01.2675 182.3276
00.8072 423.0636
00.8256 415.4113
01.1506 350.1247
01.5306 209.6156
01.6099 549.5220
00.7819 332.4769
00.6810 334.5804
01.0344 473.5821
01.3856 445.8997
01.2584 572.8705
01.5331 396.4574
00.8263 402.1444
01.9525 474.4419
01.1606 347.5007
00.7176 429.7531
01.1884 403.6726
01.7885 638.0903
01.9166 410.8958
01.1712 257.2465
01.6005 319.9327
01.3573 491.5434
01.1460 286.6864
01.1034 166.8092
01.6372 261.5686
01.0419 360.8641
01.0335 542.7290
00.9641 198.4766
01.0803 116.7186
01.3057 262.8984
01.3558 241.9929
02.0231 301.2474
00.2472 298.1969
01.4404 510.4122
00.9797 138.2145
01.3538 333.8992
02.2038 360.8127
01.8732 606.8988
01.1372 155.0362
00.2425 211.7817
01.4002 270.0830
01.4936 475.5831
02.2063 642.3042
01.4289 318.0003
01.1013 315.9100
00.8727 430.8272
01.2262 559.5965
01.3330 566.1468
02.1867 584.6076
00.3875 283.8715
01.1435 153.3332
01.6081 198.5249
01.2017 265.9707
01.4384 369.0980
02.0587 269.2717
01.4492 257.1231
01.0526 282.2005
02.1942 334.7894
01.1092 213.4480
01.5555 622.7163
01.8478 591.8656
01.6893 318.6232
01.4046 570.9325
01.0771 120.2204
01.2026 263.7078
01.3984 361.7148
01.1902 135.3814
00.9021 308.4772
00.8166 230.3632
01.8807 480.8390
00.3991 113.8659
01.2763 385.0655
02.0193 385.1870
00.6464 321.1493
01.6233 349.8703
01.0548 323.1219
01.3140 497.9252
01.6290 324.5841
02.0640 436.5561
01.6074 522.6751
00.7528 349.7137
02.3261 587.7193
00.9862 197.2306
02.1415 314.3728
00.3727 262.0090
01.4923 299.8371
01.6501 410.8247
00.3175 423.0004
01.3660 336.8130
00.3790 54.7891
00.4959 62.4054
01.7631 456.8274
01.6501 123.7109
01.2838 313.0705
01.4098 216.9544
01.6685 494.0644
01.8278 574.3712
01.6308 324.2973
01.6625 504.8050
01.3159 130.3842
02.1055 332.6741
00.7477 555.7965
00.8087 168.5792
01.1155 244.5459
01.4940 258.3103
01.5192 559.7145
00.9864 381.0021
01.6449 193.1393
