-0.10760275779979507 0.0
-0.026328671526823076 0.0
-0.03148887853052317 0.0
-4.52353397331087E-4 0.0
-3.111341935780536E-6 0.0
-5.587545232919349E-4 0.3108897520466414
-0.0423246417086566 0.0
-0.02695507504546805 0.0
-0.018903839624525482 0.0
-0.00223958857906424 0.0
-0.01719079669075329 0.0
-0.02182849687224515 0.0
-0.004844975453536315 0.0
-0.012310912106431574 0.7903932082543861
-5.309167932894944E-4 0.0
-0.06831073009033574 0.0
-0.029607170468450496 0.0
-3.010192623014956E-4 0.0
-0.036157860060315766 0.0
-0.016311030177621758 0.0
-1.6749208463071128E-4 0.0
-0.012245106069204063 0.0
-0.06945207687684915 0.0
-0.0016061032746443645 0.0
-0.10150602249758521 0.0
-0.014165648944789172 0.0
-0.01990823389595675 0.0
-0.0906052434569634 0.0
-3.71466886694533E-4 0.0
-0.06022904124430171 0.0
-0.006122796010186527 0.173928557872145
-0.003187078380165969 0.20519454601670528
-0.0013973625578245423 0.0
-0.06757078685284996 0.0
-0.0023168361888829185 0.0
-7.393199721225152E-5 0.0
-0.08537400484069381 0.0
-0.0033870057740380483 1.7922802401311948
-1.8972698515765563E-4 0.0
-0.002501485327282153 2.374772106252232
-0.10021433186412791 0.0
-0.054667140080758146 0.0
-0.015990603326593748 0.0
-0.002951283428792931 0.2518663358561941
-0.08449133036966432 0.0
-0.03904676773789817 0.0
-0.00681018915122959 0.08096190748186949
-0.06036421655289408 0.0
-0.001980487625653742 0.6560369063196063
-0.005297315267065608 0.0
-0.13840960155300053 0.0
-0.043143893172714436 0.0
-0.02112880743492589 0.0
-0.12649028281412505 0.0
-0.0017831240333614422 0.0
-0.038252332295632976 0.0
-0.03220318438874548 0.0
-0.05430867171419636 0.0
-0.003542473533732427 0.0
-0.01397810849316569 0.0
-0.08544130449456697 0.0
-0.0021356339791569895 1.2851857500132482
-0.030589338301334465 0.0
-2.0799950320132627E-5 0.0
-0.006961738239441008 0.1947561509179332
-0.002000729789470766 0.0
-3.770214916868184E-4 0.0
-0.05537747812820841 0.0
-0.006951852205918907 0.0
-2.8715853804369797E-5 0.49769659726924953
-0.10940679778554194 0.0
-0.06312412379029335 0.0
-0.04623820710182922 0.0
-0.006447229138222177 0.45102130427117804
-0.016006586606293866 0.0
-0.201403570207608 0.0
-0.001068860960392701 0.0
-0.1293397527818253 0.0
-0.0715022323871311 0.0
-4.378914817030379E-4 0.0
-0.06346561090278946 0.0
-0.05654262448262507 0.0
-6.52747363862003E-4 0.0
-0.203562382193141 0.3228926622929236
-0.03282122590097219 0.0
-0.013899916847362633 0.0
-0.07842726918444487 0.0
-0.030015025651642522 0.0
-0.0010383700959497768 0.0
-0.05326172430755545 0.0
-0.18795732345687247 0.0
-0.0017166714334614014 0.0
-0.004541492496420355 0.0
-0.04608940584763465 0.0
-3.1521440300094024E-5 0.0
-0.015488509425302752 0.0
-0.025082074115193326 0.0
-0.0033137235208196554 0.0
-0.041191801937631174 0.0
-0.002206234891651109 0.0
-0.0032322281889910222 0.0
-1.7382856833700878E-5 0.1619526421887567
-0.033112715872450155 0.0
-3.277255432314683E-7 0.0
-0.06805023989890929 0.0
-5.083444196304798E-4 0.0
-0.015293120324198838 0.0
-0.002175553688331432 0.0
-0.027806916105172632 0.0
-0.07047752476103705 0.0
-0.026380947295736538 0.0
-0.011572004664842697 0.0
-9.345595502226037E-4 0.0
-0.036789855593544474 0.0
-0.0043762933851916215 0.20045245198502304
-1.4436324780242645E-4 0.0
-0.0017693826206284296 0.2892416474743549
-0.08592771770117677 0.0
-0.022550166380888022 0.0
-0.02026406542387348 0.0
-1.8855087102526486E-4 0.0
-0.01605346072536204 0.0
-1.0603280771225635E-6 0.0
-0.05980388776566395 1.0420397040880793
-0.026250177760852565 0.0
-7.91039376973077E-4 0.4816913779930019
-0.10749058839539696 0.0
-5.890338127784824E-4 0.0
-0.09959319030487974 0.0
-1.0223550508368795E-4 0.0
-0.04471191836979041 0.0
-0.012960385481157759 0.0
-0.03568849298850078 0.0
-0.02045374054179999 0.06978924393275143
-0.035498051814577575 0.7751855461215342
-0.024570699738814934 0.0
-0.039083833174594546 0.0
-0.03114594318423687 0.0
-0.03411843288518466 0.0
-0.00863249865251742 0.0
-0.04195031466167769 0.0
-1.5495488006102672E-4 0.1671852861071922
-2.9221772776962153E-4 0.0
-0.02586808231124436 0.26606821820734183
-0.0759936189605304 0.0
-7.442022923280783E-4 0.0
-0.05553200683024221 0.0
-2.213451113426163E-5 0.0
-0.017622368134719065 0.1062577180356068
-0.03722719491140907 0.0
-0.07087945516815708 0.0
-0.06640162953861352 0.0
-7.338127688931203E-4 0.0
-9.479239942809113E-4 0.0
-0.09269422307687707 0.0
-0.016364027926273887 0.0
-0.0037543518323392444 0.0
-0.0055886976516640536 0.0
-0.03661153179397573 0.0
-0.011607424913222905 0.0
-7.102837073372305E-6 0.0
-0.002667677720057731 0.0
-0.011992032994920047 0.0
-0.00942331399364113 0.0
-0.09735248711370079 0.0
-0.0025895656025918252 0.0
-0.0025088264469006307 0.0
-5.842985677256358E-7 0.11638646326942637
-3.2551487844885896E-4 0.5479209376781355
-0.053471615933531065 0.0
-0.09785724774575522 0.0
-0.04400238373108295 0.0
-0.09090953238954733 0.0
-0.029726200955910408 0.0
-4.4714618602704304E-4 0.0
-0.004438462036419907 1.6389927838303997
-0.05156539923794548 0.0
-0.0023320138898556826 1.6991712915066124
-0.03105313024395819 0.0
-0.005463086944368365 0.0
-0.006895690802430177 0.0
-0.02263303769966796 0.0
-0.07230133676991765 0.0
-0.032939411297651246 0.0
-0.021337960092653135 0.0
-0.10919321075259486 0.0
-0.019305454634666142 0.0
-0.006117257559967164 1.5127850454530272
-0.035662464064954436 0.0
-0.005737539503552249 0.19749107821959377
-0.06587761536107752 0.0
-0.0491889044445405 0.0
-0.007406126716014994 0.0
-0.004309809537248558 0.0
-0.002220433810061976 0.21204381532608796
-0.07894231329470812 0.0
-0.0052749512137801385 0.0
-1.8282506671357184E-6 0.0
-0.07294245188442276 0.0
-0.13629422006403444 0.0
-0.03002860367616814 0.0
-0.016050029157911937 0.0
-0.05582807305631527 0.0
-1.5252489250775742E-4 0.0
-0.14041677821617482 0.0
-0.034925266360435754 0.0
-0.032135298837707944 0.3071742373181795
-0.023353949993301586 1.012215189282296
-0.012772037408548794 0.0
-0.010606634458749592 0.0
-0.0012229713723376225 0.47776151883345197
-9.376925634567081E-4 0.0
-0.05790325886589327 0.0
-7.4761293944763E-4 0.0
-0.06495069068609102 0.0
-5.4481601186640084E-5 0.0
-0.00348087108840676 0.0
-0.03491568175632434 1.4905681707131748
-2.990725146487386E-5 0.0
-0.007862427950195953 0.0
-0.003118826433934217 1.7052311512682117
-1.040792507626665E-5 0.4059475227826912
-0.007978913753611684 0.0
-0.030746866105368146 0.0
-1.3822883907832655E-5 0.0
-0.0071024683927740405 1.4933930645456357
-8.406034983029094E-4 0.0
-2.88708149545457E-4 0.0
-0.07442217806317178 0.0
-0.02126141877302405 0.0
-0.0014453966959344857 0.5830562180508778
-0.00241901786253806 0.0
-0.08161877561974654 0.0
-0.08773254317344151 0.0
-0.06036469417472773 0.0
-0.010636952164367336 0.0
-0.08337020717644186 0.0
-0.0826832030859326 0.19619531583084948
-0.05006657613901182 1.105069902014094
-0.02742293350872312 0.0
-4.020171314937865E-5 0.0
-0.05678065826050007 0.0
-0.0031851404050158875 0.0
-0.005585564579287864 0.0
-9.103022026461494E-4 2.263992811459824
-0.022201020510712755 0.0
-0.015842593564551553 0.0
-0.0013836757472013347 0.0
-0.021093317265138453 0.0
-0.003929588654905395 0.0
-0.02270585901604398 0.0
-0.0338474012696016 0.0
-3.2541276030918526E-4 0.0
-5.658546938610644E-5 0.0
-0.01731332541975027 0.0
-0.02881919050529638 0.254334066477194
-0.06058437891621567 0.0
-0.053901499285369095 0.0
-8.375376554721003E-4 0.0
-0.0063551146754454585 0.0
-0.021416368731345326 0.0
-0.012391970522248785 0.0
-1.5417609419584208E-4 0.0
-0.03159591405181943 0.0
-0.027474535727592925 0.0
-0.03361697032273441 0.0
-6.438565673281305E-4 0.0
-0.06884650140372045 0.0
-0.040293566755569915 0.8130808950043438
-0.09199300841967865 0.04829800608452817
-0.016252777092225626 0.0
-0.017307337331243577 0.0
-0.08996014375624933 0.0
-0.027865431880252006 0.0
-0.0015296546175033471 0.0
-0.01856939300286419 1.3409878659862358
-0.03359532535966209 0.0
-0.005946626322337308 0.0
-0.038301631655647594 0.0
-0.04218766976700095 0.0
-0.0014075510729633894 0.0
-0.004266717945157931 0.0
-0.011323857013326328 0.0
-0.0016031504608140243 0.0
-0.03601628005005759 0.9203781256642216
-0.009927765373934477 0.0
-0.003614255017120987 1.7748128336910547
-7.459580665489005E-4 0.0
-2.2067133934082917E-5 0.0
-0.01991548514244893 0.0
-0.09855138166231472 0.0
-0.00492517380027944 0.0
-0.05003191559642571 0.0
-0.007824450107432912 0.0
-0.008985938226364591 0.6548848219029413
-0.02782788779760812 0.0
-0.0261650264876082 0.0
-0.004351221950449092 0.0
-1.0206900635062559E-4 0.799711741606588
-0.016653916435701764 0.0
-0.05655523278421208 0.0
-0.06179550763998513 0.0
-0.0604689275018007 0.0
-0.00177523343224391 0.0
-0.07073015665434798 0.0
-0.020694248601630945 0.0
-5.342943979506364E-4 0.0
-0.009682264024633975 0.09926911813489347
-0.002540650255780456 0.0
-0.05578668171930091 0.0
-0.08341967709027899 0.0
-0.027756915256983823 0.0
-0.05876939721686578 0.9376872716888638
-0.07697125052578976 0.0
-0.05202050647821105 0.0
-0.03760445641273079 0.0
-1.8223566713609004E-4 0.3802629430945341
-0.0160653555172124 0.0
-0.0010949360111602257 0.0
-3.0085138474503594E-4 0.0
-0.045783338213116045 0.0
-7.594708809334767E-4 0.0
-0.03470172848948141 0.0
-0.08818116824577177 0.0
-0.004611720238353787 0.0
-0.025067073831157895 0.0
-8.686126141958567E-5 0.21560267085826812
-0.005971109032069798 0.0
-6.335756153859884E-6 0.0
-0.029112203604250955 0.0
-0.047546804348449066 0.0
-0.035516170959016165 0.0
-0.08135803270005237 0.0
-0.011203249565848568 0.0
-0.0522174130728022 0.0
-0.10271247001647109 0.0
-0.09842449661683467 0.0
-0.009180337995716185 0.47594756974513275
-0.061777822622620354 1.0192669966489554
-0.012443764278656394 0.13141923389246832
-0.020899793568185766 0.0
-1.5830427575159556E-4 0.0
-9.582588739938024E-4 0.0
-0.038673704586228985 0.0
-0.019095588001100134 0.0
-0.05801828922658688 0.0
-0.0656286736249581 1.223815006255741
-0.0026428010654535893 0.23440021846246584
-0.07996227857293363 0.0
-0.0019099155912772467 0.0
-5.558362055939532E-7 1.912683121024557
-0.019587156674359982 0.0
-8.242251865809776E-5 0.0
-0.06614783596279449 0.0
-0.01286286852543812 0.0
-0.002993638916585646 0.0
-0.0018945604145106853 0.2426801386713553
-0.009325971982547 0.0
-7.744550776794201E-4 0.0
-0.0922107366076781 0.0
-0.07659080326220398 0.0
-4.0715793485627806E-4 0.8918354483223467
-0.02452850948566403 0.0
-0.0031165929058654773 0.0
-3.96830343196585E-5 0.2981537923098685
-7.085330153529373E-4 0.0
-0.0033228900983826026 0.0
-0.007350363995691187 0.0
-0.021082257820733075 0.0
-0.003296778496010292 0.0
-0.008916325824691962 0.0
-1.0586612883172129E-5 0.0
-0.0015937837307894505 0.0
-0.07747766857879096 0.0
-9.952412578192143E-4 0.26836027357024417
-0.06258064201934956 0.0
-0.00738613263840477 0.5640113628999384
-0.034578168063025716 0.0
-0.039971018123318575 0.8129286289190123
-0.03493895515978581 0.0
-0.027401930341208736 0.0
-8.73169265758471E-5 0.30614186960363915
-0.03443702900287244 0.0
-0.040004799811810834 0.0
-0.0034259814779320614 0.0
-0.10085928480219995 0.0
-0.13267147790491507 0.0
-0.010762801342729895 0.0
-0.026119664997503296 0.0
-0.041992877219282874 1.2460909149477732
-0.07455761262666863 0.0
-0.11658749178901535 0.0520131828367168
-0.028759020221136165 0.0
-0.017956434671165134 0.0
-0.0422642904364451 1.291900722736976
-0.005250023289206008 0.0
-0.045321666365852185 0.0
-0.08504795804383834 0.0
-0.0392471749776145 0.0
-0.009346965014952323 0.0
-0.02506442820760046 0.0
-8.613095155829249E-4 0.0
-2.264229687655704E-4 0.0
-0.09049224928269922 0.0
-0.003196869781680919 0.0
-0.015883203259550505 0.0
-0.0710993699538753 0.0
-0.016141195691992974 0.0
-0.07608067823856686 0.0
-0.020661295476337514 0.0
-8.868100690686605E-4 0.0
-0.0444517997281012 0.0
-0.059814502635715965 0.0
-2.5517418385793603E-4 0.0
-0.012097846692653152 0.0
-0.019384280857139502 0.0
-0.028203469632568964 0.0
-0.02444012683419462 0.0
-1.688386516112606E-4 0.10658218141966402
-0.07954701685752229 0.0
-0.06292882359976867 0.0
-0.04451965621861011 0.0
-0.08256761376100137 0.0
-0.015218458137016303 0.0
-5.86105079165802E-4 0.0
-0.012274674987945874 0.0
-6.516915715193685E-4 0.0
-0.002261936146657236 0.0
-0.012474852311755078 0.0
-0.023811292572149492 1.1805398728299075
-0.005006775328345523 0.0
-0.0022443421292842455 0.2592546941278968
-0.09927121956848474 0.274453384480008
-0.0036224636190987174 1.096521612267635
-0.011026472701288781 0.0
-0.005173267647963588 0.21671798911044782
-0.011263214438796057 0.0
-0.43017925431808046 0.3777582481176372
-5.563574896147916E-4 0.4661448004311044
-9.394103837379374E-5 2.30168600493516
-0.038210832430970294 0.0
-0.027328114544242582 0.0
-0.019268135390923407 0.0835061972952511
-0.40156204192544104 0.2539975070867775
-0.020907323766203467 0.0
-0.12066883591331219 0.0
-2.4375028828191645E-4 0.0
-0.028635341357636103 0.0
-0.010689652835846403 0.0
-0.0017390831880811958 0.0
-0.015859771471660802 0.0
-0.03657622202961571 0.0
-0.004480110887308885 0.0
-0.00386574969490908 1.5106632509347513
-0.003021380146500997 0.0
-0.03964038060078213 0.0
-0.002430846042314711 0.0
-0.0079419405164387 0.0
-0.10825765066345558 0.0
-0.15945209751694203 0.0
-0.059906879393242005 0.0
-0.05942463605381752 1.1129342484557263
-0.022031591857929998 0.0
-0.029531608672067403 0.0
-0.17695739774819513 0.0
-0.0013354625753395602 0.0
-0.040101515054565155 0.0
-0.12738091992374553 0.0
-0.06230998486743006 0.0
-0.011305944104072492 0.0
-0.0015358067607691447 0.0
-0.16674513360467255 0.0
-0.06261042682273997 0.0
-0.001761148714609101 0.0
-0.01935722052869402 0.0
-0.006498185285755645 0.0
-0.0031412604177115185 0.0
-9.464630198421104E-4 0.0
-5.980153164761022E-6 0.0
-0.03931932739912899 1.2416454141311704
-0.05581687961568799 0.0
-0.009391041403734241 0.0
-0.039337154425814216 0.0
-0.02615039276950472 0.0
-0.020541846707225343 0.0
-0.005606563373704844 0.0
-0.0018223035465628346 0.0
-0.012428526041490492 0.0
-0.023192619494862548 0.0
-0.06360891911376804 0.26023236703154606
-0.02485129384825841 0.0
-0.1597524920891227 0.0
-0.007808961143670218 0.6960911000625085
-0.12768639437975035 0.1519369719134939
-5.163322655439326E-4 0.0
-0.06629158993921459 0.0
-8.426074732106568E-5 0.0
-0.010137928624876391 0.0
-2.6710591478560075E-6 0.0
-0.03689161531977787 0.0
-0.00324441649719273 0.0
-0.08360056845658825 0.0
-0.0984924931433318 0.0
-0.01743423916102127 0.7179000219146676
-0.0016236150006509625 0.2690576395022388
-5.266418074252653E-5 0.0
-7.890134879047853E-4 0.0
-0.004787091119614237 0.0
-0.006416264691661705 0.0
-0.008328848036807604 0.0
-0.025304581389736295 0.0
-7.117265319598999E-5 0.0
-0.03831293447453104 1.4775726330293093
-0.10868388883814496 0.0
-0.025190808966736554 0.0
-1.9628687555638774E-7 0.0
-0.04941042483824009 0.0
-0.0778889238763852 0.0
-0.002362746889762656 0.0
-0.0033724256663075574 0.0
-0.0155777087385055 0.0
-0.0012329900306089234 0.0
-0.02771636532137543 0.0
-1.7853311872949723E-7 0.0
-3.616211087822183E-4 0.3896049005014346
-0.4719319112625023 0.36346348538136636
-0.07992299954385373 0.0
-0.025318448875724577 0.0
-1.559742964625277E-5 0.0
-0.018617848231813283 0.0
-0.004193053983066016 0.0
-0.06939974180026079 0.0
-0.07616864456533973 0.0
-6.05490746074996E-5 0.0
-0.04778931278803062 0.0
-0.06383390740474303 0.0
-0.09370659967524339 0.0
-0.0865175934096753 0.0
-7.704690945639161E-4 0.2552558842762078
-0.011918407679762879 0.0
-0.058725564006337085 0.0
-0.01398669734884265 0.0
-0.04180536174577316 0.0
-0.06853208597603905 0.0
-0.041978871486188896 0.0
-0.0012248203678310488 0.0
-0.00329412762104346 0.0
-0.0011968706779777174 0.0
-0.008221566851664195 0.0
-0.0022402651881600617 0.0
-0.08290754578015956 0.0
-0.02952486015517434 0.0
-0.2048987230079358 0.11566216018766634
-0.08032826196318113 0.0
-0.010946128422244305 0.0
-0.035934555087418746 0.0
-0.04619579588835713 0.0
-0.10480335195906162 0.0
-0.03435972037836028 0.943246518530815
-0.007430662030131907 0.0
-0.04644653014981108 0.0
-0.06299325053900233 0.0
-0.16129605282499201 0.34461515591669195
-0.06309414017329519 0.0
-0.003537615693201856 0.0
-0.045248689219688804 0.0
-0.008489065562621596 0.0
-0.0080115296281134 0.0
-0.017273479320875848 0.9809622134972216
-0.0152820975962514 0.6576561449563751
-0.05261303949176974 0.0
-0.007979098826079598 0.0
-4.6214230837064675E-4 0.0
-4.995310989546977E-5 0.0
-5.549759948909767E-4 0.0
-0.005023469958542582 0.0
-0.18413204369109684 0.15545310195510667
-0.012755415802807828 0.0
-0.01012827263984171 0.14718115045251068
-0.027196917626807246 0.0
-0.017260767175170492 0.0
-0.0010091431377322166 0.13591790017265204
-0.045970511677214686 0.4582872679363522
-0.14086375924764225 0.0
-0.005146159808188502 0.0
-0.002122417385177438 0.0
-0.03848261907476374 0.0
-0.058405396383437155 0.0
-1.0643067510804641E-5 0.0
-3.1410692417973597E-4 0.0
-0.013141670609471776 0.0
-0.06289883725550534 0.0
-0.0076210592468373434 0.5627997442222785
-0.0035452511066823636 0.47148636717249026
-0.019540732014986618 0.0
-0.026356097974341332 0.0
-5.452273619449328E-5 2.034424973880027
-0.05710245233272391 0.0
-0.012105010375768763 0.0
-0.011895640345506298 0.0
-0.0764328365763338 0.0
-0.0017353058983543973 0.0
-0.019087225790712866 0.0
-0.0030714174116040077 0.0
-0.04579298958569409 0.0
-0.03102627468877688 0.0
-0.08330048951212136 0.0
-0.037753734368371886 0.0
-3.53239656743433E-4 0.0
-0.002222456027592932 0.0
-4.8011942266786483E-4 0.0
-0.028176785524437017 0.0
-0.046672043506169505 0.0
-0.0051083504557868885 0.0
-8.785528234456048E-4 0.0
-0.029139047000239917 0.0
-3.139545202830298E-4 0.5072355352240141
-5.683969527355138E-4 2.0329176269564453
-0.04494022097053734 0.0
-0.013656764579151512 0.0
-0.07344635304402265 0.0
-0.01487887642535625 0.0
-0.06419359654714081 0.0
-0.022716611507543255 1.548463582561741
-0.01009671758843241 0.36476266243211797
-0.0027869749812171594 0.0
-0.04341364382405835 0.0
-0.004432638601925338 0.22486065331300775
-0.009497257468680501 0.0
-3.309361300485348E-4 0.3182376827782427
-0.09225100645691135 0.0
-0.02323805310626316 0.0
-2.7509455532724207E-4 0.0
-0.08767725873076265 0.0
-0.0035070040113157714 0.0
-9.647710299648163E-4 0.0
-0.11041941788607532 0.0
-0.01786520635571677 0.04816472599482857
-0.00975807086833267 0.0
-0.002587530214135606 0.0
-0.026128746101565143 0.0
-0.063160237690352 0.0
-0.014855416611967934 0.0
-0.003775535812688751 0.0
-0.0011331150382139874 0.0
-0.07022423861800148 0.0
-0.039328641399649214 0.0
-0.0018330197024983793 0.0
-0.06025815591110727 0.0
-0.0028746601424646493 2.1743527656219843
-0.08642144860455798 0.03809066092618507
-0.0027364262046529063 0.0
-0.01934171296318589 0.0
-0.07428114336294063 0.0
-0.026811865862065895 0.0
-0.07339630875581693 0.0
-0.050726816955594146 0.0
-0.0023848647514478094 0.0
-0.06594021995513018 0.0
-8.925385560126682E-4 0.0
-0.002734660923050182 0.0
-0.041428191845745754 1.3845949229834371
-0.08112618250171164 0.0
-0.3980445311221829 0.0552911794463436
-0.003227425126726098 0.0
-0.04699268576923002 0.0
-0.013498982328894208 0.0
-0.03549504117489213 0.0
-8.645896826283861E-4 0.23657739690875346
-0.02206291901416034 1.1129051703148143
-0.05237203429347806 0.0
-0.006035725110331359 0.0
-0.07145281614476368 0.0
-0.06735408128664684 0.0
-0.001733241110671582 0.0
-0.006702543164393617 1.1570820617239583
-0.013520041883912658 0.0
-0.0718329145181137 0.0
-0.005876619001765313 0.0
-8.359537825308017E-4 0.0
-4.802551478944716E-5 2.194640778227326
-0.060646770010669426 0.0
-0.030726895707626805 0.0
-0.03864234322281199 1.0727525660510207
-0.022558491851132723 0.0
-0.029579833172628415 0.0
-0.11492344653488891 0.0
-0.01798783030841578 0.0
-6.828391744086009E-7 0.0
-0.008080251044745367 0.16603537313748618
-0.024822288519068217 0.0
-0.012309517436208747 0.0
-0.0017746462079322434 0.0
-0.048966230659172855 0.0
-0.029018262052616994 0.0
-0.0017730736874944518 0.0
-0.008568366132034332 0.0
-0.01465840029926685 1.2419272593625887
-0.00839268935595844 0.0
-0.007784326768324828 0.0
-7.218335657799168E-6 0.20987330686404349
-0.031420987382846384 0.0
-0.17806212957414938 0.0
-0.045521611869458745 0.8174854938195253
-0.01612732869321693 0.0
-0.001999913295368322 0.0
-0.01878126023111094 0.0
-0.045079453476980384 0.0
-0.0838956105418597 0.0
-0.0013032319569167678 0.0
-0.003940113920029416 0.0
-0.019087135677384112 0.0
-0.025063967266657286 0.0
-0.011695759613987774 0.0
-0.09907466401149945 0.0
-0.0033368324390231547 0.0
-0.017447622671732086 0.0
-5.38351484201574E-4 0.0
-0.031553790716444534 0.354279784564186
-0.0031256421223743616 0.0
-9.532160896844973E-6 0.0
-0.04208039490205839 0.0
-0.16090628354854 0.0
-0.0022124822557819403 0.0
-0.06023074662027353 1.0038928103135074
-0.04198801028010489 0.0
-0.02021192036379185 0.0
-0.03628249091954344 0.0
-0.05588034487899708 0.0
-0.0037473111095292035 0.0
-0.0013301461391828635 0.0
-0.09490954210590281 0.0
-6.650624320345636E-4 0.0
-0.05057539913078779 0.0
-6.974368096845706E-5 0.0
-0.002160800952033693 0.0
-0.08481509611649779 0.0
-0.002627510214641517 0.0
-0.028323579723418885 0.0
-0.01302204792570188 0.0
-0.11971782197601927 0.0
-0.015167693040757891 0.08081867168211154
-0.19663594337127277 0.0
-0.01396494889214273 0.0
-0.06227488305645306 1.2090164669927592
-0.08216313552068723 0.0
-0.004367876148090648 0.0
-0.06268414349506939 0.0
-0.020969971694522135 0.6474319012183898
-6.741001351819762E-4 1.9963164731667842
-0.02450596652819798 0.0
-0.026973103970681322 0.0
-4.749878810520182E-4 0.40264054117702486
-0.016443444518793482 0.6559003991284698
-0.09881690283344506 0.0
-0.08159292315149771 0.0
-0.0023436346165690972 0.0
-4.760390074652513E-4 0.0
-0.07662521112115804 0.0
-0.0036002885252685276 0.0
-0.06175251665515828 0.0
-0.01137116958163606 0.0
-9.228320483085128E-5 0.0
-3.563710433923956E-5 0.0
-3.375669174833913E-4 1.8395292412888313
-1.633682717873765E-4 0.0
-0.07184821700602594 0.0
-0.02207883322655321 0.0
-1.1746427454544475E-4 0.2698223038648569
-0.052648708785296164 0.0
-0.197071226658134 0.0
-0.06518979481378248 1.0149341099109535
-0.08776408618165404 0.0
-0.031043193206099377 0.0
-0.05119511384689069 0.0
-0.09963949492997738 0.0
-0.02920583701582642 0.0
-2.4984039127083044E-4 0.0
-0.005111022115072877 0.0
-0.007763722570634739 0.0
-0.004204673532077958 0.0
-0.05702893840813496 0.0
-0.17607929016000637 0.0
-0.010224217213546117 0.13716968964012569
-0.0014277395162510863 0.0
-0.005549544472349804 0.0
-0.06376572422475339 0.0
-0.0023363782789268036 0.0
-0.044793492572889344 0.0
-0.10422943126394844 0.0
-0.010229897965624724 0.0
-0.21736257983486096 0.0
-2.2451732432980502E-4 0.3108867631361507
-0.022892743775579823 0.0
-2.6942205693295398E-5 0.0
-0.029349946122752584 0.0
-8.742589640957258E-4 0.0
-0.009675256448966925 0.14518892495011607
-0.06790277920546525 0.0
-0.013710100841350964 0.0
-0.023197824117023313 0.0
-4.103298858145822E-4 0.0
-0.04661352804575092 0.0
-1.1748923048993974E-4 0.0
-1.72140032669531E-4 0.0
-0.024152109772669798 0.0
-0.002677606926071792 0.0
-0.0033357475007377573 0.0
-0.021897495593583664 0.0
-0.03608766369580114 1.4718416026168981
-8.878343730510658E-5 0.0
-0.07121836421382094 0.0
-0.05821902815775058 0.0
-8.969675954536522E-4 0.0
-0.019273354051775257 0.0
-0.0032653023515656888 0.0
-0.02890634342084049 0.0
-0.030587865040346048 0.0
-0.010872893586602489 0.6801734637263017
-5.3865494372807245E-5 0.0
-0.005857393976270443 0.0
-0.08504303445264394 0.0
-0.013156851941062938 0.0
-0.016869840675483676 0.0
-0.002056242972450708 0.26523223963901366
-0.06409808184546652 0.0
-0.037226014843502735 0.0
-0.026096934682955257 0.0
-0.03428157024716854 0.0
-0.202530243300557 0.029809675458533247
-0.032966609640392906 0.0
-0.04077048999309785 0.0
-0.05056228477058146 0.0
-0.004792288720354812 0.00914060734018829
-0.06066356603631248 0.0
-9.727686010463779E-4 0.0
-0.034407097879071404 1.4319236459400138
-0.06219274509653581 0.0
-0.0016019764754083123 0.0
-0.06811635020087047 0.0
-2.027545833177257E-4 0.0
-0.1319168977775597 0.0
-0.004874013044631988 0.0
-6.159485950292546E-4 0.0
-1.0170564360441608E-4 0.0
-7.919620327837929E-4 0.0
-0.11561754839572137 0.0
-0.00624957131542789 0.08360442887451036
-1.270647364880511E-5 0.0
-0.07177306376958476 0.0
-7.45794969798882E-5 0.0
-8.301941093028155E-4 0.0
-3.9239277609683496E-10 0.3536658031425386
-0.06808148306773254 0.0
-0.023330047200516908 0.0
-0.14549905941630611 0.1756698255015772
-0.10727008673805519 0.1686708932207927
-0.0052030763132776625 0.5557089101201154
-5.376017904379351E-4 0.0
-0.049680856442335934 0.0
-0.0020844330507214797 0.0
-0.07565941050362741 0.0
-0.34454716767012505 0.11289824975446161
-0.0016710320530070337 0.0
-0.0014891498489137704 0.0
-0.045458237924836754 0.0
-0.0666310576825675 0.0
-0.010281615078482503 0.0
-0.05935220757981643 0.0
-1.355281456717153E-4 0.0
-0.001059737014443166 0.4233446923644335
-0.025571447518078237 0.0
-0.047999359457623084 0.0
-0.0015501195023179231 0.580442616323877
-9.993814481421817E-4 0.0
-0.023120797341777653 0.0
-0.016885744379761418 0.7448111291868944
-2.312022144640898E-5 0.0
-0.00764104432695229 0.0
-0.06526144061425612 0.0
-1.0503731181832745E-6 0.0
-0.062255165442403455 0.0
-1.0958268129939806E-4 0.0
-0.07499589702731622 0.0
-0.006799069694569912 0.0
-0.09495714846081464 0.0
-3.543433995013695E-4 0.0
-0.004519656849389084 0.0
-0.006347988115422063 0.0
-2.8415274305681684E-4 0.0
-0.001655751279024064 0.0
-8.070836241682409E-4 0.0
-1.260316267879719E-4 1.9714552677400583
-3.9144381469941915E-4 0.0
-0.016481476886373636 0.0
-0.03704437065277471 0.0
-0.0264179350632112 0.0
-0.056245803689789396 0.0
-0.08546251818478215 0.0
-0.005888717146248977 0.0
-0.01774448648133707 0.0
-0.004624252762322875 0.0
-5.062649691382625E-4 0.42306002429276646
-0.008129757362839463 0.0
-4.657863029985502E-8 0.3500816061401677
-0.10530383526590524 0.0
-0.004821103063629007 0.0
-0.10644012053069549 0.0
-0.0691740213746677 0.0
-0.005280282897507011 0.0
-0.021309479491484082 0.06194347261285138
-0.07134198820561058 0.0
-0.0071356127830690666 0.0
-3.4915017882494807E-4 0.4164069108897568
-0.03973692793249664 0.0
-0.0020910786183060168 0.0
-0.24764187748622904 0.0
-0.08473175400265892 0.0
-0.05770625961885674 0.0
-0.003806155520725574 0.0
-0.03614403759236852 0.0
-0.07553657380264893 0.0
-5.405835275720688E-5 0.0
-0.00613526928512735 0.0
-0.0012527777825314579 0.0
-1.484292394231465E-4 0.4042804462448082
-0.1449873201944736 0.0
-0.0024127095168159827 0.1077223108471026
-0.2140712407143759 0.0
-0.028165141813224184 0.0
-5.049085619388297E-5 0.0
-0.010631493487877982 0.0
-0.001201542809623867 0.4654381947443156
-0.049520562685715655 0.0
-0.0018802540422048172 0.0
-0.08428846021336019 0.0
-0.1410553793553544 0.0
-0.07269820817348813 0.0
-0.07108375185963792 0.0
-0.002384411852776412 0.0
-0.023048859724600062 0.0188503213055089
-0.06759974085505455 0.0
-4.534836779220173E-4 0.0
-0.006073920579487655 0.0
-0.03396866875724487 0.0
-3.1497591430977394E-4 0.0
-0.018478792454674094 0.0
-0.03738279347124105 0.0
-0.11276245695592223 0.0
-0.020214420777195423 0.0
-0.005922294318161765 0.0
-0.09582440296534786 0.0
-0.008427697584202549 0.0
-8.846637921590551E-6 0.0
-0.0766580603582833 0.0
-1.2285367895640103E-5 0.0
-6.777569750873845E-4 0.0
-0.13685698782963293 0.2770835172625158
-0.054993935459670684 0.0
-0.004038185371665125 0.0
-8.243881894473642E-5 0.0
-0.04565444617837709 0.0
-0.08406567364523702 0.0
-7.739100498645635E-4 0.0
-0.003730270129390877 0.0
-0.023508632817910224 0.0
-7.609002851624505E-4 0.0
-7.409041846666044E-5 0.0
-0.019535732285907673 0.0
-0.082208237112811 0.0
-0.005524806283823429 0.0
-5.194012084341287E-4 0.0
-0.017521550347232847 0.0
-0.0014745267046524858 0.0
-0.053244967959142804 1.3236407735892435
-0.028005897225445858 0.0
-0.024008507952491393 0.0
-0.07693908583187327 0.0
-0.030237244456658364 0.0
-0.02916102637503488 0.0
-0.0010535218487798558 0.0
-0.021207322191880453 0.0
-0.06665730424150056 0.0
-0.009604285460316008 0.0
-0.02739611355734125 0.0
-0.44906204486710527 0.28465643882813296
-0.04900313487652284 0.0
-0.01402008821590456 0.0
-0.05112416101243547 0.0
-0.002433864116417362 0.26431336833177976
-0.001100073784538202 0.0
-0.025671638763306165 0.0
-0.03263336723423201 0.0
-0.019634639302156174 0.6580276211229759
-0.009644182486702289 0.0
-0.0022075231732352294 0.0
-5.301602985271649E-4 0.0
-0.003900298717030837 0.0
-0.01471125164730285 0.0
-7.296338703962886E-4 0.1416169061311896
-0.00437428267402158 0.0
-0.036184232516947835 0.0
-0.004863524238242085 0.0
-0.00911349793166196 1.715841065002973
-0.038350765535624574 0.0
-0.009095877316247348 0.0
-0.0629914312930075 0.0
-0.06838986584632029 0.0
-0.0015992538121109398 0.06547582090814075
-0.03893728184067783 0.0
-0.0736394743785832 0.0
-0.007954557434892859 0.0
-6.25147848708648E-5 0.0
-0.02531391993042205 0.0
-2.5761270441168367E-5 0.0
-1.1162312637798249E-4 0.11129491944521142
-0.04506453365555858 0.0
-0.2602149999009497 0.0
-0.002886408735439423 0.0
-0.05917075046096443 0.0
-5.980423726158859E-4 1.0703457658630189
-0.03224543526988959 0.0
-0.016762013231696134 0.0
-0.09832073720592421 0.0
-0.055500760515337054 0.0
-0.0015284334591969882 0.0
-0.0010371411520002985 2.2219299816450864
-0.08628834648303155 0.0
-0.019565562640160905 1.071717845905102
-0.029369897897395147 0.0
-0.058035290696844585 0.0
-0.005698421108789893 0.0
-0.08238962037284825 0.0
-0.0040261991175021715 0.6083620684464268
-0.08330931130100908 0.0
-0.24586862891219477 0.16084965825865347
-0.03894693476531493 0.0
-0.332846562777323 0.11915744269368234
-0.001989041912382126 0.0
-0.005077522458779892 0.0
-0.02163134818996768 0.0
-4.452572660556292E-6 0.0
-0.01241700463871458 0.0
-0.0020100230954651563 0.0
-0.04965927109683808 1.2973332283368215
-0.011130342227042221 0.0
-0.0220625397456316 0.0
-0.050033991671383705 0.0
-0.01677542340104557 0.0
-0.04842545159809497 0.0
-0.012548629907720881 0.0
-0.03581573644271345 0.0
-6.49745878330466E-4 0.0
-1.1841059130471412E-4 0.0
-0.006747536761540137 0.0
-0.027253659832768406 0.0
-0.0828192006811213 0.0
-0.027506642432833392 0.0
-0.07137128882065771 0.0
-0.018815669633678485 0.0
-0.03477746651424691 0.0
-0.010066144550987678 1.13014824020944
-3.0852065233675694E-4 0.0
-0.13319525924115236 0.0
-5.449035085652604E-6 0.0
-0.011441623566017568 0.5949699913214062
-0.0721160215483117 0.0
-5.293658101108638E-4 0.02041806246501493
-0.0010931896863310797 0.0
-0.009485179204436535 0.0
-4.241601362036948E-6 0.0
-0.01394064993078251 0.0
-0.007359631752923168 0.0
-0.025179397440003044 0.0
-0.007010239415750436 1.7327644433746894
-0.0031953934822962497 0.0
-0.0010860347085031132 0.0
-0.04398460166739506 0.0
-0.04861465707499527 0.0
-0.0035329410979347583 0.0
-0.027770060697993836 1.5523383675415303
-0.004987744816599107 0.2207952666431492
-4.8484282913498157E-4 0.0
-0.06535775013379021 0.0
-0.017067564159983117 0.0
-1.2504258279894963E-4 0.0
-0.05998673335572006 0.0
-0.062065941816412284 0.0
-0.003871563984283494 0.19087615545328074
-0.15602674227099217 0.0
-9.927073209758687E-5 0.0
-0.02699861078333149 0.0
-0.00583114196821222 0.0
-0.01932793901516978 0.0
-0.001555302758797429 0.0
-0.04433080513308066 0.0
-0.04830090597308767 0.0
-2.473317603035916E-4 0.0
-8.344467749439138E-4 0.0
-0.0216151803105287 0.0
-0.0017314834244529494 0.12128520722813807
-0.0048247779236370355 0.0
-0.018261123883608982 0.08858868683424515
-0.0013248206110995715 0.0
-0.11837301698444566 0.0
-0.022216882511498035 0.0
-0.031112382661718802 0.0
-0.0719394524313297 0.0
-0.0050594513773373415 0.0
-0.5604006170310818 0.19940081804645582
-0.21290243357392613 0.05711196743940666
-8.012101373142961E-5 0.0
-0.07987257689510119 0.0
-0.011688001243932204 0.0
-0.0938022814145922 0.0
-0.10051053099272543 0.0
-0.0010971173401175586 0.0
-6.301046654545453E-6 0.0
-0.12148065018102092 0.0
-1.790851020101151E-7 1.9294967097315379
-0.047817270091876425 0.0
-0.06469265439598486 0.0
-0.02119163635416304 0.0
-9.525305310364743E-6 0.0
-1.4399488168139704E-4 0.0
-0.11172078613358954 0.0
-4.0467558382177186E-4 0.0
-0.0044891177926473695 0.0
-0.040168253743885315 1.3048229346539753
-1.3883900295300047E-5 0.0
-0.06048542139556636 1.2981007955096011
-0.005310917798015345 0.0
-0.0011868838942553127 0.0
-2.538827819118735E-8 0.0
-0.1803879447009423 0.0
-0.041268974923106314 0.7907305688030721
-2.8662696324799466E-6 0.0
-0.018293607452067904 0.09195240792462656
-0.0017155361471733047 0.0
-0.03157131980203441 0.0
-8.48844372083933E-4 0.0
-0.0046686271154863755 0.0
-0.01335318255940775 0.0
-0.003648448948558674 0.0
-0.057089180899676226 0.0
-0.002251909995230305 0.0
-0.0073695379917617775 0.0
-8.136673363917071E-5 0.0
-0.25258089650784554 0.1350490983852785
-0.043128076413572414 0.0
-0.05472177606679908 0.0
-0.020374867791308624 0.0
-1.7467837410482112E-4 1.7291630618005378
-1.1590708440877161E-4 0.22155448588819304
-2.640161187566146E-4 0.0
-0.06559526362729291 0.0
-3.5064447355699033E-4 0.0
-1.7336490027108542E-4 0.0
-0.03971216297821768 0.0
-0.002923542733010961 1.8054673730460422
-0.004414276970473279 0.0
-0.0017689317955020894 0.0
-0.002843021662088847 0.0
-0.07899234018196769 0.0
-0.028586144883084166 0.0
-0.024796571662470724 0.011391608165734368
-1.5649890092966207E-4 0.25077840994817713
-0.0775542926157524 0.0
-0.02313612684892793 0.03711308211866182
-0.20126661158422346 0.36400922072509223
-0.11947216177167319 0.0
-0.028226937688305746 0.0
-0.017573609734344766 0.0
-0.05708679430156648 0.0
-0.005625489348755123 0.0
-0.00801822097430748 0.5225822138772074
-6.760934653981901E-6 0.0
-0.03213155322968204 0.0
-0.007301214206635353 0.0
-0.008736205773689972 0.0
-0.004104077146300314 0.0
-0.012389459880183954 0.0
-0.045909882522064904 0.0
-0.003563080691259301 0.0
-0.024314971743282003 0.0
-0.09788233771538421 0.0
-0.002457745697154065 0.0
-0.00515359478662441 0.0
-1.6311107982612148E-4 0.0
-7.011270816003724E-4 0.0
-3.7721694549955337E-4 0.0
-0.02960049796430735 0.0
-0.0141258643960191 1.6737190101821202
-0.06406309285842327 0.0
-0.06376530400406223 1.2477651908489058
-0.004866115244410666 0.0
-0.0174182332232866 0.0
-6.177682071721402E-5 0.0
-8.413712924275941E-7 0.0
-0.013182836474599105 1.674926103539569
-0.03526160261763671 0.0
-0.045278891639228415 0.0
-0.020638250495096565 0.0
-0.13335413219292364 0.0
-0.004223495477907228 0.0
-0.016128400838558477 0.0
-1.1518930982019356E-4 1.8486792162978514
-0.03059713891682502 0.0
-0.08022068126331565 0.0
-0.006143362978378789 0.0
-4.131792783742538E-6 0.3295941971357772
-0.022956330715448506 0.3150559868961261
-0.09683234190902835 0.0
-0.008060807802824215 0.0
-0.10164023392851577 0.0
-2.2065578877648827E-4 0.0
-0.013525730370747719 0.0
-0.005588931393804153 0.0
-5.204804877621969E-4 0.4002907077428448
-7.473583458214596E-4 0.0
-0.001165494288112296 0.0
-0.008205801754695326 0.0
-0.0012038602561306204 0.17755153474473317
-0.020980955316417062 0.0
-0.016411750001991004 0.0
-0.015044517102799117 0.0
-0.06407408530890302 0.0
-0.02573579301041141 0.0
-0.05856517486120474 0.0
-0.022029952114010126 0.0
-0.0121994675501744 0.09166072853472568
-0.006713431373637078 0.0
-0.0015907173370556258 0.0
-0.011409648305271435 0.0
-0.0039039991287671736 0.0
-0.006996997884867677 0.0
-7.131188661344113E-4 0.0
-7.67786502711822E-4 0.0
-0.034567804069957755 0.0
-0.11339855809624 0.0
-0.03251200788877487 0.0
-0.024492621477146325 0.0
-0.05959759377308708 1.2365764455557677
-9.761503042355497E-4 0.0
-0.0010231365414871733 0.0
-0.006885804316416531 0.0
-0.11107477803468369 0.0
-0.007936865603220634 0.0
-0.001909620387614912 0.0
-0.02656580502091931 0.0
-0.09387159761870346 0.0
-0.028875610574169482 0.0
-6.826138543625581E-4 0.3320991480512304
-0.04740437059500417 0.0
-0.012014304735889231 0.13688818320758678
-0.03988267656485569 0.0
-0.0023444370802477477 0.2421593431671747
-1.7731181215365742E-5 0.34632872872493614
-0.05726665957450407 0.0
-0.011688848317198979 0.0
-0.18109668252164982 0.0
-0.004743673682129686 0.0
-1.0147360304496781E-4 0.0
-0.029418894327690993 0.0
-0.006112717564389883 0.0
-4.69004722046568E-5 0.0
-2.0662070158960677E-4 0.0
-0.002040171334466679 0.0
-0.032292722924611196 0.0
-0.05422903344028221 0.0
-0.04432554523159471 0.0
-0.0059304156210872976 0.0
-0.05611422455434429 1.3125407520869317
-0.006300744394533511 0.0
-0.06762810422202158 0.0
-1.483670199783148E-4 0.0
-0.026364472411943264 0.0
-0.04925818795510768 0.0
-0.009860851082299246 0.0
-0.010881541857776197 0.0
-1.3228779157999695E-4 0.3241494606064214
-0.004421970433772384 0.0
-0.07134523234045324 0.0
-0.041517979887283146 0.0
-0.026586918490528303 0.0
-0.07891570494728327 0.0
-0.00844963775269651 0.0
-0.09866756016256345 0.0
-9.674290077689807E-6 0.0
-0.0031009537161650895 0.0
-2.1249704579720745E-5 0.7408757336878384
-0.02354315232304365 0.8715164845491756
-1.654548496327699E-4 0.0
-0.03915978893961883 0.0
-0.009314504923215986 1.2575238836821114
-0.052492148520278996 1.2745439067032507
-0.047005604559704116 0.8529993899103481
-0.004837136763115704 0.0
-0.039287130827374346 0.34381918602704165
-0.14652525927260757 0.0
-0.05562398105023155 0.0
-0.17729627863595188 0.0
-0.00232949990754856 0.0
-0.020557567566704592 0.0
-0.006003049975313576 0.0
-0.07429110760767937 0.0
-0.015903387011164526 0.0
-0.0013153167682713011 0.0
-0.0012870593228118893 1.7488605774627928
-0.003223718421872717 0.0
-0.028999368150119907 0.0
-0.0259481953175748 0.0
-4.3386069946599245E-4 0.0
-3.0059938062257663E-6 0.0
-0.02735641768019946 0.0
-0.08021611539048436 0.0
-0.013411397515459113 0.0
-0.29223947267207173 0.11821518077279863
-0.0331203827418041 0.0
-0.010520949950735749 0.0
-0.004517332252421312 0.0
-0.0076806633479475405 0.5393054987565513
-1.7396614326897904E-4 0.0
-0.08787921138300087 0.0
-0.028410517461396403 0.0
-0.0014762365972315035 0.0
-0.0024809831996747958 0.0
-0.0026815769719922013 0.0
-0.02653071683647597 0.0
-0.0010938576783018693 0.0
-0.03873534129240968 0.0
-0.007039436643332042 0.0
-0.0418529410067209 1.0112450483542297
-0.001177986317589924 0.0
-0.011789320099722644 0.0
-0.012885063520362476 0.0
-0.07925615357520274 0.0
-0.06078045703230997 0.0
-0.051566584914543155 1.340505395740303
-0.0964367124622536 0.0
-5.377720472643304E-4 0.0
-0.005413023129370037 0.0
-0.02620344746964367 0.0
-7.760534658705994E-5 0.4981175006706611
-0.010386377813226023 0.0
-0.009501551730639412 0.0
-0.04999784533073353 0.0
-0.004066999424378765 0.0
-0.004225925433227065 0.0
-0.12975875669401032 0.0
-1.1942272517749173E-4 0.39116461369709477
-0.022827501217108498 0.7748541476208093
-0.012923720809085291 0.0
-0.04279449809692346 0.0
-5.560153580607179E-4 0.0
-0.015592302283981297 0.0
-0.08105589048922571 0.0
-0.005159602032814136 0.0
-0.01973079551668886 0.0
-0.005242073624078077 0.0
-8.331447970150312E-8 0.28094754277588907
-0.011195304555870348 0.0
-0.033529016791609835 0.0
-0.043129912035252516 0.0
-0.024081732236143787 0.0
-0.07284521598579319 0.0
-0.11783364531873712 0.0
-0.1022873704136818 0.26436082031579355
-0.022301520569914867 0.0
-0.005909340841888811 0.0
-0.06090214651381091 0.0
-7.687243887485257E-4 0.0
-0.18345178071810178 0.0
-0.0491747459734964 0.0
-0.032550639626439976 0.0
-2.808983275272362E-4 0.0
-0.007495968913500313 0.6437651580947694
-0.044069315487680644 0.0
-0.0958895725835331 0.0
-0.004818442793763483 0.0
-8.739388525452178E-4 0.0
-0.004889322795023569 0.0
-1.695309814708197E-4 0.0
-0.07703671739503805 0.0
-8.267519738820316E-4 0.0
-0.14883173387329512 0.0
-0.022225584141636962 0.0
-0.010769072287157058 0.0
-0.1747353740201003 0.23988413784419127
-0.09657173280794297 0.0
-0.04031198536112986 0.0
-2.7848447334821022E-5 0.0
-9.270374704318082E-4 0.0
-0.10727954230193781 0.0
-0.010934014189613121 0.0
-0.06903223477233768 0.0
-0.033632504296825974 0.0
-4.959931988227951E-6 0.0
-0.001040485748284414 0.0
-0.006325728196023866 0.0
-6.922800625101739E-4 0.0
-0.1707808391924533 0.2845002897370864
-2.4947803941726184E-7 0.0
-0.08965552537338968 0.0
-0.002685951628076288 0.0
-4.1982101750282386E-5 0.0
-0.005363826866553266 0.0
-0.017601769829273774 0.07618741731098044
-0.0157113693436383 0.0
-4.144438412803314E-5 0.0
-0.0910432880342055 0.0
-0.016587637597635624 0.0
-2.706689801096192E-4 0.19248176518779658
-0.004557892367973671 0.0
-0.02581303351294435 0.0
-0.016614348740940373 0.0
-1.1581038100135953E-4 0.0
-0.04270118810716464 0.0
-8.882979561143546E-6 0.0
-0.012260931678554467 0.0
-0.018529668777732856 0.0
-0.06863022545452029 0.0
-0.0016675791454980454 0.0
-0.016225427126914705 0.0
-0.061802651593239485 0.0
-0.024822830120912368 0.0
-0.3692319477587442 0.2611300582239142
-0.02527492615753721 0.0
-6.813034695396363E-5 0.0
-0.025064801677624413 0.0
-3.4311080005474396E-4 0.0
-0.05527140106588104 1.1152079894404334
-1.4995124740237994E-5 1.649073361632091
-0.08033553503549948 0.27785973510698203
-4.7479153931499063E-4 0.291831367742442
-0.05344985950174068 0.0
-0.03902397012157084 0.0
-0.0912587830202646 0.0
-0.005559854937221901 0.0
-2.0921941944796276E-5 0.0
-0.09058522320968924 0.0
-0.03168606152254562 0.0
-0.02797529507877258 0.0
-0.013011473319586742 0.0
-0.01016568644400293 0.1344176830402537
-0.30582815953775694 0.30978981534727523
-0.04476060710902901 0.0
-0.003579828275252131 0.0
-0.024084350327309958 0.8643696741851983
-0.09688374131144509 0.0
-3.623566182533377E-4 0.0
-0.05102340273743508 0.0
-0.0736264281740382 0.0
-0.016976565026878773 0.0
-6.274092050140605E-5 0.8688142535617018
-6.704235492834528E-4 0.0
-0.024735576601348657 0.0
-0.0015609850336881902 0.0
-0.005920492546124257 0.0
-0.022306624190592546 0.0
-0.0019090319650141199 0.0
-0.03261127719344237 0.0
-0.035768935954421086 0.0
-0.004309193862039085 0.0
-0.036734771506570736 0.0
-0.1848295835134725 0.11286306307386584
-4.252975175232822E-5 0.0
-0.04325958001828675 0.0
-0.009862046287028926 0.0924123848902525
-0.047257802734900614 0.0
-0.02309981103269512 0.0
-0.007064173934656156 0.0
-0.0234575541858066 0.23620220807550354
-0.0011377884474533418 0.0
-0.0020607818785527924 0.0
-1.3851626760338125E-4 0.0
-0.00630557655643549 0.19635379727469893
-0.007163755537119322 0.0
-0.05089903089710812 1.3377384981048657
-0.004242886479365215 0.0
-0.04282209277853482 0.0
-2.187780450284649E-6 0.0
-0.04222400542371549 0.0
-0.003784703024365225 0.0
-0.0018954328866273103 0.0
-0.11347498844800702 0.0
-0.06751084037287353 0.0
-0.006773787549773933 0.16575779167505367
-0.041070733651245875 0.0
-0.01707868094835446 0.0
-0.08111870762349252 0.0
-0.003392256419841894 0.0
-0.0013559424042435715 0.0
-0.0018409221604799464 0.0
-0.06530120477414543 0.0
-0.10863954700179285 0.0
-0.03408023557783139 0.8418727955190786
-0.00869979552719196 0.0
-0.020052304075251572 0.0
-9.568120628126829E-4 1.2662338894300884
-0.004511201736075167 0.5897641502849407
-0.02172490815502093 0.0
-0.1120597968245953 0.0
-0.0011928839464699305 0.0
-0.054540579822848996 0.0
-0.008792753631743398 0.0
-0.008495038478725125 1.1487850942337055
-0.03352279188721545 0.0
-0.03101364977562935 0.0
-0.00373874157061163 0.0
-0.02938586432582298 0.0
-0.020350028177985112 0.0
-0.19754863913927542 0.0
-0.0010528129993518471 0.28280957545873164
-0.006393008184214789 0.4357730118324773
-0.05829582203140254 0.0
-0.006355409756727457 0.0
-0.12578212901039465 0.0
-0.0014237550245109587 0.703979733450149
-0.008003648729829825 0.0
-0.053376824590343395 0.0
-0.019407031050834286 0.6247453383812172
-0.004789466450517107 0.0
-3.6172804260862937E-4 0.0
-0.010821532186907441 0.0
-0.07858454171680083 0.0
-0.0011955739382389454 0.0
-1.598877345504867E-4 0.0
-0.041270125309874936 0.0
-0.07542172530617346 0.0
-0.07904858912558924 0.0
-0.09299191775249704 0.0
-0.08170289900988689 0.0
-1.879548313445546E-4 0.0
-0.0117642508103603 0.0
-0.023568573987605066 0.0
-0.12416346832108217 0.0
-5.237590162862101E-6 0.0
-0.052533653792125636 0.0
-0.18624960332243107 0.0
-0.005952701289539423 0.0
-5.758410502170194E-6 0.0
-0.06411826185896413 0.0
-0.03188226509393472 1.2444717980946258
-0.056702466066377535 0.0
-0.0015156655501847329 0.0
-3.792057399912772E-4 0.0
-6.967413344623332E-4 0.4139017860297258
-0.012355543612170452 0.0
-0.01673158988136719 0.0
-0.054389696830511015 0.0
-0.04403055876823223 0.0
-0.002127900070781828 0.0
-0.017167549391084395 1.6453517471516985
-0.0356148152723787 0.0
-0.0024411684632739384 0.20654233843475112
-0.053400877962692786 0.0
-0.1254655980500355 0.09569071667734425
-0.09581296649200648 0.0
-4.0415145845488334E-5 0.42015026999337746
-0.008365052363926678 0.0
-0.38479620085605903 0.028704288926824528
-1.2026838882329387E-4 0.0
-0.06859385103415604 0.0
-0.01331216129365074 0.0
-0.15219030351817553 0.0
-0.02881075833063642 0.0
-0.0016714955749318426 0.0
-0.06357826056306985 0.0
-6.960663096772741E-4 0.49232469674236246
-0.032002285297648723 0.0
-9.623852199799907E-5 0.06472271864101575
-0.0032727504685554714 0.0
-0.09717184424964781 0.0
-0.015767970571835693 0.0
-7.136577530012626E-4 0.0
-0.004704271768770616 0.0
-0.006164813187351098 0.0
-0.023384040005376805 0.0
-0.02446789744257177 1.5458214190435573
-5.082967151439321E-5 0.0
-0.17583503191113897 0.014000964503323887
-5.0610099308486616E-8 0.0
-0.0031206672722828193 0.0
-4.740810576574887E-6 0.0
-0.0171913675709178 0.0
-0.01933178768727267 0.0
-0.0022478035096835935 0.0
-0.061363816845679035 0.9613670012183526
-0.0023083258704001547 0.0
-0.13151103220693547 0.0
-0.11415805472982421 0.0
-1.039741492615435E-4 0.0
-0.04816112772194357 0.0
-0.010307730328448384 0.0
-0.006693608875076114 0.0
-6.269482361773302E-5 0.0
-0.04963640830108893 0.0
-0.1718165257085909 0.338233207915963
-0.0011541474899024796 0.0
-0.1220201820160875 0.0
-1.942198401766791E-7 0.0
-0.03193180719929937 0.9570563330165243
-0.07467632054901467 0.0
-0.0027363843158729304 0.0
-0.04014954369274032 0.0
-0.040957482288710684 0.0
-0.017831580247460323 0.0
-0.12093821964025397 0.0
-0.02953550628763982 0.0
-0.09813995546505089 0.0
-0.09098954811925838 0.0
-0.0357068926987187 0.0
-0.06051737081547728 0.0
-0.05923783939469372 0.0
-0.040275812252724336 0.0
-0.0010133513520016904 0.0
-0.15384156909077426 0.0
-0.005744656197466763 0.6788624183060215
-0.040129416877634286 0.0
-0.3448306817708208 0.3416022980285083
-0.0031442668549195958 0.0
-2.4630665463886976E-4 0.0
-0.01150029680046008 0.0
-0.00141422064144391 0.0
-0.0029404541409767592 0.0
-0.023941722673971284 1.5990043409451662
-0.008057852159638364 0.0
-5.582915130779587E-5 0.0
-0.01511937051623734 0.0
-0.023537172366833017 0.7133394073307713
-0.08627059708077996 0.0
-0.0036074302905203326 0.0
-0.05355535358573032 1.3493617031891105
-0.01552729781835081 0.0
-0.40126158240386467 0.17764898463033513
-0.046785055512073445 0.0
-4.298719046970712E-5 1.9416028931382634
-0.0013231276846994875 0.0
-0.036875913623479147 0.0
-0.07546192572292562 0.0
-0.006062212403484608 0.0
-1.1416357261222962E-5 0.0
-0.01936845832027928 0.08303372913728957
-0.004776855034981889 0.0
-0.06255700107283266 0.0
-0.003276925208865005 0.0
-0.001779491990934787 0.0
-0.03007713054065225 0.0
-0.047269788706141805 0.0
-3.7266068771016125E-4 0.4441675316531084
-0.009941561499736963 0.0
-0.0031305175532588755 0.0
-0.1172546179118245 0.0
-0.0697603135161759 0.0
-0.028764167731055133 0.0
-0.0766428029056918 0.0
-0.003390733880742393 0.0
-0.035086287730640736 0.0
-0.03796767474817349 0.0
-2.200686109725181E-9 0.0
-0.018375931386191164 0.0
-0.015554500759180542 0.0
-0.0861353337079045 0.0
-0.010903852794639774 0.0
-0.11304382815744907 0.0
-0.011703308565208508 0.0
-0.006723870182634295 0.0
-0.037481677432376875 1.3459833280302522
-0.07607473324735314 0.0
-0.007509685933231084 0.0
-1.68844630410098E-4 0.0
-0.04238137368218068 0.0
-0.02126683069444766 0.0
-2.098688762466071E-4 0.4310329155567043
-0.11438812626715958 0.0
-0.0010198330412562674 0.0
-2.497906669630298E-4 0.0
-0.06473691966634681 0.0
-7.149607385704647E-4 0.0
-1.6575453391936875E-5 0.0
-0.06701431303810769 0.0
-4.209639162116709E-6 0.0
-0.05882372625349679 1.2391958962288818
-0.052286006028125 0.0
-0.003426212136955216 0.0
-2.6886523091884037E-6 0.0
-0.002700863989465708 0.0
-0.05654963098408488 0.0
-0.05310838318437154 0.0
-0.01592949723882202 0.0
-0.002883268435973853 0.8011117013696776
-1.873784605175482E-5 0.0
-0.3702571520295327 0.17708078596711865
-0.06059409459098147 0.0
-0.08363609578944475 0.0
-0.031118061643083963 0.0
-0.00642335609233122 0.0
-0.05694140103286322 1.2639226278128781
-0.20223531012332582 0.0
-0.006702732073255322 0.0
-0.040989692780061406 0.0
-2.0629366276254702E-4 0.7200042786058809
-0.009582707537327977 0.6367831055981554
-0.03993127367105902 0.0
-2.4190660283058915E-5 0.0
-0.02224710801400872 0.0
-0.03552769975581208 0.0
-0.05378813241165512 0.0
-0.00573841415799601 0.0
-0.017486457763030486 0.0
-0.04605349991329405 0.9404051994060261
-0.025171766222133275 0.9221904926875482
-2.9356619261280867E-5 0.0
-0.10407523887440488 0.0
-0.005194654358117239 0.0
-9.401288417450402E-4 0.0
-0.042235843909650836 0.0
-0.08783993495110988 0.0
-0.037238718032689716 0.9500486051224435
-0.0350718500210012 0.0
-0.012723922822537408 0.0
-0.010157617186922258 0.0
-0.03241935881926381 0.0
-0.023653563656201956 0.0
-9.131442105343526E-4 0.0
-2.047811823164301E-5 0.343890206165705
-0.13527195002799644 0.0
-0.027772930365548208 0.0
-0.014477725058475766 0.0
-2.3775893046910408E-4 0.0
-0.02764390689870834 0.0
-0.011168956666612852 0.0
-0.04451986661874495 0.0
-0.042910781854142835 0.0
-0.0035689250685140947 0.0
-0.004428413883847081 0.0
-0.07654327395746369 0.0
-0.03915856880528365 0.0
-0.046654382190129386 0.0
-0.0012552679546802552 0.0
-0.05058293034897381 0.0
-0.03412200490875163 0.0
-5.610760887191378E-6 0.0
-0.008030298046235756 0.0
-0.06329237790300782 0.0
-9.830993795018643E-6 0.0
-0.06455504751330832 0.0
-0.018462569467168125 0.0
-0.010902367498091972 0.0
-0.1123487552219331 0.0
-0.052376657648513555 0.0
-5.8153243224582075E-6 0.0
-0.04006803081133206 1.4705918928315125
-0.04933625266652645 0.0
-0.004024838122501517 0.0
-0.00145095857930306 0.0
-6.94903614558507E-5 0.0
-0.01373023132781519 0.0
-0.14600589124441565 0.0
-0.06307077103334616 0.0
-0.12935564773345085 0.0
-0.002049884119429708 0.0
-0.0011391612428952363 0.0
-0.11498061035284846 0.0
-0.004075343696745793 0.0
-0.1028901738779421 0.0
-0.011801335879644274 0.0
-0.008237555689825891 0.0
-9.809406789251273E-4 0.0
-7.167526675904914E-4 0.0
-0.044938972748584105 0.0
-0.03754154128002599 0.0
-0.04767236869443191 0.0
-0.016639953050388057 0.0
-0.019708343579642615 0.0
-0.01814234981571168 0.0
-0.0010183813175936936 0.0
-0.0018618149870198155 0.0
-0.0049269790115930665 0.0
-0.04008901553414204 1.4757615116792273
-0.004218655704206388 0.0
-0.004988704346835108 0.0
-0.05074982758031815 0.0
-0.023388943404157005 0.0
-2.463420632581137E-5 0.0
-0.08310957164860344 0.0
-0.058177941288486176 0.0
-0.00517826885164938 0.0
-0.00631116295211515 0.0
-0.007934245523492313 0.0
-0.0601720324653233 0.0
-0.0632222103609763 0.0
-0.08743321853003909 0.0
-0.06419248098526588 0.0
-1.9189157786844463E-7 0.30366945672584134
-0.0020609292395022886 0.0
-0.0013157069739990095 0.0
-0.03350896005502832 0.0
-0.04121963454334566 0.0
-0.01618526809027671 0.0
-2.0731947285042868E-4 0.0
-7.761549731788082E-4 0.0
-0.1971052460118696 0.0
-8.536670296696445E-5 0.0
-0.001414077190478741 0.0
-0.0714535243684785 0.0
-2.0120544197773833E-5 0.0
-6.163547681042948E-5 0.0
-0.054071307932977195 0.0
-0.02625900514253856 0.0
-0.046598110497774674 0.0
-0.0028578625942098142 0.0
-0.0018956707909162584 0.0
-0.0215442181056673 1.3332451237593546
-0.02345751628068013 1.545660616107515
-0.009632827186139082 0.0
-0.033334643758015294 0.0
-0.036725055142600514 0.0
-0.006360312002631909 0.0
-0.005030129865039465 0.0
-0.06976146940682555 0.0
-0.019552829576139255 0.0059278130684052854
-0.11219007176055197 0.0
-6.53363087286236E-4 0.0
-0.007550871327145669 0.0
-0.02388257892345484 0.0
-0.03275345839782309 1.0772936592119304
-0.06692749665266408 0.0
-0.08188758781151681 0.0
-0.07260978205424583 0.0
-3.0769587533424276E-6 1.916723622246293
-0.03729737282770466 0.0
-0.01225972274956309 0.0
-0.16712640240352342 0.0
-0.0027567845723809638 0.0
-0.022610672113623047 0.0
-0.11865224131681569 0.0
-4.5959019758783976E-4 0.0
-0.025137074060986427 0.05213211319546396
-0.004802115994035272 0.6274895786982082
-0.029517646099343948 0.0
-0.03812183653884064 1.440892161259903
-0.027715153821286715 0.0
-0.020740012130549237 0.0
-0.11027805901369396 0.0
-0.0051179940316563675 2.115852481475173
-0.007087219343135239 0.6098064829982572
-0.0054438660803458215 0.0
-0.012663294341713597 0.0
-9.56308132795655E-6 0.0
-0.019992330671762593 0.0
-0.022299785698903396 0.0
-4.4276481526473257E-4 0.0
-0.10059737735695176 0.0
-0.07514097704546045 0.0
-0.03746532793929112 0.0
-0.047306879135563466 0.0
-0.04685957922988116 1.1586545274797153
-4.87579077974813E-5 0.0
-0.00459005922962907 0.0765132006339666
-0.018983844576195893 0.0
-0.05329955276785965 0.0
-0.06753391317470535 0.0
-0.004369984830579528 0.0
-2.5038833516277724E-7 0.0
-0.005177938201844006 0.0
-0.012148464521283698 0.0
-0.06363900312964872 0.0
-0.004838214500380721 0.0
-0.003041630437773267 0.0
-1.2036864517899897E-4 0.0
-2.495325290330278E-6 0.0
-0.18738568946311998 0.0
-0.04964012949991348 0.0
-0.05671254316820401 0.0
-8.733060331518613E-6 0.0
-0.02202492932776514 0.0
-0.014260161658200599 0.0
-0.047626323230918616 0.0
-0.011879325226119564 0.0
-7.519592547138101E-7 0.0
-9.323824496334623E-4 1.4744232685304688
-0.12702944494208004 0.0
-0.006798385641658049 0.0
-0.019914115200050594 0.0
-0.07338514171125385 0.0
-0.008400841535903108 0.0
-7.19199784155768E-4 0.030516345912867504
-0.007531808290464511 0.0
-4.172820781842923E-5 0.13798765012491523
-0.03949988189190826 0.0
-0.02546284911952267 0.0
-3.6706356836138594E-4 0.0
-0.02466598543530476 0.0
-1.2840563357997624E-6 0.0
-0.005641880344309142 0.0
-0.0016032620419838856 1.6108510226687187
-0.006846856490024732 0.0
-0.005571328783375653 0.0
-0.1770487291191166 0.0
-0.0016829762159220275 0.0
-0.023223711935637936 1.0577879299629842
-0.013445111518002687 0.0
-4.58759840635885E-5 0.0
-0.005577572204126302 0.0
-0.0239311793813718 0.0
-0.02336274683712407 0.0
-0.012945874248842575 0.09090842540516508
-1.1703143525017498E-4 0.0
-0.05280541770580524 1.3452497677111488
-1.5656670784974553E-4 0.0
-0.001492128143536487 0.11370308355356151
-0.0020321853589542597 0.17724395037535778
-1.6823651581153793E-5 0.0
-0.01939583344698394 0.0
-0.03619803399148545 0.0
-0.026207882006141287 0.0
-4.567594653525845E-4 0.0
-0.01250880259185739 0.1011671398722811
-0.05946389251485161 0.0
-0.0835650790525824 0.0
-0.018616382960939946 0.0
-0.033207525257039364 0.0
-0.004878849458200809 0.0
-7.825178207984366E-4 2.087254901098211
-2.343864721134161E-5 0.0
-0.018094380090081373 0.0
-0.1445548280312242 0.0
-0.06161423162129904 1.2251821645967702
-5.0881294171397155E-6 0.0
-0.0014677122261257146 0.0
-0.014756219385318733 0.0
-0.07163269321725793 0.0
-0.10495070563502498 0.0
-9.755717949062667E-5 0.45913523358835917
-0.019841520536751985 0.0
-0.12494797925394469 0.0
-0.002785182586149495 0.0
-0.020885012456834797 0.0
-3.5679399656496255E-4 0.0
-9.905632626521703E-7 0.0
-7.806757824401999E-4 0.0
-0.0026573279539438555 0.5093255927479934
-0.007720239203787502 0.0
-0.19388681343882627 0.22180181233347862
-8.253478670974675E-5 0.09441988604621443
-0.10189844302212611 0.0
-0.003934954653343557 0.0
-1.3457500506557755E-4 0.0
-8.772298203656694E-6 0.0
-0.029831116445010176 0.0
-0.0037887937002526635 0.0
-0.013426866234294628 0.737587172550743
-0.11064670953995867 0.0
-0.040959829091364926 0.0
-0.10010080084678263 0.0
-0.014973909367394693 0.0
-0.04401187899215084 0.0
-0.054697189464954256 0.0
-0.003592003651546444 0.0
-0.055746031768931774 0.0
-0.0494503111777753 0.0
-2.5526270478579594E-4 0.0
-6.999385688695802E-4 0.0
-0.08297383931323563 0.0
-0.015923531017467275 0.0
-0.004550892048602553 0.0
-0.038647667779956665 1.2950140799922458
-0.003190420576669066 0.0
-0.02789336554875799 0.0
-0.05716539047184189 0.0
-0.04768282594624061 1.2924454886506105
-0.08570861891719735 0.0
-5.055055746870579E-7 0.0
-0.09145808789406268 0.0
-0.035075874459720234 0.0
-0.008128772219058248 0.5304275103246052
-0.00130608657530583 0.0
-0.002401681877682262 0.0
-3.4811030292386785E-4 0.4271595231091396
-0.03198236261772801 0.0
-0.040759766145476724 0.0
-9.777534674538846E-5 0.0
-0.006466394097863459 0.0
-0.006425274831222179 0.0
-0.003163095569208321 0.0
-0.005444260578666446 0.0
-0.0046915684074993165 0.0
-0.029234401045383728 0.0
-6.807226436047015E-5 0.0
-0.042521237134656976 0.0
-8.995211258641934E-6 0.0
-0.003965276745704869 0.0
-0.042890325135939905 0.0
-0.05019484227629957 0.0
-0.0010417109358495807 0.0
-0.00715072278661875 0.0
-3.627573611668126E-4 0.0
-0.025618845768118684 0.0
