Raw 9D
0.16877777777777778
0.15355555555555556
0.19944444444444445
0.27355555555555555
0.21366666666666667
0.24622222222222223
0.16544444444444445
0.1988888888888889
0.18066666666666667
0.23977777777777778
0.19655555555555557
0.18044444444444444
0.196
0.18755555555555556
0.2051111111111111
0.1942222222222222
0.2891111111111111
0.17744444444444443
0.169
0.18555555555555556
0.233
0.2061111111111111
0.2421111111111111
0.1388888888888889
0.15933333333333333
0.1678888888888889
0.16422222222222221
0.28888888888888886
0.16977777777777778
0.17422222222222222
