122.36669531936376 226.7183785621561
128.69080960009435 409.7204189649839
132.318305465792 637.8665999997077
91.57274889003989 400.42615457484317
142.37029023162017 988.6387398998811
128.51755418598069 358.3610615865105
102.29666092723814 146.1288337880187
90.44290660225485 550.7993100031291
126.66645059368122 483.0816624600045
117.90712025505286 122.96098808246597
117.96678180511068 133.59908288300062
120.76359146921553 122.00362229980503
114.43894342035873 142.78123424919337
116.66681158756396 172.98925699404802
93.33322887731272 477.58506545490803
124.73424443305188 294.86561837550704
114.97394975714008 73.67703431144605
83.04652013234542 847.9223659342728
94.52890888096621 491.0946074636632
102.91970497506048 154.6561208658788
118.57912019743448 -5.055701202238396
139.0782040093979 755.0101878096318
110.50875422691007 -15.741822276367202
81.37284476276827 921.1100922057701
104.28836884227466 57.06863149034763
99.2225291946211 159.58139026036076
97.5832631543733 257.940955430191
109.37651143072526 -415.41015831178004
103.61356916274151 158.05974398101444
128.58413760386787 324.0759883435599
110.525287022957 93.59305166149278
112.261456643375 -3.813533122202557
114.31953847085202 44.30863766494454
95.20611707437891 305.773505070415
129.77336433129958 507.4165636174387
83.21539241312792 845.4184806189792
83.96791681473061 863.0507060442426
123.55813587132405 236.83425026913943
122.96618940274396 252.19840604063245
114.46781235479143 116.62489315042399
84.3021802838087 812.2742740444457
99.83021245077049 223.06295181503745
122.62395276374261 230.8532926907561
85.80801583545927 766.9331696922236
102.21315702077379 141.82505170118878
117.72781153556137 199.7523241296569
132.8893002212832 520.1456237839909
124.58696795635072 419.9184077707749
100.88514644990632 186.3802439862875
124.28543106957902 251.35941980702523
126.67497765003732 325.1415703145025
124.6972480095099 259.70187546556167
122.40513761564114 159.18865121319325
122.75777684471316 151.47183103532814
83.298400114238 891.198399273487
120.97163791212516 159.86746436949028
89.63005242395215 570.9453278056505
123.83489815468963 302.7037461953023
131.4482550755475 503.63209280217177
103.31047474473647 200.63566546271858
108.57443310781593 32.49725403656315
112.52985048046455 38.42159630314677
125.2627938907595 277.8463161118153
134.00316214993356 548.52125013232
113.02201047343624 -11.025729538913424
96.19095745808161 339.84869943147186
94.4050989977984 284.9956459290106
135.96744435952533 711.259419870956
94.78743797363845 472.07617745650566
102.92947857829253 218.4754267476742
98.00421249084408 318.58764993577284
127.10046045189978 361.59482342851146
103.80902540439061 66.78281938721847
133.7296227232384 582.4397308999316
134.01514844232088 663.1161020770655
86.31132582066286 787.4769752802265
126.47330622020792 327.12693218348613
88.82717088822712 594.7228286856566
124.86695844390016 295.57104356214245
88.47766717260062 603.4062003889339
140.16467675371052 946.612589686943
114.09288705125378 83.77510448155857
121.40486690049534 199.48068681823622
125.98817654509115 343.89431734835694
137.3188317148648 775.5719299996804
109.34389409043287 1.8078036931598547
117.79977399218198 124.99151870934077
106.56659311864635 123.76344924261576
132.49907423754775 535.2332994906266
114.12102851576904 128.01070998952008
113.59995581381249 98.54000768099218
141.35081150889582 960.8085004044206
88.52815612461069 535.702327736274
118.69740071912771 212.0039158463044
87.63701736470526 676.1471359697904
130.7792784257528 476.9079493397825
114.71047795924619 49.773773143303
137.3553324919472 818.0666318279254
124.95261560168971 344.259930431123
136.82556871498815 760.0474272243914
