99.1928545445799 226.7183785621561
128.69080960009435 409.7204189649839
126.00471262801675 311.40046359956466
123.56488423379298 249.89719552853973
121.03794874824615 201.39896696039128
116.88556798380847 119.31790941465565
118.39886844939659 146.1288337880187
133.21370950028944 574.5885106282487
112.05074805580861 86.37395606499143
117.90712025505286 122.96098808246597
117.96678180511068 133.59908288300062
116.03952129379766 122.00362229980503
123.00968917084386 240.72058221701252
101.89113450493537 172.98925699404802
117.88371979485609 129.16255769845355
135.84853051950358 694.6796377051996
120.77601611904723 189.10645531592496
90.4944748762661 519.7688163676996
111.21652948606703 83.9935483683796
103.2561407234995 154.6561208658788
115.13191087114734 112.66341188500253
136.8005284025536 755.0101878096318
138.64222532269508 857.0360038119651
123.44022688053414 222.3000096379236
137.3484023144951 780.1073677241052
106.70557756898278 113.3866494885487
124.06225673887849 257.940955430191
80.80936204820617 976.8748401838811
105.34312615255894 120.63641814471572
108.95658176597524 90.49879961869613
110.525287022957 93.59305166149278
119.82820992151683 174.7240893658622
127.50944033033065 351.55074822932704
125.76205991727912 305.1626437312111
121.77311899425669 204.60053687514915
117.85443601949797 138.6963828440571
114.8759313726859 94.41735439370626
124.03785252988253 265.3107316316047
126.02530098959394 314.1158600698466
126.09910389364927 313.7203182111647
84.3021802838087 812.2742740444457
107.02258273322354 108.93049123105618
123.6622559070029 247.34662859499218
97.89099513816782 273.836233890255
130.6268712571278 473.15473778821877
130.84949068899707 476.2757747752761
131.97926942119125 531.7028013725676
137.75909422370495 795.3460452310817
97.84379950535157 272.676306584455
124.53185153937864 273.05331146055767
89.74602988808289 548.9367469950803
107.70860299800546 101.41293729218198
120.80329203264681 185.87985420836634
118.95411530988711 151.47183103532814
139.49913484723064 891.198399273487
125.90977724722143 317.6913623398213
133.21243442058451 570.9453278056505
117.86586539465799 130.41888143742494
131.4482550755475 503.63209280217177
124.16089217075002 256.276237716683
121.06080749856619 184.84396414712694
125.31667450129049 286.0908053907435
126.19669713674807 326.91535320358133
120.02632116263679 156.44928479635638
115.32964908036041 75.92799550102211
125.90655530002931 316.8025110714088
113.81541805645375 79.74838947831829
135.96744435952533 711.259419870956
119.4060685966142 174.5088063167587
116.4408131910511 120.91287059104417
130.04434193339938 453.2103662277393
116.90943361771647 119.21032334172864
118.37851270495769 155.20438989749294
133.7296227232384 582.4397308999316
121.7302349523299 186.70166355378092
104.42858763928012 140.1369123162043
126.47330622020792 327.12693218348613
88.82717088822712 594.7228286856566
117.09373497707851 132.87674103205939
107.61440541507253 101.5221592355925
115.7771674039323 116.55813379526431
111.4049246519329 83.77510448155857
121.40486690049534 199.48068681823622
123.63297118462899 258.63890967719533
137.3188317148648 775.5719299996804
122.51999728331069 212.80773135108404
111.24580486408954 81.7337753299844
124.13854595148982 250.42150299234953
120.48016856218999 168.40083038547374
117.80426944480027 128.01070998952008
113.59995581381249 98.54000768099218
129.04042312116042 416.406464160606
116.59207875699755 126.16183701257431
101.03921328679061 212.0039158463044
124.59770430608555 282.72575201422796
130.7792784257528 476.9079493397825
90.17211533924154 523.5142785419955
126.81021328819854 338.1786578380828
131.04112756762342 494.9944073271756
126.0478867291599 321.7775722885499
