127.67091197098709 366.03496146314836
127.27992350279547 356.56898291534355
126.00471262801675 311.40046359956466
123.56488423379298 249.89719552853973
128.1978957702297 378.45474339477363
120.38014509917733 173.94879265842607
114.05766003705655 101.59087117004944
133.21370950028944 574.5885106282487
126.69475133906604 331.76125336050245
120.54765388969396 184.72541589441315
139.35406392887126 886.1419782074007
124.71833718503943 277.2255256815392
123.00968917084386 240.72058221701252
110.03379106334377 93.60528879464647
125.3869221720494 294.69186025685354
128.79437064788965 403.32643282628874
111.34289268744678 90.96740942945101
90.4944748762661 519.7688163676996
111.21652948606703 83.9935483683796
103.2561407234995 154.6561208658788
115.13191087114734 112.66341188500253
132.44633677442366 540.9577984656106
117.25850290052861 120.27895960944272
130.5566278747392 468.24029792494196
137.3484023144951 780.1073677241052
106.70557756898278 113.3866494885487
124.06225673887849 257.940955430191
132.34408000763733 545.6754054822346
128.38009049483782 391.1565845150727
111.12830443129705 90.49879961869613
109.88867693590133 93.59305166149278
128.59573129666364 391.3477998798636
118.24297585548132 138.94504992562108
125.76205991727912 305.1626437312111
121.77311899425669 204.60053687514915
126.15525265606033 315.81385977162165
126.01569855203475 315.4642060576065
118.6751206723401 147.1257272304903
124.60053669448698 273.3894281760325
126.09910389364927 313.7203182111647
84.3021802838087 812.2742740444457
107.02258273322354 108.93049123105618
120.77576133592224 183.82921132730712
118.08982567616955 135.1104764255897
130.6268712571278 473.15473778821877
135.10602620939127 666.483618474686
131.97926942119125 531.7028013725676
137.75909422370495 795.3460452310817
119.17934653670125 157.91447635242298
87.87242356774415 636.5266557302789
125.42630413125218 295.0414046749795
118.05492185152656 136.97627391558734
120.80329203264681 185.87985420836634
118.95411530988711 151.47183103532814
129.35214203998237 422.1155888319102
119.2365632795669 157.27972485503489
130.61140053273934 471.84732981166667
101.60664600710714 182.33690857679
131.4482550755475 503.63209280217177
124.16089217075002 256.276237716683
101.4835335111268 184.84396414712694
123.64417971397326 245.91937171287842
113.57635799740436 97.96004402809217
129.80635238427976 447.2987309762268
125.95886462748916 310.83847921233615
132.6113818965716 552.2551898014361
113.33674042264633 98.50373827496145
126.51134351686026 325.3280887487772
118.26092156645687 140.60799863821518
121.91038190182638 206.80352837526775
124.63710557648541 268.54864273605887
117.99988165858105 137.2845912013974
124.52800123530729 270.86121764298935
97.34578793836408 281.72418799520744
120.76545338628134 181.1437182863441
117.94383288708053 140.1369123162043
117.70572618421284 134.00070980651637
123.25090994548954 240.17205527283062
117.61403018315767 132.87674103205939
107.64981386002904 101.5221592355925
126.76364025130266 337.65196373982496
125.90353686954344 305.149191893172
121.56650903986899 199.48068681823622
116.38373369968753 118.88610125288787
137.3188317148648 775.5719299996804
114.63070153818322 102.4988923706163
118.24285160125822 139.53698016399292
126.97526860060208 343.43042274676975
123.68165702123395 257.36362621042156
119.7493244341616 161.04029034511584
113.59995581381249 98.54000768099218
129.84306181747445 441.6960135759765
116.72559440903524 126.16183701257431
121.1486462380105 198.6073337470088
128.1949886564468 382.5429685165842
130.7792784257528 476.9079493397825
116.00457783656921 115.16867613976123
126.81021328819854 338.1786578380828
126.24572865011808 316.14423631842294
123.68508715196313 252.80701643453858
