99.1928545445799 226.7183785621561
128.69080960009435 409.7204189649839
126.00471262801675 311.40046359956466
123.56488423379298 249.89719552853973
124.26889498665342 283.8532735558175
116.88556798380847 119.31790941465565
118.39886844939659 146.1288337880187
133.21370950028944 574.5885106282487
108.2028685043056 86.37395606499143
117.90712025505286 122.96098808246597
117.96678180511068 133.59908288300062
106.86236612690574 122.00362229980503
123.00968917084386 240.72058221701252
101.89113450493537 172.98925699404802
117.88371979485609 129.16255769845355
135.84853051950358 694.6796377051996
81.32205186255675 965.3328518285836
90.4944748762661 519.7688163676996
111.21652948606703 83.9935483683796
102.91970497506048 154.6561208658788
115.13191087114734 112.66341188500253
136.8005284025536 755.0101878096318
138.64222532269508 857.0360038119651
84.0726410789739 805.2338953456097
121.29568131617643 174.78353079042824
106.70557756898278 113.3866494885487
124.06225673887849 257.940955430191
80.80936204820617 976.8748401838811
105.34312615255894 120.63641814471572
108.95658176597524 90.49879961869613
110.525287022957 93.59305166149278
123.7198906288703 232.78987721424053
127.50944033033065 351.55074822932704
130.17001028843163 474.23645071612776
121.77311899425669 204.60053687514915
128.03313861407187 387.7236642041133
83.96791681473061 863.0507060442426
124.03785252988253 265.3107316316047
126.18956338830571 314.1158600698466
126.09910389364927 313.7203182111647
84.3021802838087 812.2742740444457
99.83021245077049 223.06295181503745
123.6622559070029 247.34662859499218
97.89099513816782 273.836233890255
130.6268712571278 473.15473778821877
86.2151718703914 712.1819230683285
89.43245277223696 531.7028013725676
106.92659047885788 101.17304642904784
97.84379950535157 272.676306584455
124.53185153937864 273.05331146055767
89.74602988808289 548.9367469950803
125.90288725715479 294.8211697404346
120.80329203264681 185.87985420836634
118.95411530988711 151.47183103532814
139.49913484723064 891.198399273487
126.59074873214547 317.6913623398213
133.21243442058451 570.9453278056505
132.44002341858143 531.3944354973905
131.4482550755475 503.63209280217177
124.16089217075002 256.276237716683
90.3797052738487 516.2486270182816
125.31667450129049 286.0908053907435
125.2627938907595 277.8463161118153
111.10289145814914 73.42631105131501
127.85440368951492 448.1258265902648
125.90655530002931 316.8025110714088
113.81541805645375 79.74838947831829
135.96744435952533 711.259419870956
92.51478815218529 405.3073659407173
116.4408131910511 120.91287059104417
126.93739631467463 318.58764993577284
127.10046045189978 361.59482342851146
115.93722850171612 76.72153633886661
133.7296227232384 582.4397308999316
124.25498340903627 310.1188914551683
104.42858763928012 140.1369123162043
126.47330622020792 327.12693218348613
88.82717088822712 594.7228286856566
117.09373497707851 132.87674103205939
107.61440541507253 101.5221592355925
93.85946796636 403.9130381016105
111.4049246519329 83.77510448155857
121.40486690049534 199.48068681823622
123.63297118462899 258.63890967719533
137.3188317148648 775.5719299996804
131.2836924051818 486.6107147447402
117.79977399218198 124.99151870934077
124.13854595148982 250.42150299234953
120.48016856218999 168.40083038547374
106.16872122521112 128.01070998952008
113.59995581381249 98.54000768099218
129.04042312116042 416.406464160606
116.59207875699755 126.16183701257431
101.03921328679061 212.0039158463044
124.59770430608555 282.72575201422796
130.7792784257528 476.9079493397825
90.17211533924154 523.5142785419955
126.81021328819854 338.1786578380828
131.04112756762342 494.9944073271756
126.0478867291599 321.7775722885499
