-43.4886930132226 -41.12936347259817
-29.962416299433794 104.42328650520683
-48.43788346991932 7.216837373806385
-39.05182306974157 -27.306986696703277
-46.038855027732474 -22.166664729765557
-36.36056460397273 -4.159052415879131
-50.735112069766856 38.58142431167394
-29.09018679615528 128.30223494147504
-42.214613023864885 -38.325827181081536
-27.177208970059024 189.1915687809101
-30.12991931053346 109.60529332323887
-47.26555480862962 -9.115753336833993
-41.66392195803839 -39.441192712993995
-39.983877788911826 -30.866692671456093
-18.902518510071584 493.6197007128274
-48.66643995513867 6.363204579208897
-45.47899465455427 -25.96643011038121
-32.00039743372617 66.23162275553653
-28.016730132895525 160.03561882400862
-46.21786147584246 -20.13068420662836
-40.08252698097673 -33.931772470804866
-47.628063556385946 -3.354018630581635
-37.21397643983128 -15.455101509962418
-52.298953911946725 65.9096759844983
-31.906575041591037 65.12843639419171
-49.93750128742969 18.25256115550242
-47.30487631580062 -0.7848615384806052
-46.065905276513064 -18.38468728532913
-30.384130849393745 106.20030440078244
-34.191649419638686 23.530494790617126
-48.775541623116055 11.865552150995313
-49.24832951444389 12.769083210470907
-44.76513956298149 -26.56757169877866
-54.53937086388237 118.73880958333575
-29.754967210741782 110.08649463807171
-59.49852124288587 266.91996837848217
-50.32210631211505 26.659697976440825
-23.085898768591182 334.6989315505791
-45.75547822581568 -24.21523323600821
-56.34315880257797 166.25384879597112
-38.52355340411606 -26.623581623437133
-45.80390189474146 -24.9876210332638
-47.000102578037044 -13.826137241112008
-62.128553264863044 368.7641844732331
-40.265658471518336 -38.10612504394171
-45.691875868466056 -25.502593821618532
-48.1960292077244 3.0697622510352147
-25.611305679852933 224.38115188457508
-48.613450200630695 6.156570632285693
-48.2379430581949 0.5065789237078917
-45.70455919726241 -26.043857716088517
-49.60669548354166 17.736154900943546
-36.56284012953738 -6.305331294564169
-43.029322670483985 -32.93434050283351
-40.482537891219025 -34.882966143370766
-38.90155564265396 -27.017622498035188
-55.04085071464494 128.82386459022132
-47.67548750163924 2.362372874050763
-32.47123066748804 54.56220001947062
-53.51457546329376 91.83179746410309
-48.154687521721286 0.20446024963714748
-34.04264488556534 37.5830885820651
-40.34535787586793 -32.50271642570736
-28.775667166424178 141.01567250178894
-51.873555560323695 60.62776744999534
-37.93872286533724 -19.07308486209206
-45.36263346113452 -24.25839046146463
-47.958461486192746 -3.783262271848102
-47.69834611117872 -4.711083016309551
-18.994084255342386 491.532524426259
-58.64965399946223 235.63794687851953
-49.57636157779825 19.80372354367273
-49.1391119904131 12.836277238719774
-51.71770227816124 53.63575885693443
-41.89115089562624 -39.44169578671823
-28.620885667827036 141.94356947696036
-49.55053623004572 20.247999434013447
-41.00107661695837 -30.64471005448165
-46.830399687654634 -13.524780136308888
-49.559294909368276 19.659948159428865
-44.088752419509674 -37.3930918092787
-49.20911717605995 16.65443901819239
-46.33305311644466 -18.990742818723263
-47.85668726870903 -1.1610818662992308
-30.31247070011364 99.82192810611332
-45.53013234834183 -25.8987260685779
-45.29882116473954 -27.662630264159574
-50.14333999263817 29.545938906528853
-39.69101657718509 -28.79782987745619
-50.339359024651706 30.767216190413507
-45.2632915474628 -25.351196785887446
-61.79432839017588 352.7291170101062
-52.842835279022836 84.22742925181787
-51.29193985033767 52.70808627940907
-29.938862365309898 109.48315416414565
-40.31111892082695 -33.81224405983996
-40.5478072360559 -30.320941441171534
-33.252153761282806 41.51576040473289
-44.38675809702066 -34.64305010910137
-49.37957336198178 21.140733061325392
