-47.058830847725304 -13.48225123694845
-46.734361955893526 -13.216528062881315
-48.112479289297966 1.5887873133223458
-39.05182306974157 -27.306986696703277
-48.20767238585053 2.177584082033377
-46.83958510723413 -13.621411709874035
-46.06174733172176 -20.912281200848476
-48.04405605779976 -2.9501028048785685
-42.00699496617203 -38.325827181081536
-49.95208938061858 23.911715209243816
-48.83582363345231 7.509391514664898
-47.26555480862962 -9.115753336833993
-46.90321329490834 -12.709015954221593
-39.983877788911826 -30.866692671456093
-46.57784719507224 -17.159200045111067
-46.93993903690628 -12.27888541106068
-47.370098217651204 -8.502948075435954
-45.09730793503333 -28.050118897578777
-45.91887731857905 -22.118215990006654
-46.21786147584246 -20.13068420662836
-40.08252698097673 -33.931772470804866
-54.14838784957091 110.40085949229805
-37.21397643983128 -15.455101509962418
-45.965048885047906 -20.216545172944315
-31.906575041591037 65.12843639419171
-47.68769681087696 -4.478775368795192
-48.000989695955866 -1.7250290005138584
-46.065905276513064 -18.38468728532913
-42.13110367147776 -36.282425750869955
-42.052408750092646 -37.549286617487354
-48.775541623116055 11.865552150995313
-47.88382399145279 -1.8268760284221557
-46.55045673821798 -17.649064822528015
-46.1370069926254 -19.469120946227953
-48.27576296814287 2.4382680231313625
-50.438671751254404 36.09342241565663
-48.84724194719497 8.606509463397579
-47.20795898832853 -9.685724030786542
-45.75547822581568 -24.21523323600821
-46.29170063452433 -20.868126847370966
-46.327642473046964 -19.554419521123084
-38.88632076642976 -24.9876210332638
-47.39748867450546 -8.013083298019007
-46.80258653857107 -12.122306025439633
-49.065106576687995 13.28741055004043
-47.65143491511115 -5.262676196981964
-35.65510474988885 3.0697622510352147
-51.55868267016235 51.971610446276685
-48.12901286376881 0.08524000879586602
-48.29889094727061 2.2138318846401894
-47.82818710197865 -2.261394617298418
-49.60669548354166 17.736154900943546
-36.56284012953738 -6.305331294564169
-43.029322670483985 -32.93434050283351
-40.482537891219025 -34.882966143370766
-38.90155564265396 -27.017622498035188
-55.04085071464494 128.82386459022132
-45.393897003477676 -23.13104417856581
-32.47123066748804 54.56220001947062
-35.791940871275244 4.313366272500728
-48.154687521721286 0.20446024963714748
-50.632929743282666 37.5830885820651
-40.34535787586793 -32.50271642570736
-49.021734375588665 11.28221701459882
-49.2161787435509 14.786433384533593
-37.93872286533724 -19.07308486209206
-38.35212383238355 -24.25839046146463
-47.958461486192746 -3.783262271848102
-47.69834611117872 -4.711083016309551
-47.265554808629616 -9.115753336833993
-47.18385749941419 -12.292903175229892
-49.57636157779825 19.80372354367273
-49.1391119904131 12.836277238719774
-51.71770227816124 53.63575885693443
-38.4249165248623 -23.850634426751487
-28.620885667827036 141.94356947696036
-49.55053623004572 20.247999434013447
-42.18744774054781 -37.68319582739742
-46.830399687654634 -13.524780136308888
-49.559294909368276 19.659948159428865
-47.53844532383233 -7.497232563021027
-49.20911717605995 16.65443901819239
-46.55672744488185 -16.011988179239914
-49.08426047301313 14.473883490835538
-30.31247070011364 99.82192810611332
-48.59613369450896 7.281290932426705
-47.00087628336061 -11.276785622953236
-50.14333999263817 29.545938906528853
-39.274776915984496 -28.79782987745619
-50.339359024651706 30.767216190413507
-46.86675538420309 -12.865747090093304
-48.106527610749296 -0.2079490988408601
-46.844024419654346 -10.293446250584292
-49.16128824494865 14.498301041780955
-29.938862365309898 109.48315416414565
-40.31111892082695 -33.81224405983996
-44.6949139588027 -30.165339951584684
-48.68685183992838 7.19902156666533
-43.497712077352844 -34.64305010910137
-49.37957336198178 21.140733061325392
