# FVC 2D Coordinates
13.1511 105.5354
10.3606 36.2374
08.7607 37.0865
14.4942 113.2246
12.8603 87.5436
09.9167 42.8574
11.7673 59.2822
10.8368 41.6257
12.7320 94.2245
13.9699 67.9594
10.2292 45.4342
09.8947 42.7952
06.5632 18.5566
13.3150 79.2071
11.3319 49.7028
08.9301 30.8292
13.3407 84.5970
14.7546 73.9738
10.5129 49.5567
09.9628 56.9057
12.4269 86.7333
11.3043 58.1536
09.8077 43.6289
10.0863 55.6075
10.0707 37.1782
09.4588 47.8889
10.6916 47.0108
07.5158 24.9620
14.2767 98.0761
14.3682 73.0386
13.4960 64.7522
07.6427 31.3980
12.9743 77.8227
14.3260 96.0492
08.8690 44.1810
13.7408 103.8350
14.8208 120.5463
10.9880 59.3787
12.8648 77.1489
14.0767 101.7734
14.5050 79.6768
12.6378 66.9983
07.8302 27.9531
12.0268 69.8162
10.3021 48.5453
05.7546 12.2576
14.5312 114.8100
06.1825 17.3381
11.8477 71.1358
13.0796 104.2367
12.7320 77.7958
09.5675 44.6950
13.1161 69.5224
08.5145 30.2388
13.7165 64.5505
14.9340 135.7679
09.0626 41.1802
13.2673 59.5681
10.4421 38.2838
14.9472 137.8073
14.8191 89.9234
13.1679 104.8118
07.9974 33.9468
15.2499 112.7856
08.6175 37.4959
11.1055 61.2347
06.8888 20.5076
15.2124 92.3768
13.8455 107.8045
13.3870 64.8330
11.7539 51.3951
13.8847 105.4744
10.0321 36.0423
14.2810 110.1716
13.4862 66.3617
12.5481 59.1096
15.0336 94.7923
07.0286 25.1955
09.7702 49.4072
12.6195 57.7147
11.1494 57.2478
10.8597 50.3299
08.7072 29.8161
13.6482 97.2581
11.0497 62.9845
13.5836 61.6622
13.9711 95.5223
09.3580 32.1601
12.5950 80.7535
12.2289 67.4092
12.9762 75.6117
14.2198 86.2313
08.7970 33.9640
11.5345 73.8550
12.5740 52.8344
13.6434 92.9638
14.8515 114.6868
07.4759 28.0199
12.4141 53.6282
13.4939 65.3402
09.4207 38.1981
12.1396 67.1414
09.5223 32.7124
09.7366 51.5683
14.7678 102.4944
05.3989 12.1298
09.6567 34.6231
11.8761 67.8457
13.5368 66.2073
13.4468 95.0543
06.4095 17.6539
10.9577 42.4274
10.5667 48.2818
14.5164 79.8855
13.6837 69.5784
10.9998 54.3155
11.5414 56.1977
14.1386 81.6740
09.0941 33.0005
09.0911 42.8385
14.9730 84.4622
14.3187 98.5234
12.2840 51.6558
10.6315 57.8150
14.2385 88.2336
15.1760 117.5737
06.9685 17.6430
15.2735 82.1269
11.2437 71.5343
13.1759 69.0730
10.0074 41.4372
14.5163 78.6365
14.6665 131.3567
13.7252 69.1097
09.0176 41.7100
14.7891 112.1994
14.1711 93.8839
15.2625 100.6984
11.2653 66.4933
09.2798 47.4316
13.0487 86.3407
07.4413 25.4653
06.6401 22.1010
13.9242 72.1103
14.8225 111.9419
07.9550 30.1174
11.4468 75.3572
10.7676 56.4846
10.2136 39.7929
08.4737 28.3460
14.4488 117.1883
11.4872 79.1511
14.1701 113.5746
05.9640 13.6300
11.8766 63.5165
10.1354 47.6835
14.7109 108.4254
07.3510 18.8194
06.4044 16.0166
11.8846 50.5839
11.2393 43.2304
10.7034 61.9589
05.4690 12.0372
14.0180 83.5197
14.6916 109.1493
12.1140 85.8796
06.5721 18.4765
14.3161 77.2310
11.4354 48.2553
15.0553 107.3611
06.8162 19.7877
11.6746 56.3593
13.8157 70.7825
14.1489 69.7660
10.8943 61.0880
11.3632 52.6487
12.2908 67.3514
15.4123 140.6911
13.6089 63.2779
09.5579 36.7404
14.7146 85.8556
09.6893 37.1532
13.9193 67.2312
10.8125 67.2538
10.0886 56.1893
10.6226 59.1726
07.1854 25.6579
10.1087 53.6138
11.1011 53.3224
11.1492 55.0164
13.2659 70.8480
13.7390 65.3229
12.5919 71.4886
12.2795 75.7698
13.8353 98.4905
14.6033 78.3839
06.2333 16.4330
09.7170 33.6494
14.6576 75.2271
12.2749 81.6313
14.7489 73.4165
08.7783 30.5255
12.9052 68.2899
13.0030 61.4691
12.4201 64.2709
08.0005 30.3507
15.0642 89.4104
14.0208 113.1659
14.7878 79.5952
12.8831 58.1013
14.1003 82.3072
09.6458 39.1593
14.9615 127.5991
14.9847 77.5239
13.9899 80.4225
07.3750 26.7380
14.0105 79.6114
14.8631 74.3363
08.9225 32.5739
14.8791 95.2671
13.6920 69.7891
10.4091 50.9162
09.7376 33.2088
10.4935 38.8884
06.1972 15.3384
10.8690 58.4519
12.6533 56.8986
08.7336 42.3302
09.5696 42.3881
12.7942 92.9499
11.1254 69.9250
11.5836 48.1558
14.2985 96.2816
08.0311 28.6694
10.8763 47.9166
14.7162 123.1938
08.7949 33.4073
09.0304 33.0008
11.0888 70.5705
11.9584 62.7726
13.9918 74.5007
12.8392 81.5794
11.1900 47.2583
10.2136 36.3833
13.5258 70.3730
11.4527 70.9716
09.2181 31.6283
12.1317 87.8745
08.0226 24.6483
08.4513 33.0331
15.2407 85.7256
12.8729 82.8318
12.3871 73.4434
09.6318 49.9164
11.8848 49.8162
13.3450 63.1576
07.6251 21.3600
11.9825 60.5322
12.5105 65.2502
11.2919 68.4230
10.3309 60.3383
10.7888 40.0125
14.4613 90.5549
14.6898 92.7596
12.9429 71.1076
12.8575 57.6093
14.4551 116.5854
08.8075 42.0242
14.6476 73.1684
15.3689 122.8037
13.8002 86.3210
14.8009 72.4147
14.5873 92.7097
05.9033 16.2627
09.4858 46.5639
14.7783 80.9986
12.6061 80.1053
11.8405 65.9093
08.3134 26.6619
09.9072 57.1145
12.3003 55.5848
09.4567 34.3052
14.6135 84.7968
06.3416 17.6007
14.0574 92.3254
14.1806 79.9053
11.0936 55.7745
15.1264 80.2582
12.8151 71.8399
11.2109 60.4442
10.6159 56.5491
12.0764 78.2517
11.9087 84.2104
15.3991 106.0437
13.5067 75.3669
08.1229 28.8708
11.9902 85.1327
09.9695 44.0801
14.7553 76.4583
11.9886 61.1139
08.7624 38.1881
12.3936 55.8883
13.4647 75.5336
12.9755 62.3378
13.9032 82.6050
13.7275 65.1997
10.1916 40.8658
11.6235 46.8506
13.1716 72.7668
08.1135 35.0120
11.0984 72.6154
09.8257 44.9669
12.6667 93.4794
13.6499 70.9048
13.0183 76.0549
12.6217 77.6566
10.3950 41.1743
08.7436 33.1382
08.4810 35.9793
15.0326 81.3056
11.5880 68.4934
10.8336 47.9787
12.4142 72.9983
08.8456 41.9582
12.1529 76.5742
11.9197 62.1880
12.8482 94.0575
14.8596 81.0550
14.1894 123.4354
13.5272 64.8830
14.4228 115.2656
10.8386 45.5065
09.2017 33.2107
13.2750 71.6724
14.2558 93.7178
10.0695 43.7119
13.9842 116.2345
12.5181 78.3576
13.9986 79.9295
13.6565 86.8502
08.9284 31.8127
13.9243 67.1979
07.5853 26.3678
12.1969 53.0460
11.2357 68.2312
11.5663 78.7013
14.5467 80.4980
12.8766 55.3551
07.5603 28.6486
09.5118 39.8543
13.7228 113.0555
09.1466 39.4473
13.3746 80.3188
10.5125 47.3039
13.6277 61.6816
08.6830 35.1283
07.3698 22.4359
15.0558 98.8319
07.8130 27.3512
14.0268 100.2779
12.4468 71.2220
14.5689 112.2921
12.6181 62.4331
12.4521 53.4110
06.5153 16.7014
08.9604 30.8955
12.4294 66.5259
10.3748 63.3337
12.2476 76.9240
13.9009 72.4077
09.7916 46.4847
07.9089 21.1775
15.1305 85.9813
09.9501 38.9261
14.5478 127.2205
07.2023 22.6302
12.2836 52.7747
12.9560 72.7654
10.7904 45.5254
11.8558 79.3455
12.9984 59.2371
12.6285 82.5226
15.0783 81.4457
09.6840 44.5754
14.5811 72.0895
12.5009 65.1556
13.6093 91.1959
11.8986 77.4105
06.1117 14.7355
11.4994 66.1961
11.9493 84.9002
12.3473 77.4572
15.0220 75.4226
14.0594 90.6192
12.9711 101.5428
07.6973 28.1156
08.6826 32.9840
14.2043 81.7037
11.7588 66.4263
10.4258 37.0761
14.0026 112.5002
11.4288 77.2523
11.1462 58.1746
14.4609 85.1173
11.8842 60.5163
14.8035 82.1818
10.9533 70.4265
08.8026 40.8746
11.4422 67.2987
07.7342 24.8173
10.3162 38.5713
12.4280 71.7507
15.1672 80.4692
14.2164 70.3854
15.1254 137.8135
14.9109 119.9467
10.4851 57.2980
14.4987 70.2929
10.1962 36.3484
13.9259 78.2623
14.1362 67.4779
14.5402 101.9833
13.5442 86.7304
08.7177 30.2910
10.5363 39.6830
09.5319 40.1171
11.1466 73.7826
14.5006 93.8521
10.4129 41.9191
14.4842 125.9188
13.5877 85.9735
08.3755 28.2901
13.8713 68.7456
07.6260 26.5367
13.4270 89.8333
14.1188 118.0424
11.0630 61.4570
13.6729 71.3010
12.3998 59.1034
11.5341 65.8426
08.0451 26.7970
14.7868 77.9833
08.3874 32.1045
14.4604 99.8706
13.8537 101.4060
09.8433 46.8813
10.7490 46.8520
13.7520 70.5679
11.6382 58.2870
11.9985 66.1833
12.8146 57.6456
09.6452 48.1385
09.1265 29.6452
10.3742 43.9052
12.2522 80.0675
10.8245 42.5134
09.6525 44.4502
12.4869 61.4191
11.0961 43.0318
09.1453 29.4210
08.4859 36.9595
11.2090 44.7185
14.1671 85.5563
09.6741 33.9001
11.7604 69.4884
10.4956 48.8480
10.3591 39.4065
13.7386 85.0010
10.6780 64.4369
14.4293 92.7297
06.2777 18.7477
13.3869 86.9251
14.2601 92.3624
09.2483 44.5227
05.7278 14.8124
13.0196 63.6635
08.6259 26.9651
13.9542 80.2563
11.7307 54.3982
10.7508 56.9690
15.4249 103.9010
12.7172 65.6354
10.0120 43.1862
13.2060 82.3156
10.4663 47.7020
09.1274 40.0358
09.0574 32.4322
12.8569 81.2095
13.0783 100.2178
13.8063 91.1884
08.0731 22.9585
12.5578 74.8196
14.3065 84.0206
13.9704 71.7651
13.3170 64.3050
14.3286 124.2511
12.4446 54.3336
05.3493 12.1827
11.1104 51.3968
15.1504 128.2077
10.7630 65.3647
14.7711 125.5818
10.5790 43.0716
13.8078 64.1176
11.4828 60.7142
11.8585 57.0969
09.0852 40.0379
14.4323 101.0501
14.2353 105.8838
14.3846 70.6650
12.0882 56.0171
14.3943 95.9969
12.7097 61.3743
12.6825 74.8377
15.0298 82.5917
08.0687 22.6139
13.9452 81.7371
08.4979 25.4159
11.7409 49.0744
10.4812 47.5503
11.1827 70.4332
08.4052 38.2784
14.5528 81.7305
13.4677 76.3847
14.3962 73.3722
11.7921 51.8548
15.3682 104.0716
15.2479 97.6350
06.9922 19.8643
10.4228 61.9719
13.1465 58.3584
12.0898 66.3446
14.8718 77.5259
15.2661 87.5053
11.3605 62.1011
12.9022 83.4883
14.7011 80.3443
10.9642 61.5148
12.8911 58.0880
07.0795 21.5476
14.8085 105.0867
11.0804 47.2897
09.8713 37.7854
12.7307 66.0054
11.9950 60.2095
10.0516 37.2278
11.4964 44.0878
13.3751 62.2676
10.4905 61.2491
14.8023 94.3542
14.1883 122.4465
12.2721 80.6457
10.5594 47.2950
08.6891 40.5319
14.6206 115.2130
07.8106 26.2778
10.5415 48.9405
07.1313 18.1844
14.7761 91.4377
09.1237 31.0125
12.5808 75.5537
10.6082 39.5357
14.8421 107.0579
13.4026 103.3683
10.7022 55.0286
11.6627 51.1643
13.4736 71.5832
08.7265 29.7767
14.6843 115.4220
12.1669 80.8360
09.1175 36.8029
07.7391 27.2042
12.0833 66.3429
13.8585 74.4881
12.1152 55.4787
10.5664 37.2990
10.0907 40.1430
08.3709 36.8266
14.6091 116.2791
07.0768 21.3291
14.4502 77.1465
12.7858 66.1418
15.0168 96.1159
07.6902 27.2746
12.7422 83.0741
09.8117 39.3606
13.1926 84.4760
13.5244 81.6315
09.1471 40.8314
14.7464 124.3543
11.5400 46.8728
09.2781 41.4239
08.0459 30.9023
13.4904 94.1933
12.9663 85.6095
08.3363 28.0111
13.9598 78.6222
08.6252 30.0433
08.5800 34.5071
13.4681 68.4761
13.8830 72.1724
09.2826 30.9298
11.0120 63.2134
11.7965 51.1819
11.6083 61.9894
13.5235 81.9602
13.3661 81.2846
09.8106 51.4660
05.8571 14.7746
11.3130 62.5619
13.7734 73.5624
09.9890 44.1929
11.2367 67.7052
14.7758 123.3703
11.5703 74.6942
13.5501 78.2826
14.6302 83.5930
10.2356 37.6320
14.9784 110.2353
12.1501 85.1603
09.4733 47.8881
14.1312 76.4742
09.4850 32.7086
09.0797 29.7905
15.1800 79.1376
10.1546 58.8738
14.5933 82.4338
13.8994 77.9342
09.8596 55.9059
10.5210 63.3444
12.3439 55.2302
14.8041 98.9485
14.8478 83.8351
14.5523 109.5445
14.8469 79.1000
10.7996 51.4338
12.1147 76.3558
10.4415 51.4602
12.8155 68.4467
15.3121 141.6564
13.0042 100.9472
14.0250 102.9756
14.0440 88.6398
06.5289 17.7063
13.9378 69.4825
13.8248 88.7824
12.3617 79.6227
15.1509 121.2592
07.7194 25.3364
08.0091 22.9952
11.2976 56.9449
11.6361 76.5169
11.5111 72.3540
10.1550 41.1290
13.5001 79.7081
12.5006 86.7234
14.2154 107.6745
14.0570 71.8398
14.1380 73.7309
07.9492 31.7794
08.8402 33.5313
12.0939 56.5775
08.9269 41.1357
12.3052 54.5246
13.9990 88.8398
13.1099 68.5712
13.1457 95.8406
13.1014 99.5253
07.4045 22.2677
12.1130 53.6357
13.2248 64.5587
09.3910 32.0755
10.5715 42.3651
10.6422 49.0773
10.6839 41.5807
12.0209 84.9761
15.2941 141.8716
08.5970 29.3573
13.4649 72.5904
06.0005 15.6931
12.3878 54.8999
14.0332 83.2870
06.3914 17.5956
12.5152 84.0408
08.7471 29.1320
08.8690 31.4230
09.6391 44.6786
12.9418 83.5528
09.0163 32.2919
09.3252 42.6863
07.8615 25.5894
14.0128 79.1354
09.1243 31.5639
14.7205 114.6539
12.2536 83.0458
09.5883 31.0686
11.3250 50.8573
13.8987 69.6093
07.7500 23.1298
09.6402 53.5396
14.9342 97.7756
10.9130 68.9250
12.4411 56.9648
08.9929 37.4076
13.0148 60.8156
12.2972 69.1867
11.3247 43.5895
12.0313 72.8802
06.5565 19.8213
14.7284 102.2231
13.1416 93.6369
06.8105 21.5467
10.7396 39.4211
14.3287 82.6190
10.3830 49.8172
11.1209 43.7064
10.1810 45.1288
12.4679 77.2131
13.5164 69.0762
14.5100 76.9186
13.8985 106.5123
13.9945 81.5392
12.9301 64.2170
10.9967 47.0276
14.4730 80.3007
15.0552 93.0888
14.0986 67.7991
11.6570 55.6652
12.2573 53.7859
15.3470 103.3594
11.4866 73.2644
13.7355 75.5546
06.2671 16.9334
11.1121 46.2779
12.5210 53.6280
14.6414 73.9442
15.0756 75.0454
07.6598 20.8332
06.4632 20.1858
14.4675 71.9359
12.5176 60.6266
09.1230 37.9885
13.0812 65.9463
10.2229 40.4790
13.7250 98.8726
13.2523 77.4487
14.2668 94.0043
14.5949 113.4477
13.7782 100.7654
10.5915 47.5103
11.7470 63.1815
12.3053 84.7841
14.9476 74.3579
10.8048 44.3661
14.8459 133.4309
12.3272 87.9662
12.4409 54.2397
12.5386 57.0707
11.0466 45.3707
14.1522 119.6309
12.5079 80.2129
13.3951 78.7448
11.5957 48.8340
12.5740 77.3939
14.8038 88.4096
15.0500 83.5626
09.7012 34.8952
13.9057 95.0432
14.1874 122.6873
12.0944 87.6359
14.1838 110.4253
13.4841 71.9593
08.7693 41.5229
13.9544 82.7844
06.8695 23.1350
13.5418 68.8681
05.9668 13.7960
15.0228 83.7207
10.8548 43.0272
15.1411 80.1285
11.9097 83.0562
14.0265 77.0911
08.9741 30.6293
13.9572 81.0066
14.7080 124.8623
13.1882 62.6885
14.6705 79.6199
09.7226 44.6136
05.7161 11.6118
15.4181 132.9076
13.4446 100.7464
07.9644 24.5078
08.7135 41.8174
12.5845 75.8187
14.1401 108.1112
12.7696 56.2005
13.8308 102.5305
08.8186 39.1492
13.9363 117.9821
10.4188 45.7646
14.7149 84.4786
10.5583 43.4716
15.0187 115.7278
09.2845 41.1122
11.9504 50.5455
13.9909 74.6124
10.3620 41.2781
08.9554 33.0205
12.9784 83.1839
12.8733 65.8524
10.7339 65.4733
13.7886 115.7300
08.8259 34.8890
12.9335 82.6652
14.8114 114.4581
07.1577 25.7162
14.4063 79.0836
14.5676 85.1406
09.6905 37.5009
14.2011 122.3953
05.2083 10.8596
09.4764 47.6597
13.3680 61.3041
10.5536 43.6261
11.6052 57.9037
12.2720 52.3925
13.0339 76.8915
12.3040 61.6440
14.5290 101.5694
08.1182 36.0101
14.2427 91.8004
08.3569 33.2325
14.7152 75.4707
13.1460 88.4463
11.0008 67.8581
10.8619 42.0199
09.0488 32.9609
13.6877 64.5455
13.2354 104.6841
12.1730 77.3269
14.2861 85.0378
06.1481 15.5355
13.2457 62.6545
14.6930 79.8570
07.9717 29.6017
11.1913 55.0002
07.0262 25.1696
15.1632 116.5883
12.7470 56.9754
07.6072 26.5091
09.6817 44.3070
07.5406 28.1777
14.2930 71.9429
13.3220 94.1347
14.1531 98.6699
13.5173 76.6503
11.9913 59.0875
15.3432 87.0737
13.1044 99.4087
05.7761 14.7792
08.1215 28.2765
13.4825 108.9699
12.3356 57.6811
15.1318 80.8982
07.9324 30.2866
07.3173 23.5736
11.5750 70.6280
07.3243 20.0891
08.8109 34.6897
06.9888 18.9684
10.9411 62.4653
14.9817 78.8350
06.5103 20.1403
12.8236 99.4872
12.0075 55.4271
10.3986 46.5115
09.4639 44.3588
12.5410 74.7126
14.6450 103.6853
05.1875 10.3229
14.4391 76.1827
14.8077 83.8787
15.3591 103.0711
14.3869 113.1796
14.2253 84.0868
12.5480 57.4991
14.7796 93.8722
08.6673 29.7293
10.3243 42.2172
11.7071 51.7749
13.8320 66.1941
10.4725 47.5759
14.0152 69.7690
13.8614 84.3456
12.4229 51.1332
13.2840 74.8181
13.5217 85.7535
14.3103 75.0129
12.7214 87.7913
14.0641 79.8920
07.2892 23.1165
07.9645 24.1615
14.6795 73.9425
08.5221 38.3332
12.5391 90.2478
11.9066 80.9931
14.6098 71.4602
13.7882 91.4763
08.4347 29.8542
10.7812 47.4785
14.9695 80.3868
12.7502 68.7444
14.2415 106.1268
09.3280 32.1811
10.6386 64.6617
14.0308 71.0151
10.2533 51.7060
12.2760 73.3931
14.3854 101.9662
14.3228 82.8994
09.9022 52.4367
07.1138 23.7135
13.5112 68.9921
14.6923 88.3940
14.3100 76.1269
12.3189 59.7250
06.7983 19.5704
14.8790 113.2450
12.9827 99.1951
13.9016 93.4851
09.2816 33.8272
13.4217 79.0117
11.7752 60.6038
10.5735 56.7008
12.3802 86.9493
11.1069 58.3721
13.5056 98.0472
14.7857 118.6001
11.8589 81.0780
13.9438 79.7666
10.2148 52.7309
07.7339 26.4029
14.1106 68.5269
12.4728 83.4881
13.7824 72.0124
15.2910 126.4459
10.5930 43.6242
10.5993 40.7214
15.4205 103.4977
07.5336 26.0208
11.0258 42.9994
14.1579 74.8447
12.0689 57.5671
11.6484 76.1745
09.3454 30.9464
12.4588 55.8360
14.6582 124.0048
13.1853 95.4678
11.9742 49.5814
09.4023 39.5846
10.7275 65.0376
14.5262 94.2459
12.1714 85.0957
05.2237 09.8668
06.7014 16.9759
11.4597 63.9995
10.6333 43.9273
12.3636 85.4824
09.7873 50.5214
12.4767 61.9814
10.9615 58.0593
09.1861 31.0776
12.0416 75.8244
12.8968 59.4723
09.4477 32.5258
08.4433 36.1551
11.9415 79.6273
08.1829 25.2301
13.0298 98.7564
11.4308 55.4411
14.7261 88.8803
14.6279 84.0917
13.3883 71.4006
11.6515 80.1252
13.7180 97.0459
05.7969 12.3547
13.9734 109.9955
12.5183 63.2822
12.2928 59.7232
13.6885 78.9735
11.1226 50.9667
13.6923 71.9747
12.6095 58.8389
10.8622 64.9423
07.0689 22.0803
14.9037 136.1116
12.2170 61.3821
11.6117 49.2651
12.3195 68.0311
13.5723 77.8366
10.7634 67.5154
12.9707 59.1976
10.0159 45.2597
12.3625 88.8935
14.2353 98.2784
14.0651 118.3022
14.3686 114.6669
13.3924 72.7220
09.1170 40.5286
08.8904 42.9130
12.0092 85.7260
14.2497 95.0945
11.2284 44.5189
11.1900 54.3385
09.4957 39.7348
09.9905 36.0935
14.6908 106.3777
11.0073 41.9603
10.5324 43.2760
09.5008 46.3437
11.6580 69.6012
14.1921 114.0602
09.6928 40.8254
14.7181 103.9669
09.8906 34.5731
06.5171 18.8671
09.1659 34.4705
13.7524 66.4420
13.3869 99.6441
12.9036 68.1250
14.7684 73.0058
11.0421 50.2851
11.8479 63.1800
09.6464 44.5138
10.7178 61.4472
12.0796 59.9575
07.4474 21.8807
14.5337 79.5305
12.7509 54.8545
06.0536 14.4126
12.9073 88.0002
14.5983 116.5907
09.7935 36.0000
09.9025 46.0293
12.8227 63.5732
10.9785 53.2149
12.2200 85.9046
12.0224 59.1659
12.6978 75.7240
13.2205 101.1687
12.8581 73.8782
14.1803 89.6041
14.2178 98.4861
08.2751 27.5637
10.8928 39.8278
06.7875 17.2753
11.7251 60.6957
14.1144 90.5560
09.0676 35.4277
14.3472 92.4509
11.7488 59.3123
14.9891 118.1330
11.4163 54.1305
06.2374 17.4384
11.9597 80.9195
14.4643 88.2859
08.8285 30.9340
09.2890 40.6221
08.8106 41.6088
14.3656 120.9199
13.1642 67.8596
11.9281 53.2836
12.7627 56.5376
13.1409 71.9866
11.5210 50.1811
15.1877 84.9223
13.5420 102.7398
13.3022 60.6062
15.0267 85.8808
10.9778 42.6908
12.7738 75.5278
14.5815 83.7140
11.3629 55.3666
11.6527 52.8849
14.8102 95.5204
14.6482 125.0953
15.1878 123.4743
07.5227 28.9118
10.0384 40.4523
13.8067 89.6700
12.8698 72.2023
12.7961 54.7639
06.4572 17.4851
13.0005 64.9937
15.2795 92.2100
13.1810 62.1812
13.5581 88.0789
07.7006 25.8841
14.4662 73.8353
14.2174 98.3770
10.4060 57.7114
12.7658 88.1016
09.1296 42.6389
13.0982 71.9764
14.8263 113.7747
14.9503 111.0740
11.7981 52.3599
08.8650 36.0086
14.0649 90.5932
13.8853 92.0438
06.6651 18.2071
15.2499 120.2563
12.2766 66.6802
11.5539 45.2039
13.2289 58.7676
11.9676 68.1283
09.2555 32.1899
11.6542 53.3111
12.4692 91.1377
11.1049 57.9913
13.6536 66.7822
14.9202 93.2199
10.7094 60.6970
08.0776 30.5535
11.6306 49.7809
14.2494 99.5058
08.8259 36.9193
15.2095 124.8635
06.9817 19.5205
14.1416 118.7568
10.3309 37.8987
13.2278 94.7931
13.5476 89.8681
11.3759 56.0729
11.5568 49.3118
08.3954 30.3684
10.1638 39.9798
10.1573 37.3192
08.7848 26.9393
07.4186 19.5884
12.7922 61.2406
12.4216 58.3148
13.8052 64.8790
12.0079 67.1278
09.5484 46.8950
14.2774 73.9630
11.5786 47.2795
13.5188 112.3570
12.6746 76.2355
12.6117 64.9120
06.6340 17.9163
12.7815 75.5600
07.3193 21.9465
10.2740 38.2587
11.9886 53.9819
14.7819 133.2789
09.8862 35.2228
13.2151 67.3817
10.1033 37.5212
13.7667 64.1030
12.4526 85.7946
12.2717 56.6041
14.7233 122.1133
10.4443 43.4628
12.1410 70.0444
11.5580 68.8089
14.4548 107.9505
14.2327 117.5063
07.1015 18.7960
08.6476 41.3001
12.9830 63.7461
08.7965 35.4119
11.4241 59.7896
12.2983 76.5349
15.4244 92.4362
13.3932 70.7792
15.2883 112.2569
11.4391 58.4036
12.3036 68.8265
12.6294 91.3177
11.1692 52.0050
12.7711 68.4880
14.7416 89.1886
07.4861 29.1732
15.1609 124.4107
11.3071 64.3864
09.8555 53.0816
10.4282 48.6607
15.1972 111.1522
13.3485 84.6032
13.2753 93.9729
14.0966 77.0305
11.4361 77.4757
14.8707 134.4215
10.2311 56.4297
12.2657 69.2289
13.2693 67.4595
13.8297 94.4585
15.3378 80.6748
11.7690 51.9410
13.6264 107.4229
12.8303 70.1747
09.3709 38.6060
10.9038 69.5455
14.8272 96.8228
09.3186 41.2767
13.1149 60.6830
14.4013 98.8000
14.7624 72.6941
09.5363 45.2650
13.6591 70.9132
13.6504 97.5891
06.6731 18.5544
11.5452 53.1243
15.2005 82.8107
14.6270 111.5829
05.3964 12.5601
13.6581 103.8212
12.8503 63.7131
14.3872 104.3022
14.8200 82.6715
11.5074 56.5146
08.8502 40.0601
12.3736 85.8821
08.0761 31.7577
07.8944 23.1763
12.1598 54.9984
15.2547 86.9220
15.3359 94.4972
09.8373 47.3115
11.0967 69.2591
11.3289 45.5133
14.8076 94.4885
10.4541 55.1111
11.0535 51.1503
15.2565 85.8928
12.0420 70.6727
14.8215 124.1007
13.3623 68.1351
13.0874 79.8405
13.8776 69.7076
14.0998 118.8388
11.4724 58.1614
13.5973 68.8655
14.7739 108.1009
05.8081 11.8265
13.4307 75.9611
10.2517 57.4198
13.5234 77.5826
14.5257 90.4567
11.4721 69.2184
09.2203 40.4745
13.1897 77.3789
12.0590 60.2463
14.2434 117.6098
14.8759 128.8431
13.7398 104.8147
12.2339 54.4425
13.5717 92.4782
11.9057 64.1089
14.1109 122.2981
14.0995 92.9877
11.5548 47.5217
11.4583 66.8588
14.4978 99.8695
14.8745 84.0967
11.3725 72.3349
09.1903 44.9693
10.5193 42.2892
15.4146 78.6027
12.1301 72.3019
12.5476 83.6039
11.9530 52.2873
09.3264 42.1479
13.8476 84.6149
13.0335 66.2131
07.7588 24.9728
12.8134 70.9437
08.8775 43.1009
13.5721 62.4761
12.1478 85.6096
12.6384 63.5009
15.3441 103.7609
09.0193 44.3345
08.3536 23.7943
13.5314 67.4647
10.4005 51.5508
13.1928 86.5842
12.5106 92.9355
12.3562 68.9305
12.3630 51.5416
09.7477 44.4640
12.8297 61.7168
08.7614 37.5550
15.3167 103.4748
13.1891 89.5370
10.9428 52.1704
09.3870 44.4322
07.0511 21.9817
12.6041 75.9055
15.2299 82.9038
14.3326 110.2683
08.7405 28.2811
08.0737 27.8315
10.4092 49.5959
14.9266 73.8063
14.8884 107.7216
14.1933 76.2690
11.3744 60.0433
15.3381 78.2290
11.7518 54.4471
12.6566 55.3296
10.4231 44.7105
11.4130 70.3033
06.2154 17.5123
06.3062 18.1607
08.0745 34.9905
10.6434 48.4774
13.0827 66.8021
09.4349 49.0958
10.0887 37.7226
09.3067 41.5031
11.8442 46.4049
15.1018 112.4681
09.4977 32.1026
08.7934 42.1069
11.3634 52.8235
13.1652 84.7506
14.6583 90.1918
10.7477 50.4972
11.9136 48.5990
14.3858 82.1833
06.0006 13.4984
11.1610 43.1925
13.3762 94.7798
11.8195 59.4390
12.0974 61.1642
11.5616 59.0837
05.5286 13.0008
14.1042 96.7062
09.9203 42.1806
12.2276 62.5448
12.0451 67.0549
11.9014 63.3712
13.8166 85.5466
09.2800 30.7355
13.5769 67.8723
13.2995 77.6492
08.5524 27.7320
12.5444 73.1529
11.0049 40.7336
14.6674 85.8888
09.3515 42.5659
14.4978 122.2437
10.5897 45.9336
13.6841 64.3450
12.8145 54.2520
10.3351 42.1078
08.8550 28.7726
13.2317 61.3101
10.0050 35.4111
14.5966 76.9635
08.5125 28.0028
13.5185 103.5461
12.4358 75.1315
15.0246 93.2420
11.9968 82.6707
13.8917 113.9188
06.7144 20.0133
13.0003 80.8908
09.0868 37.9423
14.6861 97.1798
09.2458 28.8008
14.7944 101.9828
13.5223 80.3401
14.0592 96.2557
12.0229 49.4069
13.3480 80.9974
11.3918 76.1530
12.2535 82.5226
12.4189 78.2562
09.8544 45.4061
12.3152 72.5546
07.4130 28.9534
13.9321 110.0543
10.3159 55.7690
11.4626 67.4411
12.8294 86.3389
10.8652 41.4483
13.6951 71.1271
10.9560 71.2549
12.3075 67.6211
12.9759 96.7346
13.8377 86.5855
14.6060 73.9353
11.5422 55.0217
12.7264 72.0539
10.2786 35.0289
06.5076 16.8813
08.4152 38.2259
10.1990 43.0558
14.9664 87.7970
08.2987 29.3120
10.5085 38.8557
14.3242 94.1710
14.1423 68.9867
14.7200 88.0681
09.6777 31.8974
12.7627 61.4963
09.2481 32.6026
15.2667 107.7873
07.2030 26.9008
13.9108 95.2082
13.3840 62.8043
08.9161 31.7336
13.7903 64.8002
11.1575 60.7330
10.7564 64.6921
06.0138 13.0786
08.8376 26.6636
07.1729 23.6650
12.3625 54.1672
05.2651 10.7482
09.4283 47.6967
15.3756 112.8630
07.3226 21.5161
07.3975 20.8013
13.8366 101.4794
14.2038 93.0329
11.4052 45.6012
12.9395 80.1403
11.0402 56.9446
13.0304 68.4030
11.0916 63.3952
14.5422 74.0466
15.3315 87.9629
13.1529 88.8277
08.8379 30.5188
14.5803 80.1096
13.2322 106.4511
11.9711 78.4744
14.0810 97.1026
09.6276 52.9842
13.6979 103.7295
13.5016 72.1545
13.0425 87.6436
12.7830 74.9327
10.0331 33.7680
06.3044 16.0399
11.8919 69.4976
14.3242 79.2161
11.3060 42.3625
06.9658 23.9366
11.9868 61.2781
14.4563 124.8052
08.3044 35.7942
10.0765 36.6367
09.3619 33.8495
14.6346 75.3037
14.2719 91.5049
15.2600 81.8405
10.6126 37.4079
14.4803 101.2694
13.6800 100.5643
09.5146 42.6093
14.2708 76.5711
10.8406 49.2644
08.4149 35.1846
13.8592 67.0140
13.1374 58.1267
12.5363 95.5716
10.1322 38.0837
13.3943 66.2565
14.5765 111.5211
13.4171 67.3082
08.8186 39.1465
11.0720 49.1535
06.4294 18.8589
10.1253 36.0764
13.2009 90.1451
11.2102 59.8171
13.9995 67.7982
09.9624 46.1516
12.4175 55.2677
12.4374 64.9168
14.2430 115.8269
09.9887 56.2911
12.6429 95.8070
14.9078 119.2867
12.7736 73.0737
11.6136 66.2875
13.4491 109.2721
10.0413 48.2122
14.4763 86.7122
10.1777 36.4507
12.2446 65.0392
13.4444 95.1978
08.0094 24.0248
12.1006 67.5972
12.2343 78.6723
14.1108 113.1271
14.3976 75.6135
13.8081 94.3111
11.7073 60.1945
06.5893 20.6363
13.1094 98.1527
09.7588 34.3071
15.1629 94.3642
08.4387 29.4091
11.7109 47.5859
12.0029 86.3093
11.1237 58.0525
10.4649 40.7408
12.7779 67.9267
13.0259 67.8477
11.9278 51.9491
13.7331 101.5508
12.8418 57.9273
12.4432 88.3649
09.7893 44.2963
13.1359 95.1951
11.5156 47.1843
14.8501 126.1483
10.0394 38.8650
12.9799 80.7855
13.0580 56.9007
14.8540 90.4889
08.7314 36.8095
08.2725 23.3811
14.3853 110.8773
13.2834 60.2875
12.1118 78.3263
14.3667 126.6719
11.3626 45.0158
10.1949 40.8410
13.7733 69.7436
12.6046 64.4550
11.9690 83.5446
09.1516 38.2309
12.2303 59.6037
14.8085 83.2368
11.7746 52.3489
10.2736 48.7666
12.2845 84.4778
13.6216 90.9926
13.9711 101.9464
09.4527 41.7193
14.7362 72.9433
08.5252 39.7397
12.9519 60.7991
07.8380 22.8695
09.1967 47.6654
09.8676 38.4184
13.7660 65.6310
14.6981 81.1864
10.1659 39.6403
08.1308 24.5367
13.5001 70.3490
14.2110 77.6072
11.6363 47.1991
06.8537 20.5836
13.0180 60.9449
08.1960 29.8328
10.4303 45.1812
11.9304 71.3300
11.6163 55.7159
14.8338 132.0329
13.1062 97.3784
14.6844 99.9017
14.6622 74.4174
13.1930 65.9432
12.7684 60.1481
11.2442 65.2857
08.4035 26.8945
13.8816 78.1080
08.2476 27.6517
08.7651 32.9116
09.8445 44.3629
15.3416 125.8547
15.1329 95.3570
11.2496 43.7866
11.8880 52.7252
13.8602 70.2272
12.4406 63.6796
12.6052 92.2950
10.9731 40.5835
12.4224 92.0350
12.1604 50.5588
12.0640 51.0874
12.6725 87.3296
07.6207 20.7598
11.6529 52.5026
15.0219 88.4055
11.5828 47.0961
14.6352 114.0481
11.8530 53.6344
15.2848 122.7981
14.0165 69.1650
13.3574 61.8198
08.7458 30.4512
12.6671 86.7941
13.8833 66.6368
09.0425 29.7065
12.5858 65.4531
11.8519 56.5322
12.3561 54.1183
14.1308 116.0970
11.3620 44.4004
12.6334 65.0028
12.4286 74.4058
08.1518 35.9149
08.0720 30.7676
09.5441 51.1190
12.4406 52.3063
11.5350 47.6235
14.0501 90.4221
07.7587 25.5930
07.4505 21.2359
13.6122 66.8028
08.4861 33.2328
12.5071 58.0947
10.0939 51.4202
10.9857 50.4476
07.8308 30.4301
11.8504 54.9297
06.6080 16.5876
11.7518 74.8038
12.6982 94.1025
15.1282 133.1594
10.4522 46.1175
11.3758 76.8385
12.9004 75.2667
08.5569 26.1483
13.9800 110.6306
12.4230 56.5159
14.6627 75.3793
11.7022 67.0221
14.4456 116.1189
14.8543 93.3542
12.5779 53.5114
14.0372 92.8849
07.9830 24.2394
12.2767 85.4679
13.1930 61.0573
15.0741 127.6758
11.4034 55.1518
07.4007 21.8355
13.6853 100.2184
12.4430 61.3798
07.1249 21.7955
14.1583 76.6080
05.8387 14.3212
13.6235 109.1393
12.6664 95.5859
08.6843 37.9728
10.8906 56.5852
13.6822 69.7809
11.1625 51.4365
10.1579 44.8248
06.2518 13.8718
08.7159 40.0277
08.3194 31.9862
14.6072 80.1841
14.5106 124.6843
13.3011 75.7742
10.5698 48.8399
10.2859 58.0407
09.7204 33.0197
07.9138 29.5965
10.6701 57.8489
10.8309 48.9525
14.5384 111.7688
13.7069 111.3695
12.6433 92.4107
05.8968 12.8430
12.4152 71.0352
14.5425 129.3204
08.9604 27.1942
14.0123 80.9868
07.3806 24.9438
08.6856 29.6056
15.1755 94.4217
12.0209 62.4614
14.6623 115.1305
15.1603 84.5203
10.5646 42.8993
10.3863 61.0440
14.2168 68.6934
11.5766 67.0646
14.1167 87.1519
09.7990 39.9078
09.5462 41.2301
10.6814 65.5702
14.6298 129.6226
14.6502 86.9592
13.9255 80.9103
15.0524 84.0915
10.7032 56.1525
12.8285 75.8990
13.9082 96.8606
15.0059 78.9767
14.5082 93.8323
13.6340 64.7020
14.3968 81.4508
14.6032 130.7958
12.3101 78.9448
13.5133 95.0330
11.3024 45.9199
12.3469 59.3122
10.0760 54.4011
15.1617 88.6838
14.8247 76.9394
14.8672 128.2577
07.8364 31.1363
14.4834 83.9366
12.8420 96.8546
12.4141 58.2940
07.6710 23.8291
14.6890 103.9815
14.2994 110.4041
14.7426 97.3344
11.6565 81.3412
14.4777 128.2649
07.0136 23.0805
09.8955 38.2039
08.3180 26.3179
13.9503 99.2657
13.9806 69.0926
14.5414 92.2536
13.0217 78.6549
07.9150 26.6156
13.6233 105.4610
13.1017 64.6257
13.7645 110.7620
12.9884 61.3089
10.6118 64.0920
13.4114 75.3357
14.2516 71.5662
08.9348 34.9464
08.1595 35.3743
14.9939 103.1513
11.2646 49.5225
09.2101 28.8363
09.3950 39.2708
08.0624 30.9044
09.6670 47.2786
11.9713 57.1508
09.6693 37.4529
15.3439 77.4806
12.8655 100.9555
13.8260 66.2518
07.1239 24.7245
12.8147 90.2744
13.1984 76.0233
14.1825 101.5342
07.1097 18.6783
13.5775 74.5854
08.9447 40.1701
11.5553 49.4071
10.2515 55.3808
12.0665 65.3566
14.3253 93.1774
11.3145 48.6925
14.4431 108.8163
13.2292 68.2464
09.5427 52.4882
12.5017 61.8110
12.5075 93.0348
08.9584 31.8800
12.4312 67.0617
14.1836 120.5503
12.4665 83.4816
13.0200 91.4775
13.2437 99.7855
08.3102 30.7493
05.3323 10.9083
11.7962 70.4680
12.0004 77.8984
11.5710 74.6445
11.7677 49.6671
08.5096 28.9825
15.0059 89.8461
10.9924 48.8469
07.8452 29.6465
14.3025 71.1267
12.4524 65.3719
13.0961 71.3523
14.7766 90.3266
14.1912 122.1676
11.9305 61.0483
14.6585 132.0651
10.9474 70.3770
08.6056 41.1798
09.0595 30.4542
13.9019 100.3831
08.1712 26.8227
11.7373 53.1411
10.5451 46.1256
14.7112 77.4406
13.4078 65.9480
14.2772 95.3737
09.4182 49.5195
14.7190 92.9950
09.2782 36.9066
07.9249 29.4361
11.3998 50.1710
07.9555 21.3894
08.7850 39.2741
14.8376 101.8738
08.8485 34.9852
13.9526 91.9433
14.1579 74.7984
11.1511 52.2794
13.5650 102.8746
12.9123 95.6415
12.9208 68.8870
10.4060 46.3536
07.4030 22.0280
13.8020 65.7354
13.4048 87.2144
08.4027 36.0140
13.0023 68.8334
08.4097 25.6075
09.2018 42.9257
10.4647 48.3781
13.7298 99.9247
11.8389 54.7167
14.7382 112.9490
14.6623 91.1851
13.9121 73.0779
14.9390 73.4283
09.2323 32.2232
10.8460 59.9609
14.5976 104.0009
09.6842 42.7975
06.3905 18.9703
09.7170 32.8237
12.4146 73.6243
10.2844 58.0916
14.6722 97.4019
06.3968 19.7165
12.1543 64.1106
09.4665 35.0165
11.6971 66.6377
12.6486 69.9572
15.0648 123.0664
10.6851 53.4639
13.9146 66.0656
14.5512 110.5926
10.8722 44.3369
13.9380 72.5218
14.5646 93.2559
08.2538 33.7547
11.8096 64.3901
14.0205 80.9288
09.4667 35.4739
10.8138 42.0448
14.8491 112.3457
08.9587 40.2784
15.3412 122.0013
12.0707 57.8498
11.5083 49.1847
09.3531 37.5019
09.7754 51.1369
09.1111 29.4781
14.6212 75.7412
10.8432 43.4992
10.6283 54.5834
14.2065 68.6442
14.1059 71.0158
12.2147 83.3605
14.6832 102.0269
09.8831 44.9491
14.8513 82.7138
08.6210 25.6037
14.2300 82.5210
12.0875 83.9519
10.7605 55.3287
13.6015 83.7852
05.8452 15.8196
10.1232 41.7053
12.5826 60.2650
15.1670 87.3149
14.2373 67.2269
06.2418 17.1957
12.3745 72.7987
14.7101 123.6863
12.9054 75.9345
13.1225 70.6521
10.0661 41.3366
09.3707 30.0513
13.2340 102.7033
12.8912 58.9380
13.5326 98.8484
09.7173 33.1534
13.2898 58.3534
14.0356 72.5704
14.1649 114.2100
09.6836 40.6859
15.3660 140.8999
13.5592 64.2218
06.0249 16.2293
11.5191 74.6265
05.2785 10.6570
12.9675 59.1579
11.7446 51.8855
11.8173 57.6397
14.6137 72.0140
08.8440 36.6968
14.9757 83.8526
06.3974 14.4696
14.4651 84.5885
13.5279 64.3900
08.0764 35.6411
13.8762 103.8614
12.5379 84.2847
14.4734 101.9933
09.2284 38.3467
08.8504 31.0602
08.6922 36.6280
13.7627 98.1620
14.4519 70.4629
12.5630 57.9014
13.8001 79.7122
14.1642 98.3386
08.8689 42.1977
10.9841 59.8112
14.2767 107.1335
13.2722 71.1841
13.6506 67.9588
13.8680 94.2414
14.2981 84.0610
10.4529 49.1529
09.9173 53.7720
08.6010 34.2990
13.9002 67.8999
11.9913 52.0575
13.0653 103.8605
09.9291 41.1603
12.7425 87.2032
13.9247 64.5463
12.3881 57.9175
14.3121 121.9802
09.1488 39.9059
06.5917 17.2603
10.6402 58.5275
07.1438 21.8936
14.2984 77.6743
13.1089 58.1907
08.6216 28.8839
14.2258 115.8006
14.4244 74.3339
14.9256 93.6244
14.1019 80.9354
13.5734 66.9387
13.5578 68.1864
14.1039 122.8025
14.2208 83.0939
13.1575 95.4920
11.5150 68.3342
09.1870 29.9222
08.5111 38.0481
11.4312 51.1363
10.9522 59.1447
14.3964 82.2858
08.2878 37.1749
13.4697 76.2166
14.8046 75.4657
10.6364 53.0407
14.3599 70.9614
13.9327 72.1966
11.3893 65.9301
13.9861 107.6834
06.2636 14.9105
12.8171 94.4424
14.1081 119.4048
15.3620 136.5644
11.2842 50.2013
14.5170 125.9705
13.9336 95.5623
13.9817 90.9366
14.4686 78.2434
08.0934 33.7544
13.6336 61.7306
12.2435 86.7814
08.5022 27.8559
10.1098 41.5597
05.9847 14.3943
11.5127 77.9410
12.3693 78.6220
12.4401 61.0541
12.6340 91.4009
09.7145 32.6101
14.0596 77.8502
13.7092 102.4084
08.3636 27.6500
08.8994 40.6313
09.0926 43.8216
08.7019 29.9731
12.0907 86.5774
