Raw 2D
0.1675
0.1695
0.158
0.1545
0.165
0.16
0.173
0.15
0.1625
0.169
0.1605
0.1605
0.158
0.15
0.172
0.1615
0.153
0.1445
0.149
0.1485
0.1675
0.1655
0.1715
0.175
0.156
0.1605
0.1475
0.1505
0.1595
0.167
Raw 10D
0.012
0.0054
0.0108
0.0082
0.0081
0.0053
0.0076
0.0074
0.0112
0.0085
0.0121
0.0104
0.0135
0.0103
0.0112
0.004
0.0101
0.0113
0.0071
0.0184
0.0127
0.0111
0.0118
0.0196
0.0121
0.0072
0.0108
0.0104
0.0119
0.005
Raw 30D
0.001
6.0E-4
0.0042
0.004633333333333333
0.002033333333333333
5.666666666666667E-4
6.333333333333333E-4
0.0021666666666666666
4.333333333333333E-4
0.0025666666666666667
0.002033333333333333
6.0E-4
0.0015333333333333334
0.0026
0.001
0.0011666666666666668
9.0E-4
4.6666666666666666E-4
5.333333333333334E-4
0.0015666666666666667
0.0014666666666666667
3.6666666666666667E-4
0.0016333333333333334
0.0012333333333333332
0.0018
1.6666666666666666E-4
0.0035
0.0019333333333333333
0.0013333333333333333
0.0031333333333333335
