# FVC 2D Coordinates
137187505321765.3400 691.9918
1637794281339490.2000 1002.9131
974870329367503.9000 414.6439
810425980189895.8000 48.2390
621733398209612.4000 1123.7172
6746814534316182.0000 1447.3317
575745711967771.6000 1261.6883
5179525467819056.0000 2027.4544
2604459179235297.5000 829.8152
605479256784692.0000 671.5628
1642519970993568.5000 426.9452
3327045756449346.0000 190.7099
2878220333982407.0000 991.3610
1843194864345202.2000 1953.9584
1903439717443600.5000 1344.4119
4614184696370882.0000 576.5371
1941875527050360.2000 336.2885
3973289159210262.0000 1165.4940
4768483345140381.0000 1733.2438
151844626623562.2200 93.9852
4002009729478035.5000 1532.7692
290916566926040.2000 287.4729
3506276535731956.5000 210.7128
378543229056722.6000 746.7508
477127856295060.2000 342.4685
3200924181480327.0000 635.1326
1539920024136337.8000 1022.1336
576450100057192.9000 1076.6556
6440539517604880.0000 1522.0880
1662335542843473.5000 772.4957
4137137754232693.5000 542.2271
338254095124764.9400 422.7134
859729015059031.5000 1119.9131
4008002383520338.5000 1369.4530
6683448208895359.0000 1643.0408
6521355055183998.0000 767.1269
5836679268870671.0000 1079.6453
1894310190706892.0000 1261.4762
2307574653766471.5000 2207.0483
1976535515764720.5000 1371.1326
2324142894373094.0000 329.5600
201762734815050.2500 1253.8450
5517666465249810.0000 755.6384
5971980026142392.0000 692.2907
140059600879998.2200 848.9788
1082369116277930.1000 49.9338
236207560955848.9400 33.7052
1208918843808255.2000 13.5504
1336232041690350.2000 418.1901
5625687300332844.0000 219.4210
1994599434167041.2000 119.5442
352310425945390.5000 985.8904
5339430659091005.0000 1730.2004
3617536981578381.5000 290.0300
3304266842899732.0000 702.2217
482880357993184.3000 1776.6685
1137210599869888.8000 118.8626
813083255635849.4000 794.5365
2139706239529951.0000 1523.4075
709936774479388.1000 2021.1790
6525170948447477.0000 934.9953
2415188066036188.5000 1283.9719
892442721111096.2000 500.1780
2649010286536053.0000 1271.4707
219278149948696.5000 513.6639
7375210751545859.0000 1124.8968
2436219044726833.5000 146.3508
4995092741423434.0000 2291.7210
775997145508267.0000 687.1849
6285044487221870.0000 2099.9206
922322958107501.0000 1194.4268
4148799847968164.5000 1563.7986
5639745255924175.0000 876.3001
6708419241433175.0000 1620.1047
5758172533984166.0000 959.5658
1378751385517207.5000 119.9114
2615077575986125.5000 1577.0118
490238694951106.3000 1024.0586
2056430143830738.2000 129.3191
1404981923329214.2000 864.7436
614350241539569.5000 1679.9337
4285912804056387.5000 720.8977
2132758113176721.5000 829.7332
1245548875842313.2000 07.9050
7819780337806347.0000 284.5713
575634622598961.1000 979.6415
158403582827832.6000 451.7285
4006804233091077.0000 1270.7730
290153429944737.0600 121.4074
1432632412675897.2000 529.7689
6435031632726411.0000 1099.1788
931471282156342.1000 1188.8156
195771298759058.6600 692.8986
3535527182565943.5000 595.2285
3894965663667219.5000 888.5617
613291820071645.2000 1477.3526
929114712694068.9000 414.2785
1537902723851102.8000 493.8143
440926717889368.0000 609.5774
739772850833617.4000 1595.8040
408242535584717.4400 257.5007
2731240152232913.5000 1408.5231
213426043341775.1200 1586.0216
238161247592933.6000 1005.6752
709484076286831.6000 1531.9514
1144593684938155.8000 151.4753
2276814228273073.5000 1200.0156
1389569432782012.8000 1549.5321
6934878130519957.0000 1306.4478
1522436353250390.0000 698.2315
4914052229402130.0000 1232.4765
1151283858172082.8000 971.3812
209771990757119.6600 1037.2534
2006515373843992.8000 970.8222
2428083259269632.0000 1093.5249
5908844911049370.0000 2004.7329
313416294638043.9000 528.5369
878178450467493.9000 384.0230
4162997878508601.0000 1427.9447
1566230107959213.8000 1341.4855
764815514532831.6000 956.8964
8415204540360952.0000 184.8654
2896622660787177.5000 1270.0300
122478326948061.8800 1026.1165
3062148609858603.0000 354.2723
176906349559899.6200 1144.2653
3782566686934928.5000 1286.6919
3682647308983616.5000 1331.8195
4044968591132914.0000 935.5018
4747632014285518.0000 384.3512
587499652421165.1000 1583.0319
464413790602433.7500 269.8551
118808375914013.8400 801.9015
1325046951176318.5000 1515.5908
1906576463317771.0000 2009.5853
6438231868467055.0000 2208.3576
1113165572118250.6000 20.0125
1635786379995343.8000 1883.4147
182174134345310.6600 935.5562
7198217710991050.0000 614.1246
118220853263666.4800 1114.4874
884526397549970.0000 15.4886
6287146692803848.0000 592.2435
1132686953513487.2000 155.0436
2653674875212480.0000 1174.8195
4391265696053200.0000 552.8911
3989072005361321.0000 1009.1929
153241440164322.7200 876.8719
1458855419178680.0000 1447.7836
124157667537272.4400 898.8613
3083859257782926.5000 249.2810
4017439821484362.0000 79.1157
2262634664628854.0000 870.7637
2429526216479548.5000 746.0826
2579134749095579.0000 374.7471
4047509613941767.0000 1242.2222
2178361536411861.2000 1821.8204
194757065005124.4400 650.3527
5505267465577856.0000 1690.9162
167551396292053.3800 1115.3975
3340203288710182.5000 904.3539
685049725589454.6000 716.9669
572124216047150.1000 1172.9128
3745682856473232.0000 695.9913
1649726510250764.0000 352.6774
6429029204106981.0000 1302.5024
7452232301472495.0000 1066.3346
6307329337776264.0000 2196.7862
1781550208490246.8000 811.7434
439774959163414.5000 451.9897
3661860343319874.5000 533.2458
4496098435492085.0000 2232.1513
3408415740240310.5000 478.4974
2869480409216475.5000 477.7285
334175058410910.7000 741.0351
7626409037423075.0000 941.4122
2183015332343155.2000 1311.8988
773838694910357.2000 993.2366
3799327273033668.0000 1099.1832
3586663274862387.5000 1337.2067
966207211703160.2000 861.0134
2167638932802684.5000 602.8541
4667486238042039.0000 1631.0457
381011784726370.7000 698.0892
2303891270760619.5000 1601.7009
984427778639111.5000 427.4024
2248803357879761.8000 1699.6629
3951222581257819.5000 473.9962
2795853494858161.0000 577.6475
245896360401286.3800 668.9607
2592554840698131.0000 571.8529
3168809604658524.5000 577.8913
3615694098929209.0000 328.6027
130924798284924.4000 502.9286
7726801633959976.0000 628.0618
279339336605875.9700 265.9927
6444990771549622.0000 242.0029
520143966732934.9000 958.1764
1372019411045119.2000 1477.7647
188362620044821.0600 601.2044
371429986295561.1000 222.7359
1511567719193066.8000 316.3218
1721608247940579.5000 1588.8017
1137583100049726.5000 1096.7041
6555480835626508.0000 1570.2005
1661344470103368.0000 546.1181
2484212840713940.0000 872.9394
4564585456123090.0000 1912.6831
5720694516546983.0000 2191.3251
263487385287816.7000 319.8745
395279072080381.6000 283.0233
3169539688696789.0000 408.3794
7855506301288691.0000 734.7969
870900429901973.0000 898.4840
2574872330075086.0000 989.0540
2215895237212261.0000 81.9037
734766296288607.4000 1137.7511
3674674331152944.5000 663.5172
1970933694264821.2000 1553.6109
2786164777738257.5000 1257.8002
7088375204258858.0000 470.8675
611866623710804.2000 1351.7893
4881163366534141.0000 259.5845
132765074046231.4800 1355.3131
3829047681300735.0000 1255.9792
1639640351378242.8000 281.0009
3710409510096663.5000 1426.3039
3226571414715860.5000 319.0430
622245841301889.0000 1255.3546
253147736402310.8000 591.6793
385177546259717.4400 530.7573
1285431549340078.8000 347.7487
1058164094545976.0000 342.4187
5395787376184836.0000 1296.4950
659655216710709.5000 1681.0217
2566531761155643.5000 680.0354
7030581792829871.0000 1821.1354
348377994297544.3000 345.5077
245487582171686.1200 1085.6940
1866828041580517.2000 1417.8341
7550097013579398.0000 1168.1527
7777727494136886.0000 478.0991
7773637524578626.0000 1401.5629
1933176274426467.0000 1638.8646
793653002498053.4000 89.2567
1848025098445043.5000 1834.0325
786866952916328.0000 1010.9103
2264140942926047.5000 87.2388
803006847472235.8000 1481.3645
182678956574537.5000 1487.8523
139860393404564.3800 203.3962
807820007502423.0000 597.4902
147840265638191.4400 907.5194
368315329029447.4400 873.4953
4238329637100718.5000 308.5947
1167677357773197.2000 203.8611
751116591217352.4000 1380.9265
1473088022539654.2000 1533.7624
3240522085970039.0000 639.1287
645518781189913.0000 350.4335
3781681501051803.0000 633.1745
1129457357179042.0000 206.5379
3662384917215956.5000 1034.4826
4355953091233384.5000 1006.3356
5621357086175814.0000 1626.7695
774058941496208.4000 1496.0008
193936435905730.6000 980.3176
855422809845923.5000 408.3566
3408623390962590.0000 512.1955
5349954113615108.0000 125.7202
4511439638857573.0000 788.6728
2274120121707063.0000 628.1686
262353206757512.4700 80.0290
647601173998415.9000 112.9073
1014809357455099.2000 160.1241
1605493898543355.5000 563.1449
3189157839306582.0000 145.0387
5897618783360694.0000 1132.5687
289449322952927.1000 798.3680
2134457839731865.0000 754.8266
197299252048651.0600 389.3009
3323216713738346.5000 325.2818
956167039620107.8000 213.8929
4100518708510503.5000 147.4556
668891696545181.1000 323.0434
4113679637214776.5000 515.4697
2861311971948770.0000 435.6749
4305845563997769.0000 1148.1325
7974322319931330.0000 174.7169
3716000436077483.5000 38.3962
269938343064009.1600 334.1441
895439354110116.4000 428.8275
3697435922373019.5000 240.2896
7696643296373037.0000 290.8082
505455150775276.0600 1089.5256
1404351755202360.5000 795.6477
757726311861672.2000 403.4394
272637796156414.5300 104.1654
770634645869367.8000 974.5999
1421188030672377.5000 1914.1677
148960090068006.5300 951.9425
963521344332853.8000 321.6035
356400850622943.5000 697.6530
5690314524442564.0000 393.3374
3385325742940039.5000 80.6802
6316760156117717.0000 635.9068
1593834618133552.0000 560.6123
211413681881659.1200 141.7841
4347663303035337.0000 1481.8326
2050579623160649.2000 2259.5660
2155255533586036.0000 672.8956
879348290682111.5000 1331.9754
326188538370059.5600 578.7245
1355278251600237.5000 747.7261
7231616171111373.0000 973.0088
2867637200080963.0000 1335.3744
242683767077722.4400 916.0205
8310304224343929.0000 594.9038
3811494181579083.0000 372.9919
1308106272529474.5000 564.8515
1497526328560841.2000 1685.0198
5378764079895032.0000 1756.6878
4005158232912862.5000 1906.6812
1996797548946221.2000 151.2419
918096222191681.0000 488.1908
1406461982938361.0000 1280.1198
6011842768495011.0000 1550.7645
435033218893845.4400 780.2572
4738484542180677.0000 684.6593
1590924413567872.8000 1556.3121
379569107593664.0600 117.2981
1865528987171683.2000 273.3724
130080500493733.3100 1668.3461
214828017271052.8400 33.7357
2484882431994448.5000 333.2242
2351012791887602.0000 1327.1164
1010256865928878.4000 624.2075
5283341872771437.0000 2007.6834
1121897854023468.2000 667.1542
161487717699344.0300 397.5613
286318984738760.9000 532.4200
6122158284515902.0000 1984.1217
3228125589167671.0000 183.1795
118102060314444.2700 735.1206
2433664755325536.5000 550.0468
2510360919097638.5000 1289.2922
1852050606749170.0000 1399.9910
857513974004011.5000 585.9882
572933669652797.2000 1806.7053
4399665234067885.5000 1831.1107
3402596287944905.5000 37.3192
7491381487248533.0000 888.5430
138905579182668.0300 1332.7383
8245221267573842.0000 22.3704
6217739372448248.0000 1662.1589
2131491226148175.5000 275.4982
2992609737013492.0000 953.0834
182078567608757.2200 1549.7910
8208923588288869.0000 676.0834
6333721056687051.0000 1563.6775
6518383859448384.0000 1850.2862
1058324137885886.6000 176.0038
5351601724390012.0000 726.8214
2447314370684414.0000 1524.2863
371425047449018.0000 598.3260
2469850259222332.5000 265.4391
1221951204480337.5000 956.8546
175125613269493.8400 337.7890
1928190841592342.8000 192.7709
231422029057082.0300 599.3731
2099606604340460.2000 1315.7961
118716560650705.6000 705.7166
911526489938922.5000 693.7239
309230494790362.3000 431.0270
1203299339132470.8000 1235.5970
2848611599731875.5000 161.0681
297935669516152.4400 522.3380
2448366019953254.0000 597.4375
1698887419909371.5000 1122.0907
2126376268878456.2000 602.4849
270804465407021.0300 640.6956
2419280947247354.0000 1108.2779
6172641072605858.0000 2030.7135
5332076179356140.0000 986.2652
3388234079720613.0000 1039.9339
3619158647574684.5000 1234.4349
6148361749465799.0000 1702.6497
6875360560581115.0000 1078.6162
5231662043210037.0000 1046.8336
880021566814575.5000 533.5060
1205815457629199.8000 307.5660
703470677976161.6000 605.5643
233253060551591.8400 842.1395
1109408100320913.9000 136.0667
3845968704355921.0000 784.8884
8291290624123117.0000 22.8090
5158364822172793.0000 1318.5120
1811172850781084.2000 1159.0559
690667476092401.5000 1181.0989
1370746434054500.5000 887.3394
1347238170974162.0000 369.3957
1458730895706631.2000 1593.4196
8028691109254609.0000 1216.0006
756442296805348.8000 482.6028
863429709301053.0000 1353.4293
881566174010452.6000 1190.9497
5607900770659771.0000 1896.1505
325303853601958.0000 1047.8896
2000301343286537.8000 1162.3263
4902501523700675.0000 1466.0463
410262254528058.7000 120.3952
344890578611056.7000 1017.9130
121292870418346.8400 1061.8791
1079908090169970.5000 844.6099
2615187875047074.5000 1423.8615
859631333592629.2000 347.6735
2142863376061231.2000 513.2965
3268517309550227.5000 400.0507
686076487427303.8000 1284.7408
4277417503374869.5000 272.8076
2250588735722197.8000 1527.8658
7470056501372600.0000 1416.7192
4480638947195608.5000 513.7698
6432418639313083.0000 2259.2982
8205898894985044.0000 50.2025
1218745135000727.8000 551.3788
5933145437666007.0000 953.8554
201359699505729.5300 1209.5720
752049236897064.0000 116.7959
638777208902987.0000 1099.6093
1661078091853169.8000 1706.3924
2104112427193850.2000 443.9259
2462534873545378.5000 1629.5378
447177901452380.4000 658.3190
2421102095907295.0000 2057.0897
5013721052729801.0000 401.3832
2839045860719825.0000 864.8460
8298894442342719.0000 145.0295
1552674428114489.5000 888.4279
170707262359460.5000 582.3324
5122738550826834.0000 673.9901
912262613554697.5000 1096.9744
285834264429747.7500 578.3832
7845661467306551.0000 238.5826
1097729563320011.9000 197.9578
723949887716337.0000 1263.4012
1249585105196178.5000 198.2888
616796584509356.6000 1048.8321
211969418848577.3000 601.7821
1764554660359890.0000 1302.4966
425739873115061.2000 1188.2141
2344502246901222.5000 1819.9273
858845761791466.0000 773.0580
1417669048199342.2000 1903.2038
4165895399255451.5000 272.0214
3094946281118736.5000 264.4197
2357687248786871.5000 76.0902
1564595559427127.2000 1458.3011
260461071182364.8800 560.8897
168277912798707.1600 799.3134
817818722195806.4000 919.6323
6896412995514446.0000 1243.2684
333347003551726.6000 20.5640
2700220722662181.0000 1569.5588
8058211797549112.0000 975.4574
7777591742216312.0000 349.8943
1516509854856722.5000 1317.6956
2745683248123238.0000 154.4232
3289184538580014.0000 466.0829
6356505670627112.0000 311.8529
1560514693662757.8000 1110.8793
446842701640957.0000 283.2334
2208419449140291.5000 477.9736
5856181683186894.0000 1792.9863
790282613649702.8000 281.7603
1741976384514530.0000 958.4226
519337142035118.0000 1812.1336
1455200729060844.8000 808.4157
1023080994033225.6000 741.1691
4097963103531552.5000 1084.1572
924715923478875.0000 231.4689
1834667757281328.8000 879.1910
1724294068231974.5000 641.1639
179281361350680.2800 796.5928
2693037208410040.0000 192.0162
218557505694306.3400 1255.0023
965276131562713.0000 706.8032
5013705959288554.0000 1722.0180
2619531136129839.0000 1611.9605
1773140241366807.8000 798.1530
1407279112031343.5000 1065.4351
3737801538207782.5000 282.6334
363812737021688.4000 93.1012
5834584012852947.0000 1973.0056
2465254324110258.0000 188.9183
227093541192439.9400 1042.6205
891689414383624.4000 1228.3008
1411409357465787.0000 1414.9840
291002776693402.1000 666.2374
6997304270098120.0000 1255.4172
217506014656608.3800 118.4051
7072814417463862.0000 726.6399
138109624547383.7000 395.1094
2934489339496364.5000 737.3016
440497053984941.9400 1039.6382
634123207825667.2000 1648.5044
1938943520868102.8000 2149.2918
4736907702181722.0000 855.5419
558711791053182.4000 167.4305
4175263375485410.5000 305.0800
869143596028867.1000 429.0197
8204881885250063.0000 131.8488
944365625035935.8000 339.6402
1855054452258055.2000 136.2111
358476413155513.9000 658.6290
5082408204507500.0000 540.1560
518524528202166.1000 659.9047
2283351852578554.0000 1560.9202
555517708381088.4400 1211.2733
2701547573976995.0000 36.1196
4537576715439611.0000 1570.0264
282458944385341.8000 603.2870
571949056284574.9000 1566.1533
635175028379614.9000 269.0814
150794330221385.4000 1181.6339
3223271672155046.0000 186.4203
2106722621294448.5000 1643.3172
1187644702516458.8000 826.1690
1724736179118798.5000 1106.0584
594657510533651.6000 1515.1446
5478086809655256.0000 1533.8020
3871254405942090.0000 1663.6910
7409825297892154.0000 123.8553
5444465140066242.0000 1867.2063
2095161762246287.2000 1665.3771
804153369964922.1000 1531.9671
690470984999949.1000 1262.9487
2395811891300718.0000 1545.0093
2370976611744477.5000 171.3033
322780120681183.1000 271.5819
371405331659836.2500 813.8744
2786565549679822.5000 799.5823
593551040343750.1000 1309.3780
213176687018822.6200 792.2551
674912425213472.9000 1264.3670
2501167934863474.0000 1428.5330
2105467809861154.0000 1676.5680
422486664080834.6000 114.1619
2545140166409244.5000 1324.4437
5799778435346634.0000 1976.1604
7518973312410893.0000 00.4818
391986303992509.8000 90.4779
167626358398753.0300 1151.4405
1296313340078082.5000 693.8109
2561637071712744.5000 270.2644
226018738059373.3800 914.8452
659403745489063.4000 381.1244
5838198557177545.0000 1011.1095
1702056643280549.5000 2007.7816
4401703329257515.5000 2086.3717
2366893498149755.0000 1386.2605
3142781872568617.5000 450.1663
5570253069558598.0000 1960.4358
3078438118205808.0000 525.2708
211665945987437.8400 754.4284
8244365217693662.0000 882.9638
147005153774258.7800 1192.2568
6854517720870705.0000 1824.6923
4538476535981846.0000 1396.1503
3156210713010507.0000 451.8509
2789288235208754.5000 698.8303
7525632510980383.0000 69.2977
191401603330095.7200 806.7345
5912743193220917.0000 1607.4995
1421700237202243.2000 745.7400
4900363393203022.0000 388.2832
4902535318146908.0000 1616.6479
6405828464581328.0000 792.4304
2902711135089254.0000 78.7099
182869142730673.1200 648.2550
144851447488024.4400 251.5191
7069148454518749.0000 1062.6824
434515459778655.8000 1549.2549
438488773487073.0600 614.1711
7254128686305998.0000 1242.1377
4080159362504299.0000 443.2324
2061412829914227.8000 1584.9367
1728433455745484.2000 308.3624
3927259706773683.0000 769.0958
3199591392245499.5000 285.7989
6518494276146893.0000 1141.4072
7074603608377586.0000 616.5642
925138992257994.1000 1187.3200
985236930641277.4000 83.6063
3528744884737793.5000 976.2867
4128628677821167.0000 1476.6249
913480308880734.1000 1033.9106
347848793489552.7500 514.8561
606353683738491.8000 1536.2326
2578857375421017.5000 260.4005
749340509159021.8000 1519.1729
129778487163585.6600 1527.8665
1271517487740392.5000 172.5955
1244491920156954.8000 212.8785
2380066902084404.5000 353.0695
927688058810582.1000 860.0781
5887256205706768.0000 1872.7947
879259953790624.5000 15.8497
822096646497596.0000 752.4349
1048715065179796.8000 159.2981
957217795377185.9000 1217.9976
2152967597906865.8000 528.9393
8163314281386559.0000 314.5444
2273770121111118.5000 1455.0319
404123297557143.3000 669.2757
4426669810397060.0000 1262.7089
4673059563215807.0000 345.1757
1355878821071283.2000 1557.2974
996169247887201.1000 492.4437
2126510681438656.5000 1441.0276
7298431564692595.0000 1003.6181
5322280807198130.0000 1421.5743
1901194101692105.2000 558.6306
8206140380464250.0000 271.6891
1471389968510487.8000 1036.9431
727813342799087.1000 291.8269
1846240629337935.2000 1366.0823
444752438159083.7000 1106.3789
6582248843308334.0000 564.6073
928034588913021.4000 690.2106
334306953704679.3000 1047.3055
5440504080280112.0000 1455.1699
1648979239689917.0000 942.8279
2161230605337038.2000 26.4639
2676537264218301.5000 1130.4622
1126060899144920.8000 731.0370
568093688608138.2000 1816.6841
5971689079215150.0000 943.3183
1068382915563000.2000 636.0227
274235788971388.3800 388.2960
773367569273659.2000 1049.8039
2940570903244760.0000 724.5258
5511164275994337.0000 2143.4752
6518751072724787.0000 1068.7503
1065767995965206.1000 222.1008
349347487630400.0000 976.8491
5646284515187384.0000 146.5920
305059293129044.2000 731.7290
157652378036218.6200 490.7852
3487217515685896.5000 634.0922
6471541774230865.0000 1125.5209
5355314987829822.0000 1725.6586
1630430187463091.2000 322.1032
994544703202542.0000 463.8433
3440603661922840.0000 381.6394
297619594828452.2500 464.4582
3961748715927396.0000 1186.8027
1198500089466249.8000 1244.2341
620283231527379.8000 1690.9009
444283093712818.0000 1086.7128
1699284884513026.5000 276.0712
1883454970084242.2000 1238.7397
114213140803768.4500 892.5933
274977503257902.0300 290.3446
371532160921915.3000 991.9019
1272023866667754.8000 576.1572
145039786468922.2500 379.7235
296783872619647.8000 579.3225
4293815515776301.0000 2264.1832
6064671222954266.0000 2267.5058
231189533511839.6600 459.4395
2342934734746825.0000 278.7442
2011217165071288.5000 1288.4497
3259770923271331.0000 75.9172
3717282074891599.5000 651.2613
350510963383367.7500 604.8663
6095849465834541.0000 763.9472
1437200104292720.8000 1669.4304
326639156776128.3000 1015.1519
1920950543995359.2000 1384.5400
1977237999242740.8000 405.6542
658339597047013.4000 998.3836
4450454799701914.5000 606.2583
456899698016413.5600 1122.1391
518011937619976.2000 1601.2081
1002420682863473.9000 659.4586
2288117463937115.5000 1295.8461
1642658349390207.2000 1409.0536
1516914122929922.2000 672.0943
1261679480804006.0000 186.3363
180735175751041.8000 151.0281
3135324722345071.0000 336.0497
4018563392018595.0000 425.0348
1122318197638768.9000 1025.1967
4110980104559395.0000 1276.7571
5112410068606443.0000 949.4281
4209593140681485.5000 1554.3900
3817963707381175.0000 484.5410
7128341322677175.0000 841.7332
211260741537147.7500 168.7272
521071515264221.2000 909.1678
662217275474785.6000 258.4900
2336274771880318.5000 1265.5313
7004423278646377.0000 489.1797
1030598511913697.4000 411.8838
2866808833610276.5000 702.4919
1033702550005231.9000 437.4868
172193684850105.8800 08.2430
268994468623564.4400 617.6585
878703246327403.9000 14.8381
996747062651919.2000 377.7703
5935648981468779.0000 237.3206
4496348416359449.0000 501.3550
885504798192064.2000 766.1483
3772418914148976.0000 337.8866
2938343860117591.0000 1038.5726
2934493742576678.5000 60.5326
4430051899326956.5000 1575.5329
1554774913446894.0000 1119.8291
5011379684305007.0000 241.8930
3392106981458762.5000 800.9572
2852222310549187.0000 621.7612
1172003373581419.5000 197.9391
132340880412877.9500 532.7109
1157004892320221.2000 699.0409
539433108022382.8000 944.1513
766967695758937.4000 1876.4521
6349193073292292.0000 1203.4655
1254611887568725.2000 358.6530
830768091417895.2000 1051.2546
862474249013214.8000 435.8214
2967903548432997.5000 50.8019
1924810968148806.8000 1994.3401
537844885860715.7500 644.6825
380273510314991.5000 912.7863
7394170586441814.0000 955.7742
207473563608795.7200 1370.1227
3069988569369095.5000 459.5117
661908967737792.8000 367.8823
3389602381422189.0000 07.0260
182743654328724.1600 1429.8815
3076606587976369.0000 514.2680
968948323276836.8000 425.8139
2677845076903953.0000 12.6176
475217415003317.4400 1886.4719
384190829384998.7500 364.4524
5587287985251161.0000 503.3962
7392092120786692.0000 99.0276
142562654105491.0300 236.6971
287113622580414.9400 262.7667
237199403446260.5300 881.1373
889657226388728.9000 242.9345
1385454020372064.5000 935.6804
3528030950233042.5000 208.1225
1853320476689558.5000 1627.7138
128361506346495.7800 919.1359
3360209596908891.0000 1110.7062
3031115318978637.5000 630.1003
5396888229203143.0000 1389.7659
3845320148042783.0000 1325.1121
1507662114281458.2000 1500.0870
3146553896931745.5000 972.1010
608287027393011.9000 1528.7554
8353672491244834.0000 949.6323
1639252958245749.2000 575.5770
6926183596614063.0000 630.2505
691075900768871.9000 560.5051
4443578339634359.0000 305.8171
193111877146650.0000 1447.2937
2538426871386066.0000 459.5676
484450001593407.5000 172.7809
1054957713376764.8000 382.3492
479330153133895.2500 891.6146
7473294668592955.0000 962.5541
5960990801898482.0000 1255.3709
1893065731696899.5000 606.3922
2136565087357949.2000 1194.5906
147863590481251.5000 945.7998
6828508390188595.0000 1109.9720
2284717766164760.5000 1693.6153
5478616034926846.0000 1538.4308
1272132030259051.0000 1152.2294
5802638926237290.0000 1023.9029
2178355980178610.0000 176.6478
228262068396506.8400 502.4305
1108007407896701.1000 243.4730
2390332364039951.0000 2101.8350
1621119277525227.8000 145.4093
1701148580623665.5000 1234.9508
815947118882033.2000 880.9648
7792143574715628.0000 55.6941
6158237731073824.0000 1733.7894
2073230477157381.8000 2000.4629
1579897082240767.8000 493.2852
155482338209788.4700 1009.0222
5034270600671882.0000 87.0527
548761872191962.2500 1426.5783
702116312509753.4000 1993.5471
2954602076619888.5000 103.1301
3132098624041714.0000 876.2830
441372134550638.0600 188.4771
5842453131802620.0000 1962.2214
2554046129269176.0000 998.8235
1312025856309576.2000 1058.9615
7875217235350021.0000 82.6212
590211594628879.4000 1014.4238
4522672248755786.0000 2020.7288
1184218576858031.0000 224.5149
8267968806053885.0000 70.8628
5652767850364243.0000 2449.2340
2794838545063941.0000 78.2974
1169544773453350.8000 747.4773
7792323715915976.0000 74.1263
5041992743570003.0000 594.4012
278709661839854.9400 935.8139
7582253901379398.0000 961.4115
2303508926559490.5000 53.5594
1202275518587346.0000 140.8043
176323860100270.3800 1364.1392
284962752660904.1000 427.3425
4069742268202937.0000 101.8851
5459870373191684.0000 1870.3306
317444445877173.2500 275.3469
6256862484120481.0000 1723.6294
8141759212263191.0000 735.7576
2733978192262161.0000 390.1655
2143914265184722.5000 941.1088
262343436916266.1000 510.0901
1758000124308733.5000 1448.5038
6634285866665024.0000 1557.6796
2392914823711948.0000 1093.0036
4788803242716253.0000 1410.5323
195020684114251.1200 250.5610
287016651421541.0000 418.1285
3957775579302415.0000 1280.6695
6329806315001804.0000 1740.8255
5129894080864162.0000 192.5756
6567266747230985.0000 578.2008
1173294599733949.8000 826.2795
7477901650795183.0000 760.3940
1831284173631690.8000 1951.8376
225517504453176.3000 113.2565
6551446297659913.0000 440.1164
1902839017224240.2000 536.0856
8287268372690744.0000 565.3286
1294879167173104.2000 935.9519
1942831167180102.2000 1187.2101
5249825702823636.0000 1637.9020
3426025839399439.0000 522.2705
309235116415620.2500 263.9832
6803441745571418.0000 1642.6995
731596729719415.9000 1214.0066
2583554633108266.5000 133.7025
1383385535631243.8000 1443.0240
6501395931142689.0000 1160.5190
133150105659174.4500 1010.1760
136739978497812.9500 396.2727
5645469950436916.0000 311.0165
2302829652663082.0000 16.6653
125186264811328.4700 646.9025
4936469301972885.0000 1267.0745
3249351492200203.5000 646.8692
910668615894042.6000 504.9136
149665855711544.8000 1389.4022
592231807083346.9000 1325.5472
397902948728128.5600 940.2571
233278427841113.0000 944.8580
917939222046312.2000 374.1099
3439772502068368.5000 1038.4369
583282075310196.0000 1112.8404
4739002396163495.0000 1206.0341
1524010866883617.2000 2105.3868
453269145396220.0600 699.7124
1673922904914328.2000 770.5147
330783884469630.4400 705.8169
117242390493965.0500 1340.3370
1610039206935540.5000 2160.1924
342161748624122.1000 187.3296
519046040594928.7500 1090.3645
169946742738078.8800 368.6272
1085638139370057.9000 583.6896
1428781444353813.8000 480.5584
7891833866118044.0000 265.0954
4595541173165730.0000 1657.6394
5264590889973678.0000 1194.3462
5441248981488102.0000 1463.5496
229706880819892.4000 60.5142
203909010368270.1000 784.9011
289149396489492.6000 663.2005
2308743849516542.5000 204.7062
8452502403647174.0000 867.9854
1530687245437174.2000 1811.3603
5172077994396743.0000 1388.6459
3004963867635489.5000 106.8459
901463447969534.6000 102.9188
3741098063044243.0000 881.4507
3003181516468685.5000 881.1740
3245762535258313.0000 236.3255
2929318625698883.0000 1088.2010
3857271077672369.5000 882.3225
452163665401673.7500 391.1887
1980469458057790.0000 1526.5225
7841847407021060.0000 100.4120
3509781735111124.0000 86.5052
1768520760681163.5000 1382.9187
5516285779699668.0000 1134.1444
2389124393834064.0000 1396.9527
3198864465312324.0000 895.5647
671755969705146.5000 757.6541
1292625858964580.0000 772.7296
487275534606675.3000 142.2746
6068777973161358.0000 1308.1132
164906778902409.2800 1047.8428
1472464842651413.2000 270.5876
280151213795678.2000 936.9011
2187198379934409.2000 1026.0850
8041396209168408.0000 388.5732
7403440632470496.0000 1055.6512
552422958812515.1000 1184.8149
386462887989873.8000 885.5833
661166407417805.1000 890.5687
3200741544064609.5000 360.9980
301632729540664.4000 521.9577
290735453686527.6000 100.0817
2796129801359413.0000 1414.8802
5141927074076715.0000 1414.3196
1414782088141833.8000 1807.5753
1353118153995296.8000 1453.6624
3420947152000666.5000 209.4021
6227200636232140.0000 1446.0514
178794699222460.3800 1015.3630
150951480753897.5000 309.7853
7962914174733115.0000 441.3129
2270615647820504.0000 1077.2809
542297885612392.1000 998.8340
2285513778534806.5000 329.7046
1549398384392554.2000 1026.4247
4644934079758782.0000 165.9812
1462247546973934.5000 1370.6819
6756189911226406.0000 1828.0076
4677302989448543.0000 635.9370
7860605032498226.0000 92.3813
2288071445704427.0000 1143.1497
3413415871830412.5000 365.6931
4211362308388368.0000 603.4910
810865408270980.6000 1521.6843
3292141978634892.0000 765.5892
2770074454571406.5000 326.8174
4210954595542142.5000 1886.0398
3636224360488973.5000 850.4783
4580327078243179.0000 1234.1303
1959431635961362.0000 929.7323
466530121951770.9000 420.7708
516146361541459.7000 1088.0877
144615365752571.2200 536.3074
202644291495452.7000 1034.8768
117763014358626.8300 1560.1799
5902200720383764.0000 1260.8830
613124508701592.9000 1261.9865
5336438718099138.0000 736.2308
3242394340936157.0000 950.1501
2027395611549096.5000 1706.7236
176833645197640.7500 890.5952
375106093864252.2000 804.1785
5542854738184953.0000 1631.8985
2539501661032455.0000 27.9444
1636236467346041.5000 434.0867
130381496229347.9200 333.3402
236687770417377.9400 604.9298
2361693586446676.0000 53.5677
1038453050824248.4000 349.1691
1394197241589676.2000 341.6231
450481793734906.9000 457.8942
2662330747488266.5000 945.3797
4089535670818560.0000 1204.3106
4957508294326707.0000 1637.1699
2390284605958462.0000 1650.4662
139939844768278.3600 1245.9602
2312468927497025.0000 805.3116
4030689690183091.0000 546.5156
567333519148746.2000 765.8157
5654237243255264.0000 2188.4953
820245982013497.2000 167.0588
445185807049963.3000 166.0028
4009842743363760.5000 687.5370
1081407540470427.9000 890.4706
3241275387538545.0000 89.6889
2474027994880685.5000 1293.9925
3258829789475554.5000 341.6909
7801894320494097.0000 98.0775
1280148262040866.2000 278.7406
880535225980791.4000 557.7694
145850398619396.2200 349.4541
2289194544136353.0000 1682.4554
3049326507240197.0000 440.5697
3748521635499859.5000 215.5294
485685341615827.1000 711.1490
164765956891741.7200 1091.3124
1164263045131676.8000 629.1409
3564245630318990.0000 67.1186
2358163131710132.0000 1795.1139
6539410956539802.0000 897.8032
2312918509101944.0000 1764.1110
221578170759666.3000 240.1470
6113294368079139.0000 752.7599
207282105059934.6200 237.8785
5696722885891180.0000 1040.5029
576113893679217.8000 386.1819
6346098641430782.0000 1938.7799
301514578510361.9000 475.5573
3831763745226479.5000 1166.3195
469091253332114.2500 633.0126
558594817396362.4400 1507.1041
3311829611989111.5000 529.2208
8350908880669090.0000 645.5565
7164672152545849.0000 996.7083
115504357606599.6900 852.3654
160106132145532.3400 1107.0205
903156258764675.2000 1292.4476
8194492436077660.0000 296.6357
2914720706458760.5000 933.1592
2198591116014905.8000 1030.2454
5729246178416377.0000 1454.8063
131304473346486.0500 757.4434
2508185088244496.0000 241.0663
6599129704208021.0000 1919.0095
1457829668564076.5000 1548.4972
3207972493033442.0000 471.6100
840825319888725.6000 124.5241
676394565231587.5000 1271.4348
5258238705208847.0000 1326.8951
5790324861403281.0000 657.2551
2439028142906095.0000 1193.7320
2504904796525979.0000 254.0240
411286275500958.1000 467.4634
2176130881262518.0000 2098.4172
1867352716554722.8000 1882.5265
3938902421367293.5000 1114.9812
7705630988340203.0000 450.7109
2067205803128736.0000 1376.9132
2272620419256633.5000 317.5243
2795648143645141.5000 317.0187
553039005972031.8000 1452.2572
3645966280788389.0000 306.1948
1632822874793348.0000 939.8215
5638541580427664.0000 2284.5139
2967805145806623.0000 205.3806
6163369447840192.0000 1304.9671
4403521381587983.5000 634.7541
3459536236937003.5000 524.6117
5999507576784309.0000 413.5297
806262591663596.4000 308.7617
1290068025205677.0000 519.7998
320183500169769.8000 489.3597
189277902143740.2200 1564.0405
654435347731629.4000 1254.1932
6762665926622806.0000 2014.5295
505890087157979.5600 1405.6860
7140998464605906.0000 1513.6466
636305983935487.8000 463.2021
1724659814622825.8000 897.5316
1412380240056741.8000 559.7708
8217769727940625.0000 334.8914
153408141308431.0000 1031.1571
2226071507989321.2000 804.8657
1700794281738630.2000 1047.8336
2090372776488230.0000 924.1709
542888275182201.2000 1431.7370
1943133669339196.8000 1607.3822
1068604775807925.6000 93.6536
915652985867464.4000 433.2550
1508441653686179.5000 1667.5304
969848498537459.2000 515.6578
2704397850753893.5000 1097.6554
4575253719813787.0000 1873.4063
8316521015330539.0000 467.3640
7372112811416007.0000 370.0621
335146114804256.0000 259.4978
444051770852459.5600 1830.0179
1279926198529465.8000 209.5789
3797317794584531.0000 236.8451
396955293364232.5000 703.7290
6433698900593567.0000 662.1374
568920881471985.4000 1718.8481
1009790524239160.0000 166.1211
167849514614692.1000 1236.2490
1325411674049554.0000 1077.5345
3818275025048618.0000 1026.2666
1615833004624876.2000 1636.5026
4820629621793668.0000 1930.5986
3583431156959345.5000 1267.8999
4550051589330330.0000 395.3293
1340003933520147.8000 519.7788
405297534963313.9000 413.2192
4802731766050185.0000 935.7155
6332476476948647.0000 1258.7689
8310867890222348.0000 960.3892
349915486178006.7000 556.6981
1371637517331454.2000 699.3722
8148210619625917.0000 152.8475
596002244406335.5000 1224.6843
190559687276608.5600 614.3586
4935499109290604.0000 1742.7756
5622452539180002.0000 1575.9230
258200446780776.0300 595.7066
382530073827608.5000 700.5826
4132849351340497.0000 1550.9600
3913122557089019.0000 1080.4760
300487156189867.7000 513.2551
755733314600271.2000 927.4175
6619821880477295.0000 1389.0974
7400856967581018.0000 1238.5303
3775110789652622.5000 1460.5010
1811855823811642.2000 1088.0475
383255726127983.7000 586.1034
4299977474461163.5000 1017.6342
6658198241069543.0000 725.2618
429864525648880.5600 1138.1210
1574488478099267.0000 342.3803
6044379473533697.0000 1520.8973
191407613204206.5600 1778.1934
408447648526574.4400 1375.8739
5094677536364148.0000 1270.9248
484059325824783.7500 894.3861
1892700648514584.2000 1443.6126
1529834813092059.2000 1076.5676
301167286754873.7500 602.3987
7772597304982938.0000 865.4840
3222839465644542.5000 480.2759
3615028692027625.5000 703.9769
1220997098241358.5000 598.1150
5690906225826555.0000 713.5516
731091709225361.9000 1046.9626
5140679341295775.0000 1312.3414
6500312498594525.0000 2295.0882
986588555484003.8000 579.0502
199120179121058.4000 1178.7035
237905202690961.8400 585.0315
2933773687034965.5000 476.5300
662676642944139.5000 1592.2237
1058354515228019.4000 367.6387
3732007307607860.5000 180.9088
2435051146141810.0000 764.5334
2511704171602306.0000 402.1294
222085326628399.8800 742.7933
2343052834026948.5000 702.9422
5999322945658309.0000 1768.2195
7655962221456539.0000 532.7758
5647133701802095.0000 1182.7390
7105759702433241.0000 1799.7359
298807224347377.4400 88.1548
8272119127487889.0000 462.9818
7950192136250628.0000 482.1704
252525254989029.4700 188.8781
146573574133596.3800 1109.2372
464833593986491.4000 572.9509
210957564996346.7200 411.6383
866934788056816.4000 778.9342
303506919365241.2500 330.5832
1550447593956908.0000 844.3328
143433660280612.1200 374.0391
1984053367857282.5000 1811.1732
159859193949538.7800 1205.3415
7481974935356071.0000 1011.2652
4286709524708208.5000 1257.8419
1460752427387888.2000 1402.9705
626625379559344.8000 872.6961
725586825930175.5000 706.7935
356514769064088.5000 663.3140
3394202076934041.0000 145.8390
773074486050202.0000 1467.7826
1472209669722987.8000 116.8549
206730672263917.0000 243.6935
608841845112147.8000 827.1248
8304891848324699.0000 314.3542
235898129301171.9400 394.1142
6692483161594653.0000 215.5082
120246417049124.4700 892.3502
4762029952612325.0000 1663.3365
5952710734682930.0000 1796.7822
3196689752769053.0000 318.2957
4152729425368835.5000 1395.5500
193613293083396.2800 909.5226
5196073959340410.0000 1845.3215
778800259383714.9000 1536.3390
328848229640641.6000 528.9872
235613142850287.8400 830.5180
3763936794600634.0000 97.7810
3215219183798460.5000 386.3057
3760993060026776.5000 490.5345
1435916813703916.8000 1158.7714
202285343360050.1000 59.2272
975524362824270.4000 496.5090
338783354983650.9000 1158.5579
462475739488263.9000 1147.0495
353322078994175.5600 1135.0302
1997213152245518.8000 1236.9867
1000317649370890.0000 477.0381
6604516503426579.0000 1142.7983
839984869537698.6000 1286.2997
648608042221502.1000 1313.1698
1910642298518978.8000 128.7910
526194091770294.5600 814.2322
790360792844243.8000 1211.6272
122317186067618.9000 1331.4273
246673211588220.7000 406.8418
116959556121179.0500 380.8075
1758964641346963.2000 1006.7527
668054166746634.8000 797.9783
6115165814883001.0000 2161.2968
3781612393026915.0000 192.8274
425091719140058.4000 823.8742
4471695223111156.5000 664.2649
257868572057990.1600 340.2520
6774646241006724.0000 857.7704
1264377339680875.8000 1359.6785
776720274937628.2000 129.7124
2484153189525932.5000 1407.6929
167301660215632.6200 131.5800
5332117560660987.0000 2252.2405
915909578600998.2000 75.7896
386582477507424.4400 57.9090
2025894044009628.8000 1061.0606
3234755919179689.0000 447.3900
333713284382882.1000 422.2810
7597744308811310.0000 706.2085
1192164153774509.0000 323.7841
7884291109671341.0000 776.6880
2710130664170537.5000 1348.6726
676603587100813.0000 387.7902
1232788196160487.2000 1313.0800
775795801753888.9000 1258.1251
1946655772733845.5000 1556.5320
640860461169426.5000 239.6114
4953277273081574.0000 1795.9739
7292857632964322.0000 1322.5446
2386932700888766.0000 15.1177
1304680655207620.5000 583.2368
7891290796755686.0000 220.2527
8336585396856123.0000 348.2516
2774090750978722.5000 1101.5788
2211111769194662.0000 1996.0443
3101620699254540.0000 979.0632
277669266303347.7000 228.6493
4767225923459319.0000 1632.4043
489962047557615.7000 1297.0048
2341249670498315.5000 1500.3030
6542080060379017.0000 599.7599
2266952856355510.0000 1276.3753
373703376612878.7000 723.5095
1469539179472793.2000 588.6830
2208272694781689.5000 1565.4307
8005905317247396.0000 177.3755
3931478104213377.0000 138.1236
7581824201104989.0000 1494.3059
357614199016975.1000 533.0692
835061132376257.1000 922.9669
7758268911698710.0000 1374.0119
8239350197009504.0000 483.2915
415103832683275.6000 842.8565
947308049407016.2000 1088.7627
192788033203963.7500 1418.5186
839765841706211.4000 420.3541
186047352973021.5000 330.9545
2261660551464929.5000 1260.4231
1398510752511957.2000 896.2260
2607598451601341.0000 896.0263
465526983729581.9400 888.0719
367964858244985.0600 686.2388
565190665371333.2000 1671.1901
8047872763907475.0000 615.9883
2915872189886863.5000 1105.9194
7446031198706682.0000 74.6256
1527221325029418.0000 1577.7908
301098124628558.5600 485.4182
207683361226600.1200 1502.9767
5869317619429171.0000 2309.5803
4815882624570977.0000 2106.5986
1922991813020913.5000 1502.6905
479982648845719.7500 1919.0626
901420937928950.1000 37.4182
5941183502429101.0000 209.8737
4106635634702255.5000 652.0239
2750327203503707.0000 1063.2638
1568621540660163.0000 302.1573
2428250326269803.0000 804.6184
2704759917200265.0000 1067.2093
602764080001777.4000 1122.5602
2061578540633177.2000 1848.3617
3043812875830801.0000 456.4870
1464976569207312.5000 434.7663
5024050024234163.0000 2296.1495
3979972526788856.0000 580.9133
1646926843054870.2000 200.4254
979778477417937.8000 166.6124
291911524288760.7500 662.8164
5586559848553635.0000 1727.8202
384260418859671.1000 1494.0770
3691825125239261.5000 462.1621
2636174128039707.5000 1624.5998
864902931310702.2000 345.2197
400768850408643.9400 620.4100
254073101384943.9000 399.4831
489532616798858.7000 458.4188
282692527741363.5000 718.7158
5226832557772995.0000 780.4798
1584574213826973.0000 99.2944
1907613940335112.5000 1532.5419
6496875857716947.0000 1199.2443
5639434485689160.0000 2194.2712
167219760661190.0300 1170.1076
7870231935616806.0000 34.1873
5577991009378110.0000 852.0154
3261065202165298.5000 224.4978
1378044728280076.2000 512.9242
429732384169064.6000 1237.1327
283768641558736.7000 322.0304
7866645141090215.0000 406.7058
254345509278434.4400 74.8136
525682010452568.3000 287.6259
1569698114718752.8000 1591.6925
3756504701197916.0000 419.7744
4504012622593150.0000 2408.2430
3752066318412877.0000 417.6509
3201695688355190.0000 495.6102
116981757737367.5000 1027.4871
3617492322597666.5000 141.8363
2492764888830107.0000 1084.4179
6370737039161465.0000 1545.8028
146090226218423.2000 1718.0167
7208142319308495.0000 201.6258
8078252022394201.0000 422.2439
307550175989786.0600 725.6293
546261778534984.2500 09.3486
4222924817336004.5000 2231.2682
7876236766353276.0000 1029.9625
434663270850391.2500 890.4772
1562825317073462.2000 1312.1214
202611370997109.9700 67.7861
3955921184069117.0000 882.8903
6167055760691453.0000 929.4278
1608621227087548.2000 363.5673
2106285490389097.2000 1007.0915
323364988029748.3000 00.6588
1742486900709744.2000 1290.8578
1140687480859010.8000 890.4551
1624219374874023.0000 1160.5639
3946898129768330.5000 271.5009
5684373503135509.0000 2543.5668
5795377591197847.0000 944.9429
7239390406728339.0000 1044.3310
3801922654108811.5000 1457.0054
217544954982494.3800 577.5412
5533758818149870.0000 1345.7386
2583137060876735.0000 1334.0069
1818343251000703.5000 1431.9917
642361062691937.9000 24.1916
2018967479856123.0000 528.4498
721058674293684.0000 137.4432
5320727659578650.0000 1063.8436
2565826163425605.5000 513.5463
4098206964241310.5000 2074.5159
312635405264477.2000 145.6881
738010139184953.0000 387.8266
1283040272393551.8000 377.0929
2458984064205695.0000 1094.8669
5868906896102298.0000 2603.3036
950503936128507.8000 301.0772
2900903724644102.0000 475.4324
2998286191714838.5000 448.2928
3490829700303996.5000 102.7266
2320544780956668.0000 1907.4022
294430738909267.0000 366.1738
3008361614765726.0000 284.4025
5384980660695207.0000 135.6305
7673829385973224.0000 386.7504
554829542063293.0000 308.1060
1303010533651630.0000 191.3048
1591297566313667.0000 1222.5828
3656240956327722.0000 558.9034
1590780343652261.8000 51.9117
5001826982742420.0000 2255.4119
5246519723548020.0000 1427.2977
1653582661140632.0000 988.8489
6984199546289895.0000 1859.2794
1742583976003899.5000 1682.0225
2736719818923077.0000 58.4407
661807632529814.2000 297.1352
343700486093055.8000 252.9141
691944336165442.2000 1892.4929
271755635258435.5600 657.6377
695565429533816.9000 1736.7075
1944660439756269.2000 1858.7459
168144962743982.1000 499.0437
1864311704501140.8000 1188.8670
1808571250330874.2000 1364.3130
213101755539982.4000 868.9571
935264832319271.9000 1189.2742
567274521247480.1000 1124.4660
6457223966270357.0000 2109.8516
2808263661229221.0000 590.0036
4220868442515908.0000 1414.2390
3948334018490734.0000 1346.2196
730328682151016.0000 1172.0038
2650758669561336.0000 529.6725
7753109263799128.0000 233.9697
1028010581248909.5000 777.9545
2214866635908301.5000 405.5051
4980060003996907.0000 69.1131
1890499351055306.8000 433.4346
117810601682905.7000 67.2820
1327887310260656.5000 1272.0998
151880466994533.5300 807.3592
3626534021384623.0000 784.9836
8404949044219407.0000 351.2685
497353295849779.7000 443.1594
1104844132754271.1000 157.8145
3817619651507944.5000 1477.8886
4501918509045838.5000 2353.9434
1041072744088202.5000 744.7182
3500740349769711.0000 123.1319
1553413349541146.8000 1804.3716
1534525859393904.2000 1774.1640
743169611381560.9000 682.8538
301042452032977.6000 390.1892
1276912613349974.0000 433.6912
5519191632831436.0000 1215.1978
519308227938251.4400 1197.6402
913845750327471.8000 664.2272
1037922827341700.0000 429.6868
5924187476234341.0000 1254.7657
6602447710433354.0000 1776.6473
956451387443849.8000 1213.7314
307796968303417.7000 353.2445
1821233110155277.8000 1316.4153
761968027264360.4000 829.0363
386355826090118.5000 1000.3572
1405231136401085.2000 917.8311
2586195897657921.0000 461.6906
6300661675401091.0000 1877.1372
7997229374604918.0000 933.4592
2339248723241559.0000 264.7447
5918350368759398.0000 1220.7850
5113724960857200.0000 183.6911
146274543624067.0000 1344.4472
2161641554639771.8000 863.4463
1363875948520366.5000 1104.3720
828102200020059.8000 589.2310
141777529025228.5300 1124.7400
6178251295895717.0000 1203.0181
2303272543677840.5000 792.9013
432102590352910.9000 438.6916
732998308139973.8000 477.3662
266593625986041.5600 615.8920
517771579362773.2000 1601.5556
5466900692239795.0000 859.6079
257518370809081.2200 344.9847
6339270194902223.0000 1117.8093
4613251086509852.0000 1117.6131
2544317516929518.0000 307.4880
199032544969938.0600 975.3241
138239002423643.3000 1071.5108
203750955512996.7200 67.5726
689059289585495.5000 1752.1737
692654683740034.8000 534.8686
6562844613783671.0000 2033.7195
2168519309189746.2000 719.2599
7382376066977427.0000 524.4678
6253520791831605.0000 2515.5564
872682520260786.8000 848.5771
436375239111481.2000 1297.9252
1102236458966445.6000 524.7079
6322695277677643.0000 1791.5954
1317170463864665.2000 245.0686
1215842486950676.8000 45.7695
321053061287426.4000 311.2541
3919753871467731.0000 1463.5390
631205020554394.0000 1069.4314
488162921313316.1000 1518.0656
3145737054262469.0000 518.9873
4689863263689591.0000 2120.4763
1576294107876376.8000 609.7189
1055050948345590.9000 262.7911
8084907515354167.0000 402.7208
3933874676103293.0000 530.0558
5826231938264603.0000 1696.8689
401323842590620.2000 622.0793
686841263132058.4000 420.3561
2755872508591399.0000 1013.9666
4646456512053837.0000 09.7826
363995588932668.9400 1237.7478
133109151713745.8000 133.8030
127299505886183.9200 1195.5734
7302713288744206.0000 575.1450
7452084395967076.0000 1177.4242
845806152393681.2000 729.0290
1428199303548522.5000 1368.5739
2889560371760775.5000 222.0145
6173815809733427.0000 1472.1124
617810936199998.5000 612.4187
565178122844781.2000 226.5367
5806377289659411.0000 2010.4780
926907595978841.6000 371.5313
5623002753798930.0000 1722.3581
813704079308040.8000 155.5160
2731054934442369.5000 957.7438
4644297194422932.0000 1895.5937
6312455382215447.0000 1216.1994
1394251666756204.5000 1139.9932
1365245886813856.2000 884.2794
4009802771016254.0000 362.4235
998734475316459.0000 798.5942
879543717974343.6000 181.9552
6695122329588932.0000 412.4818
3266557130204484.0000 413.1779
2120452794683167.0000 2045.4068
904298017512765.4000 333.3066
3647861840521174.5000 805.4886
597633112305273.1000 1097.5377
589743847742643.9000 1350.7197
2686400308478426.5000 1020.9450
2087855605664341.8000 360.8959
662704832654226.1000 1098.3700
7209154195144667.0000 602.9138
228841491771830.7000 333.0353
5823611996653266.0000 1255.8217
1935828698700966.2000 2055.5351
1516830711465106.0000 388.8475
3657914247457927.0000 502.6574
562126095274394.1000 228.4053
578422805458596.6000 1207.3102
5502481781231787.0000 360.5753
2100104203705934.2000 125.6996
118023666709909.5200 1222.6329
167452802315316.4700 586.5554
300715776611098.3000 540.6385
7757791761048077.0000 08.8462
391438719849193.4400 260.9206
456762558807261.9400 864.9682
1359807699038786.2000 859.5181
4954232781709984.0000 2008.9284
267373168061413.5300 703.3859
119298509845155.7200 421.0475
2717260136345623.5000 139.8289
826759581805696.8000 234.8462
634018445631485.0000 1955.1202
899345394981940.1000 180.7886
328772698925552.2500 239.8807
1159955582827955.2000 387.4993
5308310261194258.0000 1386.8983
5304276689663297.0000 1988.2284
880999694849183.4000 1392.4391
218190835840383.5600 1178.1511
1745283279284279.0000 1183.4905
268876884784256.2200 325.3385
3057562121719897.5000 614.4559
3828606863815461.5000 1036.0815
964349873675144.9000 1173.9864
277882929758220.7000 742.1967
181796267271760.2200 1671.2122
173720365469774.4400 416.4289
3686460687283957.5000 1114.4091
1754302310165211.5000 402.2228
1806733169476076.5000 838.3732
222297309375944.1600 259.0225
738639440055845.9000 1814.9079
988146881060149.1000 422.0583
130529415135086.9500 705.3875
3381177844465646.0000 396.0801
1245187985138277.2000 414.1055
680058098989616.8000 225.1417
7152154621261472.0000 373.1987
164541007614182.2000 743.2195
2591677865763056.5000 71.8382
7221887967928023.0000 302.6791
1279614433332222.2000 02.4932
3063207682721262.0000 141.4655
275561448388294.4000 811.9757
7878624621565149.0000 919.4006
394034309436879.6000 828.2702
830363380018161.6000 781.6294
846078530626305.9000 1099.4954
8247775930598117.0000 627.6952
6509075193213201.0000 649.9778
978924461524411.5000 630.5676
2791672453210400.5000 556.0499
3494297440290875.5000 911.7818
217993810180731.7500 926.2298
154788338864456.2200 1256.8036
3080929703807829.0000 317.4137
2444457853227422.0000 766.7931
429045202889855.0000 1734.3955
6175252170642742.0000 1630.2115
5802934142090633.0000 2034.1616
4501856053745780.5000 160.6602
393869623215991.9000 458.2406
1690412113189785.0000 1219.0686
2907978449943721.5000 464.3807
4077988134473486.0000 972.4887
6400978896078301.0000 1301.3769
5515176644016380.0000 1475.4231
3426980949385288.5000 539.6157
592108221149019.6000 1638.9380
126543594122231.7000 1103.7272
671225235856473.2000 1174.7866
516526744682529.0600 1386.6679
2958926127010509.0000 115.2258
1105926321180226.2000 789.9232
4561482245704130.0000 1073.0237
621904155830361.0000 1252.0507
222831494412956.7500 702.3570
121218968984244.6900 761.3254
125243234935700.3100 30.6997
168027075356242.4400 787.9082
5372157093853495.0000 1747.2035
5644224792470341.0000 1761.1493
1114292028391697.2000 132.0810
959876144387972.4000 729.1793
751723780829059.6000 210.1070
2058586048137846.5000 03.3757
443006852095888.7000 466.5422
1069315969277684.2000 620.7633
2540484059543497.0000 1431.5333
1505381225512857.5000 945.6918
628829793886240.0000 1440.0003
359416721849803.0000 373.9130
5331595678445302.0000 805.9956
2661371115854925.5000 1182.0999
8041934046998842.0000 1177.5063
8450560655980646.0000 354.0397
596637852251279.5000 1584.0006
2862419334000046.5000 1170.8594
2045681925643921.8000 1450.2987
403597089601266.3000 76.6424
735989556552066.5000 1513.1757
2523525642613687.5000 874.3279
4972309371211101.0000 129.2305
288061160277133.0600 128.2983
3511307442932079.5000 79.7165
1858774757147697.5000 183.7330
8009403895192837.0000 246.9705
2073516634709006.5000 1436.6077
1766548828410666.2000 1288.6684
3635426443577873.5000 763.5876
186914953265490.4700 513.4358
767934624726217.4000 1077.4430
4229067687392895.0000 591.9924
1361384336849533.0000 1184.6784
132576040287074.7000 290.6904
911589808855223.8000 250.5061
5278500074553167.0000 1171.5719
1882170965748813.8000 961.3103
3541968114008225.0000 134.5740
1011220008223703.6000 494.8233
7270255001879618.0000 824.7415
3739357035279504.0000 1391.8414
632583491951780.1000 553.0087
1968862832519990.5000 1359.5347
801640024889011.4000 885.1811
392727723721634.5000 533.3811
2851027987128390.5000 1396.3280
552705572616729.0600 601.9947
7060617583420561.0000 1394.3697
815055339811478.0000 929.9379
7141137941075458.0000 1242.2927
3863747009820183.5000 55.0569
4914340010948194.0000 1532.2344
3611546240097704.0000 945.5443
904140338974782.9000 1353.4363
140184846733849.5600 204.0480
1173859860952726.2000 714.4637
7926986739018429.0000 70.7526
2820148532729433.0000 1012.7278
2562006045833072.0000 1375.9188
2008681536049246.0000 761.5584
6581937390959894.0000 1115.4461
292759580106078.7000 500.0011
4031195438471632.5000 1395.0194
3577758736713143.0000 278.8154
149638423701573.7500 562.3888
574493347710581.4000 1078.6996
582991929961297.0000 977.9827
8029398006508332.0000 470.1029
1550845620746021.8000 2077.6227
2365954953608047.5000 1571.5705
1310507967513555.0000 94.0504
4465987837441999.5000 1629.1180
6041441355002253.0000 644.7504
384467422533876.2000 1072.3905
170755937135730.0600 18.7821
191761852399184.5600 1086.4854
3276699120296497.0000 989.1826
3794312632737224.0000 1555.8326
7412221114950845.0000 564.2404
7720873162332159.0000 890.2189
164555465756360.2800 974.0805
1580789201702931.0000 1470.3328
1808865132150119.8000 232.9203
2886507662967009.0000 925.9383
384091929552486.4000 154.0767
979690033351170.5000 385.0433
122672928500542.8600 83.2523
257290225384084.3800 1095.1459
5979351126652157.0000 799.1421
1898746312033510.0000 1498.4734
3381672371841961.0000 312.6881
834018476888809.8000 1157.6814
1745333718168922.8000 1220.6794
331227473558124.9400 314.0825
131017738204430.0500 1350.3279
1576627344554409.5000 850.3840
6273742327995333.0000 1982.2354
2378615993439915.0000 1260.0138
1972017702735162.8000 1527.3622
2604577482190301.5000 1108.7409
2482404369116531.0000 1671.8051
4646960662662282.0000 205.8879
294095858138723.9000 274.0229
7197756929501897.0000 206.9885
3518408088625376.5000 1029.9895
5145454666088466.0000 1565.0527
4934035273185395.0000 509.4333
910203656210304.9000 936.9597
190472570676026.4000 1092.6437
7000112153777199.0000 1166.5643
244617435800364.3000 340.3238
184696420072855.9400 73.6086
3273266324518943.0000 392.1693
528276129990342.2500 1001.9731
7054693195078441.0000 1766.1454
1479260899544456.8000 2022.5375
1818254386943348.5000 376.4155
839281002423645.2000 1035.3773
806626092964193.2000 77.1349
1550789817172233.2000 1055.4255
183601359539524.9400 1806.3416
229124334792263.7200 1232.0416
1171492207049103.8000 989.6297
255101467759783.2500 10.6039
1657791278016289.0000 115.8324
2931347694816287.0000 528.4266
3193319256575761.5000 65.9329
119985791063275.9700 736.8848
7215454733950481.0000 1029.0540
496645148161467.1000 1386.5699
426146336519795.4000 389.8640
8438148410496414.0000 712.1667
2664565014126595.5000 1089.0881
1093543833072736.2000 365.7001
2482945627206727.5000 1419.6724
472400111325532.8000 473.5867
2264548807956466.5000 1398.9591
5234823547080673.0000 1661.2560
2893176014785514.0000 411.4176
364664738154754.5600 555.9872
734109184584452.2000 1675.3194
3144127023576975.0000 172.9849
7855527903736214.0000 822.6859
3616518789838410.0000 299.1022
3043159825427819.5000 1038.9016
344090119502619.3000 929.7775
823302798764481.9000 1268.9094
7997817947993861.0000 711.5412
2570092648092325.5000 71.0731
124739802786045.5200 856.0729
324148598335376.9000 489.3556
3810445128677328.5000 390.9260
6690274984115429.0000 1383.9834
4084892308040733.5000 553.9862
1975779963084053.0000 590.9364
1683155606411648.5000 194.8864
3695495817368436.0000 1400.3963
8086682078840718.0000 589.8682
5768008851808419.0000 2244.6477
2731583068412855.0000 467.7203
2311733494295822.5000 1456.4647
1257442366841011.8000 1076.8185
2709068727380985.0000 1194.3954
232988035298895.3800 396.1411
2184553223117630.0000 765.4728
6638805796521245.0000 1733.1893
569472074508335.6000 598.9452
2814683333340466.5000 480.2729
651500628371398.4000 798.9376
6980862498375991.0000 701.3019
7411317607186168.0000 363.2898
2194708597265746.2000 123.4441
205515637995100.6000 712.6650
913074235462717.8000 588.0737
4876804180178090.0000 1656.3720
1220572765781094.2000 1246.9009
4461995291015996.0000 80.7655
930454849900459.6000 600.8085
4755260780580952.0000 920.1294
493352396620561.9400 155.5669
2173431251803748.5000 172.3917
3926944859929981.0000 1188.8637
1065699857057249.1000 225.3956
8003552214846173.0000 351.8592
191236468754214.4700 814.9541
232868167679628.7200 1063.9650
4584803626126350.0000 721.2781
3983411326026971.0000 1154.4410
3135667026211119.5000 546.4440
3363793794909899.0000 130.8833
323660545204638.8000 75.4906
980613412049322.5000 297.7327
1345598441435262.8000 1103.4052
3695202183760281.0000 1085.7493
730007829134302.9000 103.1637
5782863764017200.0000 2251.5891
2069836527490197.2000 1373.0314
2220062994679667.5000 1439.1027
2950283823900955.0000 354.5517
3632811018978338.0000 429.4861
4750974844370748.0000 848.6145
480315644187535.5600 1291.8754
1393771002217019.5000 1833.2523
5545719958046979.0000 2094.6903
2731728968375074.5000 963.7730
3321078503782006.0000 1063.9570
3195761881405028.0000 495.1115
163236863721399.2200 1261.2169
7466722505666164.0000 1182.9764
979618313442769.8000 122.1209
7217751060790548.0000 18.9813
5972314195118294.0000 2275.5312
1425032326916198.5000 253.9930
3409768948539804.5000 331.9794
1177694099049130.2000 417.7436
1707374209171173.0000 1976.0963
619686388604619.5000 1448.1070
723377687375879.6000 1540.0624
2267450229899842.0000 1772.1308
161367224937958.1600 423.4601
570209102644508.8000 407.4097
3579329370741559.5000 80.1605
739696256186474.8000 1188.3116
510111354231662.8000 1263.5397
370200689937932.4400 1057.6651
499002261450536.2500 1606.4759
3070713819556651.5000 282.5495
1574765104843954.2000 1804.2763
2152676812737022.5000 1535.1963
2379631111194041.0000 1304.3393
434693621578892.7000 1631.2768
4373436420504198.0000 550.4634
167112614030300.3400 1193.3171
1510293675546696.0000 2045.6766
7781003405616182.0000 578.9353
6855108973665210.0000 1349.0079
1585670891398390.2000 1483.7397
6883667037919290.0000 669.3288
471252448651497.9400 729.1751
190130052238536.5000 1033.7900
133805713909537.4400 1111.1839
1537828049844027.8000 494.9584
3255108796756454.5000 786.6077
1523814276499581.2000 1804.5566
263346635656930.3400 422.6648
432445880920158.3000 1292.9683
6211720243542592.0000 2405.1441
8169053149436072.0000 319.7469
234557035349827.6600 789.5518
682147634662812.6000 1672.9963
5302675598532423.0000 1738.4074
5408746049266554.0000 322.8414
2497450715181721.5000 263.2118
3390048718570108.0000 553.1517
167581253253651.5300 892.3850
1598929400617852.2000 67.4641
532218266645733.3000 810.8898
7646416602863670.0000 69.6832
4781732612967039.0000 98.0735
3404073510332186.5000 508.7683
494040698175007.1000 451.4990
1470876030422110.8000 1360.9188
133533588144273.3600 1013.7990
433990757128010.4400 1208.8266
3920572376600961.5000 1292.0052
923105282246431.6000 1271.0546
480235790828395.9000 48.2138
2060291302657807.2000 1103.5358
654228483014656.4000 170.5980
377234887728050.5600 227.8679
1439076412148602.0000 1958.8248
5553996120411444.0000 2129.3924
1736496337444055.8000 244.0444
7492841697361092.0000 596.7160
119526327725727.5800 1048.7484
4253150122315080.0000 568.1686
7133939204004769.0000 1371.7537
125813064168599.8600 710.7970
1992139126638084.0000 284.6856
5615183843791816.0000 1174.9659
4621398239580023.0000 1070.8315
201204303453603.0000 1241.6304
4301438169342181.0000 454.0620
149633458155352.2500 1251.3863
4866077748620888.0000 1629.0695
627069164100738.2000 237.1204
5923395344719407.0000 673.9728
6536906050404929.0000 1210.4438
3243986229775246.5000 608.3061
163401812791045.4700 970.2492
723904424347481.5000 1689.8530
171433759965735.4000 602.0393
2669812298098088.0000 261.4156
541983660585734.5000 1116.6003
2847940387071799.5000 730.4662
4380978236187588.0000 1398.0209
170268620335264.7200 809.5854
4650823790614728.0000 1260.2940
2523069357789421.0000 1106.2372
2752755667259259.5000 708.5618
2030175271578054.2000 1026.6007
3391324656013151.5000 389.6673
1960046934254997.8000 1645.7936
6844060188954114.0000 1223.7467
1123541388121760.1000 655.0371
1026559127935882.0000 35.8265
4707036815803120.0000 658.9180
7180997687263813.0000 207.3871
2488547023037053.5000 1303.8101
2092709756532330.8000 1205.1102
6957013214436141.0000 1847.5890
1743717749337039.5000 1506.7200
7827078252336713.0000 475.1160
150830715997110.0000 1126.8453
2811879710228737.5000 1187.3925
866369859796656.8000 1172.0107
3902112802348932.5000 1785.5897
968608331237412.0000 683.9443
4501859071473525.0000 1432.3486
244286261663488.2500 321.0357
6096549326871877.0000 2031.0866
174591623650527.9700 386.6426
130774936807456.4500 137.8722
503576584890712.3000 394.7059
122555936113677.0200 259.6447
5251825704498380.0000 1059.2526
5256326543725161.0000 656.8058
5590950612594654.0000 2069.1643
1955014333110685.8000 1880.6214
369205464019149.1000 12.8815
7392663158515034.0000 1389.0300
1611154514542303.0000 1611.5613
1319282102103908.5000 1139.4824
225135251331514.3000 836.8435
1932237447077894.5000 806.1836
666504358989823.4000 1917.8082
7570869733143493.0000 308.7422
6128238268042824.0000 2255.5547
2068178146877830.2000 1928.4628
7373318566020629.0000 334.6536
6658882319336423.0000 727.3308
522078971658187.2500 991.3724
498064384736313.5000 406.4099
2791310390791948.0000 101.9815
1690940946306324.5000 1645.4012
370516196830716.0600 132.4668
2109438360050766.0000 44.9173
1827882404051789.2000 1217.6104
4885586148776751.0000 2099.0858
1208849089805592.5000 1272.2407
244266619909735.0300 646.3677
4809079748072158.0000 1689.9533
1139972533178922.0000 909.4826
603854174724303.4000 1508.7998
5133165543151383.0000 1316.0636
595801744324312.0000 1853.5436
3144781671471932.5000 64.1485
472542968930791.7000 102.7965
1024754360285940.6000 187.3193
4164180051355620.0000 1310.3584
4622811050591714.0000 2282.7320
3533208276301024.0000 263.6902
838149289358007.1000 608.2741
304325452778191.5000 479.3786
2200819192877221.5000 1904.1257
3888969454322306.5000 1745.1751
493362836449549.1000 776.9610
3285249194111585.0000 817.3846
1520432986779242.0000 1569.3574
1409156935541646.0000 275.4433
467080225111718.7000 1181.0042
4166903568595090.5000 1870.5014
2110369803742225.0000 1932.0891
4072432284589326.5000 715.5036
143587798067214.0300 53.8735
1576339151339207.8000 1085.7979
406630859418455.2000 1328.1449
1271396070739172.0000 647.2031
575876925877584.8000 938.9957
3202293703827381.0000 538.0746
4332317556503180.0000 71.9175
3611221955877049.0000 924.6308
678334570606755.5000 762.6611
182157347436974.5600 1053.4388
3698750677399087.0000 676.9135
