Raw 2D
0.0
0.0
0.0
0.0
0.0
0.0
0.0
0.0
0.0
0.0
0.0
0.0
0.0
0.0
0.0
0.0
0.0
0.0
0.0
0.0
0.0
0.0
0.0
0.0
0.0
0.0
0.0
0.0
0.0
0.0
Raw 10D
0.04
0.0651
0.0576
0.0588
0.0474
0.0515
0.0476
0.0473
0.0493
0.0636
0.0616
0.0371
0.0813
0.074
0.043
0.0532
0.047
0.037
0.0635
0.0595
0.0773
0.0621
0.0603
0.0463
0.07
0.0586
0.0534
0.063
0.0706
0.0374
Raw 30D
0.007733333333333333
0.0133
0.0053
0.0085
0.0034666666666666665
0.006666666666666667
0.0035
0.006166666666666667
0.005433333333333333
0.0061333333333333335
0.003966666666666667
0.0067
0.0039
0.004533333333333334
0.005333333333333333
0.007233333333333333
0.0103
0.006333333333333333
0.0076
0.008166666666666666
0.004
0.005
0.0023333333333333335
0.004866666666666667
0.0061333333333333335
0.0138
0.008533333333333334
0.012366666666666666
0.0063
0.0044666666666666665
