Fitness : Violation : Position : Miscellaneous
17.2377320006175 : 0.0 : [-1.4688510812995113, 47.37683501837395, -30.554349038161135, -7.7750882651161515, -21.940909679239176, -18.050175646828464, 5.197359970748523, 18.67615098707265, -36.99435322688943, -20.80630547104017] : 0.0
14.846554411494893 : 0.0 : [-1.5337427639892005, 47.35916066141756, -30.436324366256365, -7.712305441601323, -21.879322552374944, -17.992581749796553, 5.255668006143058, 18.70922616180875, -36.94924021327588, -20.671429624322414] : 0.0
34.667516354924565 : 0.0 : [-2.54205870598933, 46.61907822362424, -31.18192063143068, -8.87026579336205, -22.405201449116532, -18.891722367957527, 4.2833251136595685, 17.576499980379335, -37.825459736428954, -21.78113405786752] : 0.0
10.83724218688048 : 0.0 : [-1.4701620895676468, 47.50335776358235, -30.437650936838534, -7.7702215840228535, -21.76182474096275, -17.97385198183378, 5.082929718335721, 18.442274268171595, -37.30796906670781, -21.567892656801508] : 0.0
6.281487171231347 : 0.0 : [-1.4128028041542993, 47.48860803408196, -30.441538518778188, -7.734458879144962, -21.72497899690223, -17.853393912411473, 5.251868177592699, 18.69024010462733, -36.86767360077795, -20.435149444912284] : 0.0
13.500694107265362 : 0.0 : [-1.40232490822353, 47.46281102353277, -30.495264916252914, -7.851795471349619, -21.81767106163555, -17.835935959162608, 5.296545588697, 18.88016365041906, -36.55494660867135, -19.69542815216198] : 0.0
13.107512251471874 : 0.0 : [-1.449850027441206, 47.5323771650758, -30.541014379228464, -7.871481623271786, -21.81802493965802, -17.829996763039038, 5.426867400506504, 18.989358401984845, -36.35956028589679, -19.227413932837656] : 0.0
14.670658550608708 : 0.0 : [-1.5428579496288901, 47.36819731028699, -30.50041879407034, -7.860546823533976, -21.954805163872116, -18.042978828768003, 5.0688488997627195, 18.344154483955904, -37.556932609814915, -21.354488910103107] : 0.0
4.273143522197471 : 0.0 : [-1.520769380498077, 47.4753506796321, -30.49637927377748, -7.8090916792843394, -21.784671954625864, -18.002282217898205, 5.106194217710618, 18.37141641894788, -37.52768574539295, -21.511971469139823] : 0.0
1.627506876207684 : 0.0 : [-1.4760767924880533, 47.46143694632854, -30.485153218378876, -7.728521429419377, -21.77777348361727, -17.908811391874657, 5.219173603286036, 18.60039798478227, -37.19091908326317, -21.117546524805068] : 0.0
5.590753013957208 : 0.0 : [-1.4423103527552292, 47.52504337786337, -30.43582218104747, -7.725380161067365, -21.77022841524643, -18.028047550563414, 5.09165904061707, 18.431664075383566, -37.27606689505835, -21.294854010951525] : 0.0
1.1272600392992926 : 0.0 : [-1.4723384171994789, 47.48084221061108, -30.42110037457161, -7.732320857817285, -21.764692983908454, -17.87958138879912, 5.293967145313781, 18.769624648356377, -36.81064376808963, -20.37018309339709] : 0.0
2.1703578509246757 : 0.0 : [-1.486593726947708, 47.48052771371633, -30.433937725305455, -7.7617931233032555, -21.76408217602714, -17.852332044594068, 5.36427315701469, 18.904902229653068, -36.489420221331514, -19.561612637022556] : 0.0
4.770781052580366 : 0.0 : [-1.5519778331498342, 47.50319576690194, -30.40983240954911, -7.720304771514186, -21.707044261367308, -17.864609230914503, 5.282946042727195, 18.71877633554997, -36.926312263954095, -20.776403837207976] : 0.0
5.171089465137493 : 0.0 : [-1.453352643018433, 47.500037038091094, -30.45197837361286, -7.686573644729249, -21.720008423485165, -17.835392476262776, 5.419487158125415, 18.852434153982998, -36.577229552598894, -19.846067398692856] : 0.0
14.101950358876774 : 0.0 : [-1.4803476439052066, 47.39784483112952, -30.442659444006672, -7.778576704413986, -21.79464872818957, -18.059319105321496, 5.203341942886819, 18.613424744323865, -37.13196331236848, -20.940177164548285] : 0.0
13.740811346957956 : 0.0 : [-1.5202149925924244, 47.47523382515616, -30.388005993617583, -7.849931768703474, -21.770589514265904, -17.968948707506435, 5.188426405788908, 18.573186270207877, -37.13744715638262, -20.99700212796518] : 0.0
8.167698817109358 : 0.0 : [-1.431848476883402, 47.499856962720415, -30.422895936077477, -7.765678475765078, -21.832373997014606, -18.079308895678256, 4.990773227340027, 18.211121701757023, -37.675783524987956, -21.877754577082285] : 0.0
14.209969725096842 : 0.0 : [-2.862297252804158, 46.608529332731564, -31.30934272286603, -8.78983180728303, -22.61458789349068, -18.852759676400808, 4.280757653385945, 17.6829511822234, -38.01975523613423, -21.77451625936747] : 0.0
3.80908873455221 : 0.0 : [-1.486014378517019, 47.49228095800166, -30.47472251180528, -7.8272921959048425, -21.83134510345317, -17.917909448897895, 5.215520436432738, 18.63019016584957, -37.09768931633496, -20.973166148626547] : 0.0
13.468859931431622 : 0.0 : [-2.5806144816261996, 46.49303734826268, -31.28517994473666, -8.718217412422238, -22.694420878220114, -18.913583809703077, 4.16313698961668, 17.692141220674667, -37.88852422915533, -21.732915293338603] : 0.0
10.698449737422756 : 0.0 : [-1.5569935806620123, 47.428325916094444, -30.57142554756182, -7.838924457847442, -21.772014094217006, -17.8984632267539, 5.19522858561602, 18.49919538148388, -37.23019829709178, -21.10663206870115] : 0.0
6.206584982039154 : 0.0 : [-1.5058117696884947, 47.482043795982776, -30.52110293728948, -7.7955620908714955, -21.766380621532505, -17.891324936675716, 5.353852150149331, 18.812491770093864, -36.69532964872732, -20.047625797744615] : 0.0
5.68627912069834 : 0.0 : [-1.4493762344113015, 47.43152866033216, -30.441419307775853, -7.7516252979444875, -21.807062638313177, -17.955295587804706, 5.102879577320947, 18.35185710020023, -37.43873747944255, -21.48208788993302] : 0.0
3.1211623443170993 : 0.0 : [-1.4764920006766298, 47.50606338369255, -30.424291224846023, -7.783790558865473, -21.81134024946936, -17.938254083627367, 5.0872874179473015, 18.37479083060228, -37.50917112853038, -21.5920372084515] : 0.0
1.4187108679453826 : 0.0 : [-1.4899973854728292, 47.480898893999765, -30.450110413071346, -7.729450045341229, -21.76442467393871, -17.901245920514995, 5.256562104757747, 18.612001454650915, -37.223427371507164, -21.18417582369496] : 0.0
1.1198937560511646 : 0.0 : [-1.4524319148667015, 47.52048438057033, -30.437760595428916, -7.729048805135813, -21.80780740120175, -17.968957039785757, 5.150894123618444, 18.455077937865987, -37.400517700983606, -21.36614563510437] : 0.0
40.81220127457319 : 0.0 : [-2.101902421652651, 46.73489267661927, -30.970966350658585, -8.218345944455052, -22.489675523268758, -18.754052606457847, 4.460410765751392, 17.883531399464175, -37.69375005855517, -21.704346714832717] : 0.0
16.32934781919059 : 0.0 : [-2.6591871790728847, 46.589901059603875, -31.27110323292908, -8.726419597716369, -22.61052215818232, -18.91063825672216, 4.201007194269286, 17.62654321425591, -37.94158738132633, -21.84231728634722] : 0.0
29.505052707239567 : 0.0 : [-1.3690563589985358, 47.655811930246884, -30.40858923330549, -7.901441124454323, -21.98015915847713, -17.962562880233612, 5.194762952049675, 18.60621314620942, -37.03203295684531, -20.960849284695147] : 0.0
