Fitness : Violation : Position : Miscellaneous
5.096513276832695 : 5.461873997084335 : [-41.13938143717909, -35.901080940972776, -49.022110692850475, 93.95333138517391, 30.875791249847843, 98.72807873340979, 29.79678535203913, -32.02386140307884, -47.19714518272065, 26.25696660721598] : 0.0
5.519959255245397 : 5.69849288370303 : [-41.14857714743009, -35.92110736002403, -49.06755885429411, 93.85330690300793, 30.8146921193359, 98.70538470297113, 29.795547014069605, -32.03253141372451, -47.18530477268533, 26.261695053362338] : 0.0
4.8438814572814515 : 5.176722898049653 : [-41.117870693187, -35.84910738002115, -48.94503883983067, 94.05209894183807, 30.95041445854929, 98.74696871398103, 29.78849475669798, -32.025812133688376, -47.20122794177284, 26.266274682920198] : 0.0
5.530352373762192 : 5.848320790670269 : [-41.17252223133434, -35.95923525992863, -49.11134975212524, 93.83285245503849, 30.795729911452092, 98.71310298624735, 29.791074290921586, -32.02680223872119, -47.210229008884845, 26.248504617588488] : 0.0
5.561773091843939 : 5.865966841268457 : [-41.17637518465399, -35.96960769304936, -49.12020263293659, 93.82048051074054, 30.788321410947148, 98.71252594856963, 29.788193044111317, -32.035893907843004, -47.198345806564134, 26.267423300747947] : 0.0
6.254304335995788 : 6.223391004954598 : [-41.21558195579656, -36.039770501736434, -49.23644245179251, 93.68086346527313, 30.728859024670378, 98.72921376062372, 29.813252627189048, -32.03081940467829, -47.1995746423838, 26.255471625756492] : 0.0
4.995853799242242 : 5.372409085245655 : [-41.117085184034565, -35.87104998400943, -48.99118484021808, 93.9955196203892, 30.91467966264027, 98.73373708404291, 29.779901616799542, -32.04131261153181, -47.207318148846454, 26.255844779451742] : 0.0
5.6324644052412065 : 5.9059541007996295 : [-41.17584799826929, -35.960479593409445, -49.11964425134468, 93.81740842559753, 30.766859339908326, 98.70544719018673, 29.800927018263387, -32.033138994427055, -47.209854415157835, 26.251906283416524] : 0.0
5.6589945640653685 : 5.924783030277092 : [-41.175404709602375, -35.96789855194427, -49.13482994585175, 93.80729890852761, 30.75975607609734, 98.70648589403895, 29.79635894248795, -32.03107722641773, -47.19302037567266, 26.252632408359666] : 0.0
4.813580144186387 : 5.205703427663112 : [-41.109279906458056, -35.86592487145398, -48.9556977439066, 94.02756929122828, 30.935477367569177, 98.7636873103468, 29.80170047466798, -32.032269658894464, -47.197795236538504, 26.259833402090965] : 0.0
5.538040369712256 : 5.823943522449616 : [-41.161606135209404, -35.950245186599695, -49.11093291737182, 93.82987586214789, 30.778888645965395, 98.71827768997937, 29.793660177835555, -32.02376539625374, -47.20252352538091, 26.259976472377787] : 0.0
5.386229131507419 : 5.688031055848457 : [-41.15527749945542, -35.934830258052834, -49.070784876799486, 93.88966135668147, 30.80836832353605, 98.71852221944563, 29.794262508095905, -32.024498650164475, -47.20466784969958, 26.257772171683985] : 0.0
5.353806424110214 : 5.691990832922761 : [-41.155946571014155, -35.93171125857711, -49.07091177353724, 93.88170292501357, 30.826140478855493, 98.70456589773804, 29.788164433891513, -32.02905712171773, -47.19444685464915, 26.25689188055884] : 0.0
6.410655706494676 : 6.499786363123012 : [-41.27728253233394, -36.12442859218266, -49.31702246675509, 93.64453809104283, 30.70924571456648, 98.71552766307832, 29.794402286441002, -32.0243262083802, -47.209818798412506, 26.26798935013799] : 0.0
4.9178988363022205 : 5.353234768074858 : [-41.12981855979224, -35.88014839299372, -48.99322426991948, 93.98497092962273, 30.90763155727142, 98.74972014132459, 29.788641796086516, -32.03600142776088, -47.19942451480311, 26.26221775745197] : 0.0
4.989562078643437 : 5.320857387443164 : [-41.11679053061081, -35.86975967921667, -48.975090492169144, 93.98757956126579, 30.90588232006683, 98.73334787688185, 29.78758572727782, -32.03954960939693, -47.18855839246784, 26.277556022986023] : 0.0
4.802700887794564 : 5.16678105263436 : [-41.11476548582357, -35.86251116839688, -48.95649172862647, 94.02406627310256, 30.956405837905905, 98.76060418163692, 29.79534244751994, -32.022935428392366, -47.18143035980889, 26.262732387482274] : 0.0
4.8203496594001045 : 5.263231610266469 : [-41.10872849432275, -35.858179820217345, -48.961352490615084, 94.01551657776652, 30.93556973350066, 98.75050941621168, 29.783611763399552, -32.038358994955225, -47.203435834970534, 26.260305920178826] : 0.0
4.822700562141461 : 5.162185553912944 : [-41.12109360848379, -35.868704409462836, -48.944702736238945, 94.04138778717405, 30.954617477791356, 98.76189688053704, 29.80335070867033, -32.036850453880895, -47.192101028243314, 26.26748566155868] : 0.0
4.871157008581035 : 5.2884175000603415 : [-41.12588398607786, -35.8748002769524, -48.97017994430129, 94.00487375074856, 30.91832876537965, 98.75378335028083, 29.785145017454397, -32.026735061617416, -47.202928281693026, 26.267047454560664] : 0.0
5.351108389276272 : 5.6522301046927605 : [-41.15062196677488, -35.9258835285344, -49.06930072707801, 93.89420106494174, 30.820895260554902, 98.71948469229704, 29.797304591633683, -32.030850332872326, -47.21136548645853, 26.274158974434716] : 0.0
6.303649017520531 : 6.315028227397356 : [-41.23122739880911, -36.05230756632321, -49.27686496882271, 93.68340569001667, 30.71357450022, 98.70912175529594, 29.790058438762124, -32.037606597526946, -47.17792949138017, 26.267071856295725] : 0.0
4.813022219931709 : 5.224877761614502 : [-41.12001647951263, -35.870660272753426, -48.96251637737576, 94.01579169110335, 30.94784755533017, 98.76184956826565, 29.787700918162336, -32.02498582584288, -47.206731515017594, 26.269253724000443] : 0.0
13.20260083141208 : 8.500541693347106 : [-42.29750992772858, -36.67681609537857, -49.6434318652024, 93.6544917605435, 30.60343543061611, 98.75713158565014, 29.769518941278584, -32.014887433266125, -47.15224979813118, 26.216884992930275] : 0.0
5.187092199155037 : 5.506445635410696 : [-41.132286803885535, -35.904332589492384, -49.02904048743389, 93.93793339382114, 30.851810216214332, 98.74783802310566, 29.786462098121635, -32.02628018503173, -47.208432985346434, 26.261510837721406] : 0.0
5.0705101635405265 : 5.434351448475465 : [-41.12431219796457, -35.892733725318365, -49.007292562550134, 93.97742453728408, 30.887868613644166, 98.73419466008352, 29.786548402148856, -32.04093624702726, -47.20835625942041, 26.26037616926265] : 0.0
5.756905365821727 : 5.963896709712923 : [-41.18391077116207, -35.98454840117451, -49.14886541580308, 93.78136560816131, 30.750708687217767, 98.7167720871769, 29.782733401036257, -32.02206892644673, -47.19827851373714, 26.276543898200085] : 0.0
5.190045171769788 : 5.558060371908619 : [-41.13928536773186, -35.90574185276446, -49.02659203030754, 93.92548140888947, 30.86220109408162, 98.72130552957202, 29.770173513489347, -32.0317429840257, -47.20144710375356, 26.259014775462564] : 0.0
5.4899241300917945 : 5.771131155356956 : [-41.16514952428142, -35.95208356183744, -49.102992096558495, 93.84707378849265, 30.79527580486897, 98.72158063824669, 29.79907601085317, -32.017701265705526, -47.20634366469042, 26.261389979160107] : 0.0
5.3765006434288845 : 5.679219832135635 : [-41.1479316959382, -35.92294854462543, -49.06101254202355, 93.88619084201471, 30.82331115305575, 98.73343980355362, 29.774410297859546, -32.020279375109816, -47.21127562957739, 26.243810257003293] : 0.0
