Fitness : Violation : Position : Miscellaneous
1.3545242547957659 : 3.6618840982622225 : [-7.137399159519921, -4.722192481833286, -6.575022316659137, -3.851013595630552, -1.79081295045577, -3.517780027067266, -6.5253973663955565, -3.64540255039243, -3.8427028690749694, -2.879738764412779] : 0.0
7.234166619987282 : 3.435309108009784 : [-7.476661334246106, -5.587645972928681, -8.502228191711382, -5.814739910144285, -2.262841191269726, -3.92745492155095, -5.711088679835086, -3.1465897764739417, -3.324137537388289, -1.1036721699290037] : 0.0
3.29066697798639 : 1.9214514342910447 : [4.090709928182116, 6.06570603707186, 3.0983789192429487, 5.40579704033677, 8.470735971217284, 6.470739961443431, 3.7490096205559853, 5.913073727768527, 5.056482612298035, 5.151637156711189] : 0.0
2.300308726695447 : 0.15452078885368292 : [-2.0071541448562735, 0.05162363371395129, -1.0194961564403, 0.7760789617849104, 3.3645401224441107, 1.0999344403223938, -1.6549569234622674, 0.856903516894095, -0.6712339681150334, -0.028855540255978696] : 0.0
1.6407865656212408 : 3.2600328874283937 : [-4.821583142636552, -2.755269773725682, -5.068818066503736, -2.725461024929275, -1.7538150258494896, -3.452806463248625, -5.9898730557762825, -3.271402480943346, -4.378715121316118, -4.124853525820939] : 0.0
0.4047469060819846 : 1.8845966798978497 : [1.6313740440887687, 3.903446337260459, 2.025355964199368, 4.335163285757352, 6.352721650134254, 4.748181467312129, 2.2597438674400836, 5.454752953847012, 4.447390937813615, 5.190355992861826] : 0.0
3.4045176531465686 : 7.226194582507018 : [-20.63551855743723, -17.26350580376018, -19.118880463679307, -15.999898388635422, -13.926034725762959, -16.51925535804505, -19.967539499732304, -16.502184635590545, -17.683945873433046, -17.30873341691474] : 0.0
0.8325739740004957 : 1.9252256887791326 : [-4.112388818715516, -1.877696175907857, -3.882633122321198, -0.8655445876248158, 0.3944587015340244, -1.5561804407162971, -4.288831720131524, -1.5973753249382443, -2.946643597796143, -2.137129866571949] : 0.0
2.9712567090571382 : 1.7225414725918615 : [3.240245157335252, 5.20970409122944, 3.3468606919825596, 6.2023715214237045, 8.949403875087661, 8.14626755585052, 5.072330765026721, 8.428101219988301, 7.019585466018862, 7.183613953551049] : 0.0
0.8894606019726761 : 2.268774266760266 : [-4.396831523637649, -2.6384634383438272, -4.222342345783831, -1.810570012719955, -0.3198031904230145, -2.1994358872282067, -4.428971588175855, -1.415597485944791, -2.482096345039838, -2.0921637349050326] : 0.0
4.344085618761833 : 1.934197593410128 : [2.953311106884621, 5.192160413858872, 1.998295920960372, 4.276633127885358, 7.4396993844894315, 5.596396261823367, 3.367229306724567, 5.194299956416617, 4.444350509180017, 5.404483988930714] : 0.0
2.3641092219942643 : 1.8576450709553711 : [2.0199046352081935, 4.236068789171435, 1.506488671193095, 3.5439470861999305, 6.275586122390146, 4.970366578257396, 2.4196067163210584, 5.22230690533377, 4.107594217548005, 5.488330807409565] : 0.0
2.925952181503303 : 1.7557714506422406 : [2.711623232087506, 4.511380859339436, 1.1888001251920137, 4.145092379507231, 6.048138888710118, 4.083614716583897, 1.2994489826195033, 3.858787105882163, 3.414400534643269, 4.54287334635676] : 0.0
1.6411965422119064 : 1.216291898234723 : [-0.44345227932313014, 1.9593979197591054, 0.7340073875657156, 2.990128094225853, 5.27307164676084, 2.7972488604741264, 0.42718213395742577, 3.5183909953085752, 1.6653025051717272, 2.344866824150734] : 0.0
3.178811921555899 : 16.732478651914246 : [15.385476703707678, 17.452061663727264, 15.986201512632599, 18.403289871844137, 20.068506576432874, 18.908837419988444, 15.792032365027454, 19.276288690140575, 19.198526526460032, 20.31257795279582] : 0.0
2.1932898165516996 : 1.5059106265267728 : [4.2073561883364565, 5.805755629479475, 4.4888377797486285, 7.670607296635085, 9.708005684369557, 8.364513471185216, 5.519601126786721, 8.302204247696281, 7.852832255818921, 8.219599297612504] : 0.0
3.0137772905432723 : 0.6072779109095965 : [-1.4115441828286204, 0.05294190799634979, -2.3216839429291696, 1.2001089462160865, 4.239141601630492, 2.300117085239818, -0.530151484492662, 2.603929076990397, 1.1650625374498076, 2.3901793119256474] : 0.0
1.9374702955273402 : 3.511263459546371 : [-5.630409496596464, -3.3921719595702213, -5.839732366493352, -3.510883555714206, -1.2168663627477425, -3.202576299631577, -5.993157069925961, -3.4354219278234015, -5.68340347510117, -4.582988054299036] : 0.0
1.7640500843664475 : 3.885777742539245 : [-7.536043598292297, -5.736815463438571, -7.587015019260823, -4.218629702265725, -2.2568568518229917, -3.7531923502726845, -6.3989776258457995, -4.321794095420537, -5.398587306225306, -5.13897391116434] : 0.0
2.1513681376925895 : 3.7104752300190875 : [-8.209887319902883, -5.821396505064584, -8.20389241258335, -4.772371680804594, -2.2150195717120753, -3.570121102562333, -5.854373403141539, -2.606437238370082, -4.040042456539704, -3.922726756324742] : 0.0
5.237771933729996 : 3.733536213983696 : [-6.680295424340324, -4.487661119868321, -6.957785658821319, -4.934362005607187, -3.8233112782643075, -5.996926592085715, -9.388519588207348, -5.623869364483082, -5.321199470861513, -4.686092951408785] : 0.0
2.155210426802716 : 1.5961011741893847 : [-4.329414607178668, -2.4074970668873537, -4.165234184689792, -2.1250329344333627, 0.5781266703456307, -0.6988853665409676, -3.7677977920613777, -0.6295072050184167, -1.3593476057195053, -0.9848182137752136] : 0.0
3.2817981340286844 : 3.814694154838451 : [-6.570338328096545, -4.548832740775294, -6.204699450167779, -4.641625137932785, -3.062923143126764, -4.054717214664412, -6.606762739973482, -3.4922900969395076, -5.43326487959454, -4.362189883100379] : 0.0
0.8888265295902925 : 0.21237520925013537 : [-3.4781915667080217, -1.2296630548781784, -3.0411245136382883, -0.1204346754451473, 2.496407634134724, 0.36462995094335127, -2.107090075111433, 0.9062943827252052, -0.44636736699295776, 0.8600132490593118] : 0.0
4.952927312494228 : 0.7282556592414082 : [-2.599568130619436, 0.8625454335829117, -1.6787049225056117, 1.0326645589122792, 3.382977667645325, 1.8617046244557685, 0.20908311051181538, 2.6252524258712127, 2.729035497598077, 3.886152646220312] : 0.0
2.4348125436187362 : 1.9597948958814286 : [2.985869784167855, 5.0478216652789945, 2.8343829955414908, 5.638918723176523, 7.327074530108367, 6.227011323283068, 2.9914036095683203, 5.431581120497155, 4.822989692378753, 6.22294757342042] : 0.0
3.468260736384159 : 3.4949070765266237 : [-7.435156748609869, -5.2123605616473965, -7.9393086832689415, -6.079365337296894, -4.466261210342037, -5.891419622471163, -8.038393505096632, -6.1467202328787565, -8.10479413564734, -7.662426608086826] : 0.0
7.227507206002092 : 0.7501369416997312 : [-1.6365690408864246, -0.5267806322798734, -2.721654984913494, -0.25175352579163324, 3.077488586448242, 0.7818818272334145, -2.5522429062596412, -1.0572720976672279, -3.464344673967729, -2.6226574100485607] : 0.0
0.8025920446448611 : 3.7739312281880055 : [-8.61017501317777, -6.383513143832913, -8.277337254728565, -5.798860760218152, -3.755173755301554, -5.636056239326328, -7.7776568039683305, -5.5335384415447795, -6.97282054448513, -5.840193964836408] : 0.0
0.8286227899932221 : 1.9219593871628138 : [2.1490051642340067, 3.8445774746223753, 2.088673153992205, 4.894684172046528, 6.949142097155637, 4.736103496552609, 2.3382060393475435, 5.575763275357658, 4.954001552114402, 5.515079720756468] : 0.0
