Fitness : Violation : Position : Miscellaneous
-590.8091374568372 : 81.18363738304316 : [-596.8804763605798, -595.15748279211, -597.4161124640667, -589.0542959604672, -593.5722259884658, -597.1286862835448, -599.9999998149981, -588.6538936886234, -599.118657828202, -585.7818183474127, -598.1222155069278, -596.787512275803, -585.3166851418999, -592.252165000065, -589.3734028583082, -596.9201926606403, -599.9157814287913, -599.2752968912095, -592.3600304637578, -599.2259632399278, -599.7747680470832, -599.1269242894605, -599.7948951597572, -597.7015342362585, -597.9020612350464, -597.2567626114437, -597.4416805990685, -593.2939739707082, -591.3140593009355, -599.1487182477538] : 0.0
-590.8091374902891 : 84.28896125223194 : [-593.8153483852659, -599.3865321783717, -598.662316550812, -592.0297412269695, -595.6804044230812, -593.6671712302716, -599.99999984845, -591.1765416461918, -595.735762814444, -593.6330875534477, -598.9641930090233, -594.28881432702, -591.8014047780011, -592.6112005262828, -596.5714565955536, -594.5888428954013, -599.8928509983947, -597.7299002973778, -593.0309087871544, -599.0852367090736, -598.1251529637378, -599.7117206636703, -599.8751452756927, -594.0137220669437, -597.228811305461, -594.8213094032658, -598.5019409594975, -597.8835091197582, -594.7616390683227, -596.2064652444195] : 0.0
-590.8091375982758 : 86.44540184363035 : [-595.6461549863038, -594.0847635945829, -597.6081561914183, -583.7746131197423, -595.5519217335399, -597.7378536979893, -599.9999999564367, -586.6558612430417, -594.4101666715926, -591.0863466060791, -594.6418186014291, -592.1851698478874, -595.4687824772798, -593.9498197869743, -598.5362600108017, -596.7319086606154, -599.9744989319772, -596.9990903810956, -594.5904170886936, -599.159043462712, -598.2850906780388, -599.441314514564, -599.7232895572766, -597.9274803397384, -597.5929213087768, -598.3562954709867, -598.3031830839217, -591.1404919155159, -590.9670640363686, -592.6370960874206] : 0.0
-590.8091376243913 : 82.63696739203857 : [-594.1827063118155, -586.4790749405777, -599.770626337094, -591.565302144549, -592.058941242544, -598.0428234862925, -599.9999999825521, -595.467540800082, -596.54797053387, -591.895729625444, -595.0088370783702, -598.6955830808372, -591.7135176813042, -596.5776838162976, -595.3003858634422, -595.2602984716837, -599.972330359297, -596.6312310207295, -598.0716931769286, -598.7755617376739, -589.7787795037422, -598.2795687131127, -599.9560898268614, -599.2415430141978, -599.576967296393, -593.7891472121637, -598.0808145357419, -595.9340776406144, -590.6717327619019, -596.7454393775703] : 0.0
-590.8091370468163 : 86.40150079672343 : [-595.015697629492, -585.3676506818697, -597.15636702668, -586.8695337765913, -599.3339848497446, -595.7780846776095, -599.9999994049772, -594.4699316887732, -598.32730265434, -585.7175662466811, -598.4617360405102, -599.9316367731017, -597.3227012958478, -593.5459762732639, -592.1921207489088, -590.8138321480876, -599.9289447362571, -596.2105095974878, -593.9183339800102, -598.5067908306738, -598.7602746572458, -599.701554822672, -599.659408242476, -598.7097867127652, -599.084319600086, -594.8825655252746, -598.5595738892921, -598.2859706189965, -592.9958862641556, -591.7274234647789] : 0.0
-590.8091376310177 : 87.33564267717624 : [-596.7936218231428, -596.7674382774924, -597.6287930015473, -592.1843567126722, -595.7749702831468, -592.9807124583922, -599.9999999891786, -588.1426544630917, -595.5718968996699, -599.8472973620947, -590.1523797995533, -593.4884694449421, -596.1941705742444, -593.6938212858793, -598.830673192999, -596.1609327875954, -599.8913288757325, -597.9709277739852, -593.9380280420042, -598.9692903054615, -589.9405420261105, -599.3975668766518, -599.6539550855138, -595.4308225522709, -599.0419511598179, -595.959636445418, -599.7812224638881, -596.6546848514515, -593.7327488839676, -596.5804488850498] : 0.0
-590.8091374832156 : 80.81111312225252 : [-596.9717093146119, -595.9615487510991, -599.6235674516431, -598.2356621364503, -592.634077743033, -592.8627237490034, -599.9999998413765, -598.937451453935, -594.0690461593767, -589.1862744436164, -588.9924476300556, -591.2090089942037, -595.151010261698, -595.4979783672879, -592.5584116905637, -595.8202551530843, -599.9752990307859, -599.5478289157531, -595.9390507725745, -599.1456523715826, -592.6567021338067, -597.8038605156124, -599.7904813848672, -597.6260968916064, -597.2333209063473, -594.4528120412958, -598.3220987910065, -593.8977096357667, -592.7646712986166, -591.2786586374048] : 0.0
-590.8091374954886 : 81.30833865646095 : [-598.9380563961776, -598.3081944998896, -599.9223247662005, -592.7388805925345, -594.8849747639208, -594.5397509657389, -599.9999998536495, -596.8113043223746, -598.483051409986, -583.3623427093671, -588.9132594434546, -593.7318821127392, -590.1548096778665, -599.894738206895, -599.3117514768003, -591.5155320716314, -599.9586405824314, -597.1740010633148, -599.872722879284, -599.3549231426216, -591.7957297837992, -598.8636932063465, -599.9353607159359, -593.2226603970436, -598.5470302316428, -595.3538536809592, -597.9889527457377, -599.788658276253, -595.3758121802912, -594.1685779192287] : 0.0
-590.809137431674 : 82.03808768385126 : [-597.5164398051768, -598.3243342577333, -599.0839306367898, -586.0179793067086, -596.621517200834, -596.0000666069654, -599.9999997898349, -586.6321760758224, -597.669288942639, -584.8047600746984, -594.8789135387582, -591.2126725365679, -582.4975015586484, -595.4990036350816, -596.70820811726, -585.1774646766062, -599.9188083653573, -595.928223196431, -595.6815188457781, -598.8009456327836, -596.0350729648949, -598.8086087381723, -599.7959756055673, -593.6256910593215, -597.7275314411895, -592.4378205445541, -597.4239341846035, -591.2596694994825, -592.9673206608674, -591.0589057157781] : 0.0
-590.8091374987439 : 85.94628252624878 : [-596.3954411565046, -596.8186697351655, -598.0828424610562, -587.8943475710552, -598.4393586268777, -593.6233180387807, -599.9999998569048, -593.9082576525662, -593.9459596583316, -592.9612795828023, -596.7405582771596, -591.1985207370649, -592.7283564714901, -593.5204530538551, -591.8412492917184, -591.3622837018845, -599.9344640918669, -595.0213843375668, -593.6296231195557, -599.145997232912, -591.6207353922357, -599.4766969697469, -599.8844605240436, -598.5126808578714, -599.6318653589965, -598.2289865713819, -598.1997480335692, -599.3559423823125, -594.9832036591401, -595.0401288328212] : 0.0
-590.8091376275227 : 87.91730986911243 : [-596.5878587139264, -593.605741594162, -597.4091416821061, -587.7767600897989, -593.8279607055706, -593.2648091084878, -599.9999999856835, -593.1838193452718, -597.7752960223984, -590.7546695849691, -590.9610043613445, -599.9736664765312, -594.0339613174153, -594.1601299930571, -597.3824888985782, -596.2549239323833, -599.9318235367984, -597.7101854237847, -595.2204772763521, -598.3638879960945, -595.8867321484228, -598.796098040983, -599.7267190490562, -593.5126334462375, -598.8892270999629, -597.9357823637899, -598.7913648234331, -599.5409358819554, -591.4651674428562, -594.6418410145053] : 0.0
-590.8091339588427 : 78.84202837148979 : [-598.9475344893331, -596.3270218075016, -597.6137343256308, -594.609436865069, -596.8589079450144, -594.7793644764963, -599.9999963170036, -589.6894210938713, -597.732905857021, -586.7646934564697, -596.2380870978922, -595.6892978814375, -582.2590695327067, -597.0659744266217, -594.0251855143024, -592.9432952805092, -599.9735978978069, -598.4564095647534, -597.1770859889958, -599.5391801864805, -592.3031714615838, -598.1977626074308, -599.9527391014867, -598.6178324027688, -599.3158455540085, -594.150449107294, -599.1598196636344, -592.3434269974753, -596.4912469650802, -593.7431512299761] : 0.0
-590.8091369811765 : 83.01445914361011 : [-595.4285616709939, -590.6971384505066, -597.7318571298072, -592.2705210513288, -597.8218479995733, -596.5195610917452, -599.9999993393374, -597.6444873807333, -593.3974451049363, -585.4865285894416, -591.4659455963315, -589.7517187222932, -591.9782609032936, -595.7629862397436, -595.8489194006031, -598.0837139460361, -599.9625030827178, -596.020777326899, -592.8114992110815, -598.7894438857118, -593.1557532985032, -598.026544311592, -599.7389203477562, -594.0112695930142, -599.5262365993209, -594.771545370822, -597.8986122906626, -593.8718653203752, -599.4857380812084, -594.8923163202303] : 0.0
-590.8091358810024 : 81.69635973026382 : [-595.5768597965402, -589.6323347157347, -597.4124261609738, -593.2821708175306, -592.5149932639949, -595.6485784933839, -599.9999982391632, -592.0115960089538, -593.936613725724, -593.1563427303175, -597.7806576905658, -594.9913895531338, -587.4332817873385, -591.8019885067628, -593.3167336798856, -586.5054378594593, -599.898177957587, -596.8445978257082, -592.9946890593782, -598.7384773856124, -589.2673753148658, -597.9945698237179, -599.6853758413725, -595.2454547737191, -597.4940754086506, -597.0295574682689, -597.2658909656425, -593.6973100346002, -591.8631124867911, -594.1098816630904] : 0.0
-590.8091376352165 : 84.92756113615931 : [-595.5310577685476, -586.8742393049379, -597.3760112853698, -590.4341245363212, -596.9807030039208, -594.6767004973908, -599.9999999933774, -596.8417325527917, -596.942866879093, -599.0115795805341, -593.7829615387406, -593.9464186210168, -590.9821762269339, -592.1598628963932, -586.8838836649759, -596.15336068233, -599.9393090413103, -596.5307268044514, -596.4265903121593, -599.5652517723552, -587.2829365922332, -598.8830600589929, -599.891625934633, -598.479862942684, -597.5987499466651, -597.9326001997306, -597.5885296223158, -594.9545343308275, -591.1796959808288, -597.7296475826743] : 0.0
-590.8091373432418 : 84.70885013048913 : [-593.8948908450332, -586.3544416964821, -597.4349694009131, -588.3557999114317, -596.4588081849602, -597.0608375014201, -599.9999997014027, -596.7934001494234, -596.6378319014904, -594.3388604989186, -598.3627257479615, -589.7796520705273, -589.5664994851315, -595.9755166354666, -596.9765012389163, -596.723225075076, -599.9233681125546, -599.3573495929691, -597.7745572638121, -598.8480884518322, -590.6273539725905, -599.4620612273402, -599.8579651726894, -598.5729245446389, -597.7803148840421, -594.5014949545647, -597.3457543073787, -597.7496185609776, -592.0611123069187, -595.7672514625538] : 0.0
-590.8091372858369 : 84.19888152224183 : [-593.8592512142684, -590.6876641494177, -598.0792563132643, -585.7659289275213, -598.3450462048936, -592.8170077984125, -599.9999996439977, -588.8522175804812, -594.3038145071991, -584.5576573096665, -597.4107939167176, -592.9436403242202, -586.7798003070576, -593.1793506134231, -590.8477907751857, -587.3076923085125, -599.9216257519148, -595.2891388070612, -593.9737424910928, -599.3934782375715, -589.7334310339348, -598.6889674874635, -599.5894521006524, -596.8034761780709, -599.6768887477857, -590.5214383613242, -599.1677465323667, -596.485583519728, -589.9170096453631, -596.8377621486646] : 0.0
-590.8091374666918 : 83.52675680990173 : [-596.9249686170758, -598.5310066787191, -597.4980258302744, -587.6219129774962, -592.4001466660043, -598.0687409757766, -599.9999998248527, -594.6318170827894, -595.3997985062992, -586.4835167051156, -589.3378396654482, -594.1473870935732, -587.1002486280897, -597.6155481691815, -594.0382873535551, -594.9189038901254, -599.9202250961687, -595.7870690068266, -596.1517921259798, -598.9340263674028, -599.0414476775125, -598.5998163382941, -599.6532653193728, -596.719531731563, -598.663267475536, -598.3222084617498, -597.9676916868407, -594.75880593853, -596.5046011410922, -593.5608667332781] : 0.0
-590.8091376171731 : 86.0156360868516 : [-596.1221065984079, -585.5196703966147, -599.777395723414, -588.6722835562513, -598.028585410761, -594.9372768485493, -599.9999999753339, -594.7458084379098, -596.5390884798271, -589.3874030411857, -592.5708749370508, -594.940996448925, -587.7760358365376, -596.1687002675999, -596.7069233321341, -587.2043598251278, -599.9445047800591, -596.3661690751937, -594.3900998228551, -598.6817798807523, -588.8915151542294, -599.3956757375975, -599.7333683420783, -599.2449645273857, -598.4569401663452, -594.7661318456717, -599.0333881627175, -598.626209033464, -596.5553271433914, -595.0504809379582] : 0.0
-590.809137376008 : 85.02051950466276 : [-598.8919603804743, -593.6096279530212, -599.5830172606882, -583.9294989608629, -594.2876814529242, -592.2181779852763, -599.9999997341689, -599.0340505433788, -597.0717976241592, -583.4324394076266, -599.387358020593, -593.4706445206936, -597.0978463680163, -595.2919943845759, -596.022538469233, -592.6855555020182, -599.9008175448558, -595.6764101063951, -593.4870707228265, -599.5164825413425, -592.0370006953104, -598.6145049653696, -599.7257685876575, -595.1361098006074, -597.5666638067062, -593.4901144761961, -598.4929366128499, -593.1481625583883, -596.9565618436213, -597.9932261922568] : 0.0
-590.8091375451235 : 78.6442323625597 : [-597.7723611377207, -592.3197276762118, -597.7251072901415, -596.3779385409863, -599.1235589518005, -597.6054072281884, -599.9999999032843, -589.7545811026305, -595.3940502206442, -588.5273237100633, -598.8510914124424, -596.1739187146583, -596.8482391680602, -592.2047595422745, -592.8007798959866, -586.6907448218769, -599.927563926056, -596.5313213514257, -598.396361487678, -599.826608677165, -598.0641989234509, -598.9135778027915, -599.7062745035745, -595.7806082844537, -599.3021372315055, -593.7685022405699, -597.5791719791434, -594.6277975790169, -596.3845607933968, -596.4180763681868] : 0.0
-590.8091372268046 : 84.51883328109761 : [-596.7604601652079, -590.5401611535227, -597.5565650747496, -586.5323006389588, -591.5247236004791, -597.5934492003099, -599.9999995849655, -596.7050677835261, -599.662769854728, -592.5016026374004, -597.8885449515944, -593.8801294334346, -592.0973087879258, -597.053633984653, -598.718816727085, -597.0794766601658, -599.9227541336745, -598.8696418129546, -594.6044274842277, -598.4481596999642, -595.5805944752441, -598.4943845217808, -599.7228562713321, -597.4024891836659, -598.4001385919904, -595.0036440833846, -597.1882577525139, -590.6364611357643, -594.6706028366652, -596.3145612172863] : 0.0
-590.809136649181 : 85.69841087621232 : [-596.7217893530135, -589.5779767950448, -599.7822817408112, -593.2388217264399, -594.8583198834917, -595.3172969073398, -599.9999990073419, -591.9511100395989, -595.6648688282651, -598.4206274422374, -591.5201319182495, -597.3056158302602, -594.2744439301125, -592.6078886056081, -596.1406320569461, -584.5841490645524, -599.8922500052194, -599.8474318649396, -597.4676382734455, -599.3269736715957, -594.0866643189379, -598.7147536079939, -599.6999544503308, -596.0637700979557, -598.5410061714201, -594.3621984322599, -598.4122516850621, -592.1602787693212, -599.344888171757, -591.606889328637] : 0.0
-590.809136393871 : 85.11451113774892 : [-596.1103654990225, -598.7346488303913, -598.4868916646185, -591.4399319762009, -596.0691098250219, -595.7997889847893, -599.9999987520318, -593.4471114048877, -596.9688963561889, -598.1583039542904, -593.9380338723474, -593.2639542189462, -592.2119652711417, -593.0999190705238, -591.642833303111, -596.1095133091413, -599.9375358990723, -595.1270579458757, -596.2796036101919, -599.3745435547369, -592.3036504187703, -599.8170598911662, -599.8152622966093, -596.1421025621672, -599.0121991917629, -598.8526919644601, -598.8460165504255, -598.3813843057414, -595.0133831174428, -593.6943537760867] : 0.0
-590.8091375554491 : 80.26519063913331 : [-594.098326801116, -592.3747318465907, -597.3550534545373, -596.8898507763306, -595.8095176463947, -598.8684080983556, -599.9999999136099, -591.6697461989529, -595.903842917709, -596.6610974647888, -592.6937505508379, -596.7116782869824, -591.6024591746573, -596.7114777987508, -587.1461361735735, -586.1716642176253, -599.9409507459366, -595.1087815473466, -596.7209557021928, -598.9751967757338, -591.5896663847545, -597.9439406892659, -599.806989338867, -598.7668965456908, -599.317591470186, -594.4444352659182, -599.196465612526, -594.1178168817466, -595.165597301479, -595.0360299299085] : 0.0
-590.809136562562 : 82.19253330023969 : [-594.418392586572, -593.3181538025055, -599.4385043501142, -596.7502899666582, -598.5372851321596, -591.931160248997, -599.9999989207229, -594.3521016815191, -597.153398612228, -593.4749103885824, -587.9627458430427, -598.7190707984223, -590.1411959858594, -599.849308494596, -590.2818352866298, -592.97044565383, -599.9450758425088, -598.48187201409, -594.4331489539215, -599.1219090122448, -596.6157873489764, -599.3204441933192, -599.5740358845868, -595.3565834916526, -597.656344526496, -594.2214726486895, -598.6649750698757, -590.8660425611022, -592.6541390620027, -594.208497230847] : 0.0
-590.8091373055539 : 83.17864662126526 : [-594.2516633527289, -588.6474765519431, -597.8549106232236, -595.0907784654119, -596.2345828025389, -595.3645328820745, -599.9999996637148, -593.3682012989058, -598.9962823293897, -599.6856220987864, -593.6159421171236, -592.0457808057135, -588.1642892925349, -594.5695304567133, -592.1630013100546, -596.4587839251446, -599.9146370930565, -598.2724951164928, -596.3915673513536, -599.1695013321054, -591.272219035284, -598.797022838745, -599.7963433305715, -594.5136513424527, -598.8816205897889, -591.3998921471377, -599.9600279432217, -596.5720963769276, -591.1170231437102, -597.6509511974932] : 0.0
-590.8091372296007 : 89.33439323571693 : [-597.0303336445293, -597.1621114615189, -598.6221706307051, -584.8192353146721, -594.6312036429032, -593.8159307966594, -599.9999995877615, -590.8215636084635, -595.3691587068605, -596.1172411974068, -591.4137603330873, -594.3243396959913, -596.8645393065005, -596.1848569666486, -596.1239834822677, -591.3271479471871, -599.9444979498473, -598.2084327592705, -595.304049968853, -599.6351030054292, -593.3181867841402, -599.7813354393334, -599.9437196645891, -595.4613567001447, -598.4201238202801, -593.5612077302242, -598.4717322842894, -594.1708837824068, -598.2302075266955, -596.3381897795325] : 0.0
-590.8091376069391 : 78.75171865965034 : [-596.3710239183836, -595.0413367039852, -598.4913270796164, -599.920982425459, -592.9722033980777, -596.4343378674021, -599.9999999651, -597.0667505906365, -599.8846012551301, -599.3726095278569, -592.5376716620234, -591.448235524992, -582.8061516951, -595.2650158162068, -588.4756107134119, -593.7242796746809, -599.949330350819, -599.7534640334659, -598.6698430195199, -599.8396554879394, -597.3277187806073, -599.6227479590626, -599.8284054451533, -594.6889095381425, -597.5823934589785, -596.1783995127787, -597.4110670694013, -594.2877850416132, -596.6259112719338, -596.8581231934957] : 0.0
-590.8091376080309 : 79.59648781030988 : [-597.4620696333176, -585.5772472212766, -599.160845374957, -596.8739087017007, -592.2168241047218, -595.3572974752891, -599.9999999661918, -595.2440423321865, -597.4764002187176, -585.1846307679319, -596.6078521109537, -590.707821155875, -589.1029092526951, -594.1310975695112, -587.7088362089341, -598.4191857435485, -599.9553926702378, -595.6770459268519, -596.7843781490736, -598.7594956879134, -595.0577275406495, -598.2293669537103, -599.7815240987961, -596.5837917922211, -599.3133752228766, -599.6549692608876, -597.5853524028369, -597.8918203323012, -597.061160864984, -594.0883363572046] : 0.0
