Fitness : Violation : Position : Miscellaneous
-2.24550479210641 : 2.477478153694603 : [715.4540593610459, 80.25562131091968, 20.762599157041322, 235.4854600481271, 50.629624283917096] : 0.0
-2.4851260483206574 : 3.686056355831249 : [732.8051315839891, 72.6190620204539, 0.5268684929015102, 234.9101210665973, 75.39302996540205] : 0.0
-2.2241891912433864 : 1.2748042607788297 : [715.033518248657, 71.45564726443251, 56.09307396336715, 246.33378467117296, 55.71218207575976] : 0.0
-2.3312600456552772 : 2.9770910769637893 : [739.9204178192231, 69.41952923227842, 15.006479101123382, 266.8695591221843, 44.04518051881057] : 0.0
-2.4116028322862326 : 2.395753829276286 : [722.6738919721586, 69.00901738828878, 35.56559848986599, 222.7756424714383, 80.49040558107791] : 0.0
-2.4428368399781513 : 3.0040018203099046 : [733.4747927670878, 70.11123985836285, 16.244375877161357, 243.2682078281605, 81.39805470482331] : 0.0
-2.229852461297169 : 2.830149341943221 : [736.4540811765396, 76.36786704101114, 22.976181073475058, 218.42917590922994, 77.61397418668525] : 0.0
-2.2606236757680707 : 1.2657299295217421 : [710.0660462411208, 69.24554586657203, 67.44566740797069, 222.99866139594363, 59.9909036424462] : 0.0
-2.4234172492850288 : 3.3741148632759437 : [734.2750708970616, 69.19263010984298, 6.458918827744461, 262.7495417783907, 47.78589605831858] : 0.0
-2.3405812299964763 : 3.530104944883473 : [759.4556558719303, 72.1286034082876, 3.580831708088655, 243.5554935870843, 43.32883662754979] : 0.0
-2.3486960949273405 : 1.7184112950166546 : [711.5275659640299, 70.80873284901371, 43.77297602282336, 239.8404070661361, 69.83992144729325] : 0.0
-2.3954029321551995 : 3.781273477734372 : [771.1028908171191, 70.54955092610447, 3.0064869658279196, 227.26620027421023, 73.53906738117536] : 0.0
-2.536337675561069 : 3.488829525283222 : [708.5956875560013, 71.39173960727521, 3.9707291937879745, 240.96879389739064, 36.86255778828572] : 0.0
-2.4110788061978443 : 2.7686904986845797 : [727.4320871646992, 71.22856260023472, 21.074537406031276, 239.59449907583652, 70.28918849771989] : 0.0
-2.5712038775165835 : 3.632557724779347 : [721.6888756376925, 68.84497319364499, 2.1773171382749514, 247.4611399849503, 65.05368937953531] : 0.0
-2.5058901565551546 : 2.581836741451055 : [704.596691705673, 69.24510579636691, 28.916148250476752, 226.8607226113221, 63.0436818511194] : 0.0
-2.32389626494747 : 2.9584420397797815 : [745.417422123174, 69.73689971764449, 15.474473525710572, 265.5344171542991, 64.22537685370641] : 0.0
-2.5067359926553956 : 3.0970589990474515 : [716.2415553584864, 70.21244461153454, 17.931615221950715, 225.08974068405462, 75.59863171257362] : 0.0
-2.3204628239018463 : 3.4967961703981 : [743.7023001857834, 76.2051733301567, 1.1612409306486624, 240.3325135187485, 46.53505923111358] : 0.0
-2.3150854920808897 : 2.882087674348922 : [736.2317603332433, 71.18531627727268, 27.02425346670217, 216.64889226114678, 74.85133392834439] : 0.0
-2.3455030273798996 : 2.448459459299826 : [727.6109679505038, 71.05243723401556, 28.621599983988386, 238.06473436963995, 29.91514941366543] : 0.0
-2.422881229557078 : 2.3891549981042783 : [717.5933761379671, 69.72208977322774, 31.067494854601172, 235.17997198705697, 48.90805791656505] : 0.0
-2.3867039299526724 : 2.1268329868747613 : [711.0072265937848, 68.85714104001342, 34.28066465078312, 252.80590885346015, 32.645329601927486] : 0.0
-2.4963665602401717 : 3.0153769218473427 : [724.8755220288542, 69.14518548883177, 16.322799476053078, 243.73998501959613, 82.73843878975332] : 0.0
-2.2626119524669557 : 2.221691514126072 : [741.7201109725038, 72.3453137540821, 34.53209545779558, 232.57211006329157, 59.18817771622897] : 0.0
-2.319994598158013 : 3.086176499709721 : [754.7007587806675, 70.46607984991462, 21.39890660656664, 220.2363103778618, 61.424762072772594] : 0.0
-2.3624003897730192 : 3.383314403283368 : [724.6897159603776, 76.39918702901498, 3.7205212286051568, 236.37683524535623, 29.299496398607694] : 0.0
-2.3619819609671198 : 2.8286084405218292 : [731.3484278912472, 72.14492227189675, 21.647832339860983, 229.13295438875932, 39.63817182810399] : 0.0
-2.407175918607302 : 3.348708039300655 : [715.7240001468858, 75.46004368769492, 7.834321398095007, 225.8302699408816, 34.033295506591244] : 0.0
-2.2794160051715915 : 2.015021919921955 : [743.3094602510441, 69.45541457829786, 40.537601300953725, 235.40894121852182, 36.18818207410657] : 0.0
