Fitness : Violation : Position : Miscellaneous
0.13854163703406414 : 96.41165443616084 : [0.13854163703406414, 33.9620351175618, 9.838842960286849, 139.12662390872578, 6.328706312335605, 6.205633849263728, 4.703998520724672] : 0.0
0.005045658298129975 : 0.0 : [0.005045658298129975, 6.877372853042794E-8, 1.2349221776070615E-7, 299.4916932669338, 6.398007829281747, 6.398611105153831, 6.235485744578247] : 0.0
0.01018625777555972 : 95.16913612362646 : [0.01018625777555972, 37.809252029572654, 9.983789094527392, 260.39584003928024, 6.592322166216209, 6.069962384635879, 4.891037458208533] : 0.0
8.194069435134566E-4 : 23.134216381342693 : [8.194069435134566E-4, 0.7495036013558973, 6.678402464076785, 176.43677954240385, 6.5809931734248375, 6.344944193408987, 6.205275219891947] : 0.0
0.019680195646471325 : 0.0 : [0.019680195646471325, 1.1327524763057043E-6, 5.722963064950345E-7, 299.68414364252646, 6.397941090586012, 6.398581551806694, 6.227860875995198] : 0.0
0.03521270903524501 : 0.0 : [0.03521270903524501, 1.0885386306926387E-6, 1.3089898953745905E-6, 299.72789555321475, 6.398338266914099, 6.398782697401677, 6.228113575210421] : 0.0
0.3501947291554017 : 0.0 : [0.3501947291554017, 4.091706302668053E-6, 3.975463591250251E-4, 299.06650619058865, 6.399055129635423, 6.399496235757775, 6.227767961673635] : 0.0
0.003106182606355484 : 0.0 : [0.003106182606355484, 1.433023887651909E-7, 2.934493263627896E-10, 299.66456379229805, 6.398188905569876, 6.399208130921057, 6.225256565791717] : 0.0
0.004535561026068007 : 19.0178517088104 : [0.004535561026068007, 1.4798883618910876, 3.1545950763823787, 249.5508300573587, 6.378130017387234, 6.373268326313553, 6.176906700544832] : 0.0
1.047646449226562 : 54.63074264181011 : [1.047646449226562, 14.137855587858096, 12.205609235171456, 285.2418886019236, 6.355539601514432, 6.156682847672108, 6.153828881699238] : 0.0
0.04474305696752031 : 31.16744270774501 : [0.04474305696752031, 5.5955879806511835, 4.685309914902311, 160.1895466496336, 6.3192117250663316, 6.226524818760852, 6.186952859927397] : 0.0
3.9175419047941773 : 57.16040078815495 : [3.9175419047941773, 26.05935375449649, 5.688861960733299, 258.70965906461197, 6.537620651916697, 6.316814597187503, 6.084152596678457] : 0.0
0.7593381354525727 : 78.20744419973035 : [0.7593381354525727, 17.44434251213332, 31.0887147364632, 232.3288449971356, 6.439425776630619, 6.089011103695425, 5.967077986138548] : 0.0
1.841314346083256 : 80.44663747441895 : [1.841314346083256, 36.34933030272961, 15.532557463992726, 227.66048472041476, 6.413901496048217, 6.093069798654803, 4.974518221830701] : 0.0
0.41447583534125987 : 0.0 : [0.41447583534125987, 1.6002068515932053E-4, 1.119576028608067E-4, 299.20678621660994, 6.398422721638181, 6.399688684144426, 6.219042102388858] : 0.0
0.020475065581424604 : 0.0 : [0.020475065581424604, 1.0001841263569528E-7, 3.070648955067029E-6, 299.8115547052271, 6.397580592840255, 6.3990314066305185, 6.245426788135333] : 0.0
0.2367236300388964 : 55.64808014166738 : [0.2367236300388964, 11.84273994198184, 15.247993678907196, 105.40676719834615, 6.571040424787902, 6.093114485808919, 5.865425496629967] : 0.0
1.5809199061541221 : 72.25192071740597 : [1.5809199061541221, 27.79286583572478, 14.899659729897913, 192.0906023229492, 6.428663589703877, 6.179811207795112, 5.108511025879835] : 0.0
8.501110905442622E-5 : 52.57102744271935 : [8.501110905442622E-5, 30.173243234014176, 1.2873161326876206, 299.2482344072422, 6.531115979997566, 6.252965725965411, 6.213477480238288] : 0.0
4.968073537263215E-6 : 1.8034567865874749 : [4.968073537263215E-6, 0.09417853084559184, 0.010605773518876642, 298.61162434486215, 6.36131339099256, 6.380311554746527, 6.247388735307303] : 0.0
0.05473898334097391 : 0.0 : [0.05473898334097391, 1.1840484981537916E-5, 1.9078181529159183E-6, 299.7935366131248, 6.398137982082764, 6.399527333746153, 6.223891733886027] : 0.0
2.090224071763752 : 91.2487744020337 : [2.090224071763752, 26.997391082736247, 19.685501976191148, 125.7008981827112, 6.4308712377696695, 5.924328056025118, 5.0007311226760365] : 0.0
17.008815420937022 : 0.0 : [17.008815420937022, 0.0015043463885947403, 0.24267980420523577, 298.4887452043145, 6.403458291014463, 6.3985498616520164, 6.221166831276252] : 0.0
3.808820420433932 : 83.71136360576492 : [3.808820420433932, 27.143701265758608, 26.901067697128, 293.45891494694223, 6.470004515796839, 6.286449694877265, 5.67549844190104] : 0.0
2.4249184700764714 : 50.97884856648929 : [2.4249184700764714, 12.449001015239231, 11.211925091471603, 197.1342379241087, 6.403126518744745, 6.354656488324913, 6.074346260167928] : 0.0
1.2264783966847546 : 30.698456135801596 : [1.2264783966847546, 0.6989599907552622, 11.78730405903611, 101.49559989661685, 6.505492684068381, 6.247296661915257, 6.103282179986471] : 0.0
0.8682332583589843 : 47.065065062024324 : [0.8682332583589843, 13.499373789931225, 7.373605682344519, 138.8219468067837, 6.323850143364041, 6.069290090877984, 5.994400393417223] : 0.0
0.009353938946729139 : 0.0 : [0.009353938946729139, 9.769617895267119E-8, 1.0185955980826057E-9, 299.7733867907176, 6.397947135528375, 6.399560265064734, 6.219647157868535] : 0.0
0.2367643834580388 : 0.0 : [0.2367643834580388, 1.0938880148731932E-4, 1.6653319210261422E-5, 299.74291958083467, 6.39737735871749, 6.399599303157707, 6.231854942352868] : 0.0
0.0034958141253778625 : 70.91546797626042 : [0.0034958141253778625, 26.21225169290726, 14.814781387501771, 126.4544989037466, 6.61637230481341, 6.198596306009502, 5.446529247330551] : 0.0
