Fitness : Violation : Position : Miscellaneous
-5275.552015197802 : 3.5598365622668833E12 : [921.689295422909, 826.6771790276571, 625.3012953562198, 90.51152149496329, -366.6894889607379, -774.2005156273987, 70.07908251261591, 74.83000979009387, 341.33697112402365, 982.5517904235803, 736.9677758793587, -799.2729504076399, 613.3862025208961, 849.7800014476902, 888.3340820817465, -521.1070334900554, -238.31985913315762, -221.50420118783512, 901.7588355303545, 619.2446289616603, -700.7633803785686, 50.504472725005826, 960.6909609710503, -554.446114218882, 456.86633522985676, 366.77490109178217, 769.081140051193, -759.4683082124369, 15.289855372023055, 985.6312059176112] : 0.0
-5919.80331596425 : 2.0445402612800676E12 : [513.9076455783818, 858.064990411224, -723.277925146876, -633.6910226583616, 23.284386617443886, -301.81398128365424, -181.67736943741875, 214.7830037776223, 71.548387069701, -327.2003204468241, -830.9797164520991, 632.3691006859433, -605.7534503973493, 828.7783089901482, 299.3254821189437, 209.9764510025862, 881.7215357873508, 562.2102722271849, 929.2308396730473, 161.9571114964426, -282.5452204294408, 710.9944183170933, -10.1570089201216, 123.56046501797215, -488.12942026277653, 160.2231680313737, -208.8829771758459, 191.4510726019917, 70.07197018664397, -327.9834915205328] : 0.0
-7572.372628369455 : 3.165859092399319E12 : [-131.42983499264176, -299.66072403372107, 756.9532895019961, 852.9756680315247, -345.21714081743914, 475.37170092336555, -461.8438031062169, 333.61517541391413, 841.3893634429921, 458.81003901160534, 908.2349803484458, -252.2104328796886, 966.6866893404012, -389.26672994262776, -710.51504477828, 198.60834650062293, 775.625418067613, -708.5385830173345, -116.44578073625269, -880.6125210894918, -661.8646702685993, 973.4618324447601, -724.024356229892, -272.7668950824866, -776.3800105700886, 644.9987070271786, 538.0614842981315, -53.280886535266745, -522.2240615649787, 408.0294789208351] : 0.0
-5696.498598969391 : 1.9187860448679731E12 : [310.92178068499743, -195.3771056138911, 56.24141654908681, -409.19542272150534, 610.5629969547839, 203.7554787672609, 987.5230052255295, -106.58444172538998, -297.0546974342948, 506.89488119913113, -679.0622515507845, -688.2282055631715, 249.69511990897234, -157.30280119306633, -664.5342403629218, -605.037165398408, 20.307534064701827, 312.6928744918975, 467.05157853594824, -677.9676631517659, 408.335405359947, -485.1667238950288, -607.6546210049212, -792.7062056426779, -490.17247398932784, -396.1548888168658, -915.8433509677498, 24.19268373244745, -132.98867475654026, 934.6608356141186] : 0.0
-6598.024002449815 : 2.28071766569734E12 : [-389.6262841511102, -823.5169654792468, 361.96250532283966, 661.0569998259296, -474.0733982001842, -312.04300442376234, -724.0639015932961, -198.82432307309818, 816.9938246398185, -604.638024407041, -668.9388798954279, 104.25447320155274, -626.4858919386045, 937.0763927918673, 840.1382358148251, 698.4107354565135, 133.8285701334181, -447.53878006376544, -9.251829846971077, -679.4671130299889, -504.3626354186241, -458.68738645685767, -418.55919443750213, -465.0215923399726, -54.92253696636692, 234.09179800835147, 930.83931585089, 16.26063226522882, -90.82421417340515, -691.7321664839801] : 0.0
-6358.694938255286 : 2.90003606401417E12 : [888.9794597823836, -834.214939064362, 934.728746626934, -485.9352063815354, -490.1693915938776, 695.3152903603811, 902.3811731841865, -653.2170085943187, -40.295751282347624, -69.3741982466438, -475.5388649503476, 9.414338407439004, 156.73219182538946, -675.7277591001609, -922.0959943147698, -328.1882753409444, 90.13488890591088, 385.4747891393281, 425.070216415251, 954.4382760563253, -612.588273243641, 617.0810329421959, -605.7550605444675, -664.4005660268645, -37.73282862331985, 614.3955562015849, 536.0710961385787, 419.3027321776992, 236.49876405236296, -229.23775568589463] : 0.0
-4503.372929448586 : 3.240238641940346E12 : [846.2306643349175, -760.8498791127212, 956.3283681456819, 525.4473665743571, -557.6225023985464, 852.7334355537484, 854.2918604551376, -999.9309506091442, -467.1725904221082, -596.400958409791, -537.0316646375006, 255.6176423266811, 824.6251132948473, 126.09707042730588, 597.5703385603688, 315.6463144942743, 114.41146939611463, -84.95256958511345, -669.714294275082, 116.5320773721619, -332.1863575737551, -224.11281497375035, 8.866818865197502, 423.64343094250603, -819.649915712483, 10.583977833082258, -909.83646325306, 571.4381444594956, 513.7579556373357, -94.0230058453808] : 0.0
-8466.115899659366 : 3.5247661096071245E12 : [322.9308811214935, 487.10921887257064, -686.2420494735215, 701.7610122307794, 848.53203695055, 793.026480577234, 656.9682302488504, -918.0299413765167, 111.49449164057819, 573.627813086845, -60.10534389189661, 131.18858316361684, 367.4118516505689, 849.4197684226203, -566.9784553565073, 278.1329429552927, 849.7748464792805, 279.7935219872354, -953.9736456441892, -367.8321520410541, 919.3273143348795, 571.6261719629842, -374.63922404462744, 411.08147299934467, -540.6501127543497, -714.5023879320909, 896.9594911449112, 635.6468764720948, 257.16714765687516, -73.20931271771553] : 0.0
-5744.381986560378 : 2.398892347580004E12 : [-319.8364194235822, 876.1742246885062, 589.258477215292, 562.3730846562224, -404.7184723645506, -41.28548922946436, 471.01309247111675, 376.0259449836976, 510.734840201554, 721.7176613690955, -175.05905048629853, -11.93529796439077, 438.59844657904324, 518.4410146991177, -743.8378311510606, -932.016431066732, 302.04691332126333, -170.37430457844096, 351.9325086305182, 591.8584147202622, 102.53205201698688, 831.5795142371501, 953.323510327365, 479.99345081704, 826.586544717984, -23.22855126687142, -204.8373470192749, 338.49069660327996, -416.22272653012226, -581.3269162106824] : 0.0
-7440.918853018478 : 3.8693731974947915E12 : [-391.60759401548034, -116.65978725132732, -10.506009850241838, -689.9346963472515, 896.1461035173825, 519.2197051621338, -982.5769316933922, 922.6521461360975, 495.53127480868466, 222.8776802314128, -962.6960423338571, 838.8660158621974, 923.245754944486, 359.7123325587877, -62.08131160949313, -937.2978542643338, -748.1762471263845, 96.55434817038048, 188.49579182586695, 353.21058216087545, 93.38717685622407, 894.5640408922511, -308.7199554445674, -101.18972255843255, 488.2413125953507, 535.4189935057857, -37.50383885100155, -982.2076944317823, 402.3746060098868, 884.3601033802889] : 0.0
-5722.432814086605 : 1.656335835995578E12 : [-739.9265160583725, -129.10614778425588, 871.2711901243019, 119.41129513519127, -636.1869268160248, -187.08891558989512, -592.4969154884083, -729.1474103004982, 279.39426559438607, -102.67904026957945, -167.6713593950185, 677.4597997574083, 631.9170038872385, 409.27634062578136, 586.3139375892329, 287.4951634942786, 493.57884217276774, 599.741298660227, -316.7047312729019, 587.8474753041615, -89.39035996967857, -675.0066802229246, 220.9431830670027, 34.697759570986705, 170.55204483457874, -336.1456993524742, -659.5433378987809, -639.439664400867, -806.4030229214007, -444.5786440573447] : 0.0
-5138.5229059394205 : 1.1042919347020896E12 : [-28.624275962068282, -285.3397153214024, 205.59882042507508, 365.34876146929525, 271.10217523325696, -795.1657348044841, -208.8338412747365, 995.7038432189149, -178.65437032573803, 559.980060446564, 561.7578075368232, -137.10302824114737, -256.8343179685984, 219.21282399423168, 601.2790795823527, 87.328288025975, 287.96535906019096, -57.78528333042732, -651.8034187406456, -164.11997877722388, 31.5985780523896, -400.73985960373193, 264.17909960673927, -429.65428476351116, 20.55845377840242, 781.9166120112446, -401.03765021721676, -127.11250494886679, 503.2911239981289, -133.51153381849116] : 0.0
-6786.427747051717 : 2.2250611304716523E12 : [360.7628270491152, -720.0835929212666, 630.3010779190511, -693.4275483819447, 866.241812056712, -266.6595611130001, -729.6191688430749, 368.15645423143485, -263.12784262786647, -395.3807437158383, 50.78816674535733, 608.6413982722854, -399.16031744542363, -591.7625869665831, 904.8323262214844, 626.2991192444149, -709.7403052985023, -132.72176650007975, 164.56934197930457, -386.25096410823426, 48.91667288571523, 898.3070642851521, -68.28570480380995, 467.8557898275617, 333.3133224930366, -981.928284788947, -619.0121522369118, -9.342368985548035, 67.71241972487688, 841.0769374228024] : 0.0
-6486.505700106536 : 2.7472561188398403E12 : [-108.5268904402352, 764.0631847617385, -231.76192399945865, -619.717280259195, -287.8171786087833, 517.8918860151502, -93.5121766927058, -374.92196730972967, 237.34518440538477, 309.1033315312434, 556.1254797798968, 589.6366637347576, -699.805900157342, 916.0521260572159, 343.52527617962966, 272.33369263550156, 822.5197426898756, -816.485525464651, -637.5356426790064, -357.59951370837484, 677.9265649059085, 939.8125597943898, -814.139853349648, -97.97217029163448, -495.15668296457625, 996.184298049335, 269.7721829816147, 102.46386192082576, -514.931360263748, -299.1898723855136] : 0.0
-6523.607900640203 : 2.4744373448754824E12 : [-115.49666379115843, 431.9912141687985, -938.2975342892496, -702.5522865982916, 167.62121573468494, -856.0784630067883, 129.17131143123714, 602.3954607991164, -796.3553318509034, -319.9542270788785, 802.2212975116366, 921.5768072538212, 141.0226537063237, -105.07109096676379, 379.3351088084685, 993.2815151789604, 269.7285658666498, -687.8211139015694, 6.852880087182143, 90.95442016149514, 172.56455363628135, -586.9108275779158, 476.38305800423456, -419.28041805952586, -476.28632484414425, 913.2807010952148, 571.1907149944238, 384.35717047853154, -193.50269896138002, -968.0738660710475] : 0.0
-5749.0483664996855 : 2.4609382748855356E12 : [151.6386167022343, -455.1621130898541, 539.205346232004, 525.1161890018623, 543.7036642804221, 265.3119130020202, -170.39653078211563, 731.2462732951755, -213.4916012637447, 43.44785856035577, 315.8732411096473, 797.1637406482785, -976.9414737074729, 359.5976180529096, 896.237526116812, 671.3009716857059, 37.89478243667434, -664.8036132862334, 402.6310288064622, -49.7619047676647, -973.8465324421388, 311.2460671338772, 84.47795973626748, 224.31044765107316, -705.1091167707259, -673.6900033472505, -237.92565252006068, 187.0309029940899, -819.3724543018934, 728.9671971554933] : 0.0
-6354.3395734050555 : 2.838851452400521E12 : [-7.329248198497453, 607.9715157288008, -123.99674560853242, -488.7008645367672, 877.8413602714386, 440.576802413088, 859.6842574140715, -392.4305845628544, -684.7990754247221, -327.1824374729089, -183.97616895637412, 922.2902419539998, -395.5858039778157, 961.9446011054092, -449.80042236116606, 947.4159564217118, 283.28023368067954, -398.3456895827702, 108.09292889624126, -386.1287433142234, -602.0032433152419, -626.4125799806563, 766.9246360800091, -676.0597595153638, 69.73698708222196, -309.4125653945707, 558.3387437003937, -429.018751820273, 860.1441435537045, 152.92580410666687] : 0.0
-5261.335033001355 : 1.6070746493353574E12 : [576.07421180501, 509.1378401119641, 266.36100006612827, -403.56922763183553, -378.6323438045808, -59.638711117645016, 248.39060834938374, 644.888922022512, 341.9915919378358, -269.9407453144524, -225.65915992290826, -722.2984859282003, -983.7806059873479, -674.7405899979062, 328.1444101037415, -159.20642771361736, -168.08056973093986, 640.4563499955807, -457.0569309088522, -675.2648832877338, -259.40745117388497, 343.0921255830559, -446.0515717198549, 99.22707942416713, 368.6321466491306, -35.08022462449935, -235.431116630302, 214.44634883107707, -776.5366692999098, -671.229489599068] : 0.0
-5377.0403257231965 : 3.4618022135282065E12 : [-664.1835411484238, -543.2592464606889, 115.34088751794002, -376.5964132846078, 788.647911337895, 559.360834441628, -654.0120810684342, -710.5912676487047, 486.2475049545528, -377.5523417470479, -406.44035095878394, -577.3413590419082, 996.8657203796142, 635.5265106371489, 83.1739564199122, -898.4301379482447, 837.1573240744376, 253.38987133442288, 613.2026512288071, 981.477176507362, -165.11631976128103, -226.92894387248236, -433.83188362064027, 709.4517495875307, 994.8063585317791, 114.81840989604302, -421.13259569742524, 180.06400571033828, 481.1135992360462, -635.7415713025975] : 0.0
-4818.170670762945 : 1.3757966550521768E12 : [338.26729025765394, -1.9134808965120276, 955.0802350046574, 179.84312238492294, -790.477549692596, -111.93315469402597, 634.2051737844531, 357.11476157616795, -386.14628528494677, -425.59761766961657, 807.7785620138783, 227.103291794881, 602.6984138707455, -86.62079013529552, -405.87117742423254, 86.73863208749691, 335.65348490834, -544.0446884064775, -323.39928437746664, -661.1284311469576, -127.15482795526032, 532.260603544456, 636.2058291771428, -788.8978142881076, 27.90903847933521, 140.5386157370168, -351.70242674695805, -280.96074716783636, 446.1709364183465, 643.5478316496608] : 0.0
-4877.436619720165 : 2.772902892664363E11 : [-217.3604859842241, -268.8290378867387, -428.97999626770456, -345.44932828698705, 525.7712669750817, -507.1517220415434, -39.0212615225993, -162.7605959425257, -321.6662757479544, 311.01543236122535, 156.7404554735465, 168.97653856572737, -316.6056812616706, -393.0121858353455, -404.5617992138557, 197.36870694359095, 517.4973169531522, 376.4758613468081, 29.87045706962101, -172.79063907625508, 298.99965238634104, 370.5890298861416, 28.64815174255625, -64.48301519955083, -323.56155566221577, 25.833009792412554, 528.7889864355307, -117.25339281299041, -555.4811448289529, 575.8809896075637] : 0.0
-5856.120594850983 : 2.1352526090734312E12 : [-402.45209121156347, -291.29209123077567, 179.20704037268865, -18.23855163546125, -677.6700137366239, -805.4278291991557, -686.0598357688298, 943.0591960597174, 879.4704586314081, 511.2423489483583, 356.1138240171441, 548.4644556489561, -282.8112051073812, 125.05677709936214, 524.2829542431011, 705.2018088981868, -522.3401005434062, 907.7254019164117, 732.8775200692319, -422.90246172774596, -766.2196964583145, 355.4963717024105, 54.16386276288131, -284.7073563328386, -840.712968526268, -487.4057453419136, 212.61189647388693, 430.90700966475697, -281.6227471413272, -922.9466639586474] : 0.0
-5480.0320151280175 : 1.7297595554509734E12 : [557.6593197060884, -647.0698099831443, -411.99851198149156, 483.014579681098, -687.3950461422415, 444.4165884773879, -336.1950212246287, 959.6623169597751, 398.3045218958648, -1.2568132806507037, -82.46910941513886, 259.98852335645597, 991.3888518820477, -110.1622317933228, -661.4149327511152, -346.9308464609288, -139.84846936728104, 565.829493411537, 425.15929602771257, -197.2326307657188, -669.7841630343611, -73.8473617190574, 39.76105959476695, -870.2300991459098, -513.7586378019856, -754.4430243516769, 273.03081267961056, 259.62380066690184, -435.1893789701793, -409.11180533464164] : 0.0
-6733.399771926177 : 3.479362512243499E12 : [-498.81078509462577, 455.3733523653645, -323.220819707216, 661.9104570794523, -276.2757845313135, 509.78876495866336, 595.3168522145297, -109.91153117192096, -697.0538419785607, 370.9380894686285, -82.13962554988848, 913.1734830748771, -917.7148210426935, 881.9332598884679, 943.3074622526547, -595.1040982007462, 238.73065112777442, 845.7622656823819, -122.4503110862463, -406.72380708309396, 594.9403668830371, 586.5353344533553, -42.270723699085984, -770.5348977492708, 576.7725587993957, -514.3457687831385, 845.1721568307456, -911.6174071394396, 727.2688265270419, 579.3073800279312] : 0.0
-6260.703499821987 : 2.4146339051264976E12 : [887.5102263207864, 414.60779385497494, -487.7253514984757, 297.3252549986401, 578.1628345797044, -86.96106723550344, 17.060364230298887, -147.8474414303368, 992.0625593355157, -96.34152742570802, -505.76329373931867, -557.7759999569743, -125.06618025123456, -728.3563209659691, 599.0133683922521, 303.0820537522597, -555.2172755908034, -445.8475256140838, 944.9437211532932, 301.9846566619249, 634.5367726973918, -92.17134213557803, 591.4942962855969, -519.6375256909014, 739.4263637076276, 62.19337269583184, -713.6445401164756, 925.4378826033228, 505.46624307273663, -643.589797644338] : 0.0
-7063.493421948002 : 2.3738583717824517E12 : [-408.1522124915724, 838.8042050221976, -389.05098090700574, -411.2301991163579, -569.5582062226945, -774.0955036698474, 298.0145628514626, -394.72876474704066, -843.9695516814661, 864.4411492277253, -177.15025537863505, -6.039492102042118, -574.1114199318233, -407.07617207142835, 462.4228613779226, -98.3391278430309, -475.30545582015566, 354.1356080054296, -991.3750819944976, 595.1651848756696, 896.9520149305517, -663.5680833406135, -28.746449404728537, -353.0076604859869, -742.2699244173159, -249.70491527537024, -28.522578641568202, 425.6533952122444, 75.53519374629514, 646.3168672328729] : 0.0
-6910.544559147332 : 1.713859220056177E12 : [588.2114179813148, 420.98319569861496, 895.219858591005, 145.44480584605913, 258.44796782980575, -520.587308275936, 637.9990263119199, 361.05628980608844, -747.447828841465, -119.11406355445071, -63.72401108382883, -674.3170527985741, -377.55705340035, 396.9867967291949, 616.3979042200962, 918.3470290683147, -283.7197991472857, -678.6198267047008, 34.26832169454131, -413.10735528162195, -204.88979960605383, -728.9497192339602, 149.9569968720184, -325.9886063554758, -830.9810369184346, -26.84914516145591, -388.6959644296967, -478.7489211855963, -741.1653758323891, 961.1364672744119] : 0.0
-5574.759303883738 : 1.7693706606955771E12 : [-288.71197295609534, 520.2766176329098, 603.8288362351236, -711.8353658125609, -196.15272921772635, -857.4663420367269, 460.3594136364536, -423.3661823290587, -32.2321379630514, 42.816306190672776, -707.6238040833247, 120.379669461405, -718.3633004796027, -388.83989603599025, -410.71705988565293, 958.1401558318976, 857.6800793613465, -330.153941435706, 158.40298536041496, 538.1954123460782, -557.6988487501137, -181.86198043883923, -196.21420357439786, -107.37925183563243, -202.0051583057213, 132.07881965595388, 670.0914467622675, 677.5934487979707, -23.62211568035991, -615.0142392502156] : 0.0
-4401.61017874665 : 3.1151882335801274E12 : [-110.8623451117843, 922.7115859107139, 318.46401210492337, 414.39556438220393, -661.4920329210203, 799.2964150906444, -428.50576380107145, 849.4870850294359, 890.9981369959673, 377.928797152062, -600.9168510393774, 977.74093859485, 951.3639275633046, 48.277726676881684, 350.47974790532595, 730.1578382674679, -494.74458205047915, -795.4697800039946, -176.1442323462303, -667.4356183171496, 303.1386073767681, -309.0767299751558, 574.4458872465841, 262.7851290562736, 315.6929481946936, 753.0423867257252, 825.8406016910377, 623.368090421975, -128.98962021124328, 524.2264128963786] : 0.0
-6116.80059508898 : 1.9180846919243184E12 : [-745.4005098196201, 822.4681701515839, -795.328231531043, 156.6221371593819, -122.46536249639314, 499.0018445230355, 149.3158151872601, -664.1410501110342, -119.0857720016046, -386.23286969150826, -537.2734221208459, 644.2727472822414, 38.4373915142977, 617.6678465503142, 860.1920860975397, 147.23115636192608, 548.7707529929942, 510.65310948742115, -113.61857017940048, -363.5533950355746, -577.2315380343864, 442.5462198786874, 927.7608757389788, -477.0973883476154, 74.99529910307388, 556.8388631685725, 424.07739460019866, -170.77709641001184, 190.62934271051944, -24.03373579264803] : 0.0
