Fitness : Violation : Position : Miscellaneous
2.523395554184543E12 : 195.82659227396528 : [-40.725596340183266, -152.41430532647672, -9.967333811522167, -401.1838954364555, -14.387960329422839, -59.6282299552677, 141.57294480963077, 254.5409259538502, 189.8133843904514, -332.021418160471] : 0.0
1.169058439489924E13 : 1466.0566504279657 : [195.2707735330627, -20.03538660529739, -248.20362204105913, -266.1631501710279, -545.6934672196452, -244.8953927765151, 426.4928410813913, 67.84980628190706, -31.098549489728498, -938.8356604385785] : 0.0
6.688521233797107E12 : 8862.680100391315 : [-97.11941071262697, 192.56864654308282, 226.40188608498624, -179.2806138381123, -293.23037002792773, -496.9311979472366, -102.82072506713064, -118.79759832855831, 263.4907073884458, -744.7794792569075] : 0.0
2.5489857738148574E12 : 131.6942539208235 : [-430.6122184470251, 51.60248655115028, 5.540313297907858, -32.91684754759001, 93.36584695716448, 52.391834619811384, -76.22423974728135, 76.2756723230126, -6.368634737410957, 690.091560286066] : 0.0
4.5333475273064E12 : 523.813204776663 : [119.69748355412696, -250.57396832551098, 149.11172454555813, 250.5513568336807, -295.16733890869637, 226.72216239981412, 381.02457924102555, 75.52666111245662, -12.240705951113103, -58.671539390687116] : 0.0
2.536252967572825E12 : 0.0 : [-291.67611282752455, 68.44939370455711, 82.85160966663972, -39.80495597389647, 193.74995164056472, 181.8117233869129, 273.0441043188133, 47.781521078058404, 264.7388651605509, 664.8267206925161] : 0.0
1.0676803903166523E13 : 65.19151607083768 : [-484.7457352643212, -125.15786549693834, -411.9752924550943, -495.0781135943172, 81.25162586432239, -96.21375533026236, 182.0207512040068, -251.87922472454738, -198.34772941515817, 766.8595981879796] : 0.0
4.810431497124971E12 : 445.0495817828405 : [152.2928318652494, -467.4315951411676, -323.8543680633874, 207.69379718888933, -8.817793398436606, 94.7982555623521, 45.8181362554065, 191.63160525902504, -247.46346569087876, -30.92903209184078] : 0.0
1.3283193225732866E12 : 231.97522447710733 : [-305.47424246752075, -128.74782911407686, 172.71331313582505, 195.08579626214072, 55.015849391296285, 109.03973721116307, -106.65286584441247, -172.83200527123728, 129.43743898012127, 451.6395269731264] : 0.0
1.889747640718781E12 : 1338.5453993194517 : [-370.18289403946756, -225.22659974319924, -2.785530631636908, -298.27228775842, 30.44506070477246, 25.63086645649681, -155.41383924396763, -49.0906369574227, -120.2561894651086, -684.6072557263541] : 0.0
1.3505872196638752E12 : 43.44308824194619 : [107.1062280877942, -202.70572264621907, 84.45950295637108, 2.3199486735763912, -277.233525182298, -185.4049475062306, 285.59782038332696, -11.317156132151041, 24.588461426503898, 280.84099039503013] : 0.0
6.358463812999136E12 : 2668.66865428531 : [-90.07893602890385, 121.89057269314435, -194.1081912181042, 383.1320782184521, 327.2474616944337, 84.18694520087627, 120.71683460153781, -302.96627732504066, 229.96077439424107, -772.8065871636813] : 0.0
1.7497250807342485E12 : 300.8901627861451 : [-272.7588591533709, 266.1244101040719, -123.09483162693192, -291.8853252789136, -90.66621659379419, 152.4988792991497, -27.18043784813625, 86.63390652666857, 17.706355578266198, 250.86778699418392] : 0.0
1.2806801022951062E12 : 413.37339279038616 : [131.38349654215614, -127.80137249049142, -131.02343525399715, 230.6873704289609, -95.86336898431898, -144.51554828474883, -180.78577462751645, 182.69730658111365, 206.71492253995766, 105.20927409409586] : 0.0
3.506805595261857E12 : 207.12850479900473 : [-359.49894171572225, 272.6629648778924, -62.15780068533684, 282.426182121592, 158.2075532326013, 3.490799261883126, -165.83875410033622, 170.05442976237097, -74.59838103614175, 399.2309899092412] : 0.0
1.1443901379961675E12 : 88.38832745134853 : [210.3929039666955, -185.3931141394978, -194.09372929503286, -90.38609717581272, -52.04325067953238, -328.05109612226204, 80.9419043785652, 4.53972954089096, -114.44058079931423, -859.0143607109069] : 0.0
1.79907069676641E12 : 449.05624138994517 : [-138.46788292009114, 211.10380210899493, 13.559898597158622, 55.53752290206273, 115.22859456737052, 91.16681232846989, 325.69224194875386, -7.628502611329964, -57.99535757163275, 420.2815166799412] : 0.0
5.910863167468548E12 : 2660.3989214440703 : [128.60822042406778, -427.0683939441565, 348.3310427691616, -100.19266957852486, -139.18089551496314, -15.871940350941827, 156.13241284638588, -323.79073162085774, 150.6473014386084, -83.17844702927493] : 0.0
4.918872304110903E12 : 636.7742543286209 : [-270.10986767004135, 65.66035634600576, -85.28536451807162, -267.04028488082884, -358.64351177483945, -439.96257474625475, 206.1294763640542, 104.24883533333451, -284.6483161377058, -865.7378287257868] : 0.0
2.9128432872374155E12 : 199.24081735783057 : [21.475615521736408, -70.7219005607401, -204.71315873532825, 238.34226213919274, -186.86615367914862, 328.7111981167363, 105.47373240547631, -207.84758331104766, 155.71670587288384, 26.957079102545663] : 0.0
2.3327154053610205E12 : 1316.0816957162783 : [-225.82077105538494, -159.36038114130756, 22.70797683593223, 103.67645873461589, 88.40792465886625, -33.68293373363599, -253.1071984616681, 352.2615298942617, 3.0493346184598735, 222.9084025950193] : 0.0
1.7454823927775627E12 : 1174.4941239277987 : [144.16114878401032, 139.82707272086233, -51.685900053996306, 270.3503357116337, -243.41971270306078, 150.31314382379384, 206.91299358545376, -62.23190216861667, 29.9090765240054, -81.6793044584935] : 0.0
2.306894062792444E12 : 4.24220819960586 : [201.51338430949426, -256.1669615217303, -76.2574945614927, -107.8041746267736, -375.0299928386984, 86.40574337495123, 226.48291178988498, -25.448609086596434, -146.9989191856813, 550.5354268573714] : 0.0
9.718762710687811E11 : 2050.0025528425444 : [29.130171354158183, 189.31074753965302, 68.61176150922273, 223.6237796751705, 106.10401376621263, 71.90163439379322, -46.65043570994274, -198.60523382584103, -103.61822493828646, -733.671150836205] : 0.0
1.6534492627158372E12 : 193.98227446225556 : [-279.6092152700689, -52.80098049246442, 35.63948326660663, -13.175503321407035, -156.7460575869899, -367.79474001717244, 48.92590922791601, -138.52993645414256, 115.39403289669602, -66.8333043735681] : 0.0
2.8116004135843696E12 : 260.67526462169855 : [17.147884587386898, -226.74471429802327, 143.5916150738322, 189.68394864543376, 41.84492160247076, -171.16359832344585, 86.82367847309791, 341.3224989865534, 241.0846292321428, 11.482990200810491] : 0.0
2.606866509245183E12 : 2773.721624176754 : [-9.424498190237557, -267.2006095408881, 226.13027825541076, 1.0481524844544765, -203.87530363662472, -268.9081820834, -87.84844771469682, 86.46702066213061, 300.9625224896639, 645.954002132934] : 0.0
2.5670424299792896E12 : 481.510161633209 : [-26.043893824616248, 13.506495828069546, -17.7230515667667, 213.6092641304108, -363.19049283552965, -305.0861588703551, 232.51107430702882, 115.15593608311204, -93.40763934231927, -544.2283243664131] : 0.0
1.7764683636563896E12 : 3246.482404080433 : [122.64475067673031, 280.69798879042764, 217.0062662028845, 64.35255073711971, -85.04391632313678, -8.830480482937332, 153.8371710372926, -153.95406389116226, 100.87946808208238, -170.61042524744744] : 0.0
4.996876785138825E12 : 1368.2742789998745 : [273.16470636736824, 174.55038868369502, -317.7625622409963, 167.79258389350755, -25.005578625449402, -341.0116979700681, 217.33455462752875, -289.01547948432767, -394.06575891725254, 339.5917248049557] : 0.0
