Raw 9D
-3899.999979009229
-3899.9999895287815
-3899.9999800334235
-3899.99998108855
-3899.9999797001665
-3899.999968829028
-3899.999977131994
-3899.9999855120213
-3899.9999861489996
-3899.9999882286756
-3899.999958108875
-3899.999960313161
-3899.999990883723
-3899.999962828826
-3899.9999855478613
-3899.999976978993
-3899.999982901218
-3899.999978849411
-3899.999977577058
-3899.999979746333
-3899.9999771314338
-3899.999987615355
-3899.9999743655962
-3899.9999804101562
-3899.9999808512034
-3899.9999667333714
-3899.99998767534
-3899.9999652520514
-3899.999973948262
-3899.9999656569103
