Raw 9D
-3899.9999912425355
-3899.9999925906827
-3899.9999871847103
-3899.999993927785
-3899.9999936065274
-3899.999983124936
-3899.999988906273
-3899.9999858363453
-3899.9999839574098
-3899.9999939124455
-3899.99998431631
-3899.9999861983138
-3899.9999912249755
-3899.999989413472
-3899.9999913013908
-3899.9999897171865
-3899.999991541712
-3899.9999962439165
-3899.9999924984863
-3899.9999938254255
-3899.9999894934913
-3899.999995487011
-3899.99999020808
-3899.9999952989792
-3899.9999869441144
-3899.9999861984934
-3899.9999873533825
-3899.9999893942395
-3899.9999871586356
-3899.99999118311
