2.9292917079497096 0.12177904130730055
3.3237411290616947 8.998441327015465
4.851887566961165 3.9153495778939575
0.20683664636731325 0.40491502514997224
4.416523166952505 7.079565307102716
7.479339082288414 7.060519847628841
7.500750188050675 9.231630660419176
9.814811581227481 8.928494257397846
8.292445276225095 1.047562064859895
8.132422048671584 4.237351839823761
9.637461715481686 5.128545606286793
7.81437606937521 3.317462381796644
6.902495074069587 4.915055073939289
4.208860460872287 8.31940987425357
6.773148914345727 5.903191109575442
3.5425797239238177 9.499245495282198
6.831006394528116 2.9196416111679655
0.07204920159181505 7.78896181668221
5.239852668067714 8.276134264750723
7.0703848371944265 8.966210522792391
2.420011169645775 8.25119017277461
0.0764082240797892 6.895495913563259
8.201089779633925 9.536447849481831
5.725465080794838 2.0337716250285567
8.617263642925634 3.036782094219558
8.436431638529605 6.676582612174155
6.245541738710151 9.727885577753423
0.2469614620591054 0.2665837982367014
6.786300679080074 2.151947849272282
6.169104940783734 6.494481713646106
2.446690065879963 5.571506377961333
8.580010463525184 8.893142117741847
9.611350796389008 4.80350754868614
9.367495791909526 3.158809752970769
4.271203428359592 6.320061407293494
7.817853368916462 2.5290954284669898
3.7299050322633995 0.32933249764213857
5.563335715388079 7.205579110050605
7.218892636646453 4.23945725292721
7.2993414787871505 0.029589730420314098
1.225760256667906 7.1603375558289475
7.436402814342581 8.402922181252114
7.577048029683552 4.912605529571317
8.369650913163094 6.790951179969217
3.6153491615881106 6.390016912499965
5.628519224764198 5.053813084104316
4.171964703666562 5.060973441471406
8.812015371344494 5.322022539274515
4.460169552852981 3.8968371181940062
4.919975716841908 4.166097020852007
1.5004774681506095 8.079146486982145
2.4582941969865866 7.405466049441399
9.238123521713486 7.46479871886171
0.5261935095698544 2.0601435733022844
9.124309121938389 9.977717799319091
6.9861843421421765 3.6693448461269695
3.606581134144793 7.847478769462306
3.7724407026276294 7.4844344272028955
4.710051324703429 0.9298125448791628
5.410891417713723 8.889293434469355
3.6899800348368283 5.220868329487675
8.904411081027053 1.8093965086786712
0.5975870957540119 0.11656537451509075
9.279070435655607 3.8415938869323862
4.524773443172254 4.970315801868015
5.292480237829283 3.369796767911665
6.279767435863177 4.066858380577509
4.072850163775598 7.027466120262439
5.294539651790196 9.25688910012895
1.787450421210316 5.526008176980946
1.6761557974360908 1.186635841476461
9.831752816063245 2.088887052506303
2.4880652815173274 3.3084699639460258
2.485598380626443 0.5144593772515604
8.583653420480893 7.6731058142792365
2.500321583783851 9.236250647071174
4.613213391607914 7.880891098286399
5.660836351759016 3.657583280175667
0.1868154598581584 2.5091415043349965
4.009268698841292 1.5081816331188402
4.599392498870513 1.83443057387078
0.12179963542626293 5.003573406110867
1.0106726349086381 1.7331961232276105
1.5979566091541197 9.183813791688106
8.521434251861654 1.2709758777789848
5.7516751569723965 7.9662634885361765
2.198870934637631 4.680043642506541
9.386025181065609 8.167848502563926
1.7776969313113156 4.177166613008286
7.488579171409555 7.035441735973821
9.499940160747919 7.387654907666226
7.701975049840622 0.66870183358411
6.355203640547579 2.0188351648478875
4.504301853584101 9.127910734143184
3.8445052573099394 0.8655260646779817
8.176524429112494 8.990056835977533
5.314629004324018 2.2320502350594165
8.839226566113762 5.6496086274860104
6.8962532210179015 4.41976913607391
5.108546147571521 5.756131190069853
