-2.862733449129249 46.76896907823581
0.3380552401936468 54.52694682958834
-1.7380717061072355 47.06928756310326
-0.8962280846251014 49.409146472355424
-0.38105880330865194 50.86129141936101
-0.8895504204206071 48.735199371932936
-0.07843472803103402 52.28972632972293
-0.2321818136880609 51.51458068290403
-0.31268036910246955 51.16170689847942
-0.9372333176630488 48.77559063697284
0.0035195070881106627 52.40771335863737
-0.8722044860207852 49.27749135258869
-2.6030954033120275 46.49331124891509
-0.6630939706173494 49.87038734402188
0.5190846902301458 55.54267424058384
-1.1263162865226963 48.275332843258354
0.3352948127222344 54.84902283752029
-2.588156287362394 45.95602843642821
0.2366513015405043 53.9703871247986
-2.350439072582309 46.42376208107329
-0.6978797410393419 49.69392848713689
-0.2636565951715175 51.26305397298344
-2.4441361996265676 46.30070487201826
-1.1499959323836517 47.984050256339074
-1.368083861802635 47.52387590778439
-0.6927561758837228 49.58002730185518
-0.977311055809635 48.65394912646616
-0.10043709971275311 52.231261795116204
-0.9121570410831422 49.145771371965054
0.3243547778963086 54.47027597120704
-0.4571339684427265 50.3571715386168
-1.683525475633896 47.23061518171872
-2.0825420313979675 46.605037010472245
0.39443746680108693 54.36704633423266
-0.10407655737220534 52.79407218997643
-1.8622426771418463 46.85271970050847
-2.193707452987505 46.65442600892735
-1.3381366917690836 47.42368737513401
-0.04868445247232467 51.92078437085085
-2.335822358691554 46.787004240180856
-2.89016282891132 46.32961515678205
-1.1649672533797988 48.277299544622515
0.10222697319493743 53.43713656490121
-1.5768854090718833 47.145115304709456
0.36629173107179547 54.527290345909826
-0.5282687727345954 49.88370521680558
0.4530727526651168 54.94530480650175
-2.723747561957819 46.56686038437287
-2.1562483636757594 47.194791812297986
-2.6375437425457986 46.211158177893665
-2.178059681761793 46.4186331769109
-2.008720276727961 46.51702931461766
-1.3447098218048839 47.60811478559704
-1.7461947512335518 47.08529065856004
-1.1740864849508554 48.29504024308099
-1.0654090755467491 48.543381587365985
0.6196180234345806 55.85007122459906
-1.903512806783281 47.15329057645222
-3.3386964136033708 47.1067951570932
0.39605043894415015 54.62496766325793
-2.217632072134524 46.67038821144672
0.27948454171795334 54.07125924856714
-2.102934181201025 46.932232666098045
-3.200337293592047 47.148462050084106
-2.2456316922232413 46.60738336971993
-0.5791893927032046 49.75433072612297
-1.4039923351171226 47.70346607174994
-1.0833405313134428 48.39385719821625
-2.4337568654039945 46.8091032936545
-1.3867583567055197 47.703003150431385
-1.2170933265635104 48.09554940642828
-2.4371953355941005 47.170866375132505
0.7249700931247767 56.59093185777279
-0.515408452069199 50.17828401779903
-0.9682891957856451 48.730412770473016
-1.5570040685430053 46.93038850805266
0.2727505881030656 54.49444665540404
-0.41394045567277904 51.04741038694554
-1.8024344273861448 46.76577720771264
-1.356380543594562 47.590975563300205
-4.481448522153626 50.54663123462007
-0.10786652476391467 52.317336438955486
-2.642349194242893 46.35407015623025
-1.9242307190096821 46.86848381937456
-0.7628849283952877 49.373826305841646
-3.0398403360893935 46.79516078011327
-1.0532237151640556 48.57954896963367
0.31838522596090457 54.17915339220037
-0.46538947457345203 50.47796146098964
-2.98528166091988 46.542339193032426
-2.1630117415527814 46.66915763301893
0.9719832682107858 58.10524556595734
-2.5746064985214963 46.00002753981914
-1.9063475722926637 47.21018395625674
0.04568852678516655 52.739737860800076
-1.8614649333018516 46.85407890122491
-1.0376424246154343 48.57446120123028
-5.244233610319255 54.32100987558552
-0.6511316610438399 49.8624062427622
0.40498306028395503 54.58023774715799
