-1.4021786508226939 47.66486465144835
-1.3751483689202741 47.69485137240463
-1.7380717061072355 47.06928756310326
-1.159566265837383 48.274536537225046
-1.7945244928954747 46.983257371198434
-1.120907243351592 48.3332539416497
-1.447478297735887 47.56321366964769
-1.4563620128774133 47.588991083731244
-1.8346307712981562 46.908751603837175
-1.1783298142537242 48.16377067226119
-1.9242446571679968 46.82275987262925
-1.2283952725241412 48.048067195640115
-1.4312944874782185 47.59867218468913
-1.328593130249733 47.86693120481567
-1.4744769201753578 47.50411942645515
-1.265886438179174 47.97450959252454
-1.1465496993372377 48.2630116087677
-1.5292451047132345 47.416659260301714
-1.697071470160108 47.11694873484721
-1.3941917094969996 47.665222697770034
-1.9355572101315195 46.78634368724481
-1.294947218629186 47.853016782445046
-1.8077178941071583 46.9531006910572
-1.2230713548370324 48.09538392010748
-1.4752910284550964 47.535130563045655
-2.0835143303296744 46.64941569726081
-1.271063730562457 47.98559697062251
-1.7632340107298436 46.99903083781255
-1.2294354949398252 48.06559141762652
-1.344713147786383 47.772657413690865
-1.35142917108112 47.75115448611271
-1.8609251058828136 46.84229726761413
-0.9918315151937747 48.72384396852304
-1.131727760358836 48.3252420245163
-1.2626463273237691 47.991491406234395
-1.8622426771418463 46.85271970050847
-1.1408977092453394 48.28344383715043
-1.5647098447105336 47.294183203383
-1.4182663791205783 47.63218726498401
-1.4183857135923108 47.64173326647425
-1.421834990575405 47.557891437592076
-1.3687693016645794 47.700965908618464
-1.3534716686426718 47.74160403976852
-1.193521606130805 48.141898115858766
-1.5055622854884034 47.42578844972354
-1.3622245464861908 47.778195333036265
-1.0711642418652576 48.493561563338424
-1.3409143316433914 47.79665495092945
-1.478140456018473 47.48466498790987
-1.3659566433602803 47.762565257034936
-1.6705806833513348 47.13041429843919
-1.403913068763912 47.63551848950121
-1.4295229229203092 47.6008577769922
-1.7461947512335518 47.08529065856004
-1.4647256031090299 47.4828784146426
-1.4137100687106423 47.627383117300724
-1.395303106491397 47.62586566930878
-1.6216260415128287 47.218527198205216
-1.249181055299144 48.037960480782125
-1.3232606193470784 47.82454822488413
-1.032635769859841 48.566839009240205
-1.5579723144181532 47.264989566165035
-1.8083766797366747 46.958311907504374
-1.5608880964765341 47.34805757981333
-1.4101206596794926 47.6378945305014
-1.324785876961676 47.80215900017389
-1.179121266825895 48.20091784557397
-1.1068833360014962 48.37815281136001
-1.2177521121930268 48.100760622875455
-1.3867583567055197 47.703003150431385
-1.2170933265635104 48.09554940642828
-1.4625223690254214 47.48451176130011
-1.8844060269876006 46.83609178856295
-1.7355046656778153 47.11410580156921
-1.4245374396055506 47.60882340213533
-1.5401534386627473 47.36863909996257
-1.0361166630042982 48.557088328559786
-1.2688050257121408 47.97270848953375
-1.307399402205921 47.864345927464655
-1.620916787213551 47.20586783103746
-1.4399730190560098 47.58782090584945
-1.6826564430711872 47.1186991729128
-1.3227386677322148 47.76676277704549
-1.2995902031202127 47.88321086899675
-1.4970357809814674 47.477256629766515
-1.2897043791394436 47.90643043658565
-1.0532237151640556 48.57954896963367
-1.5696532530192815 47.31607466357248
-1.8993980718103383 46.73643618509898
-1.2575386987928852 47.97490234730817
-1.1312228768233947 48.353805988896966
-1.2895401545066312 47.872952023563556
-1.7204354767191248 47.09256732942871
-1.224900094081851 48.08760091591792
-1.5941872998847586 47.286916351415826
-1.2480116415111198 47.975494672606956
-1.0376424246154343 48.57446120123028
-1.218341645588636 48.068429496177636
-0.9828378414051773 48.752576293971245
-1.2358976647783975 47.99092618157498
