-1.943433047198429 46.781787344168976
-1.8503546727960707 46.95336313170451
-1.7380717061072355 47.06928756310326
-2.330259997315559 46.510517666938824
-2.0857194179408753 46.688433856542595
-1.120907243351592 48.3332539416497
-1.2046660775965823 48.13365879457433
-2.196275778809161 46.6018168201209
-1.5978657805783094 47.222937967978694
-1.046060436285383 48.56080015279098
-1.9242446571679968 46.82275987262925
-1.1150138771384281 48.36665464931196
-1.0910156076498505 48.51325715940977
-1.6153095883926223 47.33235031837236
-1.093560414051912 48.414541325003256
-1.1263162865226963 48.275332843258354
-2.3426338388072465 46.482216394311514
-1.592354539973764 47.43743247209964
-1.381139827656119 47.754382956180045
-1.3941917094969996 47.665222697770034
-1.3665143796559829 47.79549662306571
-0.8115437323300206 49.28335773047107
-1.8077178941071583 46.9531006910572
-1.5786246014850827 47.36735840647823
-1.4752910284550964 47.535130563045655
-2.0835143303296744 46.64941569726081
-1.0172807358873759 48.65394912646616
-0.8968925801930308 49.06487278125828
-2.0379955281383237 46.6043716598452
-1.344713147786383 47.772657413690865
-1.7958597090823303 46.9869021764553
-1.8609251058828136 46.84229726761413
-2.0733268010840074 46.67940545691231
-2.075409830487191 46.6558400274683
-1.1606041992243266 48.15699036882145
-1.8622426771418463 46.85271970050847
-1.1408977092453394 48.28344383715043
-0.8163933262460314 49.12749501739154
-1.3758588552292519 47.646613177807524
-1.281227684330811 47.96778561965547
-0.9732394040419929 48.726609374593885
-1.1649672533797988 48.277299544622515
-0.9516643818452536 48.67087780983165
-1.0977296272785306 48.31627621002616
-1.3501062706943125 47.81865652501105
-1.1277985753914952 48.36885081540159
-1.7790220292345207 46.93274143626032
-1.4438361382776896 47.494554335544855
-1.464173996819452 47.48466498790987
-1.5891396551404984 47.32492118106859
-2.062083147003496 46.68989171400527
-1.7976028232403989 47.00757746012489
-1.0843482111915201 48.31490703439796
-1.7461947512335518 47.08529065856004
-1.643611319059032 47.147630728928576
-1.4137100687106423 47.627383117300724
-0.5887081972618626 49.9775160642899
-1.6216260415128287 47.218527198205216
-0.9760798410599557 48.73295665467471
-1.1476011763996188 48.22426968737848
-2.061027022168651 46.67038821144672
-0.7765961885764892 49.285089497054514
-1.4758707194939629 47.552674126500435
-1.3008530686595086 47.836899157839724
-1.0366587090451742 48.63836766158876
-1.349729161104116 47.80215900017389
-1.179121266825895 48.20091784557397
-1.0738540747456926 48.445243112934136
-1.9002703440234294 46.8091032936545
-1.3867583567055197 47.703003150431385
-1.2170933265635104 48.09554940642828
-1.9391078868445444 46.76188298623607
-1.8844060269876006 46.83609178856295
-1.5203270342216204 47.3380272027599
-0.9682891957856451 48.730412770473016
-1.549652349581933 47.36863909996257
-1.006773141694065 48.557088328559786
-1.8097184301971005 46.90924204152752
-1.9674651126944247 46.742782000155536
-1.1276809934665406 48.31893421658052
-1.4399730190560098 47.58782090584945
-1.7654933280666953 47.027996914883225
-1.3227386677322148 47.76676277704549
-1.3126164145065742 47.867238260577786
-1.083832808048376 48.37405472995459
-2.3118722673704433 46.548311378062934
-1.0532237151640556 48.57954896963367
-1.9521917083367257 46.732220766808844
-0.46538947457345203 50.47796146098964
-1.2575386987928852 47.97490234730817
-1.1312228768233947 48.353805988896966
-0.9447658729808389 48.90563660109779
-2.0016792170139395 46.82369129011913
-1.3341477463804936 47.88767649009799
-1.6247574982085753 47.10621845907764
-1.8614649333018516 46.85407890122491
-1.0376424246154343 48.57446120123028
-0.9125536465540924 48.94946404356244
-1.6747718909747888 47.062875590543236
-1.2358976647783975 47.99092618157498
