-2.0826640485354497 46.76896907823581
-0.4890861298859244 50.46175099389929
-1.7380717061072355 47.06928756310326
-2.374065563700686 46.510517666938824
-2.0857194179408753 46.688433856542595
-0.9945802398401805 48.735199371932936
-1.8655937296085348 46.887079078275875
-2.196275778809161 46.6018168201209
-0.31268036910246955 51.16170689847942
-0.9372333176630488 48.77559063697284
-1.9242446571679968 46.82275987262925
-1.0479664561464372 48.70374893860561
-2.6030954033120275 46.49331124891509
-1.2934064210141325 47.78174719311827
-2.6354756910136095 46.61168420721377
-1.1263162865226963 48.275332843258354
-1.0311185494330293 48.30456108234077
-1.679055393933988 46.79124644128872
0.45041094490293626 55.13685487674758
-1.5292028698153288 47.416113019186945
-0.6978797410393419 49.69392848713689
-0.2636565951715175 51.26305397298344
-1.0123176137890046 48.656150040382215
-1.2315753242717462 47.984050256339074
-1.368083861802635 47.52387590778439
-0.6927561758837228 49.58002730185518
-1.0172807358873759 48.65394912646616
-0.8968925801930308 49.06487278125828
-0.43062640241054234 50.709576045210696
-0.6735601983793371 49.60398939689789
-0.6340792298711597 50.03724215222853
-1.683525475633896 47.23061518171872
-2.0733268010840074 46.67940545691231
-2.075409830487191 46.6558400274683
-1.796296750797629 47.1785469689074
-1.8622426771418463 46.85271970050847
-2.193707452987505 46.65442600892735
0.15647065272177096 53.167317372020435
-0.7868494698733197 49.50566034688998
-1.281227684330811 47.96778561965547
-1.519926920922257 47.5270920356283
-1.1649672533797988 48.277299544622515
0.10222697319493743 53.43713656490121
-0.2745246942198354 51.41726087633952
-0.523336868272577 50.378937684158494
-0.8610143006075938 49.15116943825508
-1.7215709902828158 46.98538870149939
-2.723747561957819 46.56686038437287
-1.4929095385946007 47.194791812297986
-2.420935950733409 46.556930363527755
-2.178059681761793 46.4186331769109
-2.8055624732517686 46.51702931461766
-1.1500121094283497 48.41151728147314
-1.7461947512335518 47.08529065856004
-1.1740864849508554 48.29504024308099
-1.0654090755467491 48.543381587365985
-0.5887081972618626 49.9775160642899
-1.6216260415128287 47.218527198205216
-0.9760798410599557 48.73295665467471
-1.406312672049305 47.575839858328095
-2.091716634003133 46.67038821144672
-0.7765961885764892 49.285089497054514
-0.4414362220180066 50.65202993784437
-2.0401967888462447 46.797042840822485
-2.2456316922232413 46.60738336971993
-1.349729161104116 47.80215900017389
-1.4039923351171226 47.70346607174994
-1.0738540747456926 48.445243112934136
-1.9002703440234294 46.8091032936545
-1.3867583567055197 47.703003150431385
-1.2170933265635104 48.09554940642828
-2.1107004477142577 46.76188298623607
-2.131555264183529 46.657056295513016
-0.515408452069199 50.17828401779903
-0.9682891957856451 48.730412770473016
-1.7493222972111029 46.93038850805266
-1.3385904888138493 47.55266335110746
-0.16886126357093612 51.898224525235946
-1.0363685158668297 48.472159888672216
-0.4967195009226611 50.4760509083154
-1.4399730190560098 47.58782090584945
-1.7654933280666953 47.027996914883225
-2.642349194242893 46.35407015623025
-1.9242307190096821 46.86848381937456
-1.083832808048376 48.37405472995459
-3.0398403360893935 46.79516078011327
-1.0532237151640556 48.57954896963367
0.31838522596090457 54.17915339220037
-0.46538947457345203 50.47796146098964
0.3635478452661773 54.464916572610306
-1.1441432226858317 48.353805988896966
-0.8842185799111449 48.90563660109779
-1.1201480671374404 48.56591820077455
-1.0042591812279262 48.907555134252334
0.04568852678516655 52.739737860800076
-1.8614649333018516 46.85407890122491
-1.0376424246154343 48.57446120123028
-0.8292617083457613 49.48778690253777
-1.6747718909747888 47.062875590543236
-1.2358976647783975 47.99092618157498
