-4.364465266492141 49.86944059326982
-3.8242775582484785 44.44069525376125
-1.945336278902932 42.06640567854121
-3.944865853407027 47.968964172518525
3.1554609897061203 67.93121632692646
1.348581706699513 61.0534651065211
5.241573205669094 110.4711952973951
-7.925938077299923 79.6465045869884
-1.9023662092082527 36.94496936067327
0.6162884622754335 55.26398318464777
-2.682189340112508 42.900108355110746
1.4865390682179824 37.84367264492377
-4.342206530689529 50.39346214301328
-1.82175110849213 43.00730808317735
-4.019534152550663 49.48959857563951
-4.83189654034276 52.768666610845976
2.243518429108252 63.960450108149146
-5.829306128819406 63.447051201988145
-6.106221005660967 58.996559551483884
-0.4797169949472444 49.92620060766281
-4.105474291940022 49.75547737708427
2.1922959603867724 70.46257543225438
-3.2739426214326555 47.80635094976899
-4.347917265521155 53.62403574817424
1.7913877366441695 62.0595766645724
-7.425714709968869 70.9619229613028
-2.116605319897978 49.34509631520608
-1.0323871308652335 49.23702471921847
-2.462277198715073 51.93241016220593
-3.1317592333309077 45.279256438669435
3.0534478047191076 75.28730896213065
-3.5438595051133404 47.576737178762386
-2.0825420313979675 46.605037010472245
-5.581293122736977 57.89911537879654
2.4848904977864144 69.14495848510491
1.4561388505498583 63.57447315904485
-3.705118656720959 43.52112128635321
-3.0950896473142038 42.87819060764818
-4.388211686041107 52.87120126911889
-7.7884147033754205 80.44577263457876
-0.6609060792779521 52.06609204050834
-5.386191360077424 52.86048707139358
-0.36727530846889866 52.404324898345706
-6.750784973093483 65.75445779248437
-2.062706098731078 25.617827371963127
0.31593383949646503 55.92636676153102
-3.354251932377355 46.403252569731364
-1.8227388993974847 46.56686038437287
-6.256242724054254 63.840751345546536
2.006705241488219 67.60881369935932
-4.857134342983393 56.84044061258762
2.2866129372208617 72.75769043815075
0.897420534993222 55.94747660859126
1.7756150292676038 67.72054322134055
-7.418178430863187 80.36696615812835
-4.42124919152959 50.6198309385126
0.38626005014579423 55.053381158638494
-6.945591510992405 68.61346277712342
-4.161418639222399 28.415290068647323
-6.403652417009688 65.55035379865087
-5.997606633833514 58.67013674300266
-5.346971997244757 54.07125924856714
2.863944174893398 74.78439914849643
-1.8809390016212681 47.91900590618191
3.011094819879993 70.75914063296051
-0.828530357434111 51.1473702018931
0.3359026748292351 55.67560625715552
-2.6621951615498753 50.04212089981169
6.469537668607625 122.65910498911049
-4.79195886967722 52.26714560209498
-2.9283544692468686 48.09554940642828
0.5318335643883634 60.1735659676618
-8.0338256737536 80.59221369843269
-0.4999405488109132 50.17828401779903
-2.3654290434201983 48.16200098144141
-2.1466585666144073 30.71265690783786
1.446547151479077 60.01051910511645
-0.03690990552243978 51.04741038694554
-2.2525216454908605 40.185336881762325
-7.746358932150086 77.30820313273053
-4.665541063948774 50.54663123462007
-6.1686396040741265 66.53163245663593
-6.495868047321362 62.81580587325489
-2.288652548483513 36.67087955852694
0.2410335054042929 54.62686110292876
0.7791532118891353 57.07316025201448
6.616932868663433 111.31181094639587
-2.654239519088372 40.89696891759749
-0.389074622993447 54.33014454910618
-6.4626914259998935 64.07915729311082
-2.1630117415527814 46.66915763301893
0.9719832682107858 58.10524556595734
-2.235721617832632 45.47346960437037
-3.1252915111349084 45.16069688715847
2.7838598787203557 86.01639731879153
2.78638947353332 71.49413821109874
-3.8420419166880198 52.46357614577363
-2.131703650028317 47.21985517804547
-4.261921491615814 49.8624062427622
-3.284443790887109 44.89992279577446
