-40.80459634177545 -120.94304351672191
61.01027618021837 6.20570974012935
14.421192957042422 -7.215885371980534
-92.52845612382968 114.09880031011215
35.75440926502753 -44.613294910503214
126.24853724697022 44.21953996539071
-92.2427012641771 -89.01315218282136
12.195751698765406 50.85267788304711
-95.91822090902551 60.88744339344288
33.353902552205795 133.98867504769868
111.67785333427389 -138.47438765227014
-80.79145675597479 -28.94630206888418
-86.2887084373502 -37.50030482596512
5.257381652129595 -8.653068976533916
27.51247152169597 62.85721327410033
-57.076792900660124 136.43105081340843
127.74577093815918 59.8857275993208
89.59139764465891 32.65146938645361
-47.39429481737028 64.453101824018
93.04333173320418 -91.36053091209132
32.21357530404899 -99.50134821169517
57.79908350427792 -98.91578850683767
113.5052903089773 -126.41891276220875
-52.12498730350376 46.23817587829339
24.768342709712954 -75.55604401161231
61.204072040192756 -27.449626488333863
85.60311377869917 18.3639755337733
105.45883894579345 91.50124378119622
24.450785483828355 39.60233299441583
133.2594049762571 89.14294207739854
-4.052518129086991 -77.41629471521259
116.74050961429367 110.02834354734588
134.23120699534195 -102.51757334411619
57.19447558465413 -81.85818410098875
-64.05439687601273 -82.30006044039087
-85.00128753424147 -123.87552521316707
-41.948446148663834 -69.72763881555214
68.27861994099209 84.5163437728288
-39.32510539343025 -32.44832214420637
65.74913830483462 -133.08248184097673
-35.9142700516404 39.558717745383376
129.92014814920674 -65.0999177013423
41.52195953710438 11.21081171318096
-128.65673950699255 98.18233272561403
-44.06310016311281 -102.81825514287019
72.8196329616975 -98.99360681114234
-31.13205245625818 -100.5438142517947
-5.519256587268984 -95.15987681159126
-136.5094149964905 128.69557347684616
-123.60391766375184 -19.546198486925675
111.53903910590688 50.33710657380274
94.85411945980056 -120.89811794935176
15.142249238077198 79.9021210741549
1.7048529922472255 -77.03032155584795
89.7408426574427 99.29489680980848
-36.85539116267584 -30.775408213615265
83.11814957028764 -23.07246724098698
75.06598366182291 59.94117193378804
48.195372876905 -110.68866140100275
106.58769878357242 131.848994142898
-116.39179055834637 -39.690225077477734
-108.37822202170523 105.28199686518613
46.19950921154276 -63.447314806002794
50.3273043529984 -79.1123570469198
-36.570357384398136 23.566294127657812
58.04226354349274 45.58393092325608
-128.67651157840297 -23.02191288360565
-31.22267025952503 -94.06800039895086
-25.05990507754504 -83.2896328604599
-56.40259072959047 27.52170491763181
-26.531655205407574 -130.6189407008066
131.20917898074623 43.14731881035436
-89.08096557179374 105.1848900253855
-81.1852286478486 -139.51992252733461
86.00099576146982 -79.66715802756022
-4.2157793183914976 -8.375901498825812
101.1361800716299 -95.31751953289302
90.94132269773641 -57.62818171556707
10.685646655540097 6.496363063508625
-23.75028818659662 -1.8452232851705617
-137.674327761478 -97.67949438386665
135.42827595859717 -113.38464977817809
113.13042304852658 19.779540132924666
15.517128886949365 -76.59546511532456
83.2847481975019 -115.36015086529666
132.65754859204634 -121.75914834025033
-14.53217695566488 30.79671514988391
90.3415346260858 -67.55517004701501
-23.18429694581559 82.89616118144531
-130.87127193269885 57.09345875496703
-37.012179223194025 36.10690380195149
1.3207720047631994 2.618508354395914
-139.7701613505623 -103.88763465159013
12.325196091137542 16.10244624051245
-108.55763421804751 64.697700624846
72.43325352774548 -48.29478592947463
56.13219983400057 82.36107660237585
-41.52176550599302 12.5850368800823
-28.259955180098316 89.18349452667115
-25.6669687694323 79.35581652040963
