Raw 2D
0.0055055055055055055
0.005005005005005005
0.006006006006006006
0.0055055055055055055
0.0055055055055055055
0.008508508508508508
0.011011011011011011
0.0075075075075075074
0.00950950950950951
0.0055055055055055055
0.00950950950950951
0.009009009009009009
0.012512512512512512
0.006006006006006006
0.007007007007007007
0.013513513513513514
0.005005005005005005
0.012012012012012012
0.0055055055055055055
0.0065065065065065065
0.0055055055055055055
0.009009009009009009
0.008508508508508508
0.005005005005005005
0.005005005005005005
0.011511511511511512
0.009009009009009009
0.0055055055055055055
0.00950950950950951
0.0075075075075075074
