Raw 2D
-0.39876028275189146
-0.40868269505986976
-0.4063172271731317
-0.4006659436057264
-0.4092746297383258
-0.4065174957380897
-0.3999655651833802
-0.39858679693323307
-0.41801720581620583
-0.4141853097276531
-0.395906065364117
-0.3924295715578558
-0.41782438355435353
-0.4139344414932464
-0.41021195591132287
-0.41513466576023444
-0.38762908703608717
-0.4033016617685782
-0.39505745097924294
-0.4046102983481201
-0.40650166354028144
-0.3929689201820669
-0.42399663967318496
-0.3859829473803938
-0.39493913368587524
-0.42402694740566543
-0.4374188320146514
-0.43407437399540316
-0.41534050353636376
-0.4200855303671936
