Raw 5D
0.0
5.0425104779413945E-191
2.8409735246495878E-224
0.0
2.399939173098991E-196
6.412250093781768E-143
5.0754485345398027E-169
9.028895609363274E-112
3.7809753126037765E-138
3.07318271642128E-148
1.5708395658157611E-217
3.234699334921253E-212
3.707850396866972E-169
2.1100480687067107E-193
2.0534102507452525E-166
2.426116757940147E-174
3.338673519954804E-208
5.712147377993606E-156
2.7527207607796826E-207
1.0771299163468749E-153
1.3969288371124147E-184
2.5410197630255762E-202
2.0839698407369986E-233
5.2127572419772815E-169
0.0
6.794514580380888E-128
2.0724399554941677E-264
5.933869161590372E-194
9.279727627867608E-113
1.753204018346495E-242
