Raw 5D
0.11623003554448531
0.11428106620266004
0.12292253540973432
0.12307626133046552
0.0983983909131539
0.11435221723454969
0.10306887376683121
0.12368473775243607
0.11818456454857679
0.1088827063551305
0.08666994893140963
0.12125885188498467
0.10717644811645106
0.1464331144747962
0.1220519502450342
0.11156976373531159
0.10755844033944514
0.13416098766258142
0.0992664084236611
0.13139063424063877
0.11169310409227828
0.1127490199554618
0.12259284656010058
0.1114216558151869
0.11591712370753574
0.12155048028678633
0.10262922892686582
0.09448398547772535
0.10206231220442473
0.10367207095415558
