Raw 5D
0.007207207207207207
0.005205205205205205
0.004804804804804805
0.005605605605605605
0.008008008008008008
0.005605605605605605
0.005205205205205205
0.005605605605605605
0.006006006006006006
0.007207207207207207
0.007207207207207207
0.006806806806806806
0.004804804804804805
0.005605605605605605
0.004604604604604604
0.004804804804804805
0.007607607607607607
0.004804804804804805
0.004804804804804805
0.00880880880880881
0.006006006006006006
0.005605605605605605
0.0036036036036036037
0.006006006006006006
0.008008008008008008
0.0036036036036036037
0.007207207207207207
0.004004004004004004
0.005205205205205205
0.008408408408408407
