Raw 10D
-0.9858662124306586
-0.9852516862805225
-0.9855131433751271
-0.9852807020888154
-0.986148491421481
-0.9865918623139213
-0.9859758963917573
-0.9856471686884724
-0.9855410611594067
-0.98607511520075
-0.985469727206701
-0.9855319270713208
-0.9861479942734793
-0.9855462117994632
-0.9859355832433506
-0.9850587343665805
-0.98550239011502
-0.9855169722031686
-0.9861148991491465
-0.9865200499691977
-0.9858321498783205
-0.9854044634660485
-0.9859956977719555
-0.9857412866934067
-0.9857598198295958
-0.9859450139594479
-0.985949507323496
-0.9854869073188645
-0.9859625757196213
-0.9862153254461541
