Raw 3D
-0.9926706824040992
-0.9928161186272529
-0.9929258920164925
-0.9929092034973467
-0.9927226557205476
-0.9932802684602826
-0.9928764733484908
-0.9926242148398058
-0.9928545010330744
-0.9929494441316299
-0.9930053789156453
-0.9930333984993708
-0.9927431187966255
-0.9930326076412812
-0.9928825541593169
-0.9931003160152894
-0.9931023679742056
-0.9931159776249816
-0.9925863349388234
-0.9925756082571477
-0.9921547337995836
-0.9929808660406003
-0.9928544690030056
-0.9931602669191492
-0.9925999190387201
-0.9931010256643901
-0.993286762363048
-0.9933213362815722
-0.992802609628682
-0.9930184947399693
