Raw 3D
0.034666666666666665
0.04033333333333333
0.036333333333333336
0.03266666666666666
0.03266666666666666
0.03233333333333333
0.034666666666666665
0.035
0.03266666666666666
0.029666666666666668
0.03133333333333333
0.034
0.029
0.029333333333333333
0.028666666666666667
0.03233333333333333
0.035666666666666666
0.036
0.034333333333333334
0.033
0.03133333333333333
0.034
0.03866666666666667
0.03233333333333333
0.030666666666666665
0.030666666666666665
0.03233333333333333
0.034
0.03266666666666666
0.028666666666666667
