# FVC 3D Coordinates
949.8948 14.6951
792.7031 88.1436
763.6047 109.8373
864.4197 80.4166
668.0221 154.8520
974.6489 00.0000
835.9599 77.0575
672.6529 152.1171
724.4610 114.0563
868.8378 64.2380
792.6790 93.7802
792.9631 104.7102
861.6844 58.4661
798.2874 95.1478
833.2301 81.8661
937.6674 21.7396
704.6315 145.3078
859.1879 61.1083
768.1664 117.3372
927.4607 26.5227
813.7776 83.4635
704.2901 129.7540
705.5263 147.1014
908.6234 39.7302
903.5543 36.4665
783.0309 118.4957
680.2425 143.5572
854.9620 65.9444
588.1067 181.9374
793.6651 110.6463
919.3101 39.2232
909.9712 44.5831
904.0773 39.0518
883.1481 53.7441
737.4773 121.5534
810.1571 96.4170
863.6785 64.3154
691.5706 137.2747
887.8408 51.1432
916.4342 42.5641
863.5549 64.1208
864.0088 62.0952
870.5162 65.2693
844.0756 78.3902
726.6983 121.7361
826.8943 81.9555
831.8738 77.2905
703.8915 133.8664
971.6484 03.1619
916.9123 27.8906
957.5140 11.5343
962.1785 08.4484
891.1746 50.2644
764.7887 104.3556
826.6205 80.9694
879.9912 53.7506
907.5224 38.3698
838.6200 77.8587
644.1084 166.1108
947.7030 12.8683
502.2547 218.4975
929.0556 27.2008
930.2510 26.5435
734.3464 120.3933
835.7856 83.2621
944.8094 14.7464
793.0100 100.5397
949.4247 13.7168
928.5190 25.5838
734.6946 134.4471
930.9714 25.2065
896.1332 50.8177
669.1367 141.3842
926.6175 32.6147
909.6695 44.8107
747.9257 132.7550
818.6327 86.7963
785.1188 103.7932
897.6018 44.9191
932.2586 24.1600
799.6159 90.9648
672.8159 145.8246
761.2355 108.9206
853.4531 77.1509
527.3238 204.1023
873.9802 50.1516
836.7834 72.1907
890.1195 49.1853
836.3215 74.3306
808.0007 93.2854
861.4405 68.3356
949.2115 12.8473
735.1075 111.1121
807.1007 98.2608
896.3190 50.6640
612.1824 176.9128
903.1954 37.9294
803.3808 91.5288
843.9997 71.0576
774.3467 101.8006
939.8859 17.1327
977.5467 00.0000
653.2258 155.6537
771.6433 93.8122
689.9173 132.2350
575.6910 188.1296
881.6434 55.8418
896.7157 42.3176
719.7957 122.2790
825.7343 79.6071
862.2991 58.2475
884.6042 51.0347
860.2032 67.7047
822.7498 75.4654
783.5615 97.9009
848.7481 79.7876
861.2068 68.2015
872.4609 52.1934
636.6510 165.4255
797.3776 86.7781
838.3186 76.3970
956.7217 03.3051
854.9056 64.5888
737.9985 118.6555
762.4037 107.3190
774.6196 120.0574
959.7800 07.1684
812.8718 90.6334
791.1203 92.5820
756.6325 111.5718
848.4603 63.5062
963.7310 00.0000
853.7721 78.9248
893.3988 50.4842
784.4809 104.5552
865.6415 64.1340
882.7608 50.1999
781.9591 101.0510
868.9168 62.4446
957.2396 09.5940
872.6509 53.5591
894.2977 45.7856
996.9653 00.0000
839.6479 77.0684
804.4276 94.3288
816.2172 84.6641
797.1203 99.8994
894.2637 52.8292
937.4435 19.5701
926.5821 26.1951
782.3120 103.3404
696.6222 128.7554
831.9154 77.0348
905.2681 39.6033
862.5087 65.7075
730.8885 129.4795
901.3582 41.8581
847.3549 75.7736
924.1765 36.7425
748.0780 117.0594
895.6464 43.1611
867.6282 64.1260
727.4522 121.3349
675.8304 157.5127
839.2252 74.5271
778.9424 105.3156
908.4496 37.0851
770.6778 103.9777
794.9652 102.1547
990.4125 00.0000
975.8643 01.9375
856.6668 76.3943
833.1387 76.1094
927.4251 22.9715
868.0585 57.9489
797.8706 95.3972
707.9555 125.5914
855.7744 65.6034
885.7095 52.2317
936.4091 23.1799
933.7473 25.1338
914.9379 44.4313
805.1008 90.2273
962.5155 02.1612
767.3286 112.6570
890.6616 44.8292
836.8345 67.9330
920.6440 41.1035
916.0514 36.8977
833.1077 78.3364
861.8276 66.7895
922.0375 29.4098
748.3678 107.3751
952.4366 13.4401
819.8418 83.4153
892.3481 46.5402
867.9231 57.7275
802.1451 90.1979
888.8824 63.3468
833.6143 79.4668
773.1056 100.2663
715.0430 125.2336
771.1932 105.5975
950.0538 15.1865
777.4591 98.7234
740.7910 113.0615
898.1633 43.5803
847.5712 69.6699
733.2825 122.4737
660.8132 151.3248
887.0032 55.6718
865.9852 60.2232
889.1958 44.2028
729.1616 114.2275
801.9519 102.3511
772.1789 109.8309
858.3439 78.9095
851.6758 68.5296
831.3294 78.7606
839.1289 74.0859
527.6212 204.8818
983.2058 00.0000
843.9468 74.3451
901.7314 36.2935
827.7877 70.4694
686.4222 152.3694
922.6310 32.8466
939.0462 18.3125
747.6881 110.4667
685.3464 137.3014
898.8010 46.6962
845.2227 67.6708
680.0010 148.3059
773.4727 106.0026
821.2079 102.4395
805.8957 95.8820
755.0679 115.8532
723.0948 114.2827
802.2313 109.9762
759.9920 111.0292
738.7700 116.3440
867.9465 59.5428
828.1220 83.2551
668.0619 154.1016
622.4345 164.3336
904.7519 53.6143
833.2876 71.5016
888.9215 42.7571
669.4619 142.5318
879.0913 57.1860
807.0392 88.1929
951.5681 10.0845
963.8322 00.0000
902.7040 35.5090
887.1308 45.4708
810.5988 82.2468
896.4701 43.0568
942.1176 21.7201
935.6359 27.3090
812.5075 88.6366
891.4936 61.1447
975.1089 01.1171
895.1429 45.1041
838.3803 80.0128
714.6815 127.2377
854.9077 65.7122
663.6234 156.7813
900.7375 45.9890
703.1470 137.1946
870.0631 57.2735
948.7978 10.8072
979.8668 00.0000
740.1071 121.4126
802.8089 80.1955
973.8840 00.0000
867.7980 62.5238
654.5327 158.3220
876.9145 66.1162
822.4827 82.0681
899.0982 44.7103
796.5150 112.3192
790.4775 97.0948
808.4210 90.0956
909.1478 40.7450
639.4949 156.8789
787.4558 100.4366
986.1267 00.0000
687.2478 144.1437
508.9369 217.3971
706.9831 132.0767
913.2914 42.5976
817.3745 83.7742
723.0012 130.4012
955.0329 09.9645
666.4078 143.6745
864.8127 69.3425
772.2086 105.0129
893.8399 46.2532
777.5527 99.0175
527.3198 205.7534
741.8975 119.5219
731.5968 144.9746
883.5432 58.4909
704.8638 147.3755
919.4130 34.7667
720.1695 124.8215
949.4977 14.2549
819.4051 89.6324
942.2713 16.8924
691.2341 137.9495
647.2432 161.7723
910.8371 44.8710
884.6684 59.3764
828.2568 79.4121
898.1179 44.1378
795.5652 92.1786
742.7857 110.1792
798.4961 94.4262
863.3999 65.2874
823.5378 76.9591
836.0092 74.5487
809.9193 88.0283
885.2424 49.8024
841.7205 75.0826
875.8991 59.3048
843.6919 80.9968
752.6773 111.7922
830.1670 76.0712
606.8091 182.4209
729.5438 118.4819
648.8690 159.9427
807.4134 82.3166
807.2223 78.0819
906.0678 46.8352
870.0470 49.4912
778.2641 90.5207
911.3398 35.6961
756.0437 122.9460
919.1357 31.7562
973.5682 02.4938
754.4069 130.6212
687.2581 144.9316
595.4706 181.4825
934.4919 22.6681
783.1794 103.7153
881.7457 65.8884
749.7245 122.0028
871.7090 54.9391
906.0755 36.9009
725.6105 117.0585
909.0404 45.3857
714.0952 132.7145
621.1373 172.6331
696.7196 143.1917
609.0560 169.0412
843.1717 70.3429
657.9009 150.1009
660.4493 153.5930
918.5613 42.1833
690.2059 138.3703
860.9643 64.2736
797.0115 107.4050
814.5559 82.2058
968.4833 05.5358
943.1942 12.9324
902.6609 44.4500
792.6214 95.7327
753.6325 114.8085
949.4408 12.7036
792.8323 97.6466
655.7435 167.6280
653.0557 158.6304
778.3094 104.6584
876.2625 49.7088
778.7631 102.2904
730.8374 146.6523
720.2995 121.3964
843.8067 71.8441
919.8003 34.1728
724.8720 131.3071
662.9991 153.4891
707.2032 135.3303
790.4341 98.9563
979.1283 00.0000
786.6312 88.6323
868.1654 58.9882
880.3339 64.7228
813.6880 85.6890
879.9344 52.5933
509.8373 213.1180
968.2330 06.3505
881.4949 57.5973
654.6978 148.1417
939.4118 19.8175
821.0746 86.9453
746.6894 117.1272
897.6524 45.7257
954.5705 12.1987
812.4103 87.4390
799.3828 91.0828
924.9808 25.6841
782.7888 96.8578
721.4115 126.8823
982.5972 00.0000
676.2746 149.2390
821.2140 89.2504
819.6285 89.0374
896.5774 52.8744
903.8120 41.7211
677.2118 149.3692
801.6993 79.8876
955.1427 08.8433
717.2212 127.1748
940.5254 20.3539
712.7231 124.3600
786.7090 91.6718
776.5096 112.3429
840.6443 71.3625
725.1330 130.6576
732.3299 121.3887
908.4455 36.6847
920.6183 32.7181
894.4180 45.6907
580.8182 187.7947
713.5083 129.7555
972.6643 01.0339
911.9341 30.6684
825.5675 80.0000
788.6199 98.6524
807.2754 89.0435
695.9450 134.6613
706.3321 131.0069
698.2317 138.8127
761.6600 111.6033
991.2685 00.0000
919.0440 31.5771
803.1445 90.1911
976.2385 01.5655
767.1627 107.2103
745.3268 123.8882
754.0119 110.1230
934.1958 22.9756
904.1435 38.8811
947.1535 14.1853
850.4457 67.9266
851.6529 63.6540
955.0908 12.0385
925.1928 27.1974
835.6132 74.5905
955.3599 06.3448
515.4954 212.9866
680.9436 142.1051
764.2543 95.9089
806.0465 112.5677
737.4346 116.4587
582.6321 177.6250
669.8073 152.0080
623.5863 161.9584
968.0773 04.6997
821.2883 85.0141
843.7774 66.7422
782.9017 92.0989
773.7647 110.1247
729.7501 123.7218
711.2006 133.3241
809.4205 96.1541
834.7159 75.3271
852.7984 67.6288
759.1890 108.2546
905.1586 37.3917
721.9381 125.7856
849.9614 62.7632
744.8292 121.0020
956.7350 05.5657
825.1106 80.3329
970.7881 04.8833
840.9970 77.9341
779.2772 98.4530
990.0081 00.0000
731.0009 125.8672
769.5128 114.0403
715.7810 132.8307
752.2848 114.7026
941.9463 11.9531
931.8727 21.4916
789.3356 115.6081
675.8093 143.3584
803.4273 91.6407
900.0811 42.1961
569.2021 192.2332
934.5599 23.3276
730.6389 123.7910
795.2919 98.8151
794.6584 105.1849
865.3948 75.4609
929.3681 23.8950
864.2047 67.5407
809.9313 82.7766
812.7397 84.6241
784.2741 97.1247
544.1399 204.4735
843.8854 73.6834
706.2696 129.9258
708.3833 138.9384
773.7107 100.7693
736.2369 126.1157
734.6306 132.9520
951.0336 10.2173
838.8631 74.4425
851.1598 67.6322
794.3466 105.8419
855.7790 73.0165
765.3020 102.5073
870.2711 74.6957
689.0696 144.6644
836.9316 74.1459
900.8146 45.0269
735.3841 119.3388
836.5398 77.6687
772.7071 109.2677
771.9020 102.4739
742.7783 110.3593
867.3200 58.9263
825.4079 82.4928
989.6196 00.0000
890.0808 56.9796
786.3123 99.9426
833.1587 73.2783
904.9853 37.1122
862.6823 64.2476
840.7317 71.8347
840.2799 73.8418
673.9141 145.9035
945.5231 16.4299
794.8948 94.4707
750.9002 124.0024
808.3791 91.2880
796.0150 90.3889
768.3562 111.7492
898.6673 41.6045
925.1167 31.6559
923.3351 29.1191
598.3546 174.6646
918.4967 32.6578
734.6448 120.1275
658.5646 156.4939
641.2840 167.4025
849.0101 62.4430
811.4857 89.1779
692.3814 128.7676
887.4076 59.4759
910.5213 38.2966
884.3295 48.9260
907.2789 33.2011
581.6964 184.1050
797.9727 106.7671
869.2315 51.2285
787.8663 104.6908
943.4279 23.8135
844.7511 69.2275
899.4706 44.6736
773.0833 105.6404
659.2656 152.9997
912.4148 30.8270
817.3672 75.6402
586.2541 183.3212
877.8337 59.6651
717.4862 132.6085
865.8651 70.1650
773.5661 104.3791
860.0652 61.7025
889.2337 47.8661
956.7042 09.4252
861.5982 65.1179
661.6163 152.8269
887.4777 49.2967
746.6163 130.6380
872.3697 67.9864
635.6159 165.6118
784.5038 94.9018
877.8986 52.9285
744.8694 116.7160
921.5639 34.4782
812.5933 86.1380
770.2912 113.9459
825.5405 82.2834
965.1053 04.7394
840.3408 68.8732
786.6076 92.7204
783.7084 96.7919
974.2935 00.0000
916.2348 41.6756
973.6961 00.6861
677.6585 147.4441
704.3788 137.0812
760.4544 121.9502
628.8318 166.5743
867.8015 65.3530
766.3655 112.2707
788.1356 98.6252
949.0749 13.8730
762.3657 110.9927
995.2560 00.0000
929.4409 21.1735
732.2758 128.5655
811.6431 94.0120
899.1853 41.0002
817.5481 86.8129
796.0059 91.9863
680.1049 147.4798
847.9708 68.8500
658.5565 155.4220
987.9216 00.0000
844.8628 70.7704
738.9443 122.4375
672.3699 145.7541
836.9773 73.6719
757.1632 111.4578
577.5570 190.0335
880.9899 51.8397
713.8811 131.5566
688.9469 137.3999
875.9602 57.4799
876.7464 55.6064
827.3209 80.3904
865.4802 55.8633
784.3942 112.4729
730.3630 138.9027
715.5599 121.0294
928.4126 25.7199
767.7874 107.6936
905.5149 38.7208
933.5553 23.3511
589.2785 187.0064
767.9952 108.7060
928.3791 27.8246
884.5173 55.0215
720.2561 117.0528
971.8404 04.1122
890.6436 48.6506
736.5845 122.0575
816.0152 101.6082
723.3260 127.6079
665.4157 158.6035
973.8571 00.0823
735.0557 113.9561
879.9591 49.0195
787.2066 112.1430
889.8254 54.0552
788.3301 109.0059
718.0551 131.1979
887.1208 49.4465
697.7469 135.3303
895.3827 42.7320
893.8897 56.1315
813.5127 80.1243
937.4508 24.5912
848.3259 74.3599
756.3972 108.7137
837.7080 81.5618
681.6367 144.4333
749.0263 106.6655
791.7425 99.5173
914.7676 31.5922
882.6218 55.3400
655.7021 167.1279
918.2082 36.0579
824.7675 77.3430
890.4909 47.7238
906.4526 37.0016
768.3548 104.5718
634.8052 156.6099
866.3758 60.3393
864.7242 63.2386
947.9894 21.1367
863.4063 63.0109
752.8008 109.7035
928.1445 26.8118
737.1302 118.7515
773.1680 109.7153
631.1574 167.9445
625.6653 160.3394
690.2560 132.6927
780.9426 101.2809
882.9329 47.0757
738.2873 116.7356
662.2167 164.1859
912.3522 34.4106
888.1516 53.4957
777.3348 112.3522
847.6681 76.0768
933.6271 22.7164
951.0887 12.6148
947.0934 14.0923
920.6158 29.1720
951.2331 14.9320
610.4918 168.2766
770.0800 106.0210
977.8832 00.3216
888.4643 47.0573
821.2635 79.2068
668.3828 142.9558
744.1413 108.3736
684.4736 131.7684
727.6479 124.4946
895.1838 38.8657
882.0948 58.9676
813.4271 90.7939
886.0286 54.6261
879.3512 53.7643
693.5949 133.9755
728.0300 125.8157
637.9607 161.6284
871.4511 56.8251
868.6244 59.7568
933.6043 23.9219
718.6357 128.3022
895.4588 41.7943
748.6758 109.9868
817.7223 84.8876
819.4739 84.0660
726.2093 128.9811
791.0136 98.1286
663.7265 143.7157
876.9507 56.2225
928.9636 26.3915
751.4196 124.4996
824.6876 81.8982
734.5537 110.3271
918.4625 33.5960
718.4555 135.7319
715.7331 124.1584
735.6353 126.8145
768.5621 107.4179
919.3142 30.6123
821.8315 90.5638
843.9088 73.1826
843.6104 92.9143
840.4506 74.3567
844.3095 74.5963
943.3897 15.7866
837.0356 83.4217
799.1943 93.7896
943.3706 21.6209
921.1569 30.6664
720.3483 127.4646
904.2847 48.3532
872.1945 49.9216
626.8296 158.7067
837.1695 83.2870
952.7039 11.3958
649.3995 154.1069
825.5521 85.8052
895.4101 44.7774
858.8736 62.1189
795.9563 99.1843
832.1858 77.8562
845.4498 75.1037
955.3699 08.7421
936.9184 21.1354
964.4395 04.8146
729.8506 125.8179
870.5421 65.4905
993.5040 00.0000
858.7353 71.7297
862.5134 62.7451
898.8884 42.6814
946.6473 14.6847
850.8826 65.5241
746.1957 106.9802
735.7291 123.1136
587.2970 181.8338
895.7015 48.5550
693.7257 132.0152
776.8201 105.3377
576.2314 179.3975
818.2216 84.2910
893.2210 42.2292
896.5882 43.9584
818.9359 72.2877
915.6783 33.9003
801.2604 88.8290
953.2884 14.6755
864.7353 58.2021
815.0547 81.8159
877.2158 54.4545
726.9466 125.6689
824.6927 84.9024
932.0654 21.6790
976.7540 00.0000
836.4882 78.0543
769.1332 104.7756
796.1898 107.2207
859.9171 58.0550
769.8313 103.3606
959.4843 08.5907
626.2376 158.0480
771.6875 110.4458
779.0081 104.7569
795.9275 96.1929
867.8328 66.2463
597.7199 176.9007
565.5128 196.2929
881.1391 53.4047
928.9379 29.0026
889.7204 48.1554
638.3121 162.1328
881.1625 60.0108
722.3178 126.9079
914.4658 30.4781
810.8552 88.3719
583.3370 180.8952
825.5609 76.2173
928.8590 24.6558
749.5646 106.3714
838.7761 65.3563
757.9898 109.7226
780.0570 92.8960
813.1801 86.8144
830.4731 81.9944
825.7313 77.9075
709.3223 128.2027
807.6422 90.0863
864.0642 61.3064
856.5629 64.8235
778.3510 105.0968
880.8742 57.4287
965.5445 01.9349
813.0757 95.5889
830.4430 89.7020
893.2001 45.8495
878.5541 52.8728
950.4633 16.4521
744.9737 112.2056
954.0257 13.1535
856.2021 63.8514
948.5251 13.6083
734.2017 122.4331
907.5358 40.5246
797.7353 88.5227
604.9997 168.5306
835.8126 75.8493
962.3800 05.4859
655.7659 157.1788
913.1655 34.5388
863.0859 71.0467
782.9246 114.0520
925.2674 27.2532
979.5364 00.0000
759.7502 109.0400
914.9680 38.0890
787.7828 97.8248
978.2711 00.0000
807.6473 95.4422
804.1266 88.4960
671.1243 160.6664
793.0235 106.8896
712.1323 132.5510
949.6810 12.6122
687.4540 160.4765
890.2385 58.2302
711.2471 128.2058
689.6483 143.8512
923.2031 26.4868
770.2492 106.0140
746.1233 118.2871
839.5394 91.4229
853.3562 73.7048
714.5693 126.8920
978.5611 00.0000
673.2336 167.5841
813.8864 90.6942
701.8807 137.3503
846.3882 73.0046
805.1057 89.5996
975.5065 00.0000
808.4991 78.4392
931.7328 18.3646
839.9514 85.2107
770.5436 106.5930
919.6683 42.6832
699.1559 138.2592
565.8435 193.3249
760.9552 113.5249
675.4773 141.0673
719.4591 132.5532
887.0873 55.1888
788.2937 100.8777
791.4979 89.6046
785.2159 90.5159
784.1433 95.3183
745.3525 109.4821
779.0990 106.5053
856.5637 60.7547
707.0959 156.0566
833.7956 73.7527
860.7610 66.4066
957.0187 07.4598
840.9914 82.9210
815.4214 85.2280
814.3522 80.5898
898.4319 48.4133
873.0454 51.9147
959.6615 10.3166
998.3474 00.0000
857.0066 68.0556
750.5821 116.2118
884.1028 47.5913
722.9679 135.6890
809.9090 99.1354
925.0144 29.6271
776.1023 104.3125
608.7240 168.8301
595.7023 178.9654
953.7386 08.5371
799.8655 96.7896
817.4863 82.4666
823.4241 94.2409
552.6776 198.0660
962.5678 06.8342
518.7490 208.8585
881.2937 49.9165
931.5085 25.5404
909.0007 35.3134
952.8082 11.2637
825.2862 80.2515
882.5109 49.6749
938.0354 16.3989
619.4109 162.2494
703.8226 132.8049
703.1299 129.8921
861.5979 63.7359
877.4463 55.6531
892.1827 50.0075
868.7634 70.4436
741.9338 120.5919
875.4468 54.3283
743.7465 120.3814
906.7881 41.1395
511.1590 208.9952
987.5729 00.0000
868.0122 60.9322
910.1650 36.7558
811.8208 87.9149
911.0150 45.5239
858.6306 66.3970
785.5007 105.0227
706.8428 147.8486
901.4342 41.1632
700.3238 150.3360
725.3167 123.4002
899.6800 38.7156
865.4877 62.9342
817.2787 82.2892
771.7416 102.4647
828.6144 73.5013
741.1731 115.6365
779.3571 93.7669
711.3498 129.2953
900.8865 42.2735
888.5011 47.2966
870.2059 54.8778
781.6640 101.3541
953.0437 11.8186
824.0991 96.6168
746.5454 122.3315
992.8989 00.0000
759.5766 130.1176
810.0563 85.9244
893.7472 46.0448
735.4103 122.2031
824.8769 86.4084
886.6839 53.0245
938.8773 16.9122
655.3742 160.1522
864.8364 74.4211
739.6740 118.2695
754.6065 128.3109
657.6285 148.1739
813.8422 84.2577
933.7983 18.9278
861.2084 59.1948
850.0096 66.2615
956.4326 09.4882
764.4101 108.1327
885.0684 50.3135
907.6493 37.0787
775.2896 105.7049
943.8838 11.0797
907.2439 50.3427
638.2828 158.1862
911.8863 37.0803
799.1887 90.5177
931.0017 24.1250
603.3713 178.8091
810.0049 92.4557
835.7940 72.8626
753.6490 117.5407
993.7113 00.0000
888.5966 53.5335
865.3337 61.2395
869.0411 58.2488
807.4764 84.8444
856.4943 65.5228
999.2695 00.0000
933.6797 26.5154
694.0770 133.5303
821.1268 96.6131
736.7664 117.9948
751.5941 106.2016
853.4774 72.2901
683.4944 150.0270
689.9769 143.5760
902.8330 43.2211
944.6411 21.8097
871.4139 53.6604
814.2307 88.2560
963.0729 01.1674
764.3997 116.6468
744.4731 115.6207
909.8774 37.2532
761.6523 103.5821
854.5054 66.3581
813.8024 95.5127
652.1576 161.4099
808.4134 87.3930
686.2422 131.4280
790.9195 95.6945
921.2854 31.0639
640.9814 175.8006
746.0196 118.1362
649.6858 150.0470
861.5984 59.5920
734.6042 126.8541
694.2435 131.8719
940.2896 19.7324
920.9643 36.1680
759.5695 108.8642
784.5139 86.4055
909.7840 40.4722
711.7793 123.5709
566.2572 195.2770
812.2688 84.7592
789.0526 95.3195
617.2845 171.6091
827.8963 76.9810
866.3017 72.4384
726.5304 120.7220
794.6655 94.5499
553.8694 194.6867
926.9426 20.9063
692.3058 141.8555
826.9341 77.8759
862.0321 65.0619
856.5264 67.3773
885.7717 51.6702
902.6514 38.3192
739.3426 107.6871
670.4447 149.8390
972.7949 01.4052
905.3281 37.6641
944.7857 19.2141
872.3331 61.6733
584.2567 184.8636
955.9451 09.7853
756.6226 101.5661
867.2509 62.9402
843.8902 76.0098
742.6880 128.9883
924.5465 24.9497
808.5953 88.9363
850.8546 64.8969
784.8829 104.5284
936.9736 19.9170
933.8058 23.6211
784.6654 120.5362
900.7843 46.9592
701.2919 155.8331
719.7412 130.6750
955.3912 10.7631
902.3811 48.4346
955.9912 03.3366
677.7272 152.0796
917.2050 39.3627
883.1023 55.3451
808.3849 88.2059
940.8198 14.1120
771.0179 121.9852
769.9130 98.0589
754.4434 127.4020
810.4534 85.8029
725.7852 126.5922
671.3283 144.9539
883.7660 47.6371
815.2102 85.0734
965.3430 02.0090
932.5672 28.5701
781.8358 109.3837
665.6702 140.8333
672.4201 153.6573
706.5195 137.1098
878.7533 49.3045
735.8467 120.6191
948.7295 13.2761
794.7811 93.7282
657.0554 149.7347
959.8872 03.8364
624.5809 169.9151
768.9950 104.6576
965.3523 05.4357
834.5080 74.1096
684.7624 131.9012
867.4640 63.1144
785.6360 101.8968
632.0667 161.2364
795.8402 97.5124
724.6855 115.2329
862.8413 77.0175
896.3175 48.2799
665.2671 147.1845
957.1352 07.9419
757.1148 108.9216
750.2682 124.1929
993.9852 00.0000
737.1116 110.5888
811.9355 76.0704
925.2115 24.3498
888.9611 45.3525
727.8868 133.2636
890.2365 44.2780
844.3800 66.7086
906.9633 38.7440
795.5547 94.8678
917.6495 29.9346
767.3696 116.4250
777.4356 113.5140
844.8768 63.0206
684.4673 143.2908
764.3970 113.7868
886.6684 56.9901
766.1837 106.7938
801.1132 103.7681
900.6697 44.3761
826.6520 97.9180
924.2015 28.7829
828.4254 75.4761
898.3377 53.6022
901.7210 41.6459
952.6775 13.7133
733.7254 121.6397
824.2791 91.6504
859.9205 66.2796
724.5955 136.1868
849.2519 71.6432
923.3858 29.0047
868.7672 62.6838
843.6015 78.7682
748.9669 118.0196
588.4935 189.3809
879.5861 51.4267
931.4206 23.8914
668.4827 139.2173
839.8445 72.9152
923.4402 35.1190
716.0098 126.2573
894.4344 38.9902
801.1785 93.7150
781.5515 113.1585
619.4413 162.6777
875.0155 59.1732
896.7743 43.7441
847.7400 79.0583
925.1162 22.9735
954.7672 09.0695
814.5160 84.6414
931.2881 24.6442
810.9529 86.4602
849.0588 69.8091
838.6807 73.1077
774.6560 115.0880
644.9024 158.5170
922.6390 32.4612
854.7274 60.6741
813.5281 107.9886
774.6677 102.3790
650.4716 146.8590
848.2622 72.3797
692.2673 141.6817
680.2997 147.1867
966.2340 03.7350
997.1087 00.0000
929.6297 24.1289
837.0455 74.6361
836.0693 80.9084
860.1823 61.9434
657.6076 159.4702
787.0286 104.4839
978.1775 00.0000
977.9952 00.0000
878.4714 54.7095
842.9019 65.6621
791.8176 97.0534
939.2979 17.9964
966.8839 01.9233
930.0110 24.5743
655.5718 149.3181
809.5277 90.8168
769.3186 103.2876
717.2094 135.7529
752.0249 115.6306
885.2435 48.4059
670.1944 144.7033
862.8057 62.1186
780.6533 91.3270
794.4225 95.2838
928.0072 28.8633
701.0486 140.3323
754.7755 113.8227
684.0953 160.2501
847.3989 69.8510
778.9738 99.5022
861.0009 57.9101
969.0527 00.0000
924.5255 27.1749
873.9378 58.6535
780.7431 94.2729
924.8362 28.4707
865.9715 56.3538
740.5727 116.3991
674.0974 152.5508
938.5741 18.6237
973.7960 00.0000
663.5357 154.7054
856.3118 69.2126
928.1858 24.4612
857.0298 66.3718
862.0360 63.4873
766.1887 109.5898
856.6635 61.5431
874.4259 58.8855
907.3759 34.7576
971.3515 00.9521
706.0626 135.8515
807.3048 91.2739
917.5656 32.2483
885.8538 50.6881
667.4963 155.5455
725.2224 119.6737
669.4046 153.2570
905.2489 40.5424
793.9394 101.0985
824.3435 86.0803
954.5150 10.7035
752.0991 121.0197
613.2617 168.2751
737.9669 130.5729
909.1080 41.3951
955.9257 13.8765
927.1553 21.1637
957.7273 09.7913
963.8787 04.8964
947.3209 09.9370
711.3079 149.3165
810.8056 94.2331
859.2073 66.5920
715.3513 131.3126
917.1955 28.0753
917.8870 31.1003
888.4362 57.2832
940.8656 18.6486
664.0041 153.7808
889.6746 60.9381
983.5304 00.0000
820.1441 78.7567
814.5864 95.9672
864.7399 60.2441
739.6731 119.2152
865.8119 61.4258
801.6875 83.2650
923.6285 26.5478
850.1785 68.4997
893.1813 49.4832
677.5762 151.1696
930.5647 28.1288
811.7168 89.4131
931.3827 23.7988
969.7735 00.0000
728.3328 114.7689
710.1473 138.7166
766.7038 121.2374
864.7997 60.8863
979.7354 00.0000
815.8554 83.9938
833.3282 73.7281
782.3022 105.6714
752.0339 119.1534
776.9348 103.8418
980.6539 00.0000
998.6644 00.0000
935.6979 21.8328
781.1929 112.8421
865.6768 65.0042
671.6364 148.2627
707.0018 135.4859
847.3769 71.7055
892.2018 43.1585
917.7690 33.2443
968.5277 00.0000
868.1653 57.9401
891.4620 43.5025
880.6272 56.9886
621.6422 170.2535
791.2113 97.8779
757.4783 136.1479
837.0815 76.7757
864.3802 64.2388
951.2381 11.8302
935.8480 25.0351
906.5566 42.2474
855.8960 57.6770
898.8694 47.7683
513.3967 208.1242
721.8614 121.0848
893.7476 45.6281
766.1537 102.8406
910.7082 36.8894
500.6802 213.4524
787.9551 106.4447
724.8228 128.6916
638.8204 165.9895
912.0194 29.9470
696.3211 138.6384
709.6196 131.6289
756.7260 113.5680
688.4881 143.7700
802.3405 109.3804
780.2339 94.8033
703.3768 124.9162
625.1939 173.6625
814.9117 93.6147
894.5384 48.1797
785.7016 97.4184
771.7245 105.6383
849.2982 67.2398
720.3219 136.4539
959.9616 01.1737
816.2408 85.9887
752.2487 108.9952
941.4012 15.3006
759.5045 113.2705
827.1172 93.7273
951.0439 18.1551
595.7588 171.4678
954.5355 10.9741
917.1158 38.0095
966.0976 00.0000
840.7492 70.3620
819.8309 87.1619
927.4938 29.0258
980.5622 00.0000
547.8289 193.0568
740.7816 106.8724
877.3970 53.5900
909.5996 39.5834
808.0914 89.9085
838.6213 70.4212
730.6738 120.7066
735.8145 111.1925
861.5154 54.4065
724.6236 123.3376
575.6226 182.8544
752.5409 113.7421
833.5890 72.8127
958.7771 08.2825
824.2248 77.6567
892.0634 44.9866
800.9233 83.7222
838.1606 76.5926
743.8151 115.7062
939.6748 18.5152
780.7714 100.3942
833.7247 81.5324
896.3284 50.9225
827.1934 79.8125
796.4708 98.0040
684.6138 153.1407
967.2729 04.9135
701.6758 162.2415
861.6842 72.9521
893.9220 60.1804
822.9507 75.3867
606.5428 178.0609
660.8601 145.2187
794.8042 97.9686
963.2788 07.2632
895.5725 43.0748
823.7522 78.5623
843.7493 69.7065
764.3207 108.5688
825.0529 71.5559
951.9407 18.7293
636.0924 162.5958
672.9902 143.0990
870.4579 54.6350
985.7139 00.0000
922.9073 27.5329
857.9870 58.6946
858.1447 63.5015
925.6547 31.0126
748.9961 117.1253
850.6107 60.1061
619.6920 172.5080
753.6312 113.4667
863.0962 57.1886
725.6262 115.9543
914.6390 34.4733
921.0471 32.2095
800.8040 91.7542
718.0049 127.2771
622.5745 164.1558
613.2974 162.9779
914.9986 45.7085
731.1014 123.8065
768.3661 100.7199
871.3904 62.0792
845.9758 65.6990
839.5097 85.8517
716.6673 141.7753
653.9215 169.2468
932.5613 24.9323
818.9980 85.9159
826.8077 80.2564
934.1206 24.0856
948.6136 16.1615
546.5897 193.4345
933.7708 24.2121
920.6034 33.0700
750.4814 122.6955
705.2370 153.4095
755.5637 122.3656
909.9763 37.1737
735.0581 122.9829
566.2295 193.1824
953.2253 10.4481
988.8073 00.0000
774.4935 101.2212
921.0312 28.7699
967.2699 03.8325
859.5122 60.6412
907.8768 39.0257
833.0187 73.4894
623.7213 173.9993
868.6668 49.7412
756.8319 122.4858
834.4584 75.8485
592.9714 189.7548
760.6851 110.9075
839.8619 71.4356
695.6110 152.0688
935.3849 21.5765
843.5363 72.0579
887.2922 49.6695
894.1221 51.2180
780.0791 92.0982
824.3988 81.3024
809.1431 89.3316
875.3861 54.4746
965.9507 01.6259
747.9601 116.9971
726.8742 122.4818
669.4185 140.0956
962.8440 09.1307
742.5929 118.8574
787.0467 122.2583
932.1108 23.3177
912.6726 32.5025
719.8909 129.7040
865.9489 62.8010
773.9791 104.4853
860.9700 72.9595
983.2462 00.0000
753.8300 110.2126
797.5625 93.5261
988.1028 00.0000
833.5678 77.4589
691.9516 150.7647
786.9910 100.3159
850.0383 71.8150
711.7758 132.5564
806.6647 89.5697
737.8019 117.1266
806.4128 90.1201
834.8921 78.2005
987.4064 00.0000
907.5260 49.4024
911.1157 42.6261
821.5424 84.9677
745.1226 111.0608
983.3479 00.0000
622.7697 170.6274
858.0308 71.4867
818.4191 74.9193
823.3870 79.3986
928.4337 23.9681
782.8545 123.8228
710.4263 126.1553
828.3385 82.4846
879.0791 53.3960
687.9276 143.3960
871.5209 58.2669
821.8319 80.4402
903.0868 45.5538
868.2266 57.3196
835.2450 78.6391
911.6032 42.8719
759.2003 107.3671
913.2065 39.4898
777.1310 100.1024
898.7701 53.8681
879.2362 72.1604
794.5392 106.3064
872.1673 54.8626
710.9260 136.7960
794.0091 97.0234
789.2674 97.7321
807.7856 86.8707
837.9452 75.5418
666.5920 155.6885
846.3417 73.7272
779.5005 111.5414
852.3982 67.7897
913.8905 31.0814
595.8777 175.1267
987.1753 00.0000
831.3254 73.4552
926.1221 30.8505
759.7062 109.8032
846.9392 68.7484
613.0055 163.9720
670.5053 158.7283
948.0480 12.3561
997.8586 00.0000
773.7764 116.2686
705.4961 139.4969
856.9112 66.8143
732.8974 124.1671
923.6199 32.8881
958.3229 03.6324
834.6102 74.0859
622.9634 170.9770
932.6028 23.7133
894.4533 44.9035
924.3665 25.6269
951.7486 12.1136
865.0757 60.3516
917.9866 42.7085
755.3605 108.1269
929.4258 24.7936
784.8533 109.7511
754.1397 106.4480
910.9849 32.1833
776.9678 103.7629
753.8866 115.9850
742.1222 113.2362
719.1120 123.3587
913.5201 32.3246
747.9739 108.6969
846.9304 70.7636
829.5391 79.2120
827.6791 82.2973
719.6925 128.9743
993.9632 00.0000
842.4312 67.6195
889.9312 47.6052
886.2015 50.9625
658.5080 157.7075
856.5379 58.3086
719.4793 126.7334
927.6971 35.9266
735.8022 121.5114
949.4764 13.3591
975.9054 01.7569
688.0824 144.9209
548.9093 198.1140
835.3046 82.1145
721.3305 120.4853
716.5560 130.2615
494.8360 219.0804
706.4014 136.6301
719.6439 144.4629
752.8191 118.1661
776.9675 92.4161
571.3894 181.2626
872.6412 53.6059
603.7925 174.7677
911.0188 31.6125
640.5086 163.3209
815.2911 90.7505
880.2673 60.5042
881.0411 52.7446
934.8264 24.1718
895.7808 44.8111
985.4780 00.0000
957.6197 04.9520
782.0982 100.9962
654.3519 165.7280
639.8775 153.3636
683.2697 146.1817
748.0639 108.1649
865.9956 59.3038
937.9493 22.2301
698.0975 139.6037
711.9163 122.5723
628.4100 157.8734
884.1447 46.3855
566.0286 194.9807
741.1139 111.1728
820.9381 95.2188
771.8635 108.3555
895.0550 44.5109
828.6199 75.6127
700.0161 126.3341
681.9346 153.5923
944.2837 16.8988
961.8815 05.1109
892.1057 49.7887
875.0449 60.1442
807.8442 88.3670
706.9744 126.2739
821.0747 92.0401
793.3417 93.0358
826.5367 80.2647
682.8076 146.6226
749.9215 111.5600
943.6348 17.9499
798.5304 93.3500
853.6021 63.4375
963.4075 05.8975
727.7912 112.6173
584.7878 187.1215
771.3063 104.9934
796.0448 101.3079
739.6026 121.1765
838.9605 80.3903
726.5816 121.1870
782.7844 108.7447
991.2064 00.0000
846.0230 86.8895
876.3103 56.7140
835.1828 75.9755
657.3363 162.5136
871.5900 59.2170
856.6229 67.1115
798.8139 95.4953
830.6243 80.6605
644.0157 163.1408
572.7426 187.6695
878.9161 72.5751
782.3135 102.3479
922.4696 35.0713
857.1078 75.4180
817.9721 78.9448
872.3254 62.5433
628.5438 165.9850
898.3276 46.2785
890.1632 53.5298
644.5668 153.1159
744.5292 109.0749
732.0178 125.9669
856.4700 65.5332
752.5423 114.9682
860.0675 61.3931
702.6877 144.0391
865.1950 59.3533
692.4582 138.0746
893.3642 45.3509
907.9501 38.6127
766.7682 108.2977
823.5347 90.6976
632.5827 164.4695
916.9779 28.0797
892.5771 45.5995
757.9055 105.6749
914.0948 29.0418
914.0739 34.2180
778.6369 93.1689
589.2873 179.6725
832.7898 74.7491
452.1941 233.2465
976.0638 00.5039
855.6062 64.0296
741.2208 117.7586
674.7411 135.9707
457.4043 232.0532
798.3469 99.1670
893.8198 48.7307
851.2388 62.1238
755.5934 110.7307
476.6673 226.5785
879.3893 47.7375
757.9910 112.0459
787.6482 94.6825
770.6669 120.0845
967.9848 03.1974
858.3411 62.1616
984.5482 00.0000
700.6740 140.0662
746.6690 121.8293
821.2398 85.1573
907.0886 34.4162
879.8504 50.2785
869.2313 60.1957
921.9805 26.2274
904.5667 41.5926
758.0165 110.5098
830.9000 78.5850
886.3298 54.6769
968.5391 05.1862
969.2272 00.8164
579.0819 179.3691
641.4392 155.5419
831.9166 77.5480
941.1745 18.6179
968.7723 01.7257
798.3712 91.0579
902.5173 51.7195
822.6220 70.7046
939.4759 23.3737
820.0782 86.5191
795.1024 95.5314
923.0466 24.6363
585.4108 183.7470
830.7192 79.9705
832.5466 91.7856
683.1705 140.0241
686.1424 131.9520
836.1557 89.2493
724.7646 127.7647
694.2271 144.6297
946.2574 14.6371
919.2938 28.8453
895.2394 45.4459
553.9228 202.1447
858.8262 66.6382
810.8319 105.2528
729.3298 138.9799
902.5942 44.0168
726.7904 122.0016
747.8776 125.6758
963.7235 06.3567
854.7193 70.9977
699.1064 126.8580
629.8208 163.4423
903.9739 46.6494
902.6819 51.6981
816.6398 85.6403
787.5465 97.7010
808.8661 91.6295
874.7427 54.1148
760.1922 99.1583
699.9482 134.3071
735.6854 123.8754
927.9187 28.1570
754.5250 112.3415
865.7077 64.8189
999.1259 00.0000
928.8912 33.0798
790.6475 96.4256
717.9325 129.8630
892.9906 45.8579
831.3347 83.8446
742.6357 131.9371
890.8984 56.8466
768.5409 113.0532
874.4526 55.7978
879.3347 55.0793
976.0814 00.7093
976.5197 01.4402
812.4257 84.2553
933.4449 21.3288
636.6085 165.8392
756.7209 113.2167
672.1411 154.1650
859.5508 67.7476
986.6834 00.0000
848.4553 69.8024
877.2415 67.3057
880.1230 53.8188
779.2510 99.5615
813.5020 84.0895
870.6136 60.5794
977.1849 00.0000
753.4601 106.7355
866.1795 75.1251
736.2281 119.4118
748.0306 108.5479
683.8882 148.0898
892.7288 45.3419
720.3009 121.2091
603.6366 175.4056
836.3621 79.5195
837.1466 87.4044
742.8024 119.3603
847.4113 69.5484
751.0739 124.6437
769.0300 99.1160
922.0151 29.7425
936.9352 21.7185
859.8115 60.4191
893.8267 48.2897
869.0024 65.8610
662.4190 149.4093
741.5188 122.6837
700.9884 131.0295
807.8273 87.2389
884.0435 49.9198
868.2485 53.6325
697.2747 136.3905
986.3173 00.0000
855.5158 72.2973
964.9034 05.0999
873.4884 64.9336
844.0095 73.0834
941.2171 23.3233
874.3077 59.4002
836.0300 67.9748
839.5909 88.3321
934.8829 25.3464
814.9328 83.0751
937.3450 20.5090
943.3519 16.7987
901.8440 41.1321
735.9664 122.4493
729.9300 124.5527
870.7787 59.0380
836.0980 94.3002
762.9847 106.7969
954.9473 09.8017
901.1464 37.5709
979.7517 00.0000
873.0677 55.5678
894.8807 53.4996
835.1393 93.0753
783.8414 108.7297
842.6692 71.0036
822.8655 81.9351
712.8191 128.5973
787.8479 97.4549
923.3343 29.2302
890.4462 48.2608
826.1326 76.7591
979.3592 00.0000
804.5509 109.4417
819.4557 84.1575
820.7740 81.0564
644.3196 152.6567
891.5441 53.9195
980.1632 00.0000
920.8063 38.6297
886.7524 49.9092
972.4536 03.8614
952.5253 12.2804
905.8885 43.2987
751.1882 123.7069
851.3515 68.3574
630.8581 168.0226
960.2585 03.9784
843.1334 70.3469
801.7225 96.5577
896.0217 43.0681
730.0561 116.2136
731.4991 144.7972
623.2921 176.2245
813.1998 88.3650
681.6132 147.5167
935.6016 21.1720
629.5263 157.5348
796.8466 95.5944
556.9691 198.5255
818.9833 79.9924
887.9909 43.4057
897.7670 41.6775
744.1409 116.4547
751.7699 115.4532
934.6708 25.0861
818.5810 87.1915
890.9480 48.9405
754.6701 134.9879
805.4505 80.7805
960.2011 02.2760
816.4718 80.3831
782.3963 102.1731
907.1413 35.2968
893.8054 45.6135
922.5358 26.2487
797.9241 109.9630
665.4899 144.3137
853.5491 65.9287
790.8136 93.8139
756.0453 112.5590
915.5784 39.3927
976.6871 00.0000
793.5805 105.6281
926.7094 24.5192
879.8866 66.6824
896.3360 44.1447
704.9732 130.5981
885.8556 63.0463
785.1035 99.6666
855.1251 63.5928
939.8776 14.7651
811.9233 90.3938
909.7896 33.2141
756.7245 102.1683
902.5146 38.6660
806.4795 89.6015
814.9238 96.2253
898.2353 47.6374
765.8644 107.0189
764.3453 125.6474
764.3007 108.8294
720.0541 132.6098
833.8112 73.2941
829.6803 100.3365
738.2933 113.2590
776.6686 105.7664
825.2462 80.1885
916.9625 38.0518
801.4057 96.7717
964.8080 07.4701
873.7592 56.6862
834.6080 76.8838
942.6038 17.4080
943.0962 18.1047
986.7277 00.0000
909.0768 36.2952
823.8077 81.9767
789.2712 102.8920
678.1901 148.2780
920.2381 39.2102
807.5643 89.8838
900.2371 47.7454
805.6970 78.4289
928.9761 24.6052
734.0444 117.1006
740.0092 132.5048
858.9469 62.9014
870.5553 64.6340
961.7612 02.0116
826.8059 83.6477
816.7518 91.7884
798.5839 94.1663
723.0933 135.8924
834.8575 74.6919
968.5290 01.2528
750.9373 115.2564
866.4337 65.7527
733.8397 138.6050
859.9708 78.3193
582.8457 181.2113
890.2762 42.6491
812.9028 95.1245
842.7416 85.5676
575.6868 185.4622
887.4198 49.2571
622.1051 177.1607
869.6398 58.2965
764.7153 101.7256
609.5887 171.5076
787.4411 96.2366
943.9035 18.9978
801.1678 89.4257
665.1698 167.8948
867.4518 59.2076
776.0259 106.2330
624.3017 174.1023
729.8256 125.3052
843.4520 67.2338
709.1223 128.7043
840.2079 72.4372
817.3989 81.4940
944.1498 16.2036
687.8630 149.8444
763.4685 111.4413
796.0149 92.8909
897.2220 48.4764
828.2943 84.9795
984.3345 00.0000
811.2351 85.4990
865.0678 56.1475
817.5263 84.1011
822.3797 85.4960
751.6395 114.4234
876.0201 50.7528
927.0047 35.3542
787.6611 99.8711
989.7157 00.0000
729.9437 119.8384
662.2596 155.3757
823.5169 82.5694
928.1825 27.1682
876.9147 53.5708
800.8606 104.9513
898.6127 41.4873
950.1397 12.6193
635.5455 166.4849
582.9051 180.6625
616.7055 171.1298
672.7928 143.3963
852.5825 59.8992
638.4815 155.7544
870.4012 61.9875
872.7379 57.0645
681.4425 144.0922
780.7623 98.1067
774.2110 123.1909
796.7167 89.5810
882.9481 56.0698
839.4341 74.6574
674.9820 151.0278
856.1156 70.3095
688.6247 140.2012
772.5089 101.4345
938.6807 21.8429
719.7237 130.2071
904.4952 39.3831
955.1610 08.9275
940.6013 14.9536
675.7982 138.5464
865.4621 56.2929
716.9804 124.8688
913.0168 36.9848
778.7317 98.2330
729.0160 138.6333
872.4243 69.4866
971.7817 03.9320
945.3912 16.9792
750.6530 118.6408
924.6176 38.6712
880.0532 51.3118
946.1263 14.7194
923.2666 29.4857
983.1501 00.0000
780.0640 100.8206
898.8486 46.4113
663.8124 154.3844
804.9814 87.6227
866.5986 74.6632
900.7275 40.9800
876.5715 55.0740
653.2718 148.0948
806.5659 90.0034
871.8022 69.4815
872.1244 55.7172
672.3499 139.0487
924.2476 28.8550
837.9232 80.7886
890.6580 51.5081
906.2533 42.5106
598.9174 174.2065
770.1590 104.7416
830.1683 74.7114
953.6241 11.1614
961.2285 09.9137
962.8443 07.3426
910.9928 36.3504
643.0991 166.0691
629.6375 165.1224
880.7232 62.0081
837.1774 78.6983
853.6861 66.7454
756.1332 111.7120
825.0599 99.3290
779.4505 109.4997
916.6935 37.1571
755.1084 108.4098
637.6361 156.5262
767.3454 104.9652
825.3012 82.8199
921.6859 34.1661
904.4267 44.8197
938.9167 23.4393
751.9073 112.0473
601.2097 177.9558
891.1299 51.0363
720.1944 128.2984
630.4865 155.1304
853.7331 69.1773
866.9027 63.2683
802.5465 83.1845
943.3596 24.1944
767.1202 119.8378
823.8033 80.5050
809.2906 99.6687
871.1838 56.5284
731.0094 122.2993
850.5316 66.1662
933.2215 22.5688
771.2386 105.0000
944.3587 15.5463
834.8510 74.6367
825.9909 75.2875
937.4277 26.0401
775.6712 100.4603
827.2968 81.4583
862.5171 78.9313
960.4895 08.7184
857.8036 78.5637
584.3006 188.4580
759.7100 110.7864
888.7776 45.7990
787.7363 98.8269
748.9811 115.8949
795.7279 94.6300
828.9902 78.9179
640.4639 158.8524
746.4373 130.8958
730.0851 135.4565
864.5499 58.0571
717.0907 137.1394
913.9224 36.2335
726.7654 123.1221
862.6532 60.6344
885.1318 47.3331
794.7661 90.4643
922.8188 30.5700
944.8666 17.4777
881.4933 54.0734
908.9618 39.6813
904.3120 39.5109
962.4218 05.7209
862.3427 62.5307
909.1566 37.1532
789.8967 86.5372
697.2377 141.3334
916.9770 30.1178
934.8621 21.2020
898.9795 43.0748
962.2545 08.8938
715.1813 125.5955
715.5100 131.5993
628.2736 170.3638
792.2235 95.2370
855.4274 64.5366
852.9020 58.8936
736.2170 118.4078
769.1090 99.0098
616.0893 176.3353
683.1063 139.9750
881.2205 52.6256
953.6988 08.7992
847.0412 69.2641
747.0468 105.3679
950.4265 11.9273
904.4454 39.5046
847.2610 67.2826
735.8693 117.7336
757.9353 115.0112
717.0207 145.7027
819.0510 83.1978
862.6239 72.3095
637.0292 164.0016
872.0947 58.6538
867.3571 59.9575
821.7458 83.7434
832.8673 80.7317
584.1745 187.1903
788.5355 103.0492
733.8951 131.2219
928.2173 23.1085
758.1893 112.5073
766.7133 96.5003
690.5658 131.4955
799.2144 81.7749
895.8085 43.9279
787.5969 93.9843
930.9692 26.1623
934.3024 22.8237
713.2150 119.5574
756.7679 110.1274
848.8736 77.0626
812.3217 87.1566
881.7148 54.3363
771.8910 102.8326
916.4033 35.8993
937.3319 17.9238
758.6231 115.4559
670.7362 151.2643
430.4027 241.9448
970.9058 00.0000
901.1169 40.7616
927.6364 25.3577
713.6078 128.9034
828.0918 79.5449
862.1645 62.8462
897.1957 52.0581
936.6163 20.8239
630.6382 163.9939
687.3144 144.2408
819.7334 92.2637
856.0653 55.1087
850.4873 66.4210
717.7489 141.1637
737.0013 128.8039
852.5878 75.1448
865.7415 63.8610
651.6715 159.8359
821.3953 78.0162
741.5775 122.0368
813.6193 87.3226
852.5725 66.8480
846.2918 74.1715
962.7981 03.1117
801.3492 93.7123
897.9859 41.0742
684.1308 139.1117
938.5380 19.6105
835.3547 79.5007
899.8519 40.4875
806.8732 89.8668
492.4819 222.1017
836.6052 71.5636
701.5390 135.3767
535.5181 201.9061
821.2048 94.7755
809.6475 83.0951
873.2120 56.8387
856.5092 63.5564
971.7825 00.9044
811.8366 92.2302
622.8802 162.8467
934.1697 27.2004
842.7814 72.6728
862.2139 62.0085
559.1699 190.8327
772.8881 106.6161
491.5260 216.2191
582.2514 182.4930
696.4468 144.8407
861.7772 61.2061
891.3214 46.8444
760.2616 112.5448
784.4108 95.5933
871.8293 59.6614
731.6371 122.3736
768.4054 101.8829
730.2605 125.1404
996.2580 00.0000
820.2317 84.4420
774.8351 104.7380
748.7278 109.4620
683.3816 145.6278
748.2647 105.3184
961.5498 08.1955
758.0530 108.9225
799.7057 81.5603
921.4189 31.2878
807.7828 100.0428
939.2449 19.2165
913.3592 34.1727
602.8094 168.2706
627.7484 167.5397
682.8814 145.2607
922.6861 38.0983
746.2845 116.3022
814.5189 82.2522
765.3739 118.4437
877.4910 55.8670
916.7341 45.3615
867.6537 70.3330
746.2523 117.5124
832.5149 76.8570
823.6704 83.0881
755.9987 113.6761
904.4907 34.7292
977.7409 00.2453
962.4657 09.2711
959.3462 06.0996
820.5877 84.5227
815.9747 95.5591
792.6905 93.4700
940.0355 19.9623
789.2043 96.3978
910.8219 39.6228
910.8516 36.6590
970.8056 03.3767
944.2366 19.7091
860.3414 65.5302
863.6585 56.1268
753.0729 127.6598
834.5314 65.7788
743.3523 117.4220
844.4623 68.2409
925.1299 27.7978
993.4381 00.0000
686.3331 138.7920
886.9506 49.9796
680.8220 144.1249
762.8994 111.4458
958.6047 07.8212
665.0851 149.6840
786.7672 97.2070
648.9839 152.0639
769.2682 109.4201
745.2590 115.3819
893.0556 55.1792
887.1816 51.2204
613.8422 173.2213
716.6902 127.5805
794.1119 95.4864
990.0495 00.0000
879.5747 46.8034
812.4969 92.2323
713.4290 122.3313
915.9603 28.6775
738.0885 128.0488
977.0766 00.0000
661.7919 149.9499
951.1354 07.3670
987.5928 00.0000
943.2431 12.4938
834.7962 74.6815
786.4948 100.8676
665.7992 170.1655
685.5044 154.7811
980.5825 00.0000
871.1632 66.3683
731.9488 124.7645
788.8483 101.1584
566.6155 193.4559
807.5133 109.0745
707.5178 131.3257
801.5316 92.4382
875.3453 56.6018
799.3869 95.7898
574.8127 180.2297
851.5337 67.1607
859.2217 62.2282
703.1758 152.8830
897.5189 41.9156
590.9791 179.0423
717.1511 142.0262
956.4825 07.3286
697.1447 131.0708
494.3035 214.8656
912.1551 44.7196
821.0767 81.1601
820.3306 83.5849
892.2184 46.1502
937.7547 26.8705
904.9564 52.5910
945.6434 18.8416
743.4175 107.4304
634.4462 179.1166
844.3289 90.3851
973.5355 00.0000
619.4432 170.4149
816.1557 85.7966
950.9509 12.4902
771.0239 102.1948
908.9845 40.3304
899.1770 55.2082
971.5902 03.1357
888.5734 50.1909
826.8640 80.2464
826.4646 81.8004
645.0788 158.4147
855.1496 61.2468
740.7309 120.3523
930.7019 29.5532
792.2582 88.3391
812.0761 79.9937
916.6932 31.6265
743.2408 117.0997
914.1600 47.7965
943.9779 16.6164
527.5419 208.1181
778.3376 108.2681
784.6701 99.3249
667.1520 153.2191
717.5591 132.9194
942.2137 20.0858
861.1710 58.9374
924.9823 31.8837
913.3981 35.3852
735.8481 124.1478
799.8941 94.9023
860.8842 62.0207
858.6391 62.4769
960.1921 09.7693
817.4800 89.5938
734.1395 118.0547
783.0720 90.7204
806.6794 95.3043
666.7338 160.4335
769.6274 96.2766
866.9525 58.7704
691.8751 147.3827
785.8152 100.2553
731.0503 121.6088
815.1785 85.6789
804.5233 102.3946
738.8663 132.3962
836.9737 75.7373
748.6106 114.8103
790.7851 111.0095
855.8044 61.8046
658.6695 162.1449
925.1664 26.3916
690.7830 135.6688
844.9528 71.0623
724.4921 127.1639
671.3912 152.1385
774.3060 99.3382
657.1062 155.9191
847.5234 71.8434
572.8224 192.0800
773.8634 103.5637
826.3346 75.2027
934.6925 26.5750
864.3376 64.5549
650.3102 159.6527
858.3522 64.4688
672.9191 143.8057
869.3534 53.1465
866.5699 57.2023
859.3348 67.6730
964.9681 02.6998
848.6391 90.9157
922.6981 35.2374
898.0420 40.1631
760.7524 116.8897
731.7742 122.9636
728.1561 125.4870
676.2845 153.9935
819.1287 80.5127
936.3619 17.5894
908.9874 38.1689
766.7438 109.1639
799.9920 91.2024
528.8504 200.7300
816.2834 85.4001
813.8550 87.1729
752.3971 111.3238
771.7416 91.5489
924.1107 27.2986
830.3264 79.5222
654.3275 150.9033
540.9471 203.2593
820.8338 77.1352
807.0680 86.3888
918.9759 31.5913
868.0239 68.7251
837.8405 67.8280
791.8986 106.3338
868.7226 61.2630
829.4366 75.6191
934.3318 23.2077
730.2438 124.4885
723.9006 126.6641
930.4292 25.4175
673.5383 147.7192
771.9924 97.3524
902.4094 41.9720
911.4843 44.3022
786.8900 96.3615
814.7313 96.8250
811.4951 83.0973
948.9920 14.2588
545.5236 200.9085
836.2294 85.7749
745.4958 108.8765
903.8776 46.4324
882.8827 50.1478
813.3818 87.6930
658.5832 157.4728
836.6596 75.6275
778.3868 103.2001
594.2247 183.1648
820.9523 80.6398
824.6746 72.4941
819.7421 84.7840
862.1018 63.0590
985.3749 00.0000
843.0611 80.2323
923.1471 27.6462
692.4079 142.0331
755.8495 115.1172
902.9547 46.9880
712.1807 132.8750
954.6393 14.3899
859.2462 63.5534
808.4788 88.7513
895.5315 45.2134
787.0574 91.5760
707.6268 142.5701
795.6210 94.7650
864.8667 61.6496
765.8382 108.1612
744.9530 109.7546
933.1865 24.0636
832.7050 66.6669
923.5548 29.3086
822.2324 85.3605
819.0822 91.3738
996.1744 00.0000
785.1021 99.7671
883.9791 54.7790
804.0727 90.1467
906.9446 38.7026
871.1725 59.2767
708.0104 122.3564
708.0038 127.6238
805.5957 89.2049
616.3417 167.7604
834.3727 78.3249
861.2180 57.8305
610.8086 170.3764
969.2852 00.3718
817.3579 85.1099
804.1514 83.6518
820.1750 84.3100
920.7812 32.9322
615.4426 170.1714
850.6988 68.3063
716.8457 127.1560
766.6021 120.6711
727.8960 125.5969
807.1634 89.7792
930.7498 25.1092
880.6661 52.5381
953.8823 12.4128
863.9679 71.5142
854.0780 78.0387
967.3696 04.9039
809.7754 100.9911
958.2743 06.7182
852.6174 67.7483
948.7091 11.5331
900.6399 43.9326
888.6458 44.8650
771.2129 120.9085
825.1755 79.8356
918.9737 38.1857
863.0769 63.3745
888.6119 49.7845
913.6064 42.0154
982.4161 00.0000
676.0633 144.8318
756.6277 123.8151
698.8518 136.4647
933.0496 19.8898
768.0051 107.3770
875.1939 54.8990
919.7898 39.7266
922.0484 37.4502
868.4392 61.9639
770.1024 122.5861
834.0504 73.5201
890.5793 44.4560
886.0686 49.6147
846.1046 72.6521
905.0014 48.9422
755.2925 110.3708
625.7237 167.9565
619.2867 163.4559
913.9711 43.5175
697.4260 151.0835
730.5575 124.1342
739.9796 124.7378
646.2901 161.7760
691.1461 142.4718
980.5825 00.0000
980.3707 00.0000
868.3826 70.4959
866.3752 61.2040
908.8365 32.2479
736.3554 126.9094
700.5833 137.6776
978.0284 00.0000
886.3128 51.5501
745.6752 118.0583
713.8713 132.6179
930.6754 26.6942
788.6656 97.1972
860.4878 72.0975
890.2540 45.3393
679.8567 144.6354
879.6908 46.3817
803.4406 98.3514
903.0392 50.3834
913.3277 34.5977
985.9097 00.0000
821.1348 95.4638
973.0815 00.0000
746.3071 118.6301
979.8537 00.0000
835.2499 76.2117
727.5098 123.5948
776.0091 115.9286
900.6773 41.4608
844.6560 67.7812
753.7619 123.3014
921.0441 27.3231
786.3559 107.0995
756.1642 106.4581
764.9559 118.4396
693.2743 140.4776
839.7403 73.6699
565.2507 183.3536
925.7845 28.4578
981.4149 00.0000
925.4165 28.5233
916.3818 33.6828
856.1521 70.3251
785.7450 90.0318
994.2934 00.0000
704.1311 141.5963
781.1422 101.9852
623.2761 169.1714
806.0829 86.8931
920.6459 27.9151
782.5456 97.6382
885.2705 51.6663
833.6090 78.5859
564.7677 195.8619
955.8784 09.6577
940.6114 14.4806
708.4082 123.1222
963.5890 01.3281
855.9330 66.7903
649.4975 157.9402
804.9000 86.2237
775.6506 102.9145
642.3823 150.9613
761.4470 130.0020
902.3579 34.8315
874.2352 61.5450
948.6219 14.8984
944.3845 16.0113
793.7314 110.9325
863.6223 67.5720
603.7886 168.0509
943.6962 12.6080
892.4241 42.8420
793.2280 112.7518
916.8839 32.3562
893.0305 50.0586
742.5416 121.4918
840.1847 72.2107
895.3486 50.2743
975.8965 00.0000
915.7294 33.7673
626.2210 161.1741
976.0555 00.0000
843.1124 71.2414
606.4684 165.6857
874.5804 62.1526
915.7734 35.0444
964.6649 05.5451
896.8412 47.6552
596.8860 175.5679
775.2002 118.1058
874.0921 52.1639
762.3206 108.7129
972.4553 00.0000
807.1455 78.6537
603.7233 172.5542
860.9379 73.6120
765.5373 105.1042
739.1604 121.0572
883.4217 53.7133
658.5264 148.5228
887.0006 64.6150
693.0289 136.8874
823.6283 77.4617
805.4689 96.1229
886.7014 45.3973
716.9938 118.1503
899.8645 41.4368
723.0941 118.5722
779.7471 99.6755
709.9772 125.0017
884.2765 50.2365
619.7003 166.2976
611.7031 176.2346
984.6656 00.0000
778.2396 104.3809
923.6250 29.1376
867.0336 69.7911
881.5173 56.0945
746.2672 131.3273
862.0228 68.8808
946.3842 10.6334
729.8799 119.4664
903.0325 50.9295
818.1366 94.3033
928.2714 23.2933
899.1754 37.8546
770.1582 126.8518
755.3010 128.6761
882.2235 50.4619
731.9060 112.5086
731.0980 113.6072
611.7079 176.1874
630.9084 155.3263
692.6262 129.8096
892.9565 51.5388
846.6657 75.0643
910.1524 34.8712
858.8006 73.7866
790.2480 102.7868
609.5511 181.3903
916.6442 36.9183
922.1630 34.0804
968.6595 03.5681
807.5202 89.2460
826.9180 93.6138
541.0599 198.9026
969.1413 05.6821
919.2096 28.5038
752.1931 116.0551
688.4485 155.0025
886.7289 50.5271
991.1537 00.0000
726.6969 124.8816
962.9349 02.2374
941.6106 18.1260
581.6948 179.6681
735.3610 130.6564
815.0198 80.7631
768.4388 108.3252
927.6128 27.6961
948.9454 12.9773
788.4085 92.2706
525.9160 203.1024
745.6800 112.3965
825.2284 78.7061
877.5219 59.2914
691.2125 143.5948
937.6855 16.7625
823.4076 79.0365
897.5399 56.6177
607.6130 185.0286
780.2908 100.8528
940.4373 17.2884
865.6920 59.3284
764.3059 110.1065
795.1907 96.6014
721.2563 129.2017
925.1677 29.6666
894.3359 42.1856
924.9509 36.6845
739.3445 116.8843
761.6816 111.2521
879.5178 52.6714
914.0683 35.7762
811.5569 83.2986
943.9258 25.3865
747.0824 119.3920
879.2770 64.9667
855.3815 62.5820
875.2777 54.2313
851.4546 70.2240
901.9408 46.9604
921.0336 33.8643
903.7945 38.9847
900.2074 42.4015
817.7158 83.8619
847.5608 69.7660
750.3956 109.8024
898.0246 48.7417
819.4408 105.6642
825.7491 82.5584
719.9748 124.3995
805.4558 88.7119
844.9571 74.6976
717.1776 133.2177
784.9666 113.8932
747.2065 122.5459
950.3488 10.8103
941.1513 17.5653
841.7579 62.9509
898.2609 40.3065
678.1180 158.2066
803.9124 103.6646
875.9703 53.5524
889.3596 48.2290
738.3856 118.0375
720.3923 138.2698
758.4966 115.2156
847.6576 72.1121
836.7136 91.4626
887.5080 54.8119
829.7359 85.6273
886.9751 54.9198
668.8077 154.9424
694.6564 130.2920
852.2651 73.2033
886.8705 64.1016
924.2135 37.1717
742.2647 117.8986
837.9903 73.5304
873.1941 60.4798
902.9073 38.7979
829.0540 76.7983
769.5489 104.8670
863.8545 62.8021
808.3625 96.7400
778.5100 96.8945
821.8907 87.3860
711.9575 132.0212
879.5564 59.4486
866.1538 78.4273
998.5936 00.0000
856.7642 75.8793
756.0470 120.5563
919.8539 30.1494
981.8714 00.0000
846.9136 73.0075
956.7860 12.6429
735.3451 120.9991
835.2084 68.3852
960.2593 09.8992
881.2448 59.2685
881.4097 54.9100
854.7879 65.4819
628.6300 171.2904
909.5699 39.2636
961.2773 01.2362
896.7291 41.5515
804.7508 91.1423
957.8363 06.9488
865.9770 61.5012
847.3417 72.9160
826.0867 81.4120
815.2936 92.6114
962.2337 00.0187
769.8730 107.4621
913.5246 36.4536
838.4656 82.0776
648.0616 158.8913
891.5591 45.7534
663.5620 150.7304
754.9835 111.9125
775.7533 115.0620
844.3848 92.8803
713.5193 130.9093
853.3460 67.3262
559.3616 195.3438
865.6179 65.4651
976.0629 00.0000
631.1031 161.0264
846.9873 70.3799
796.6948 92.0075
850.8730 70.4491
783.6852 92.4713
563.9568 192.4264
950.6771 12.1721
912.4194 31.4001
733.8420 116.2708
875.7680 59.9624
690.5891 139.0808
991.0132 00.0000
761.7667 116.5049
830.6121 79.1772
870.3990 75.2769
842.5799 81.3119
613.8895 164.1399
904.9736 52.9473
997.9040 00.0000
969.1688 00.0000
884.3713 55.1601
989.8701 00.0000
697.8773 144.4833
719.6708 128.6537
826.1750 78.5659
801.2595 98.1185
827.3277 78.4322
918.2519 31.9655
929.4914 27.5928
803.7946 94.6929
892.9070 52.2017
789.0010 98.7727
684.2705 152.7246
832.2034 77.6202
558.6557 190.3868
828.4581 81.9509
980.0756 00.0000
919.0055 30.1962
893.2466 45.6512
688.9952 138.9431
840.7264 71.5346
656.0230 160.1312
810.8536 78.0056
705.5647 127.5926
793.5986 96.1066
616.5741 165.7307
710.8587 129.1994
763.0102 116.7337
770.8698 105.5649
908.3381 40.1065
741.1656 114.4431
884.8215 56.0705
815.8231 86.8453
676.6639 151.6287
863.7450 62.5806
919.3911 25.7315
971.5470 04.4980
845.5467 72.4295
853.1462 67.7569
733.2264 112.2293
808.5759 92.3280
968.1778 05.4183
898.6722 41.7563
675.9784 144.3402
751.3520 110.6535
831.3722 80.1093
692.4852 137.7220
822.6286 76.9981
860.5819 72.4661
806.4409 90.8797
571.7963 189.3976
999.6255 00.0000
973.0477 00.6622
963.6323 01.6007
751.8038 115.1215
918.5680 32.5798
736.8367 126.3571
968.9091 00.6728
717.6932 135.4039
843.9900 68.9408
783.7073 101.6052
781.5057 101.0015
860.9940 72.4537
847.3949 73.0293
969.5419 05.3087
580.8880 185.6058
972.5802 02.2390
847.3090 65.8640
955.9264 08.7156
943.3657 15.1663
708.4722 131.1586
821.2997 83.8713
819.7652 83.1843
861.9827 62.0210
504.1413 215.5243
792.6690 88.5519
703.7160 133.0435
933.6341 18.1385
875.7734 50.8567
893.3411 56.6344
631.6964 162.3483
737.6157 138.4675
910.3906 34.1014
694.5099 143.3809
744.4243 118.6877
833.9452 71.9126
812.8362 92.7313
820.7290 88.9646
886.4904 49.6769
683.8160 146.4840
922.0452 39.3088
834.5369 75.3592
893.5035 46.2462
889.9881 64.4846
656.5205 152.0968
858.6502 60.3650
912.4969 33.2864
869.9193 57.6388
892.7686 58.5931
518.3339 207.9894
863.8703 60.4209
664.4246 151.3174
644.9460 149.5958
678.9620 153.2431
932.2177 30.9663
913.6425 29.2650
891.0519 47.7566
976.3303 00.0000
791.6925 109.9933
780.2772 101.4199
967.9924 00.1885
849.7047 75.9118
902.6893 35.7435
893.2457 45.0673
944.6626 13.2192
933.6212 30.6172
866.6322 59.2167
774.6087 108.0902
736.7143 122.1384
869.4291 68.0718
821.1343 83.9793
879.2220 53.7263
726.1124 117.3521
811.4326 83.0987
824.5207 80.6485
783.0390 100.9895
656.8808 160.6308
864.7404 67.9247
