# FVC 5D Coordinates
-00.2884 1117.4228
00.3092 944.5400
-01.1902 539.0497
01.5177 04.2850
00.0292 1005.8179
-00.7352 795.6677
-01.1671 190.0346
00.2290 1280.4946
00.5235 1121.4809
01.3064 1314.7851
00.7324 833.9350
00.3238 01.8714
-01.2355 01.1945
-00.1262 529.9866
01.0133 1121.6563
-00.5247 192.8866
-01.5912 00.9288
-01.7109 226.9122
00.6942 1326.1235
01.0230 922.8568
-01.4066 01.2941
-00.3240 339.2652
-00.3946 632.4371
00.8926 921.3987
-00.0650 905.3238
00.7860 1303.7943
01.0714 1209.9616
00.3059 1315.2794
01.3945 1137.8029
01.4892 1375.4406
03.3800 934.2157
01.1031 1321.7511
01.2801 1430.0323
-02.5672 04.1505
-00.0400 989.8155
-02.0931 00.9729
01.7101 1589.5763
00.7972 1369.2321
00.3369 454.3108
-00.0334 1102.3819
01.8009 1321.6296
-01.8522 00.1478
01.3349 1368.3829
00.0967 759.3241
-01.0488 393.4622
00.8749 583.7913
-00.0123 925.5917
-00.9912 620.9466
-00.7780 00.9752
-00.6311 289.0689
00.6865 472.1387
00.4510 1077.3789
-00.7138 306.4972
-01.9121 03.4981
00.9302 1285.7770
-00.0351 1262.2713
00.3783 1134.3806
01.1441 1320.6243
-00.1230 1085.0814
00.7032 1482.8557
-00.0819 331.1280
-02.3557 03.3147
-00.0680 328.5264
00.7653 1309.9689
-00.7671 337.4213
-00.2939 700.9433
01.4899 1075.8456
00.1614 762.0715
-00.3611 01.3114
05.5381 825.7449
01.5012 1480.8369
00.5356 1246.8968
-01.5893 02.3459
-00.4325 926.1858
00.6613 1377.5777
00.6104 712.0500
00.0033 1073.6677
12.4114 898.8615
-02.0149 53.1627
-00.6911 550.2955
00.6330 1441.9096
01.8899 1265.7860
-01.5874 01.1679
-01.4762 00.5688
01.2670 1354.4734
01.3634 1302.3641
-00.5813 1042.6005
00.0290 500.4473
-00.3573 716.1719
-00.1968 698.0966
-00.6691 845.6869
-01.1093 540.4958
17.6269 617.7236
-01.8593 489.5704
00.4328 897.7549
00.8485 1514.6937
-00.3238 862.3734
-00.4134 01.6680
-01.2061 01.1552
01.0476 1260.0679
-01.3508 01.4639
-00.0792 1265.3823
00.0116 815.6417
01.5495 1474.9337
00.2311 1348.0711
00.2471 1282.0972
08.6269 1036.1742
-00.4487 293.7247
-00.4741 361.2844
00.2600 04.4599
-00.3930 1197.0223
-00.6325 193.1104
00.1249 820.5796
00.0304 893.7162
00.2298 1087.6310
01.5989 1358.6662
02.0319 1691.3712
-00.2143 737.7430
00.4608 1361.2705
-01.3734 02.2452
-00.2673 894.2424
-02.2342 01.2487
-01.5593 413.6535
00.2194 919.1670
00.2288 1041.8426
00.5691 1283.2625
-00.7613 205.5304
01.4236 1657.0500
-01.0229 02.4642
00.0504 04.5877
-02.3664 03.1215
-00.5877 391.8039
02.4910 1020.4004
00.5585 1041.8011
-00.8619 01.6284
00.4719 1246.7049
-00.5922 01.4928
00.7062 1310.3394
-00.3179 941.9480
01.0582 03.8291
00.2898 923.6733
00.8611 1083.9665
01.9614 1736.9427
-00.8444 761.7097
02.0515 1270.2928
-00.1814 1132.6470
01.2462 1087.4051
01.2322 1066.8995
00.8946 1361.0817
01.8990 1638.0277
00.1858 1023.0313
01.0667 1207.6250
01.5098 1221.5259
-00.0929 147.4033
01.3515 1384.5575
-00.9391 10.1097
-00.1747 1180.1433
-00.9248 422.2611
-00.8973 576.4241
-00.4905 553.4749
00.9089 968.1498
00.0892 73.9611
02.1622 1121.1752
-01.7898 00.5674
00.4577 1359.9012
-00.3465 527.2412
01.8200 795.7555
-00.4793 730.5997
00.3236 1101.1855
-00.3412 894.4720
01.1457 1427.7461
-00.3693 136.1972
-01.1475 00.3484
00.8029 857.9148
02.0338 1648.1375
-01.2810 00.5954
01.4076 997.0233
01.4953 1550.1682
00.8876 1141.7952
-00.4134 01.0975
-00.8965 80.5422
03.8798 218.6517
-01.2487 00.5234
00.1763 980.3777
01.2675 1307.8591
-00.5948 34.4178
-00.4018 925.6008
-00.7305 211.8057
-00.5754 780.6113
-01.4092 16.4043
-00.1661 1228.4644
-00.5186 159.9954
10.0086 1063.0606
-00.0030 186.9192
-00.5445 713.0571
-00.9908 584.4802
-00.6644 533.8332
-00.3647 666.5710
-00.4342 654.4130
02.1604 1412.0823
01.9125 1227.1494
-01.0682 264.5320
-00.9155 308.9585
-00.2514 860.0400
01.3594 1166.0895
-00.2776 720.0223
-00.1241 740.3080
-01.0862 263.9029
02.3103 1720.7821
01.6880 1565.0156
-00.4244 595.0598
-00.8932 04.8439
-00.9672 01.1297
-00.6347 336.0765
-00.3870 837.7376
01.0868 1607.6224
-02.1142 03.3746
00.2377 244.1927
00.0841 1052.4785
00.6046 610.3622
-00.0175 1309.4622
-01.8586 01.2084
-01.0001 174.9805
00.8711 1068.4641
00.2551 1015.4425
00.3346 1015.7597
00.8680 1137.7359
-01.2337 307.9223
-01.1905 00.8179
00.5487 1471.4741
-00.0725 455.8253
00.6563 1246.3912
-01.0638 486.8257
-00.3710 840.1838
01.2997 1446.7705
-01.2556 730.1759
-00.0615 974.7840
-00.6277 01.3551
00.2780 473.3431
00.5528 03.2731
00.4604 897.8787
-00.4087 831.0414
08.4075 882.8863
-00.2280 01.2407
-00.7029 883.1343
01.1245 1251.5492
-00.0756 01.1138
00.6305 1049.9016
-01.1346 446.6490
-00.3072 03.6350
01.3533 1135.8124
00.3704 860.1318
01.2837 1281.9768
-01.4705 01.1992
-00.4230 801.7655
00.4061 1122.5683
01.2980 1301.2584
00.2863 02.7124
00.5893 1047.3174
-01.1375 369.2646
-00.6974 580.8009
-00.4394 473.1426
00.7916 1353.7596
01.1115 1659.3266
-00.6733 511.2885
01.3169 1426.2401
-01.3777 152.0720
00.6688 1196.7304
-01.1024 00.7702
-00.0425 907.5709
-01.6039 319.6215
-00.8298 866.0172
00.0102 1073.7253
01.6935 1398.6466
-00.8934 739.5465
-00.4175 02.0027
-01.1085 01.5732
01.4955 1522.8114
00.8761 1384.4457
00.7794 1315.1343
00.6388 1478.9872
01.2760 1492.9349
02.4351 920.6818
00.1189 880.3094
-00.1847 787.4345
01.3407 1225.8493
-00.1114 858.6082
-00.8652 834.1515
00.0852 757.6322
00.0985 1327.7536
-01.5221 08.7550
-00.1202 136.4375
-00.1253 122.1930
01.1959 856.9286
-00.1270 647.9001
01.7854 605.3171
01.4009 1355.6243
00.2867 1354.4961
-01.3214 03.4351
-00.1974 998.5449
00.8819 1360.0049
00.9441 770.4432
-01.7212 226.8916
-00.0132 692.1082
01.9498 418.8950
-00.2370 800.9253
-01.7954 03.0759
-00.7682 305.9654
01.1639 1560.2385
00.3059 553.2888
02.3741 1160.7406
-00.1973 1005.1353
00.6640 1217.4278
00.6255 1551.8103
00.3531 1125.2337
-00.6737 570.3903
-02.0877 03.4025
-01.9056 162.9698
00.3033 1050.7562
-01.0817 01.8416
02.0986 1243.1573
-00.0003 640.2376
-00.5193 105.2172
01.2992 1577.0179
00.7575 1145.5777
-00.4122 304.5142
-00.3952 765.6122
02.1663 1661.5696
00.4266 743.9801
00.7206 1575.1423
00.7016 1136.3894
-00.2470 973.7954
-00.2661 667.8631
00.3838 678.0948
01.5484 1486.5353
00.6550 1392.5541
02.5057 924.8684
-00.6489 00.5611
00.4776 466.3854
00.6039 1326.0508
01.1754 1503.3371
-00.9913 00.0000
00.9566 898.1192
00.7572 1394.1853
-01.5731 183.1349
-01.6660 01.0667
-00.9046 84.7036
00.1859 1285.3818
28.6278 912.8654
01.5460 1497.1155
-01.4090 610.5155
-01.2954 01.8925
-00.5321 664.3736
01.4890 761.4996
-00.6841 04.3366
01.0971 1316.4745
01.1980 1256.5264
-01.6041 267.6279
-01.0247 00.7531
01.2238 1566.4358
-00.1676 629.8056
01.2138 1209.4286
-00.1525 388.4570
-00.5227 586.9078
00.1216 1249.9200
-01.7225 124.7333
00.5845 1181.5546
00.2796 983.5904
-01.8287 01.7176
-00.2904 549.4773
04.4101 1260.2609
-01.3004 00.3585
00.6445 1524.1458
-00.1257 1038.1665
01.7764 1471.4533
00.0889 949.9093
-00.1525 906.2052
02.5820 05.4290
00.1601 1401.1039
02.0002 1268.7862
-01.4601 01.5791
00.8421 1082.9558
02.0778 1723.9902
00.1912 833.9994
03.4869 1003.4243
00.3240 975.3118
-01.2069 291.2184
00.1873 1322.9800
01.9390 05.3636
01.0595 1145.9147
01.2643 1137.2636
01.0806 1582.3893
-01.3421 410.7610
-01.0351 02.9278
00.4691 1235.7950
00.9610 1360.2051
-00.3869 725.0374
00.9301 1204.5952
00.9187 1320.9332
-02.1992 01.1581
00.1560 879.1329
00.1284 1423.7755
01.0423 1555.9380
00.1509 1140.3226
-00.2628 524.3363
-01.1850 164.6869
-00.8597 104.3104
-00.9644 723.7568
00.2417 791.9444
01.0287 1403.1526
-00.8258 845.0276
-00.2286 344.6313
00.5177 1254.5501
02.9765 1129.1651
-01.1701 144.2200
-00.7363 301.5552
-00.1767 830.9019
00.0661 865.6467
01.3358 1587.8315
-01.7832 01.9842
-00.5339 244.8120
-01.2908 399.1905
-00.6030 476.1891
-00.6313 639.5817
-01.9952 01.6949
-00.6896 442.0095
03.3184 1336.1327
-01.2254 382.9646
01.1129 1125.1127
00.3297 777.1992
-00.2209 943.4279
01.5413 1605.7121
09.9017 1093.7802
-01.4634 02.8389
00.3497 670.4327
00.2474 397.7066
01.4506 1294.7444
-00.9841 01.2654
00.0068 922.6660
00.8299 1444.5588
-00.4354 595.9637
-01.1121 03.0314
00.3174 1504.8134
-00.8554 373.4062
-01.1089 275.0281
-00.6628 674.8318
00.1169 734.6054
-01.3932 00.8562
00.0556 784.3965
01.3295 1516.7877
00.1093 1098.9322
00.9064 1126.4113
-01.7277 442.5047
00.0491 560.8859
-00.2509 1042.1508
-01.4139 01.1598
00.7374 1178.1128
-00.5553 174.7751
-01.9960 02.7142
01.7562 1658.2656
00.8248 1337.2790
00.6863 991.2613
-00.2796 491.4514
00.7393 1281.1301
-00.4938 534.8322
00.3429 609.2932
01.3711 1363.0576
00.7145 1272.4166
01.5805 1398.6013
-00.1062 1151.2738
-00.0706 1156.0972
00.5904 977.6098
-00.2721 651.1769
00.5105 1127.8470
-00.2782 879.4083
-00.1249 756.4475
01.6663 1350.3594
-00.4262 587.5792
02.4206 1328.1336
-00.6950 593.8778
00.1083 1062.3828
00.7120 1075.7998
01.0059 1230.3725
-00.4184 713.9683
01.5061 1172.7663
01.2792 1176.2391
00.7888 384.6083
00.4990 713.5406
00.2769 1003.7446
01.7350 1528.8322
-01.0466 124.9732
-01.1190 475.4758
00.5923 1181.4059
00.3376 640.2576
-01.0346 04.2545
00.1315 595.2215
-01.1163 484.4844
-00.5321 436.8303
01.2670 1353.4626
-00.2490 535.9310
00.3853 1264.3917
00.5620 1314.2710
00.7739 1241.7555
01.0126 1325.5667
00.8840 1289.7001
-00.6949 199.8779
-00.8839 01.7928
15.5102 401.2778
00.1137 04.2276
00.4547 763.2215
02.0313 1274.2004
00.8369 980.1592
-01.1190 01.2040
00.0267 787.2169
-02.1159 02.3995
-00.3420 951.8144
00.6148 940.7118
01.4343 1492.0601
00.7323 1130.8621
00.0627 1250.1064
-01.1029 00.1185
00.8827 1488.7551
00.9153 1062.8869
-00.7064 578.6966
00.7155 1322.6003
-00.8517 195.8421
00.5203 990.6278
10.0611 11.1938
01.1265 1267.0912
03.9983 675.4002
-00.1682 856.2281
01.5107 1388.5455
-01.3019 71.2797
-00.0733 1087.6307
-01.7711 01.1296
-01.3361 02.7839
-01.6442 01.0185
-00.1772 540.1575
01.1898 1299.4883
-00.4615 739.6764
-01.8305 00.1848
00.5306 1184.7712
00.1711 672.8264
01.6671 1610.8696
00.4489 1082.5581
00.2937 747.7895
00.9013 03.9037
00.6279 1062.8927
01.1905 1550.9064
00.3398 1259.9991
-01.0544 01.6530
01.3300 1348.0110
00.8335 1491.8069
01.1286 1502.9016
00.8064 1432.2360
-01.4755 643.0796
01.3998 1432.4849
01.7067 1292.3324
-01.0887 527.1160
-00.8920 151.0424
-01.1417 868.1952
-01.5891 00.6151
-00.8980 01.2182
02.5822 05.3453
-00.1889 841.4424
00.6604 1334.6194
-00.5554 04.3590
00.6782 1133.2274
01.0808 1472.9959
-01.2427 394.3985
00.5908 1399.5874
-01.0656 03.5284
00.6350 1190.1326
02.2038 1691.6091
00.9425 1570.9454
00.5162 1308.6030
00.6532 761.5870
02.4873 1225.4807
-00.0660 896.3696
01.0586 385.9023
-00.3808 180.7815
-00.0990 05.8885
-01.2636 01.1579
01.3298 398.5483
00.4482 1310.2387
00.7047 1405.6527
-00.6492 249.9127
00.0624 457.7165
01.1508 1254.1587
01.4671 1585.2561
-00.3237 483.0952
-00.3966 871.2054
-01.5069 00.3149
-00.6226 02.3201
00.3145 938.3997
-00.7559 969.4504
00.3067 1014.9403
01.6070 1333.3846
-00.5695 179.3790
00.6316 1218.3300
01.7073 1365.2748
-01.0416 367.1969
01.7809 1581.7076
-00.3636 106.2247
00.2022 1448.9184
01.8616 1686.6352
00.9621 1508.1487
-00.6783 407.3121
03.6742 743.8977
01.7915 1555.3837
00.3915 1132.7908
-00.1715 418.6718
01.5046 1532.1940
01.1351 347.1556
-00.1871 1329.2122
-00.9389 03.3172
-01.6988 263.0121
-00.2551 197.8538
-01.4668 00.4005
01.6282 1667.0154
01.3681 929.6279
-00.6821 00.3788
06.8037 752.2704
-00.0948 563.9675
00.2007 1289.9058
-01.2817 118.9518
01.5963 1526.5070
00.2320 1274.3189
00.3447 1401.6494
00.2890 352.0516
00.1467 1265.8985
00.4157 1128.4624
00.1379 02.8199
-00.9342 607.2280
00.7741 1123.6142
-00.6068 03.9971
00.1616 04.1635
00.5878 899.9019
01.6697 1392.3374
01.8277 1535.1861
00.1959 781.9488
-01.8070 92.4292
-00.1603 845.3845
01.2438 1464.4575
-00.5687 439.5576
-00.7371 816.3940
-00.5019 769.4861
01.0130 1256.6349
-01.6861 00.3584
-00.6327 625.7468
-01.0158 217.5846
01.0866 1653.9976
01.7145 1421.1147
00.5837 1215.2228
00.2361 1266.6004
00.6448 1293.3161
01.0545 642.3173
00.4241 1267.3634
00.8098 954.2802
-01.8227 01.9836
01.1807 1291.0403
-01.0882 513.4982
00.3041 766.7219
-00.8658 401.7688
00.4142 1283.6636
02.5049 1132.0730
00.4854 760.8389
00.6084 1419.7266
00.0272 1138.4557
-00.2071 467.2276
-01.6410 02.1209
00.9994 820.5975
-00.9417 13.2085
-01.3051 53.3595
00.1007 1322.0957
-00.0365 975.1811
-00.9703 870.7087
02.3974 1223.6019
01.2932 1442.4514
00.5946 1216.3477
00.9239 1300.5990
01.3929 1509.1643
00.2385 585.6222
00.3445 580.9434
00.3001 1271.1234
02.3581 1512.4601
-00.0359 869.3759
-00.9478 00.7328
01.7834 188.7574
00.1696 776.2495
-00.7524 38.6947
-01.2524 388.7037
-00.2304 852.7383
03.1107 06.4620
01.3823 1389.6645
-01.3908 118.5496
02.0764 1583.2697
01.1035 1343.1212
00.2624 1138.6254
-00.4936 02.5522
00.0452 1028.9246
-00.7347 01.4449
-00.6660 02.5837
-00.2015 382.2909
00.3865 891.5162
-02.3466 03.2409
00.8243 1112.0588
-00.8745 271.7678
00.2261 1406.0154
-00.9925 419.1611
-02.1622 02.1426
01.7039 1551.1729
00.7671 806.7331
00.3022 309.5113
00.2307 04.2218
-01.6568 03.0454
00.0241 1016.1114
00.6100 1241.1554
-00.5931 1060.3640
-00.5871 589.7673
-00.9877 03.2046
00.6264 1074.1930
-00.3808 01.3145
-01.4645 00.2179
00.5917 672.9121
-00.4012 339.9570
-00.1379 566.4465
01.4115 1614.2336
-01.6219 264.2244
01.2461 1401.1369
01.4684 1535.2845
00.8807 1399.5984
00.8649 1549.2126
00.7398 860.6304
00.2433 943.3082
00.9655 1269.2017
01.4924 1631.7392
-01.1598 420.1699
00.8811 963.6994
07.9509 113.7720
-01.4896 02.2845
-01.1302 13.6894
-00.0623 702.7781
-01.3740 01.7783
01.2590 1463.3864
-00.9827 693.7589
11.7847 1130.4786
01.9750 1588.7854
01.5721 1613.2644
-00.8881 237.5428
00.4630 816.8888
-00.9537 03.4049
00.0672 288.3798
-00.3128 941.6867
00.4699 1203.6282
-01.3793 380.0964
01.3669 1344.3460
-01.5626 00.7616
00.6463 1132.0392
-00.0680 396.7194
-00.7647 02.7915
-00.4382 1139.8885
01.2284 1531.6080
00.0447 1108.3130
-00.3627 938.2087
-00.3828 949.9981
-00.7558 874.4981
-00.7899 877.3464
-00.1342 1078.8065
00.8764 1412.7680
00.1444 932.3269
-00.5881 294.9919
-00.1814 853.6487
-00.0182 826.1170
00.5237 1251.6725
00.0228 421.1536
01.1037 04.6170
-01.6779 01.7129
-00.3529 778.3491
-01.1252 460.7386
00.9093 1168.4650
00.4751 616.2069
00.9744 1012.6844
-00.0371 980.3809
00.1928 1280.8000
-01.2461 00.9652
00.1473 590.5317
00.2106 900.8305
-00.3781 1041.9443
-00.0016 1226.1425
00.5652 1279.1882
00.2972 1089.1848
05.1274 1281.5884
-00.3042 947.6268
-01.0896 486.2406
-00.8531 01.0833
01.1711 1220.6989
00.5892 1148.7172
00.5047 1090.2068
00.3579 1283.3888
-01.1649 00.6853
-01.3077 00.1628
00.9191 1010.4224
-00.1659 1071.2541
-01.3217 155.1583
-01.2654 214.2169
00.9847 1210.9462
01.4190 1474.2867
-01.0414 39.0306
01.3083 1349.0625
00.5380 1179.2200
-00.6619 1099.0847
-01.2909 264.3017
00.8358 546.7164
01.3260 1224.9894
-01.0037 561.1082
06.6378 778.6588
00.2049 1280.9555
-00.1337 818.2120
-00.1952 340.1462
-00.0135 1085.8206
00.0011 1015.2752
-00.3579 812.9828
-00.2914 822.0271
-00.6902 464.3160
-00.6642 137.4798
00.5506 1561.9756
00.3830 703.3698
-00.0963 1129.9924
-01.3278 02.6477
-00.0327 972.2705
-01.5846 00.5382
00.8233 983.3283
-00.2110 1063.8460
-00.5551 03.5464
-00.4366 807.3833
-01.3856 01.9995
01.0414 719.6376
-00.9462 505.0731
00.8900 1395.8896
-01.5141 04.3356
-00.1000 1195.0445
10.1907 394.8280
-00.6250 02.4396
-00.0894 962.2961
-01.4127 570.1262
00.6585 849.0669
00.5669 692.3310
-01.9778 03.0824
-00.7088 02.3155
-00.9397 122.0444
01.1064 1392.8325
-00.4518 477.4405
00.8136 1346.1598
01.9850 975.6755
00.5125 1149.3722
-00.9570 435.7016
-01.1798 00.5801
01.1620 961.4063
01.3885 1402.6474
00.3476 1292.3794
-01.1481 373.4984
-00.0404 02.4625
-01.6153 162.1383
00.7482 1379.3726
-01.0557 320.2166
02.1385 1152.1959
00.0149 1055.0414
-01.6533 77.3616
-00.3708 355.0979
00.0993 555.6773
-01.6908 44.5344
00.7510 1446.4463
01.3879 419.1467
00.5315 631.4681
-00.3805 937.7638
-01.5066 00.9246
-00.7617 02.1862
-00.3992 623.9175
-00.8766 00.4097
00.7667 1342.7521
02.5483 866.8361
-01.3085 01.6090
00.6350 774.9731
-01.4927 01.9858
01.4379 1109.9077
24.8029 1048.5077
-01.8016 00.4502
-01.2339 112.6430
02.7562 1044.8977
-01.1127 01.5991
00.3049 1441.0923
-01.5109 131.6774
04.0830 665.4017
-00.5066 862.8161
01.0409 1339.7765
-01.7216 02.8016
00.7874 797.6790
-00.5598 1101.0566
00.9775 1236.6540
00.8901 1559.8315
-00.0633 915.2218
00.8563 975.4652
00.3902 03.8028
-00.1793 02.0152
-00.6043 956.3489
-01.5917 00.6297
-02.1995 02.6686
00.4702 1154.3214
02.8263 04.6672
-00.0243 613.3869
00.4098 1183.7408
-00.4570 662.0655
00.2152 937.1211
00.5901 1091.5026
-00.0764 493.8064
01.1972 1468.5553
-00.7013 220.9704
06.5384 428.2935
-01.6504 03.2209
-01.3183 00.1567
00.7170 1339.5163
00.6455 1310.0384
-00.9112 01.9561
-01.7138 41.9405
-00.2953 694.5981
-00.3357 03.3940
00.5331 1291.6515
-00.8137 756.6810
01.0506 1597.7053
-00.2941 1079.0974
-00.6736 01.9676
-01.6322 147.2222
-00.8487 02.1602
-00.7708 00.8561
-02.0097 59.0393
02.7613 1243.5552
01.8833 1310.3279
01.7248 1285.6123
00.0988 723.3261
00.9226 1333.1361
00.6725 1308.2173
01.8560 1374.1631
-01.0803 632.3456
-00.1629 1106.7663
01.4502 1521.7532
-01.0609 01.7101
02.1288 388.9996
-00.9464 00.2478
-02.1321 117.3857
01.4431 865.4345
-00.7111 251.1364
-00.4049 399.8366
-00.8328 527.8596
00.0925 715.8893
00.9485 1249.7551
00.3600 1255.3736
00.0137 862.7637
00.0998 04.7941
01.7222 1508.2896
-00.5358 561.8459
00.2892 850.2077
-01.6156 37.9738
01.1361 1350.7050
-00.8268 541.0527
01.2623 1043.6892
-00.7866 00.5428
-01.0283 00.5245
02.0738 1590.7472
00.6090 1376.2966
00.9846 1343.1099
-00.7500 262.2480
01.0187 1692.8340
02.0096 06.0607
-02.0055 02.7288
00.0428 863.1671
00.3959 1076.5380
00.5479 1350.0785
00.7231 1334.1288
00.1940 902.6224
-00.9362 360.4199
-01.1256 02.6536
00.0192 878.5738
-00.9820 267.5925
01.4143 1195.4349
02.1859 1227.1421
-01.2822 144.3614
-00.6655 53.3788
08.9120 11.8759
01.4687 04.7966
00.8760 1370.8233
00.4294 767.3409
00.1658 514.4401
00.1731 712.9740
00.4706 03.9194
00.1336 1060.9274
01.2522 1497.6161
-01.9789 01.3713
00.7805 1088.4618
-00.7918 01.1168
-00.9654 655.8631
01.0035 1510.6874
-00.5281 913.7620
-00.1524 666.6446
-00.5226 680.5455
-00.8407 02.5995
-00.0108 885.7518
16.7267 977.5907
-00.3381 859.4797
-01.7224 00.9088
-01.7267 191.4345
01.3530 1438.4516
00.4787 1262.3704
01.3248 1340.4036
-01.1430 457.5628
01.0939 1150.7308
-00.7447 974.9998
01.3757 687.8785
00.7997 1410.3700
00.8455 1458.5294
01.0269 1272.3550
01.0744 1554.0727
-00.0694 337.2243
-01.5489 01.5795
-01.3406 02.8628
01.0159 1418.9840
-01.8912 11.3696
00.3552 1013.8013
01.2467 1180.1835
-00.0708 1033.0725
-00.0064 836.8309
00.5576 1118.1218
00.0968 1209.4543
-00.8695 00.3723
00.9761 608.1134
01.2508 1538.5896
-00.8187 378.8031
03.7563 1084.8916
-00.3657 792.3278
02.2514 1196.5801
00.4754 893.1754
01.0972 1042.0806
-00.3693 321.5805
-00.1230 745.4345
-00.4974 02.5764
-00.0639 869.3485
00.6034 1204.0427
01.1828 1277.8632
00.8432 1126.5209
00.9039 1452.7817
-00.1968 954.7685
-01.1332 02.5569
-00.7747 566.3753
-00.1206 1214.8805
00.9965 1563.2926
-02.1383 01.8147
01.7392 1387.2758
00.9421 1234.7527
01.1801 1479.0156
00.1047 1215.3555
00.0965 808.3177
-00.7984 567.9726
02.4356 1789.5953
00.1660 450.8650
00.3771 1017.0570
-00.4803 76.8082
01.3385 1326.5223
-00.3581 432.7929
-00.9076 731.0731
00.2180 1182.1843
00.8920 971.6449
01.2581 1645.9858
00.4450 1018.1941
-00.8223 296.9288
-01.4151 00.5246
-00.3585 787.9125
-00.8850 174.0244
01.2730 1367.0726
01.8233 841.1320
00.1512 1322.9508
00.9076 960.9321
01.4404 1330.3724
00.1556 1408.8206
-00.0901 167.8832
01.5075 1519.8792
-00.3736 02.5219
02.0834 344.1091
-00.9150 573.3855
00.9491 486.4739
01.1250 1585.9003
-01.2429 00.7399
01.2925 1403.5059
-00.1259 1107.3982
-01.2476 242.6181
-00.7935 02.2304
00.1167 835.0105
-00.1959 748.4329
-00.7446 585.2598
-00.3934 351.2195
00.6180 1311.9327
00.0465 944.9494
-00.6899 662.4657
-01.1954 524.3923
00.5478 1057.0622
-00.9303 636.1032
01.0822 1233.1283
-01.0627 265.8479
00.3372 871.8901
-00.2884 839.1485
01.1227 1353.6844
00.4196 887.7239
-00.1483 1201.6115
00.8469 1314.0745
00.7834 1027.2501
00.7578 964.7887
-00.2084 385.6349
-01.3736 00.6276
-01.8771 02.6721
01.2007 976.1967
00.2610 02.5536
-01.3562 25.7728
00.2603 981.1069
01.0578 1576.1517
-00.9660 298.9573
-00.3582 762.4143
-00.4424 429.5642
-01.2296 02.0879
00.6440 1506.8644
-00.8789 642.7886
-00.9123 00.1720
06.8976 10.3690
-00.3299 1157.5529
00.8844 1442.8007
-01.4761 139.0493
00.6668 658.9322
-01.1915 384.4284
00.1352 810.0311
00.1898 1246.7513
03.8997 1114.5661
-01.1297 396.4881
-00.3987 679.0637
05.8036 926.7626
01.1340 1591.8783
00.9392 1264.6190
-00.3189 668.1975
-01.8382 02.8780
01.3882 1236.8437
00.8845 901.7466
00.1158 544.0715
-01.8775 01.0038
00.9521 1221.7190
-01.4473 01.3925
01.2219 1540.7614
-01.4762 02.3653
00.6986 1146.4809
-01.1723 691.8214
-00.3884 48.2723
00.1369 806.8041
01.0951 1181.2849
00.7143 983.4773
-00.6026 36.3169
00.2932 1205.0988
02.3922 419.0154
02.1538 1633.6894
-01.0836 01.1050
02.0862 1260.5826
00.2707 928.6625
-00.3233 1164.7542
01.0724 1130.7968
-00.7187 83.6119
01.0434 1276.4069
00.7402 1460.5720
00.1617 975.1905
-00.9381 198.2247
-00.2901 02.2549
05.5077 1090.0608
05.3205 489.8706
00.1228 1126.1205
01.7409 1662.1161
01.1668 1655.5646
00.4354 883.0842
-01.7223 02.7149
01.3449 1239.8640
03.0032 05.8270
03.4029 1196.3010
00.8552 285.5895
-00.1452 151.5324
00.8317 983.0601
-00.2014 602.4925
01.3629 1456.1572
00.5523 1181.7280
10.0101 13.4704
-00.0137 568.0579
00.8170 765.2486
-00.9649 223.3845
-01.6478 02.1915
-01.2852 00.2621
00.2000 1050.2699
-01.4529 00.9334
01.1552 1162.5138
01.0153 1059.6914
00.7355 1436.5883
-00.0062 1157.7466
-01.6946 01.1596
-01.2052 186.7847
-01.4236 00.6346
01.2138 1422.5624
01.0739 1348.9553
-01.0088 707.6995
00.8273 1218.4299
00.9273 1506.2215
01.0327 1312.2019
-00.9507 02.0544
01.6391 1705.0700
-00.3334 786.7667
01.2815 1457.2602
02.5107 1399.1648
-01.3919 488.6779
01.1530 1483.8477
00.4137 621.3425
02.1869 753.3100
-00.5802 511.3627
07.3070 610.8632
-00.0487 963.1436
-01.5897 01.2658
-00.9789 423.4331
-00.4389 508.5791
00.4095 1240.4115
-01.4919 02.5792
01.4423 1285.4818
12.8130 831.4691
00.5570 1429.1681
01.8652 1478.2249
00.1601 1104.0267
01.0787 610.0997
01.5549 1487.4603
00.6066 1119.6498
00.9804 469.3418
00.5512 1073.6664
01.8576 1680.8221
-01.1720 693.8042
00.7594 1042.7324
-00.8876 723.6588
-00.7591 797.2700
-00.6776 151.7172
-00.5635 519.8227
01.0024 1025.8513
00.3506 1237.1459
01.4291 1267.5444
-00.1947 512.7103
01.0061 1585.1650
-00.4820 706.7735
00.5575 1104.6237
-00.7442 1020.8915
-00.1420 723.7140
-01.3300 01.1415
00.9939 1553.4378
00.2674 1148.9738
-01.3608 592.4572
00.6669 893.1030
-00.8385 437.8066
02.2380 757.0013
00.5547 1427.2438
-00.5026 412.5108
-00.4214 262.5636
-01.6210 118.1507
00.2696 1331.4058
01.6122 1340.8141
01.1530 1114.9686
01.1486 1471.5708
-00.1879 1101.3310
-01.0073 47.6474
06.2253 975.9565
00.8197 1237.2690
-01.9441 128.3096
-01.7927 01.2781
00.7755 1102.9423
00.8997 1300.4170
-00.5818 53.4858
-00.1088 460.0965
01.1402 1520.4947
-00.4158 678.7799
01.6807 1253.4894
00.2267 589.2614
-01.8149 00.4877
-01.1416 323.9993
09.2110 359.0112
00.9748 1411.6070
01.3948 1301.2895
-01.2309 01.3593
00.5991 1502.4239
00.3880 950.3708
01.0822 1228.1266
00.2221 1197.2944
-01.2907 00.1252
02.2537 06.1609
01.2285 1269.4522
-00.3869 1065.3950
01.4277 1587.5512
-01.5575 00.6048
-01.1857 01.3226
-01.7989 00.6683
00.0906 771.9254
-00.1307 379.1930
-00.7609 650.0983
02.8911 1313.1774
01.6614 1094.1986
-00.1907 827.3178
-00.6594 603.2270
-00.8554 256.5848
00.5421 1094.3926
00.5464 950.9829
00.8370 1313.2343
-00.1363 1246.5125
-01.4363 02.8406
-00.8955 30.1886
01.4371 1524.2487
-00.6352 21.7303
-01.0189 368.1844
-00.4807 947.5605
-01.8801 00.6715
-00.9867 02.1203
-00.2783 1104.0882
-02.0481 02.5640
01.2491 1501.9342
00.9988 1277.9525
00.3477 1014.6990
-00.2416 1083.2500
01.0036 1107.2822
01.3186 1575.9460
00.9434 879.8160
00.8558 1442.1920
-01.5544 03.2338
00.0471 1128.8252
-00.1530 314.5364
00.5776 1312.1965
-00.8249 504.4921
-01.4624 53.4161
01.1603 1235.6351
-00.6690 01.0105
-00.8527 575.4610
-01.7398 03.2972
-01.4078 02.0026
01.4433 1407.7623
00.9477 1138.7350
00.8696 1409.8688
-01.7021 00.2647
-00.7415 99.3532
-00.0707 03.6153
-00.8623 01.4714
-01.8627 03.5270
00.4816 1324.7753
01.5950 1652.3204
00.3473 904.6032
00.1532 912.7845
00.4303 1342.6601
-00.6136 685.7171
01.5237 1609.6604
-01.2069 01.6624
-01.3443 543.1303
01.0353 1382.2466
00.5228 703.4406
00.4080 1153.0477
00.4132 1398.8845
-01.4650 140.8743
-00.9864 540.2942
00.9266 1326.8121
-00.1774 03.1012
-01.5084 02.5338
-00.3199 582.7866
00.2343 1125.7240
00.0213 310.2852
00.0797 1435.3922
01.2928 1608.9984
-00.0500 786.7145
-00.6609 03.3377
01.0750 1274.9359
00.6561 1014.2697
00.4271 867.8982
-00.3641 790.8353
01.9559 1309.4226
-00.7769 341.0131
-01.6996 231.1829
01.7530 1472.7525
00.9048 1298.5536
00.7112 1150.8608
-00.4401 749.1028
01.4325 905.1048
05.7420 1258.6927
-00.5007 1028.9116
01.4960 904.2711
00.1685 970.3897
-01.2651 352.4929
00.2430 03.3288
00.3377 623.2933
04.7029 768.6154
00.4190 1018.4646
00.4096 1166.7175
00.4946 1358.1944
-01.2362 129.6925
00.5928 1077.2499
-01.2767 687.5621
-01.2275 02.6302
00.0172 329.5484
03.3943 499.5081
01.4050 1240.8898
-00.1716 870.6431
01.2304 1012.6263
-01.3592 02.4910
-00.1590 372.1903
00.9597 1517.7295
-00.0257 903.9343
01.2531 1469.0487
-00.0781 845.0589
00.8732 1328.1855
-00.2524 673.6226
00.6873 1419.1893
01.3291 1470.9326
00.1853 466.9660
00.3488 1303.3886
-00.3867 505.8152
00.4093 1413.0818
00.7000 1051.8911
01.0119 965.3665
-00.0259 554.6908
-00.6603 01.7951
-01.1771 01.8688
-00.5125 02.3699
01.3063 1391.4966
-00.9156 562.3568
12.5923 14.9954
01.3271 571.6340
01.2376 1272.4856
-01.2755 04.0188
01.0664 1442.2136
01.7966 1649.7286
01.5095 1586.9158
-01.8302 02.4534
00.9128 06.0963
00.4349 967.1748
-00.3399 815.5162
-00.2779 928.6305
-00.3585 745.7116
00.1939 1297.9196
00.8436 470.9271
01.1342 1328.1673
-01.0270 01.6359
00.2033 867.9606
00.7971 1590.9607
-01.0703 80.3454
01.3132 898.6247
00.3446 1248.8004
-00.8031 02.1768
00.2411 1262.1594
00.4227 1166.1548
01.3156 1386.6689
00.7216 964.2350
01.1029 910.7075
-00.6709 137.5436
-00.4416 669.3857
-00.2750 683.5998
00.1152 973.6784
00.7581 1444.5973
-01.4937 42.4902
01.0997 1330.9567
28.6950 583.3650
-01.2388 00.3084
00.3254 1286.0754
-01.9930 01.1636
00.2918 1371.8884
-00.5935 01.5174
00.1866 534.2921
-01.1880 00.4570
00.7738 612.7506
01.2497 1354.1724
01.4244 1450.1276
00.7994 935.5201
-01.4723 01.2788
-00.2650 498.7271
00.1919 1381.6408
01.4494 1354.5269
00.1499 1272.2668
00.3313 833.3531
02.0216 1738.5369
01.4262 640.2229
00.4767 1149.0451
-00.5884 1026.5328
00.6962 1366.5368
00.6486 1149.1437
-01.5858 03.4309
-00.2735 1308.4490
01.2239 1369.3636
00.1071 991.1229
-00.6491 449.3491
-01.2957 258.1788
01.7970 1299.5320
00.2159 1266.0434
-00.5580 407.4943
00.9653 1420.0489
-01.6291 02.2725
01.7297 1531.6316
01.8318 1247.4805
01.9511 991.0422
-00.7975 63.3333
-00.0883 715.4239
00.6363 246.7710
06.8008 902.9664
-01.2964 01.9707
00.0320 914.7632
00.4905 1431.0114
01.7925 1441.6506
02.5783 1162.4754
-01.8709 01.8015
01.6880 1536.8664
00.5410 1137.4917
01.4923 1318.7384
03.2089 508.5874
-00.6882 01.5415
-02.2669 02.9206
-00.6011 178.3568
-00.8439 666.3960
02.2816 1208.8733
-01.6729 04.1226
-01.3675 146.2385
-00.0044 02.0085
00.8514 1382.8445
-00.6338 568.1663
-00.7991 00.5373
00.5685 1113.3340
00.5457 972.9329
-00.1121 562.9606
00.2281 1171.6146
00.6051 1064.8685
-00.1154 573.8111
00.3503 636.1217
00.8630 1081.8281
01.0496 1276.0384
01.7208 1544.8994
00.6343 1257.9702
18.0875 1086.9569
00.3689 650.0444
-00.2399 252.2082
-01.2051 01.3955
00.6933 1153.5204
00.5578 1133.2214
-00.2991 983.8364
00.2215 1236.8377
01.3691 1543.2081
00.8340 1392.0491
-01.0091 02.0273
-00.3333 741.3675
-00.4892 824.8929
01.4771 1594.2777
-00.1315 1004.8826
01.7960 1193.6392
-00.8619 01.8554
-01.7727 00.5973
01.4435 1410.7660
00.1275 1161.4388
-00.0941 1009.5767
-00.7668 00.9912
-00.9007 487.4556
-00.1845 563.3419
-00.6279 136.7830
-00.2121 840.1336
-00.0231 02.9721
00.3298 206.9561
01.6775 1517.2771
01.9473 1283.6747
26.7443 88.7437
-01.2902 659.6635
-01.1712 472.1621
-00.3816 1235.7170
-01.1312 363.4032
00.0377 1047.6044
00.3889 1289.8486
01.4467 1470.8825
-00.2007 665.0329
05.1555 82.3996
00.0203 1198.5478
00.7189 1368.8255
00.8664 1156.2091
01.4165 1601.2583
-00.8945 520.9945
00.9153 1418.9703
01.6949 1529.8177
-01.6288 01.7869
01.5724 1437.7553
00.0533 1005.4140
01.7788 1307.5735
-00.5751 00.9066
02.0774 1152.9023
-00.2803 866.8239
00.0733 682.9564
00.0885 1149.2028
03.6216 07.8505
00.7895 1300.6286
01.4375 1410.9727
02.2766 1695.5772
-01.1577 02.7809
-00.7253 187.3686
00.3840 1457.0553
-00.4837 01.7906
01.5528 1359.2784
-00.0183 680.4054
00.7916 1215.1179
01.1940 1542.0564
00.4309 1154.7079
00.1581 597.3312
-00.6553 605.2615
01.1388 1087.9757
-01.2102 00.4232
-00.5786 628.5134
02.1318 144.4318
-00.6160 766.2692
-00.5514 723.9457
-01.0532 280.8579
01.9279 1689.7736
-00.3182 746.5923
00.5427 1496.2326
00.2604 789.6862
-01.7047 04.8154
-00.5721 1064.7448
00.5164 1318.4118
-00.2125 237.3500
03.3172 1224.9684
00.6819 1029.7151
00.7716 1437.8106
-00.1331 621.7280
01.0330 1395.8458
-01.6849 01.3906
-00.2856 761.0670
-01.1176 02.5220
00.0919 781.1692
01.2980 1189.3343
-00.4422 531.5656
-00.1279 1050.8106
00.0390 667.7596
-01.1736 02.3144
00.6505 1281.4206
-01.5080 02.8045
00.2715 887.8875
-00.7699 492.0314
01.7890 1567.3633
01.0013 1518.2251
01.0657 1535.4722
-01.4091 02.5094
01.2872 1397.5204
-00.3482 793.7821
00.6571 1262.9553
05.1000 1331.5214
-01.4184 482.5548
01.1738 1455.3627
00.6779 1524.8402
01.6510 1646.8695
00.4116 1506.9064
02.6746 319.2915
00.8996 1507.2441
-01.1215 192.7727
00.0665 1168.6905
00.5737 1356.8515
01.4291 1451.7795
-01.9049 02.7603
10.9724 1146.1761
00.1741 508.5035
00.1161 901.7810
-00.1756 1020.0794
00.4462 247.9099
01.5109 1193.2577
02.1798 900.4388
-00.3779 326.0440
00.3590 645.8266
00.5831 1435.4106
-00.4564 1011.9717
00.3495 479.6204
01.9694 1464.9253
02.0933 1454.6847
01.3230 1493.0329
01.9082 1518.0839
-01.5475 00.6222
-00.1905 02.9082
00.6448 1179.9518
-00.2189 800.6596
01.4710 1297.3950
00.1776 665.5418
-00.1641 464.7277
-00.3592 235.2501
00.6068 1208.5819
-00.4892 25.1348
-00.6436 379.0746
-00.4339 300.2928
01.2646 1529.6964
00.6890 1440.6668
00.1775 1403.6601
00.0081 803.0905
00.0537 1261.6879
-00.9589 386.6531
-00.7180 82.4250
-00.0890 1018.5374
-01.4533 00.9404
00.1461 948.0864
-00.5368 02.1590
00.6609 1211.4942
-00.6098 441.1516
01.5430 1417.5527
-02.2843 136.0837
-01.6607 00.9902
01.3330 1699.1366
-00.3683 181.2738
00.3920 954.8979
01.1330 766.6482
-00.6918 00.2675
-01.4108 02.3987
-01.0715 01.1467
-00.0876 1244.3053
01.3936 1690.8732
-00.4582 935.4413
-01.8138 02.0750
01.4708 1370.1724
00.3658 1243.2348
01.0664 1601.5329
-00.0535 781.1450
02.0130 1680.2129
-02.1589 01.6669
-00.7196 345.6873
01.9456 1483.0078
01.4558 1422.0357
17.9697 916.0655
-00.9920 192.6988
-00.5072 186.4624
-00.1172 228.1781
01.3055 1127.8817
01.0508 1144.7952
-00.1694 1111.5671
-02.0242 230.8102
-00.9330 725.5113
00.6607 1084.3571
-01.7154 291.9087
-00.6502 194.5954
-01.0288 314.4411
-00.5674 1018.3580
-00.9708 00.7028
00.5310 1461.3208
00.8196 1039.8965
00.6824 422.0729
01.0226 1515.5406
00.3598 712.7752
00.9620 1497.4764
00.5615 1480.0110
01.0608 1404.9343
-00.7574 320.6746
00.8622 1384.3599
00.0290 516.8628
01.0811 981.7727
-01.0444 692.1702
00.7256 1280.6806
-01.6664 03.3235
01.0958 1326.8880
02.7901 1050.4183
01.2641 1388.8873
-00.4165 585.2558
01.1170 1311.9482
00.9307 1462.7868
-00.0652 876.2233
00.5790 1181.6670
00.8096 1176.5594
01.2011 1272.2754
02.8306 1097.0789
-00.6476 368.3567
01.1252 1524.9517
00.4929 904.4559
05.8261 09.6463
00.0483 436.5594
00.1605 261.5205
-01.0936 191.2447
00.3953 732.7181
01.2221 1649.8466
-00.2364 894.7829
00.8175 1243.0954
01.6281 1213.6893
00.6514 1377.0793
-00.4328 920.8527
06.7080 1130.9371
00.8441 934.7806
00.2214 850.7043
-01.9245 02.9983
00.4797 1052.2438
-00.4653 629.8916
-00.3981 358.4046
00.6323 1375.4469
-00.6212 946.6489
01.2989 05.9288
-01.1006 146.6673
-01.0793 03.3511
00.2817 1060.1960
-00.9338 540.0232
-00.9156 741.1631
-00.0718 900.4149
01.1884 1458.9219
00.6000 1371.2598
00.3650 859.0169
-00.6389 568.6979
-01.4506 02.4595
00.9634 1062.9260
01.2809 1315.1690
07.5010 10.0733
00.5171 1462.5568
01.9909 1533.4199
00.9549 1475.7447
00.5820 1141.5766
-01.1660 01.9460
02.3773 143.7875
-00.9182 537.1798
03.0494 1222.2804
-00.1664 691.2685
00.7367 1234.6495
-00.0967 707.6785
00.8224 929.9943
-02.0588 02.3431
-01.5872 02.3560
00.5097 1206.2098
-02.2906 76.4807
01.3009 1554.0598
-00.1757 905.1129
-02.1827 03.5529
00.4276 1359.9560
-01.4995 34.5917
-01.3481 02.5741
00.7385 1578.7348
-00.8248 258.4475
-01.1034 123.8099
-01.7035 01.1357
-00.1825 711.6941
-00.8289 02.2719
01.1113 1446.6979
-00.5659 13.2101
-02.0730 00.5708
-00.0712 854.7542
-00.0955 391.6948
00.5560 1159.0929
-02.0399 34.9220
-01.2401 00.6418
00.1577 673.7573
00.0872 909.6683
00.8456 1264.7663
-01.8183 01.3306
06.9931 150.6090
00.4795 1245.3214
00.3763 957.5276
00.3672 933.5984
-00.6736 02.1992
01.2861 03.6319
00.7655 1134.5773
-00.4631 232.7281
01.1819 1461.8031
00.6187 864.8570
01.7396 1258.7160
-01.0139 79.6810
00.0486 776.9507
-01.0593 59.6388
-00.7958 739.6347
01.4822 1610.2174
00.9980 995.8507
00.0235 394.4195
-01.4927 268.5007
00.3038 796.1429
01.5959 1411.6022
00.8964 1302.8065
01.8272 1450.8720
-02.1106 00.6845
03.3955 1213.6106
02.1494 1671.4053
02.1030 1043.4027
19.3331 270.9170
00.8072 1099.9367
-01.2731 00.2973
00.9945 1385.9671
-00.6796 430.0059
01.1987 1411.3733
00.5896 872.1798
-00.0789 352.6199
-00.6794 769.1654
00.6001 433.1292
-01.4866 162.4180
-01.0113 33.7531
00.7288 1124.5355
05.7448 332.7310
-00.5392 346.2933
00.5451 987.6646
00.3996 1229.4126
-00.4622 703.2002
-00.3025 494.6664
01.6704 1596.7874
00.5047 1374.5959
00.4086 967.6888
00.8355 1093.3794
00.8602 989.6077
00.6837 1433.0524
-01.2100 128.2279
-00.7016 411.2466
-00.1297 488.6360
01.6419 1558.7142
-00.2553 02.6412
01.3923 825.0289
-01.2219 00.5342
-01.5270 00.5832
00.5545 910.6074
00.8583 1410.9374
00.8764 940.3557
01.9504 698.6635
-00.5676 605.5523
01.7334 1548.7209
01.3158 1396.1402
00.4691 1263.3923
-01.6920 00.8956
-01.0517 206.1966
00.4443 385.9502
00.3417 1160.4808
01.2519 1458.1319
-00.0337 716.9997
-01.7858 114.4282
-01.8293 03.3725
00.8956 1441.9062
-00.0343 395.3435
-00.9491 14.4804
00.6480 1393.5405
00.3299 1304.7530
00.2587 961.0896
-01.7022 01.6511
01.6102 1490.8627
00.1888 724.8096
00.1699 1392.7133
-00.6030 02.5022
-00.1441 477.7366
00.3440 1180.3159
01.0032 1071.6731
-00.8942 634.1524
01.8266 1625.6303
01.0683 1362.9827
-00.0823 951.4331
-01.5491 00.6324
-00.6156 01.1897
-01.3776 422.9856
-00.7119 1112.7328
-01.5902 01.1221
-00.0919 710.6552
-00.0420 670.2435
00.8088 739.8500
00.5936 840.7924
-01.3094 523.1119
-00.7071 522.5770
02.2257 1013.6685
-00.5658 616.1908
-01.9017 121.9733
00.8967 985.7745
00.3021 376.8482
-01.1297 210.4915
00.7431 1240.7064
-01.1202 14.7407
00.6426 1287.0547
-01.9545 01.9804
-00.0016 1320.4027
-00.3448 876.4704
00.9828 1166.3419
-00.7599 00.7780
00.7310 1185.9059
-00.0307 514.4872
-00.6028 00.2875
00.7446 1126.5055
-00.9992 202.4698
-01.3940 331.3195
01.3959 1489.2173
-01.8254 01.0344
01.2342 585.7127
-00.1933 920.9974
01.5675 1058.4591
-01.7669 02.7722
01.0465 722.9238
-02.0810 01.0416
-01.5174 00.9753
-00.3354 899.7506
-00.3579 870.5804
-01.8985 03.2331
00.4603 1041.3415
02.4978 1264.5110
-01.3564 369.6486
01.7922 1009.2107
01.3219 1623.1443
-00.8458 782.6438
00.6093 229.7058
00.9155 494.7912
03.3042 1129.6962
01.5673 1360.3093
00.0958 902.3887
00.4041 1360.1262
-01.4198 268.6330
00.8250 1340.9485
01.3005 1469.9700
00.5398 1273.5857
00.2245 1367.4027
01.6530 1560.1503
-01.4063 234.5314
-00.5637 1108.0654
-00.5750 01.2442
-00.6216 372.3864
-00.1226 581.7778
-00.1224 03.8600
01.4696 1352.8762
04.0952 110.1362
00.3728 1070.8726
00.8266 1348.9844
00.3374 399.2264
00.4372 1426.3117
-00.9386 752.0397
-01.7283 00.9754
00.1614 1147.1083
04.0167 981.3605
00.4672 1341.9273
-00.3221 42.4523
-01.7017 00.3314
-00.8369 00.2629
01.3686 06.2538
-00.7777 825.9196
01.4399 1258.7906
-01.9022 00.6075
00.1192 710.3523
00.6836 1237.6638
02.0913 1639.7711
00.6781 528.0830
-00.1953 771.8617
-00.0376 451.6769
00.5852 1114.7067
00.4819 1310.7259
01.7414 991.3805
01.1198 1375.7519
-01.1054 378.6387
01.3987 1259.1557
00.6701 1351.4553
-00.8697 570.9349
-01.2029 01.0393
01.5041 1349.8588
-00.4857 274.6564
00.5075 1398.6847
01.9838 1163.6754
-00.4924 654.5693
-00.4191 632.6225
00.4231 1553.2368
-01.2005 138.4997
-00.4658 808.2465
-00.1729 1057.1233
-00.6300 364.0078
-00.3603 01.2997
-00.1436 1149.3270
00.2091 1290.4281
01.1008 1450.6002
-00.1125 718.2139
-00.2827 384.3226
-00.7826 76.9757
00.1947 1334.5518
-01.4460 02.0301
00.9630 1460.5631
-00.9590 542.8109
00.2881 479.9826
-00.9616 00.1659
00.3727 814.4193
01.1958 1563.7884
-00.7435 539.6670
-00.6965 68.4331
01.5539 1546.5038
-01.8116 02.1553
00.3874 1165.9512
00.6700 1439.7112
00.1589 352.3447
00.7638 1579.5974
-01.6260 199.1801
00.8760 819.5069
-01.9348 01.9216
-00.2379 104.2562
13.8182 97.7320
-01.2861 334.7763
-00.8263 608.5145
-00.7744 03.4226
-00.0714 1242.6361
01.2163 1535.1703
-00.7599 885.3771
-01.1297 52.4152
-01.5199 00.6447
00.3169 864.5664
-00.7422 360.8907
01.1269 1121.3435
-00.9126 03.0946
-02.1225 02.2269
00.8650 1469.3528
00.0417 1008.1579
-01.1385 92.7807
-01.1550 03.4070
01.3272 1482.4011
-00.2216 483.8069
-01.3824 00.7795
00.5278 1033.3990
-00.6274 623.0104
00.3559 1158.8193
01.1029 1172.2754
-00.0665 03.5634
-00.4520 218.3071
-00.5827 457.2679
00.5121 1193.9118
01.6285 1549.9900
-00.5975 795.9160
00.0767 1106.5911
01.6231 1381.3710
-01.2151 02.5137
01.6387 1217.3326
-00.2312 870.4527
-00.9057 01.0656
-00.6286 249.5058
00.9251 1504.4237
00.8622 1455.4610
-01.3028 503.5658
00.5557 1471.7746
-00.7384 00.9899
-00.8444 384.5099
-00.3285 860.5695
00.7332 1272.2104
01.0683 1321.7558
00.9059 969.4873
-00.5409 870.3002
-00.6232 733.7560
01.2596 1563.4560
00.3720 159.9734
07.7744 251.4694
-01.3473 01.6873
-01.3955 386.8349
01.0788 1395.9320
00.8190 1010.9430
-02.1567 02.7029
-00.7805 576.2056
01.5951 1604.5908
01.2454 1355.6572
-00.3430 505.0703
01.5643 1272.6476
-01.8244 143.6890
-00.3153 884.6543
00.2921 1074.2646
-02.0524 02.9335
-01.3904 02.6226
-00.7842 563.1657
01.0485 1179.5655
01.3362 1505.1495
01.5342 1545.0231
00.9794 983.7617
01.1505 1482.2866
00.8517 1018.7376
-00.3678 01.2660
00.5982 1322.3633
-01.5776 01.9222
00.6671 1348.1179
-00.2788 453.9225
-00.5431 13.6316
03.9296 458.2632
-01.8968 02.0562
00.1395 1241.3245
-01.1466 02.3547
-00.0728 379.9625
00.8441 1258.7476
01.0804 1049.2130
00.6241 1294.9389
00.3771 1391.6752
00.3352 870.6866
-00.7788 00.2157
01.9765 1658.1666
00.9761 1232.4415
01.3966 1406.7368
00.2541 02.4852
01.6265 864.2309
-00.3834 48.1726
01.7825 1512.6468
01.2436 761.6429
-00.2564 194.1258
-00.6351 623.5661
00.9854 1462.3699
00.5600 1091.4868
00.1707 957.4190
01.8098 1500.6479
01.3355 1606.6004
00.6710 1152.0957
-00.3528 471.7118
-00.9003 22.5494
-00.5985 208.9530
00.5895 1350.4483
01.4454 1648.3296
00.7356 1248.4396
00.7655 1554.2866
01.3438 1311.7047
00.7142 1165.3825
00.5327 1053.7637
00.6094 1061.2931
-01.2270 00.3865
00.0372 1100.6802
-01.7892 00.7196
01.4263 1204.6652
-00.1101 1062.4949
-01.5392 01.2101
00.0588 1084.3189
01.5952 1148.7092
-00.2075 833.1216
-02.1420 02.6677
00.6155 1544.7885
-01.8304 01.2846
-00.0871 1161.1237
-00.0857 632.8741
00.3723 690.9528
00.8604 1189.4230
01.6103 1329.4260
-00.8641 323.1958
-00.4071 782.8067
-00.9585 47.8621
00.3571 778.5590
00.2002 660.0746
-00.5012 736.8410
-00.5504 775.3948
-01.8495 03.5092
00.0636 1248.4449
-01.1756 01.1940
00.8088 1535.8284
00.8107 726.8031
00.5355 808.2695
-00.8291 49.4796
-00.4963 228.9395
00.7587 734.7492
-00.6291 714.7132
-01.8348 418.7929
-00.9012 701.1683
-00.3181 03.0347
00.0530 864.8052
00.6892 1463.8889
01.6280 1074.6709
00.5568 1159.0620
01.1113 1416.1967
01.3274 1329.3553
-00.7499 189.7635
-00.1425 574.3754
-01.5930 315.7271
00.4989 841.1021
01.1008 1042.9758
00.1497 486.5314
02.0102 1617.4845
-00.0570 531.6613
01.7900 1615.1581
-01.2446 312.9038
-00.9717 617.4817
00.4846 1384.6670
01.2007 1245.3351
00.6184 952.7959
-00.4747 02.3349
00.8067 1405.1246
00.8932 1496.7290
22.7263 649.2815
00.9287 1126.4002
-01.4597 08.0235
-00.2153 386.2181
01.0843 1467.8620
-00.4569 84.3632
02.7006 1215.8161
03.8989 76.7625
21.4326 74.2251
-01.6828 00.4451
-00.5483 987.4689
-00.0954 551.0792
00.6628 1512.8215
-01.8024 399.8254
-00.8138 660.4876
-01.3967 01.4297
-01.2704 52.2914
00.2580 1374.0823
01.0326 1571.3305
00.6023 699.6339
-01.2236 00.7357
-00.5206 872.9443
-00.6533 579.9826
-01.2475 02.6797
00.4952 1149.9754
-01.0676 94.6666
-01.7974 00.3086
-00.1303 701.0713
-00.4401 03.1267
-00.3820 927.4651
-00.2427 1122.9361
-01.4177 02.3465
-02.4885 03.0774
00.7223 864.9583
00.3084 1097.8010
04.1719 06.8651
00.4374 1236.1408
-01.2487 333.9834
01.3144 1129.4322
00.7326 1064.2962
-01.2164 228.0670
01.3596 1330.5219
-01.5370 00.7918
02.5308 1275.5856
00.1340 1050.1341
00.0123 320.2134
00.2604 818.6377
-01.5500 320.0328
-00.2648 337.4657
01.1922 1353.9084
-00.0818 661.3148
01.1685 1442.1604
-00.5272 692.4254
13.1537 631.7558
-00.8881 861.1348
01.1482 1178.8400
01.2663 422.6337
-00.1766 217.0511
00.9363 1336.7862
00.4147 1242.2804
-01.7553 01.9880
-01.7189 00.8354
-00.3351 731.3732
01.1092 1299.7916
-00.7011 190.8864
-01.3924 83.8180
-00.4914 326.1994
02.5074 831.1441
00.1541 986.9994
02.1999 1300.8304
00.2265 1114.9114
-01.0014 00.1255
00.2126 1068.4297
01.6568 1216.6270
00.3828 806.8785
-02.0837 02.7260
01.8367 1466.6720
00.7412 1360.8137
01.2492 1588.2499
00.5431 1067.2172
02.9762 06.9301
03.9142 215.1887
01.7150 1292.6651
01.0442 1226.4001
-00.3506 01.7882
-00.7160 92.8300
00.9923 1538.7581
-02.0765 01.0118
00.4590 1336.3151
-00.0066 1103.3243
-00.8367 223.9470
-00.4288 408.4666
-00.5588 80.7707
01.0013 905.4961
10.5582 13.9764
-00.7222 670.4530
02.5742 1307.0942
-00.9316 899.6137
01.3102 1596.5026
-00.6116 757.1329
-01.5727 16.4922
01.1577 1477.7106
01.7336 1492.5661
01.5706 1563.3675
01.7453 913.7376
00.6637 581.3680
-00.6740 501.7126
-01.4346 02.0176
01.0797 1373.0431
-01.6413 210.9095
00.6275 1178.6548
-01.5044 76.9264
-01.1172 01.6343
-00.4307 564.0557
01.4830 1464.2253
-01.8127 01.3594
00.9016 1406.0553
01.3043 1400.4383
01.4584 1326.0905
01.7890 1422.0079
-00.0413 977.6477
00.8577 1382.9221
01.9030 1552.7807
01.0940 1234.9920
-01.2644 65.2972
00.5071 566.0387
00.4597 1252.6124
-00.5054 834.8684
01.5225 1454.3431
02.6514 1164.1120
02.9971 970.6563
00.2537 1326.4293
00.7376 727.5740
00.8083 1299.6033
-00.3279 893.6811
01.2585 1445.9980
-01.0706 124.1484
01.3452 1269.2125
01.7313 1564.0571
00.1020 03.0415
-00.2073 850.6772
-00.3186 121.7725
00.0075 1134.4387
-02.3931 02.6850
-00.4621 426.3736
00.8632 1358.5421
-00.3487 917.2857
-00.9398 01.2405
00.7475 910.1729
-00.5388 207.9196
-00.6981 01.0805
-00.7952 03.5435
00.4353 701.4014
-00.4383 951.1551
-00.4641 80.2121
-00.0151 1080.0748
00.2160 825.0520
00.0039 03.0204
00.1938 1178.6394
-01.2195 00.1278
01.0199 1515.4567
-00.1396 1025.9915
-00.8071 519.6668
-01.6849 03.3293
00.4775 1418.4490
-01.0769 671.4272
00.9356 1325.9857
03.2282 1277.1983
-01.5892 85.6042
02.4113 536.7946
-00.8621 03.2523
03.9743 314.3619
00.7785 1390.2618
-00.3203 222.7942
-00.6406 425.3173
01.4297 1352.0650
-01.4399 02.4814
01.1788 1321.2832
-00.2514 852.7859
00.4664 1142.3701
06.5787 382.6571
-00.2284 336.3950
-00.0399 1173.5005
-00.0433 1031.3701
02.5709 1306.8192
-00.7081 338.0352
01.1121 1295.7904
00.7651 1034.3694
01.2925 1392.9567
04.6494 09.2358
-00.2073 535.6598
-01.7615 11.6281
01.3614 1301.8046
00.5538 947.8121
-01.2767 04.0714
09.0180 1188.6182
-00.8604 449.4567
00.4338 995.3601
01.4204 1240.1603
01.8340 1364.0054
00.4138 1290.3726
01.4767 1197.4534
-00.0080 971.2002
-00.6438 772.6930
-00.8034 01.1806
-00.3641 205.5907
00.8481 1274.4096
00.8839 1178.5807
01.3378 1292.4153
00.1754 791.3983
-01.7870 107.9982
14.5367 830.9600
01.4968 1435.6539
-00.4823 1054.3086
-01.1562 00.9486
-00.3312 558.8057
-00.9532 00.8651
00.6896 1154.9808
00.9861 1327.8540
03.8141 1139.1054
01.5182 1471.0990
01.5235 1277.0580
01.1319 1648.2051
-00.4658 619.1608
00.7788 1119.6764
00.3913 1255.4936
00.5852 1260.4846
-00.9116 421.8940
00.4122 1313.5913
00.0303 840.4570
00.7513 915.6781
00.2439 684.4140
01.4172 1050.7451
01.4100 529.9850
-01.7964 02.7533
-01.9949 02.1037
-00.7546 82.3608
00.7483 05.6966
-00.5971 881.1032
-00.5087 700.8558
-01.6230 00.6926
01.2273 1505.4893
-00.0478 04.5316
00.9066 1235.6932
00.2817 1460.1178
-01.6374 249.2809
00.3841 477.1272
00.7918 1183.1726
01.7611 1279.0042
-02.1277 01.9537
-01.1908 377.0980
01.1606 1454.6414
00.7604 1110.5961
01.9589 1537.7648
04.5924 799.6981
00.0813 810.0815
00.9650 758.6137
-01.6413 01.0128
-01.0900 01.6740
01.8883 1376.9018
-00.9046 01.0014
-01.4422 239.0540
00.9553 1055.1639
-01.2311 02.0351
00.8662 1096.6504
00.0684 911.2387
-00.7095 03.6979
00.6693 1158.5980
-00.5488 403.0667
-01.7274 02.7610
00.9893 1400.3571
-01.5978 02.7692
-00.2768 05.1752
02.0270 1274.5521
01.1456 1375.7959
-00.5317 339.0162
00.8634 330.0866
00.0434 751.8600
-01.3378 343.9349
00.8413 1065.0755
01.3722 871.5466
-00.5372 740.2616
02.7354 1171.9529
00.5918 1408.7227
00.7160 1143.5677
-00.7753 258.7594
-01.7811 01.0541
-01.5609 01.2710
03.1328 756.8838
00.0951 565.6509
00.4857 992.1472
01.9899 772.3695
-00.8662 436.7775
-02.0561 03.0097
-01.4122 179.6133
00.7412 1306.4131
01.0714 1086.3393
-02.0374 03.8617
00.5989 1240.6999
-00.8917 01.4707
00.8863 868.2203
00.2941 1060.8802
-00.3256 485.0974
-02.1917 02.0377
-01.7911 00.7859
-00.0256 544.4837
-00.2697 1135.8603
-00.8689 825.9656
-01.8265 03.0734
-00.0395 102.6039
-00.3699 641.0967
-00.9176 563.7102
01.3816 1612.5721
00.6975 1431.0408
01.7115 1569.0109
-00.0506 1199.3170
00.0505 854.4854
00.0102 1250.5020
-02.1158 02.6431
01.1160 1460.6365
01.0877 1113.1017
02.0235 1593.7768
-00.4275 844.6956
01.2054 1364.0621
01.2195 1572.3313
00.9296 1457.3280
-00.1167 1175.9041
01.2588 1449.5105
-01.2245 555.8898
00.5809 785.7925
01.5024 1190.5178
00.7684 1390.3880
00.3602 535.6421
00.3372 1004.5548
01.1504 1479.5968
00.2314 629.2508
03.4097 520.6675
02.4062 1331.6191
-00.2145 734.0736
00.9916 1357.7755
01.2972 1538.4991
-00.6890 785.8013
-00.4690 830.9010
-00.6673 932.9495
-00.2071 400.1547
-01.3925 695.6610
-01.2102 147.2728
-00.2056 362.2807
02.5803 406.4272
17.4630 1143.3348
01.6375 1342.9982
-01.2855 174.2330
-00.7087 191.0966
-01.2111 451.6207
-00.6469 01.3396
-01.1818 534.9454
-01.0633 02.4465
00.3642 977.8310
-00.0417 874.2619
00.2739 1341.3137
-00.4812 835.8837
-00.5235 03.1343
00.3645 1148.1539
03.1550 1198.7141
01.1982 1119.9795
-01.9786 01.5166
-00.4999 402.0657
-00.8376 555.7337
01.7985 1352.4824
00.8898 1296.3756
-00.0501 728.3188
01.7488 1218.9402
00.3574 947.3492
01.0061 1442.2973
01.0679 1133.6904
00.5593 1313.2865
-01.8106 03.4252
00.5884 1351.8475
-01.4089 01.0968
01.6087 1415.7327
01.2625 1333.0689
00.7722 1162.7174
00.1944 1108.7581
05.2390 1147.8664
-00.6057 199.7493
-01.9251 435.5781
-01.5525 00.6587
00.9261 1452.9834
-00.8041 493.0854
01.5511 1311.3765
-00.7159 74.3828
00.7952 969.6727
-00.1101 1055.7972
-00.0233 27.0174
01.5940 1385.4300
-01.4805 00.7620
01.1515 904.3208
01.2560 1638.4647
01.7748 1489.3011
00.2041 1195.1249
-00.4670 02.8375
00.8467 03.2676
00.4771 1426.3986
-01.1865 293.1496
01.8631 1418.9402
-00.4922 587.1251
00.7448 1279.9834
-00.9536 597.7839
-00.3107 05.1805
00.5485 1286.9194
-00.4804 281.6835
02.0439 1656.0919
-01.4250 00.5838
-00.5913 86.5101
-01.7892 01.3254
00.4823 1092.9559
-01.4594 406.8982
-00.4468 765.3760
00.0295 969.2944
-00.0020 660.1613
03.1062 06.8460
03.4864 781.2263
01.3587 1432.8857
01.6951 1518.8803
01.4263 619.7068
01.3923 999.5442
01.3426 1167.3371
-01.7174 01.2553
-00.2019 04.6947
-00.4016 02.8000
-01.8922 01.0456
01.6794 1366.8554
00.4363 1336.4806
00.5619 845.6939
01.0297 1301.4875
00.8843 1230.3733
-00.6251 628.5402
01.1177 1078.0020
-00.0903 612.8260
-00.3847 757.0552
00.9160 1077.1693
11.0420 835.0074
00.8749 1408.4981
00.0842 643.0005
00.2781 1340.0379
-00.5253 919.7834
00.7237 1063.6540
-00.2573 1107.4731
-00.4575 259.8332
-01.0087 02.5888
-00.9800 433.5108
-01.8172 02.7281
00.0735 1116.8195
-00.5840 1051.0519
01.0534 1278.8249
-01.4687 00.6908
01.0982 886.0876
00.2516 760.8821
07.5712 73.7806
-00.9575 452.6534
01.5339 1294.8082
04.4693 08.2362
-01.3291 00.6050
-02.0736 01.0978
01.6420 1094.5452
-00.3313 1078.8513
01.2736 1506.4946
00.9544 1549.2955
00.4652 949.7744
00.6695 517.2692
-00.6625 645.7777
00.3327 812.2840
-00.2614 948.8847
-00.3951 882.9861
00.6447 1281.2031
-00.5425 988.1257
01.3797 1387.3617
-00.8756 227.9607
-01.5413 00.9453
01.0629 1288.4607
-01.3447 00.4605
00.6317 206.3616
01.5188 1369.7730
-01.1473 402.2835
01.1841 1582.7550
00.0697 860.2948
-00.1371 918.7584
00.4944 1010.8327
02.6075 06.5706
-01.9429 00.5155
04.1217 417.9739
00.2487 576.7375
00.9221 1426.2175
-01.3102 01.0053
01.3583 1028.9255
01.9088 1695.7278
-00.6891 113.7088
00.8371 1201.9596
-01.0002 02.8132
-01.2593 02.4351
01.7438 1457.5566
01.0243 1485.9289
00.8490 1438.5348
00.7149 1153.9614
-00.1077 287.3085
00.3537 811.7981
04.0516 1327.4798
-00.4714 682.6713
03.6612 1249.2326
02.2521 1241.4100
-01.6503 03.3218
-00.3316 749.6334
00.0531 817.8093
00.0136 985.0275
-00.0648 943.6019
00.5108 1385.9079
-00.2368 918.0231
-01.4344 02.1633
00.7541 1293.6615
-00.4566 549.0866
01.8695 1409.0392
01.8271 1403.0106
01.4281 1362.3752
01.3964 1599.9029
00.1363 695.0648
-00.6664 311.8734
01.0986 926.4320
00.4234 586.4066
01.7425 1538.9504
-01.8791 01.2199
00.1302 961.2644
-00.7529 104.4011
-00.3609 708.8430
-00.1130 03.4054
-01.2078 00.3385
-01.1269 290.2666
-01.6682 02.6991
01.2147 1595.1899
00.7103 887.5626
01.0587 1053.8099
-00.3782 1096.2190
-00.3877 03.9979
-01.9601 153.6618
00.5816 1142.7752
00.6463 1360.2495
03.9896 06.3001
01.6404 1382.5762
00.5333 1073.7342
12.8920 17.6432
-01.2828 293.7203
-00.7248 636.2722
-00.7950 263.2412
00.2824 1095.5746
-00.6306 627.3751
-00.9604 387.5377
-01.7898 02.9549
00.2277 415.2615
-00.1039 508.9122
01.7729 1388.5335
01.5438 1313.0303
00.4335 1417.5196
04.0423 939.9016
-00.8303 522.3636
01.1982 1181.2397
-01.1367 148.2253
-00.4774 1052.6620
00.8979 1489.3001
00.9492 1137.3857
01.4188 1159.6584
-00.3105 672.5665
00.1004 463.6367
00.7124 982.3414
00.2121 1164.3648
00.0660 654.8895
00.3346 1036.1769
-01.9583 01.3888
01.5124 1680.1299
00.4227 557.1003
01.0233 1434.2272
-00.8681 773.7213
-01.9242 02.3126
01.6934 1221.9134
-00.6000 873.1388
00.2064 897.7873
00.6228 1191.5113
-00.3430 865.2508
-01.4717 00.2295
00.3716 1081.8454
01.0679 1250.1765
01.1114 1175.2224
00.6002 03.4218
01.5817 857.3991
00.1406 1219.5153
00.8377 1510.9541
00.1994 1264.0551
00.3117 1007.7984
02.1351 1292.9981
-00.6530 02.7305
-01.8022 02.6889
00.1421 760.0916
00.8800 1320.7224
01.1524 1662.7118
00.1973 1091.9968
02.7927 1198.2592
-00.0983 535.5218
00.7972 1434.8110
-01.5375 00.3161
-00.1693 458.3557
-01.7240 02.0007
00.2157 1134.3149
01.2080 788.0908
-00.5310 00.9427
-00.2366 937.6230
00.0438 971.9607
01.0262 1365.3775
00.0863 958.4770
01.2052 1392.5447
-01.3300 393.7243
-00.2079 662.3660
-01.0110 03.0566
00.3343 835.8114
00.5254 797.1773
00.1276 909.0197
-00.3340 729.2793
01.4459 1309.0486
-00.6949 128.5806
01.0965 1553.5650
00.7332 1247.4803
02.0802 1696.3660
-00.5506 01.9609
00.7010 1632.6216
-00.3669 1100.9027
00.7531 1245.9411
01.3383 1594.3004
00.2116 434.4634
-01.3406 200.6024
-00.9978 502.1342
01.0291 1513.8355
01.8248 1710.5593
01.9314 634.8705
00.8593 998.3754
01.4385 1668.8493
01.2554 1427.6288
01.1581 1453.8052
-00.0487 1006.0827
-00.4996 1036.7007
01.7165 1325.8605
-01.7338 01.4814
01.0488 824.1278
00.4483 1103.4753
04.0006 803.6801
-00.1623 959.0980
01.8391 1535.5823
-01.2873 188.5180
-00.1747 1091.3873
00.3875 1003.6278
00.3951 1169.5441
00.9932 1355.6610
00.6068 1130.7689
00.8008 1193.7090
-00.3094 03.8570
00.3012 1251.7931
02.2469 1269.3853
00.6081 508.6704
01.3207 1584.6624
-01.6924 01.6496
-00.3541 966.2550
00.0509 1022.2821
-00.4517 299.5852
-02.0679 03.4549
01.5344 1520.6276
01.4379 790.3837
-00.9775 163.6171
00.2949 554.1027
00.4527 1370.1257
-00.3806 180.7134
-00.7269 141.4552
-00.6246 801.7913
00.9518 1455.7945
-01.1883 654.0906
-01.3552 258.2116
-01.5754 34.0519
01.6228 1398.9928
-01.0455 02.8305
01.5492 1383.7718
-00.9527 187.7551
-01.4113 00.9370
02.0464 1491.6713
-01.6132 02.0720
-00.7161 45.0373
01.3118 1415.7160
00.3650 1005.8538
00.9480 1428.3309
-00.7381 398.5509
-00.0349 828.2863
-01.6477 300.7333
00.0597 1269.9978
01.1625 03.6794
-00.8383 307.5964
00.8645 929.2251
-01.5409 167.3928
-00.8556 490.5786
00.1393 1017.7534
01.8669 1503.3132
00.3295 1020.2134
00.4533 1129.4536
-00.4499 02.7587
01.3495 942.7420
02.2947 1331.6904
-00.8758 737.8863
-00.1595 477.3398
-02.0353 01.1677
01.3925 1105.9778
-00.2160 975.2814
01.3706 1479.1370
-00.1157 913.5026
00.6261 1080.4573
01.2898 1262.9477
01.7677 1320.0499
00.6770 807.3714
-01.1159 335.3221
00.4502 911.5799
01.3648 1361.1752
00.4043 197.9264
-00.5716 416.5747
-00.0628 1048.5635
01.6337 1424.1996
-01.8360 02.4943
-00.5901 560.2187
04.5021 907.5514
01.0991 1323.1299
00.8009 952.0239
12.0045 777.1673
-00.7139 00.2457
-00.2401 552.7158
-00.2081 153.9723
-00.2673 315.5196
02.2411 1682.4268
00.3535 43.9671
-00.3472 946.8729
-01.6702 294.5912
01.1078 1151.4383
-00.8186 446.7379
-00.3199 258.9871
-00.4662 463.5860
-01.4523 01.4721
00.0748 1143.4609
04.2388 604.4471
01.7316 1417.9587
00.2317 510.8037
-01.3990 96.0326
01.6571 1580.9754
00.0672 1031.8783
01.2446 1396.3559
01.1628 1667.8581
00.2767 1148.7030
00.6617 1064.1663
01.4176 1589.1512
-00.8668 107.9619
-00.5628 659.2737
-01.5695 03.4790
-00.5863 821.8158
-00.4167 792.9328
-00.4826 67.8900
00.3192 1114.0861
00.1037 1237.1432
00.4984 917.7795
01.9144 352.9388
00.6533 1046.7289
-00.9297 459.3673
00.9394 1399.7327
-01.9490 02.7617
00.6438 1077.2917
-00.7896 593.3626
01.4311 1414.3208
-00.3514 669.2157
00.0512 1180.3725
-01.4738 91.7378
00.2443 1065.5765
-01.1229 00.1439
01.0552 1525.4501
00.3345 1250.3231
-00.3340 485.0658
-00.3346 01.8259
01.1872 1633.6370
01.1911 1630.1471
-00.1592 339.5018
01.8653 1423.3359
-00.2691 49.5043
00.9961 03.9136
00.5812 993.0904
-01.0854 341.9164
-00.7847 818.0200
-00.0421 860.4681
-00.1018 02.6222
01.7767 1719.4673
00.1656 1321.7107
-00.0700 379.9963
-00.8049 926.4984
01.6065 1491.8707
02.0419 1568.5018
-02.0261 02.8364
-01.0413 426.2013
-01.1654 03.0499
-01.5358 00.9164
-00.7978 365.1046
-01.3602 320.5232
00.1028 1192.4683
00.2636 1276.3210
-00.5871 502.3900
01.3659 1622.3811
-01.1176 00.2980
03.4774 1133.1152
-00.1076 658.3434
02.0300 197.5942
-00.1750 934.9755
-02.1305 02.6200
07.0221 984.4602
-01.6621 00.3798
00.3233 888.5691
-00.6925 850.2063
00.4820 1079.2758
12.7143 780.4836
01.1450 1489.0883
00.4804 962.7454
00.8897 905.7672
-00.7526 01.1650
-00.5662 964.4419
-00.4320 595.8570
-00.4961 714.0725
-01.4308 00.0461
01.2566 1170.6013
03.7779 1377.2175
00.0469 868.0145
00.6190 1400.2463
02.0252 1005.5843
-00.8923 02.2258
01.7856 03.5355
-01.0607 205.7462
-01.5901 218.9353
00.5170 1435.6280
-01.4751 02.2840
-00.9638 00.8447
00.6991 957.5900
00.1389 672.4287
-01.7662 01.9845
-01.3658 00.6242
00.5195 812.9684
02.6161 04.9713
-00.3413 181.3263
-00.7479 01.5938
-02.3099 01.7377
00.3208 908.7683
-00.0369 343.2962
-01.0642 00.3302
-00.0684 690.4906
-00.9421 00.5368
00.4261 762.2166
-00.9270 106.8929
00.7907 02.3337
02.8151 694.2883
00.7822 1393.7081
00.6970 1209.9623
01.0283 1127.0871
-00.2946 775.5098
-00.0847 598.7258
01.3241 1490.9808
01.0495 794.7251
-00.1755 980.1857
00.6738 1382.7958
-00.2578 821.9005
-00.8129 02.9515
-01.3002 02.1715
-00.6674 313.5167
01.1440 1486.7032
-01.8739 43.1371
00.3338 954.6797
-00.6833 03.1818
00.4396 872.2116
00.6429 677.7002
00.0938 330.3651
00.6229 1078.2800
-01.4796 98.3135
-00.8535 564.7824
01.7962 1149.0465
-00.1397 1249.2936
-01.3253 01.2457
00.5107 1028.0298
-00.4395 739.8776
00.0786 1292.7584
00.0517 988.2882
00.7702 1292.4362
-00.0557 66.3665
02.5402 1370.6217
-01.4661 03.1465
-00.2404 121.6427
-00.8583 119.0361
-01.7670 02.2419
-00.5182 01.2459
00.4279 762.2039
-00.5328 303.3572
-00.3396 723.4164
00.9607 1209.1591
01.7795 1389.8867
00.1265 01.8119
00.5605 899.1138
00.3495 645.6076
00.9540 1408.7585
01.1698 1375.9755
13.0026 957.5368
-00.6837 354.8824
02.2979 846.4568
00.6724 1517.2810
-01.4443 01.2185
00.5411 1482.7777
01.2662 1263.5749
01.1739 393.4247
01.1938 1299.6891
00.6629 627.1432
-01.1513 01.3199
01.1336 1543.7424
-00.0065 866.2354
00.1115 807.4173
00.0242 34.6435
00.9853 1612.7092
-00.2100 592.4266
-00.8097 476.9949
01.2263 1481.1711
01.2129 1251.9231
-01.4278 423.9366
01.5635 1352.8168
00.0960 884.8967
00.9498 1472.0455
00.7444 1628.7638
00.1975 722.2813
-01.6261 02.2686
-00.3677 04.0831
-00.2467 761.8954
01.6395 1697.6245
-01.3498 284.9687
00.1466 646.1384
-01.2038 357.3628
00.3535 1181.7183
00.0878 1139.2673
01.1547 1359.0739
00.1892 1315.3804
00.8325 466.4431
05.5767 633.0118
-01.7039 03.9305
01.7647 1154.5984
-00.2379 756.0262
01.2562 1423.3073
-00.5585 174.1632
00.0784 889.8355
01.2614 1444.7685
04.0609 1157.3965
01.5615 1507.0923
-01.0871 113.5063
00.4918 1163.0946
-01.6395 03.6487
00.5540 933.5259
01.7663 03.9792
-01.4351 134.5431
03.7978 1061.9892
-00.3749 910.9095
00.3278 1272.9736
-01.4722 02.9952
-01.8908 03.2129
00.1732 912.3328
01.1117 333.8590
01.1226 1426.1491
01.5671 423.1319
-00.9303 718.7953
01.4271 1444.9803
00.8770 03.5928
-00.7535 1038.9425
01.9871 346.7747
-00.7158 17.4872
00.7880 1215.6746
00.8711 1132.5112
00.8395 1449.3660
02.6784 1140.3262
-00.3689 247.1608
-00.1783 357.4516
00.6663 809.2703
-00.3163 101.6675
01.3001 885.1948
-00.7974 663.4289
-01.8262 171.8064
00.9817 971.0097
-00.1226 1003.3605
01.7069 1219.6120
00.6768 786.9625
-01.1541 00.0581
-00.6304 793.0024
00.8198 1624.3307
-01.1405 03.2222
-01.0219 198.5607
00.6633 652.8903
-01.8569 02.7902
00.5844 1373.7139
-00.4461 318.1806
-00.2324 964.2951
00.6983 1130.6783
00.5382 748.5657
-00.4036 214.1206
20.1894 21.0684
-01.0823 02.8352
-00.8693 914.5647
00.2987 832.1513
01.1950 1445.8878
-00.6054 763.3242
00.8899 1438.6080
01.1630 1286.0473
01.0223 1460.3890
-00.4696 770.2958
-00.9542 386.1038
00.7154 1377.0370
-00.5930 759.3113
-00.9654 910.9808
00.1289 726.5560
01.6857 1267.7871
-01.2198 103.1263
00.0523 1374.2178
00.9926 1531.8236
-00.7194 516.9725
-00.3763 557.6919
-01.6058 00.4203
01.3067 1521.5350
-01.4326 01.3301
-00.2403 879.5069
00.6061 902.9061
-00.0017 492.8437
00.3123 1083.5848
01.2865 1126.7431
-00.7374 588.4333
01.1099 1672.5559
-01.5843 00.1398
00.9474 1436.5084
01.2911 1444.9606
00.2041 772.8843
-00.2125 465.8736
00.3908 1022.6101
00.1517 757.0432
-00.8690 02.2867
00.7131 881.9324
00.0140 917.0625
01.8140 1292.9372
01.9140 1659.8904
-00.3843 663.3420
-01.2478 389.2753
-00.1895 963.4897
-00.0799 976.9745
02.9252 979.5494
01.4589 1035.3113
00.8070 1591.9710
-01.3036 00.7683
01.5909 1551.4517
00.3187 1046.1221
-00.2763 833.3979
00.2089 926.2756
00.1736 03.2534
-00.4426 177.0272
00.2065 846.3654
00.1911 986.3890
00.6716 1403.9908
-00.7225 01.9085
01.8684 1376.1030
-01.2865 58.9221
00.2986 968.6373
-00.2668 522.7679
01.3366 1555.0601
-00.3607 554.8257
-00.6208 634.7651
00.9964 1087.5729
01.3159 1265.1177
00.6885 1509.9376
00.5002 894.6765
-00.6153 314.8693
01.2755 1318.5864
00.5117 1049.4506
01.0181 1198.4482
-00.7819 165.4874
01.0897 1411.9533
01.6791 1386.1947
00.0155 281.2111
03.2893 06.7999
00.6153 778.5024
00.7646 907.2321
01.7612 1541.2765
00.8615 1008.7008
-00.3306 614.3494
-00.1095 528.7397
00.5009 1203.3018
03.1952 08.2264
-01.2978 319.5911
00.3575 1031.9161
01.0886 1431.4127
01.2669 906.1239
-00.3051 365.3630
-01.3398 45.8657
-00.5850 233.8559
-00.2950 630.5158
-00.7617 02.4027
-00.3828 622.5075
00.5042 1047.1206
-00.9515 02.7212
-00.0749 609.4012
01.1643 1361.2604
-00.5164 658.0042
01.1069 262.5930
-01.2664 01.8122
-00.4403 807.2370
02.0674 1480.9205
01.4627 1339.9945
00.9403 821.8470
00.0034 190.3202
-00.5158 01.9604
-01.1405 00.0653
-00.7998 01.6525
00.4534 1215.6520
00.6449 885.6251
03.1971 750.4246
-00.2836 716.9884
-00.4516 40.0125
01.3301 1472.6665
-00.0659 513.6095
-00.6596 941.0153
00.2423 286.3035
-01.7308 03.1127
01.3408 1544.4231
-00.4906 518.5834
00.3280 694.9295
-00.5817 678.3963
-00.1941 473.1278
00.0825 02.4971
00.6661 1399.0609
-01.7307 00.8691
-00.9082 121.1913
-00.6769 07.3233
-00.9176 471.5619
02.2235 1334.7886
00.3026 1390.2240
-00.1293 1063.4593
00.5515 1095.2133
-00.7616 429.9733
01.0129 1475.1932
-00.3725 379.0887
01.0192 1414.0835
00.1141 1001.5760
-00.4687 347.8088
00.6855 1090.7104
00.0336 1044.4286
00.0771 466.1048
01.1670 1419.2233
-00.0968 681.3218
-01.5885 02.9171
-00.2175 353.3442
00.3345 412.9554
-00.2782 04.2504
-00.9366 03.5009
01.1395 1189.7215
00.2260 737.0698
00.4335 1327.6939
01.0411 1636.9675
-00.4123 551.3687
-01.3582 01.6699
01.0593 1143.0077
00.3759 808.7108
-00.5429 02.0066
01.2885 1279.1032
00.1868 1024.6845
01.2545 1525.9779
01.4404 1316.8749
-00.0525 992.8925
01.9957 1631.6686
-01.6173 03.3685
-01.5825 01.0306
-00.8819 680.6589
04.2274 1262.7957
01.0275 1559.1896
-00.7647 02.8756
-01.2358 192.9615
01.6505 886.9053
-00.1795 664.6271
01.4108 1131.5156
00.6729 1385.0205
00.7648 1451.3295
04.0653 461.0296
01.5458 1467.9921
00.6801 03.8845
-00.4094 332.6766
00.8717 1371.8114
-01.1716 109.9797
01.8356 1587.3992
00.1582 868.1147
-00.0830 811.0254
-01.4657 00.6943
00.6753 1208.0605
-01.2695 416.0604
01.6574 1340.5332
01.1943 1344.2196
01.5624 1673.2839
-00.9731 02.9443
-01.8889 02.1203
-00.6551 726.4548
18.2642 430.9432
-00.9028 510.9306
01.2723 1422.6089
-01.1295 02.0494
00.9851 1336.3614
00.8864 1535.8529
00.3405 1158.9097
00.4644 1229.2447
-00.1431 866.7035
-00.0442 733.5661
00.8342 1205.0758
-00.6384 218.0949
-01.1267 568.4574
-01.7599 392.9179
00.7965 1518.0152
-01.4251 03.1958
-01.9042 03.4001
01.1984 1399.0662
00.0101 1173.5563
00.6271 1136.9602
01.3158 1564.3006
-00.9820 00.4682
-01.8206 02.1824
01.1352 1135.9374
00.5388 1166.6235
00.2509 1050.1057
00.4349 1274.3396
02.1344 705.8570
-01.3178 48.3502
-00.5527 02.0705
-00.5432 718.0423
00.5697 939.1055
-00.3885 952.4339
01.2134 1409.6600
-00.7740 363.0962
00.6028 1360.1372
-01.6077 02.0306
-00.5334 645.0688
00.4841 736.1753
01.1785 968.6772
-00.7110 04.1467
08.4800 1092.0707
-00.1485 985.6096
02.1373 1571.0909
01.4099 1589.6073
02.2085 1739.0683
-01.2070 01.8131
01.6078 1467.5238
01.0855 1268.9235
-01.9657 02.1367
-01.3432 00.6153
00.5188 883.3368
00.5207 1436.9295
-00.0919 622.4492
00.9164 1062.4768
01.3529 1228.5448
00.7223 1192.9403
00.3804 1010.0214
-01.8027 01.6571
01.2583 1424.0760
00.6603 1099.7472
00.9497 1222.9222
00.0059 619.1748
01.9766 1498.6003
00.9680 1439.8234
01.6037 1283.9903
01.2584 1435.3608
16.4255 485.1252
00.6859 1430.0139
31.3107 12886.9419
00.3783 1141.6837
00.2825 1250.3084
00.6196 1154.2171
-01.1353 00.6234
00.1955 1232.3644
00.6934 1306.2819
00.6118 1125.9660
02.0756 1632.4285
00.4343 1406.8201
-00.4109 790.4399
01.0075 1263.7695
00.9216 1341.0635
-01.4935 00.6656
01.9561 1551.3838
00.1385 927.8784
-01.4877 00.9832
-00.3145 560.7666
-00.0772 983.6063
-00.1777 829.5780
-01.1581 646.2866
-00.3294 06.1836
01.6323 1471.6385
-00.9072 31.4047
-01.9446 02.7496
-00.1207 994.8572
01.3778 1468.8402
00.8122 997.2914
00.9254 1300.7396
01.5019 1166.6587
-00.2171 789.6010
00.9670 1053.9125
-01.2430 185.4990
00.7824 1206.3110
04.4370 1290.4330
02.3424 04.7032
-00.8711 594.9747
-00.1937 675.2348
01.7330 1596.2609
-00.1547 846.6959
01.2977 1386.4039
-00.3926 144.6498
-01.6207 04.2787
01.1995 1212.2863
-02.2152 03.1090
-00.9499 344.4585
-00.1430 910.1492
-00.0962 03.9365
-01.8042 04.0745
00.3922 668.0675
01.4334 1502.7411
00.5186 1498.4683
01.2980 1410.2216
00.5574 879.6194
01.2260 1175.7416
-00.7977 424.7757
-01.6895 308.0586
01.3152 1606.4408
00.7626 1208.9100
-00.4674 1030.5542
01.1056 1130.3847
00.8320 1388.3202
00.8997 1450.9077
-00.3284 1068.1445
-01.8802 03.1855
00.4259 1297.7128
03.6228 1405.2208
03.9329 154.2712
-00.1098 525.8029
-01.1863 542.5615
01.7327 1377.5583
01.2491 1426.5610
01.3327 1578.3932
00.2814 713.5126
01.2269 1285.2621
-00.8662 00.6007
-01.4175 01.8894
00.9027 1487.6648
-01.6580 63.9156
00.3038 1048.4210
00.6469 1159.7039
-01.6632 02.5813
-01.2679 337.1039
00.0120 1139.5562
00.7945 1446.1731
00.6225 1113.8133
01.2758 1506.8112
01.0626 1179.5519
-00.6853 486.3969
-00.2057 271.3906
-00.8012 234.6339
00.2720 910.4547
-02.2309 03.0513
01.0422 1219.4301
01.0638 964.2259
-01.2984 67.4037
01.5024 754.4312
01.1871 1370.4839
00.8924 918.8766
-01.9764 01.8424
00.7565 495.9408
-01.4066 01.5581
-00.9986 00.3274
00.3030 111.3036
01.4156 1632.9377
-00.2985 1088.8650
-01.5357 217.3183
00.5806 1312.1551
-00.4516 256.1093
-00.5484 238.2420
01.6977 1685.2829
-01.2540 02.7239
01.1993 1344.8851
-00.8129 393.9753
-01.3910 632.0472
01.7984 1520.3926
01.0592 265.6029
00.5727 951.5322
-00.2583 359.3669
02.1433 1282.0786
-01.1136 545.7169
-00.0696 545.6304
01.1162 1484.0469
00.0253 621.0724
01.3642 1564.5578
00.4903 1119.9439
00.0053 721.4251
00.6157 05.1990
01.8106 1471.9567
-00.5343 02.4283
-00.3106 378.0585
00.3190 798.8450
00.5945 896.1694
-00.5428 464.6136
00.8217 1551.4038
-02.0661 04.7397
01.2738 1461.0347
-01.4175 02.0057
-01.7389 54.4721
-01.0117 576.4092
-00.0667 1147.9510
-00.4104 01.8276
01.3368 1386.7721
00.0439 401.0340
02.1629 1121.2110
00.0090 457.8389
00.3063 981.6516
01.2749 1258.7426
-00.0274 896.3943
-00.9652 715.3628
00.1088 04.0760
-00.4686 00.9355
00.8915 1052.6020
-00.3352 554.5188
00.2475 535.3956
-01.9744 01.5362
00.5244 1164.5480
00.5839 529.4006
02.1829 760.0320
00.5487 793.4239
-00.0487 797.8274
00.1499 433.5735
00.0568 1294.9108
01.0412 1150.2912
02.1499 1349.9846
-00.3639 327.7017
00.5143 1338.9570
-00.0535 697.3446
-00.1083 289.6450
01.3304 1624.4173
-00.8155 398.1264
-00.2946 870.4134
00.5193 1338.8092
-01.3175 02.2267
00.1592 348.0568
00.8385 942.5848
-00.6816 333.1273
-01.0565 607.0798
00.4046 1254.2739
02.2031 1025.4203
-01.1451 35.4694
01.2217 1175.1392
-01.3633 00.5201
00.6948 1084.8499
00.6999 735.5865
00.3171 293.8462
-01.5067 00.6411
-01.4617 00.9196
00.4697 1112.6226
01.1264 1277.1592
01.1369 1082.3696
01.7713 1404.8842
-01.8238 258.9368
01.1957 1249.9565
-00.3802 604.3071
01.4103 1515.6995
00.7031 897.9294
01.6298 1358.3755
-00.6362 526.3732
00.6344 1432.6991
-00.6605 553.6068
-00.4032 789.1152
01.4759 383.0335
00.6205 1296.1464
-00.7521 02.4139
00.7052 1417.6838
-01.6113 02.1424
-00.7247 00.4435
-00.0928 751.4636
-00.4725 927.9014
-00.0620 1067.1918
-01.5426 216.9940
01.6588 1519.1381
-00.1399 663.5378
01.4385 899.6919
-01.0423 03.9049
-00.3948 845.9807
00.1506 959.7358
-01.2684 284.9030
00.8842 669.9726
-00.0767 877.3527
00.2816 854.2252
00.9441 1324.7752
-01.6146 92.6630
01.0979 1546.0500
-00.3719 642.1229
-01.4843 350.1786
-01.6837 566.2792
-00.0795 579.9506
-00.7491 02.8350
-01.4819 00.3670
-00.6652 01.4317
00.0322 936.8845
-00.9670 419.8966
00.6854 1389.3351
00.1609 997.8036
00.7956 10.1277
-01.1579 408.6107
-00.6094 626.4631
-00.0508 1140.6097
-00.3672 900.3918
-01.4224 02.6994
-02.1825 02.5430
-00.1502 997.8304
00.6475 1269.2584
-00.3237 632.8362
-00.8128 792.6564
-01.1930 02.3728
01.7304 1526.4072
-00.6697 226.0730
01.7393 1473.5752
02.2495 259.2559
00.5836 1247.5990
-00.0086 744.5195
00.8423 1537.8913
00.8154 1240.0580
00.2507 740.6226
-00.7876 467.2475
01.5182 1302.3653
01.3047 1564.5727
01.0623 1435.5751
-00.8521 138.5592
-01.4131 02.8473
-00.0442 742.4237
02.3176 06.3082
-00.5041 523.6558
-00.8242 594.9140
01.0962 1311.5376
01.0644 1515.5262
00.7556 1445.1249
00.5206 901.4604
00.7461 631.2977
00.8995 1449.7488
02.0611 1091.7252
00.7199 1400.6947
02.0833 1748.2918
-01.0442 320.5547
-01.0033 52.5559
-01.7977 75.4055
00.4296 1204.7591
00.3429 1010.8839
-00.7880 433.3437
-02.0423 02.2232
00.5184 808.3841
00.2412 841.7284
01.1304 1291.4839
00.0904 1340.5043
-00.9929 00.3784
-01.1239 00.4716
01.8551 1672.0593
-01.6430 65.6809
-00.8013 699.8149
00.0844 962.8852
03.6995 1164.0795
00.0321 201.4056
-00.5283 01.6976
00.9966 754.8455
29.0750 990.0404
01.5639 1646.1295
00.1603 907.2097
00.1583 1098.9726
00.3884 1126.8762
-00.7832 258.7834
-00.2373 616.6468
-00.4873 293.8466
-00.8568 138.8045
-00.7565 02.3777
00.7093 1040.7382
-01.5407 02.0002
-01.7012 00.1478
-01.7221 02.8285
00.9029 1387.8933
00.5111 169.8519
01.0570 1567.1355
01.6055 1576.6606
00.5702 1347.7616
00.9344 1283.7847
17.9770 840.9244
-00.8253 01.1092
-02.1109 02.0545
-00.8294 91.5630
00.6521 993.0140
-00.7231 199.6812
01.1396 1601.6623
03.0194 633.1140
-00.9026 680.4918
00.0353 674.4733
02.4999 1126.9905
01.1715 1609.6553
-01.6651 290.8169
01.7098 1436.2844
-00.1949 1081.6541
-00.7982 601.1005
-01.1850 00.7368
00.8505 1085.1017
00.7209 1539.5595
00.8955 1049.9345
00.4952 1010.2276
-00.5621 665.0428
00.2022 1017.3492
01.9532 1449.6620
-00.0202 917.8562
-00.8780 200.4330
-00.3038 828.2091
06.0743 09.1767
-00.9228 03.7616
01.1973 1260.5989
01.6294 1526.1751
01.0620 1375.0861
-01.4051 51.4299
-00.9565 741.0350
-00.8166 303.3299
00.8533 1294.0963
-01.2414 02.9123
00.4054 03.9397
-00.2185 166.2157
-00.9778 104.5110
00.8735 1085.0563
-00.7894 817.2936
00.4090 1214.9764
-00.2660 1060.4107
-00.5033 634.2499
-00.6961 634.8729
-00.2680 499.9913
00.0662 511.6603
-00.1061 1025.6078
-01.4974 00.0729
01.7626 1309.1195
00.6593 1531.7510
00.0795 1155.0777
-00.8681 816.4816
00.8092 1517.4457
-01.6549 133.2605
01.3113 1250.3755
01.8747 1298.7900
00.7163 1323.0258
-01.3553 00.4126
-01.2887 00.7504
01.3226 1500.3805
00.1003 1026.2716
-00.8641 01.6903
00.1455 996.7900
00.6245 1038.8394
10.5630 853.9969
-00.4538 862.6697
-02.0178 103.0980
-00.3674 818.3387
00.7007 1319.4996
00.6168 1482.6702
19.8338 654.8336
00.8471 1206.2682
-00.9891 711.9456
-00.0326 817.4252
01.3941 1221.1952
00.2240 962.9029
00.1839 1258.3957
01.0214 904.0297
-00.6656 800.0156
01.6285 1522.0960
-01.2949 00.7861
00.2189 1198.8332
01.0915 1519.6155
07.7421 844.1781
-01.4815 00.5800
-00.9146 403.3199
00.1573 493.5941
-01.0408 495.7667
-00.5181 705.2411
00.7500 1566.9374
-00.7751 576.1222
-00.8238 650.2280
-01.0968 01.7182
01.9011 1456.2302
00.0149 913.7281
01.4283 1550.8973
00.3773 1480.8758
-01.8430 01.1851
01.3972 1401.0853
00.0257 1006.9767
-00.0358 241.4419
-00.3927 240.8190
01.5653 550.9235
-01.9476 02.0070
04.8266 09.9196
-00.2119 439.8015
-00.9963 01.2980
00.5333 1106.4989
01.4070 1232.6354
01.7389 06.7563
-00.3701 707.0921
00.2199 1164.6576
01.7711 1443.7697
00.3542 03.1925
-00.7910 334.6863
-01.2518 315.2829
03.3959 78.1910
-00.4602 01.1090
01.7764 1598.6619
12.0012 17.2799
00.3566 1096.2779
01.4447 1382.7508
00.6815 1309.4709
-00.0163 912.9868
00.4044 1083.2572
00.4639 1154.8001
-00.4146 79.2995
-00.0480 664.4851
-00.3690 545.9206
-00.4527 838.4017
-00.0521 348.7981
-00.1234 199.6661
00.9591 1450.7353
-00.0442 523.9675
00.7872 1448.4826
00.3833 1251.3653
00.8389 1440.2232
-00.1776 394.5282
01.0560 1222.7847
00.2372 907.1745
-00.4262 341.1526
-01.8840 03.0326
-01.2548 00.2381
-01.5263 31.3857
-00.2585 494.7543
-00.0497 678.1031
01.4087 05.1282
01.1092 1016.2338
00.9729 1148.9636
00.7793 1247.0538
00.0366 854.3546
00.7570 469.7518
00.9454 1199.8536
-01.6954 125.7223
00.5407 852.8527
02.6011 1411.0295
-00.6107 451.7943
00.2459 1411.0318
00.8149 428.8870
00.1044 813.7277
05.3554 1305.9921
01.2344 1612.4298
01.3752 1282.7049
-01.4328 03.0013
-00.7523 731.2029
-00.1408 99.1239
01.0801 873.4336
00.0950 01.3961
-00.4161 241.0658
00.4874 1205.8504
-01.3800 583.9444
-00.3664 570.3498
-00.6423 472.8089
00.0548 829.7395
01.3546 1197.7323
01.8520 1366.8907
-00.7328 625.8688
00.8352 1390.5821
02.3523 1305.8321
01.9511 1640.0835
00.5252 736.2105
01.2893 1541.3152
00.0704 112.9993
-00.1971 1035.7683
-00.2613 631.6719
08.1545 508.3414
01.8734 1711.4773
00.6988 1202.3936
-00.6543 776.5503
-00.7464 596.2711
00.5429 1398.3593
-01.4065 01.9167
00.3659 05.0547
-00.1255 789.8683
-00.0783 1383.4506
-01.5257 324.8039
00.1518 353.7726
-00.5898 124.2235
-01.1777 02.0932
00.2637 868.1702
00.0900 885.0847
00.6545 1014.9152
-00.0438 337.3223
00.4817 945.2784
01.8318 1456.3596
00.3161 1235.1992
07.6615 575.7277
00.5893 1427.2538
01.9976 1482.3659
00.4312 640.7125
00.7740 1353.0175
-01.7690 173.9844
-00.1582 1152.9031
00.0158 777.8654
01.0841 1606.3987
-00.7565 498.9439
00.1473 1006.9438
00.8680 1523.4546
-00.6726 463.6646
-00.8581 281.9472
16.2452 21.0775
00.9611 632.6444
00.4661 1322.2616
00.0234 589.6750
00.6865 1256.4838
00.1811 1121.9647
00.3495 694.8697
-00.4278 1110.1331
06.1896 08.4657
00.1857 897.0840
00.4461 1141.7462
-01.0435 561.2644
-01.4591 301.7237
01.0513 1522.5546
01.4315 1426.9395
01.2768 1505.8417
-00.8009 977.2016
03.1133 1187.0707
01.0092 1493.1720
11.0425 16.3008
01.3607 1171.1318
00.5006 1075.5155
01.6086 1115.3070
-00.1356 1128.5372
04.7720 844.6618
00.2103 1124.0157
-01.8462 01.3907
00.0145 598.7960
03.3424 629.0594
00.3885 03.5835
00.6803 1312.3940
01.6449 1546.3044
-01.2095 201.6150
-00.3740 669.6245
-00.5568 831.7657
02.1579 1471.9570
00.8381 1528.5051
-00.9918 470.9781
00.1051 862.8177
-00.3924 983.5135
-00.2119 956.5503
00.2714 984.9907
00.8362 1286.4903
-00.7698 01.5760
00.6602 1329.6378
07.9977 1055.6952
01.3358 1055.8540
00.6898 1322.0315
-01.1176 563.6828
00.5062 1126.3275
03.2105 06.3500
-00.1482 171.2466
-00.3437 01.5648
01.5616 795.9387
01.8258 621.4295
-01.9992 00.6523
00.9781 1129.6567
-00.8740 01.1644
01.8325 1607.1495
-00.1692 1176.1311
-00.4963 907.8051
-00.6314 614.3260
07.5827 65.0307
-00.4792 745.0842
-00.8828 198.7754
-01.8182 00.4264
-00.3685 83.3866
-00.2281 01.6049
00.1740 319.6054
-00.2219 413.1398
00.8310 1225.6042
00.5394 1538.1470
-00.6331 452.6334
-00.5811 390.4938
00.9779 1334.0449
-00.1400 599.7732
-00.6511 03.5809
00.7203 1204.1037
00.8687 817.7331
-00.2087 760.4208
-01.6776 149.8818
-00.9382 616.4838
03.8089 1185.6924
-01.3896 427.3745
00.2584 571.7359
01.1516 1524.6902
-01.6722 03.1570
01.0995 1072.7255
01.1565 1043.8440
-00.3755 1148.1251
01.5311 1165.0448
-00.6315 571.1371
01.1416 1219.5110
01.2290 1458.0169
28.7720 7046.3573
-00.2848 510.4902
-01.1659 126.3908
-00.4944 572.9021
00.3477 1193.1456
-00.8187 960.0075
-00.7058 03.1614
00.7157 1395.5209
-01.3094 380.0353
01.2162 1230.2075
00.0699 371.2060
-00.8759 419.3121
-00.3107 895.4136
00.6079 1330.4514
-01.3587 02.6824
01.1151 1154.1943
-00.2452 442.5129
16.2528 974.8073
-00.3569 851.7355
00.6713 1039.4484
-00.6535 498.9281
00.3493 961.7759
-01.5585 19.1212
00.0776 618.8377
00.4778 847.7526
01.0086 1404.1547
01.3400 1077.9003
-01.4343 03.0048
-01.3746 329.7566
00.7434 1400.5917
00.9906 1130.7273
-00.3448 548.8855
02.0338 340.9713
01.9305 1523.3281
00.9482 1115.3559
-00.7878 170.8344
-00.4717 01.5404
00.3869 1042.0475
-00.7238 266.1230
-00.2182 01.2723
01.6333 242.5148
01.1971 1432.1669
01.4617 1405.8259
01.1139 1338.2117
01.2405 1243.8161
01.3653 05.9008
-00.0252 755.0473
-01.1118 00.9612
-00.8692 939.2485
00.8130 1548.2200
01.2372 1340.4675
03.2671 1244.0180
00.8541 1110.3848
00.9087 1415.1604
-00.8318 935.5996
01.7780 1564.5424
01.1284 05.0357
00.3555 1289.7345
02.3074 1714.5862
00.0040 621.4263
-00.9471 00.6090
01.2105 1456.1079
-00.0819 04.0823
00.6282 1188.0250
00.1576 1087.8318
-00.3766 255.5595
01.8542 1512.2619
01.3775 1662.3493
-00.7239 444.3965
00.8085 1493.3450
-00.2201 367.5467
-01.7360 68.1047
00.4688 1177.0690
-01.8304 00.9564
-00.3801 755.5848
-01.2551 02.4043
-00.2794 01.9455
00.5009 1420.9138
01.3196 1038.3309
-01.8578 02.1098
01.0023 1533.1225
-01.4794 123.7741
-00.8205 731.2454
-00.8886 389.3557
-00.4472 274.1806
-00.4147 879.1597
-00.2511 146.1807
00.1015 1035.4063
04.0804 1326.5503
02.8113 518.3752
00.0673 394.2080
00.3944 1268.1496
-00.6171 968.9684
01.4805 1280.0455
-01.0132 470.5217
00.5464 1369.9887
-00.5090 03.6579
-00.7627 914.2125
00.7734 563.1517
-00.0043 1173.8064
00.4740 1104.8217
01.1862 1335.5267
-01.4559 107.0880
-01.7428 01.5981
00.5843 1260.3656
00.9958 1170.1322
-01.1351 467.0485
00.9067 1639.9335
00.4317 547.5420
00.5110 1396.4088
-01.3847 105.7212
-00.8071 02.6948
00.2911 1248.0160
01.3278 1208.2857
00.8767 1545.9447
01.2823 1543.1549
01.6199 1559.5848
01.5763 1452.6306
00.7130 1027.5523
00.1086 1246.0603
00.6338 1236.6819
-00.5973 614.7548
01.1633 1486.8324
-00.7569 485.7727
00.5558 04.2186
-01.5470 00.2160
00.3412 1110.4842
01.2124 1593.6369
00.3220 1037.1078
-00.4183 1140.7320
00.1614 657.9217
01.5777 1676.8433
00.6536 1502.0301
-00.6733 01.7397
00.2212 1128.2119
01.2532 1070.0483
-00.9899 811.4192
-01.7668 239.7111
-00.1389 645.8038
01.4065 1455.9122
-01.1328 02.2521
00.4172 414.4163
-02.3458 03.5283
00.5756 895.9650
00.8364 1030.7035
01.0516 1326.1174
00.4112 887.7136
-00.3933 544.8672
-00.2564 346.8942
-01.0587 01.9511
-00.7831 00.1729
00.1978 419.8195
00.5242 1184.9612
13.1763 303.9819
-00.1286 688.6920
-01.0735 654.7767
-00.0490 612.8951
-01.0532 409.4557
00.0788 918.9605
-00.9001 00.3531
-01.7252 02.3087
-00.2967 594.2409
-01.3393 473.4597
-01.7348 00.6258
00.4704 1064.6039
-00.0488 515.8398
00.4246 1009.0092
04.2644 1277.3338
00.6906 1406.3433
00.7413 1456.8447
00.9020 1212.1622
00.1985 819.9847
-00.7540 01.2384
-00.1105 1159.3914
00.6375 1269.9654
01.3694 1504.0772
-01.4221 00.9427
-00.1995 289.6239
-00.0880 1144.1545
01.4793 1446.8525
01.4109 1621.8701
-00.7779 326.6990
-00.9921 00.3769
-01.1017 00.0523
00.4776 1346.8634
-00.5947 303.8187
00.8592 1250.4278
01.2164 1472.1987
-00.2542 576.2629
00.2678 02.1881
-01.2443 01.5607
-00.9389 03.4468
00.7514 1062.5883
00.4851 1007.3843
00.0369 497.3404
-00.9307 497.8665
01.0418 1276.0113
00.0728 689.1992
-01.0868 01.9716
01.6980 1376.8340
02.7848 1270.5728
-01.3505 664.8718
09.1505 187.7724
-00.2048 714.8272
00.6160 1461.4859
01.4628 1610.2719
00.2454 846.1932
-01.9489 01.2880
00.9570 676.4622
01.6210 531.8709
00.2781 821.4781
01.2717 1534.7000
00.8504 1532.4730
-01.2335 90.9949
-00.2892 881.4329
02.1927 1111.7592
01.0478 1201.5521
00.7720 1277.3205
-01.6333 160.4222
-00.1107 763.6158
03.6165 05.2755
-00.6959 796.2250
01.2160 596.6779
-01.7561 00.8211
01.1136 1562.6463
-01.7742 01.2359
-00.2326 442.4750
-00.3772 1070.0060
01.0629 1153.3847
01.0265 1532.9918
00.6747 1363.9816
-00.5488 822.0823
-01.2875 01.0247
00.1158 03.0592
00.7196 1316.4484
07.5585 824.7459
-00.8171 01.1167
-00.4532 02.7480
-00.4035 846.1508
-00.4113 286.6398
-00.9896 00.4763
03.3461 1142.6815
01.4657 432.0887
01.4122 05.4143
01.1498 1294.0471
-01.3298 353.9826
-00.2437 883.3896
00.7508 1516.8434
-01.4082 02.2431
00.5716 995.6778
-01.5775 00.4526
01.3919 1432.8925
00.5441 1097.2501
-00.1179 734.5818
01.4619 1454.2805
01.5659 1639.8913
00.6451 1374.5878
00.4129 1475.0520
-00.4583 523.5363
00.4350 761.8777
-00.8843 404.3948
-00.4335 938.1651
01.5372 1409.3913
-00.2207 1129.3353
00.3481 1378.4305
00.9538 806.8469
-00.3937 592.7003
-00.2523 797.8758
01.0913 1548.6752
-00.9485 01.8760
01.2201 05.6388
01.6417 1067.2179
-02.2563 02.6750
00.9450 1333.2862
-00.0152 1164.0990
00.3878 973.6764
05.0268 282.6614
01.7073 916.9527
-00.9155 03.7502
00.9074 1407.7087
00.3528 922.6769
01.4802 1456.3591
00.4208 1117.3479
00.3111 1165.2553
-00.8247 387.0450
00.1841 380.9969
01.6569 1564.2609
-01.8229 02.0486
00.9799 1357.0179
00.4014 03.4908
00.3883 1263.0576
00.1625 615.9465
-02.2245 02.4797
-01.3203 251.2883
00.3116 579.4826
-00.5067 02.8591
00.4466 1004.3540
-01.0742 422.9874
00.7628 739.0407
07.1726 1090.0802
-00.5518 583.5051
00.1643 761.2407
00.6074 1215.7906
-00.8278 737.2113
-01.2834 462.1431
00.7444 1169.0517
00.3684 1299.4565
11.4294 14.7158
01.9077 1401.9328
-01.5031 17.8195
00.0073 673.3127
-01.5987 00.3080
00.9469 1029.9104
08.8274 1305.3121
-00.1514 669.2403
00.1557 289.4699
00.4040 469.8446
01.5441 1687.5242
-01.0424 173.2490
-01.2925 01.7903
00.9293 1656.1969
00.5708 971.4910
01.8355 1311.4453
-00.5298 829.5445
-01.4331 00.2815
00.6142 1031.4151
00.2664 940.8146
00.6589 1318.3796
01.4263 1339.6047
00.9609 887.7400
00.0529 963.6899
00.0469 552.8161
04.0145 1185.8676
-01.7010 02.4315
00.5264 1265.6012
03.5894 584.1874
-00.6322 03.3015
-00.0415 328.4214
-01.3665 00.3063
-01.7291 02.3984
00.4439 1270.7159
-00.9882 917.1585
08.1800 1043.8664
-00.3946 02.5785
-01.4048 00.3417
01.5435 1574.1510
01.3448 1374.5592
-01.1408 174.0234
01.4374 1566.4875
00.0687 1016.0724
-01.1154 507.8652
-00.6790 798.9491
00.3922 1172.9609
01.2109 935.6161
-01.7711 109.1598
-00.2936 1088.2178
00.4585 353.1058
00.3269 1059.3945
00.8872 1055.3187
-00.6739 637.9946
-00.4198 250.0547
-01.0067 158.6026
-02.2329 102.3054
-00.7582 416.4084
-00.7553 311.7643
-00.3444 1179.3179
-01.7264 01.5573
00.9441 1156.8031
01.7580 1423.9406
-01.7526 145.1440
00.0790 947.3225
-01.0895 200.5023
00.9869 1429.3939
00.5520 774.9373
-00.8304 462.4619
-01.2719 84.3368
-00.4084 701.8427
-01.5056 214.4199
01.3878 1534.3229
01.3313 1398.3474
-00.9434 92.7987
-01.0019 03.1531
01.3774 1287.6657
-00.9204 333.4871
00.6747 971.3578
00.4091 939.0148
-00.5640 797.7917
00.7512 1025.4462
01.3430 1535.6581
00.3686 884.0446
-00.7022 384.9287
00.7437 810.7027
01.1270 1305.7303
-01.3024 185.3130
00.8432 1210.9653
-00.8686 01.0300
00.8917 1235.2606
00.3488 1558.6805
-01.3679 307.5642
01.0680 599.5852
-01.8687 01.5399
02.1243 1201.4286
-00.5684 742.4878
01.1131 442.7323
01.2699 1406.3374
-00.3343 116.7017
00.4062 888.7794
-01.1684 00.3078
01.5503 1668.3155
00.0986 1312.5159
-01.3845 562.1640
00.7045 1179.1119
-00.2839 969.2460
00.4123 835.5644
-00.8887 141.7002
-00.0054 02.3433
01.6611 1508.2349
-00.3966 105.4565
00.3796 1145.4044
00.9251 1379.6392
00.7882 924.9267
-00.9198 717.2579
-00.0159 04.6405
00.4833 1387.7559
-00.7294 01.1875
00.8382 1098.8259
01.2018 1535.4592
02.8950 952.1225
01.0643 1211.2416
-00.0433 859.5640
-00.5559 509.1628
-00.1685 629.6645
00.6543 1094.4804
-00.3370 05.1380
-00.2984 716.0575
00.9107 1259.9438
-00.1593 242.9351
-00.8540 765.0233
00.0414 1185.3465
04.9397 1146.9407
00.2611 1208.5545
-00.7623 122.3112
01.1438 1199.3049
00.4392 1306.4647
00.3818 1037.2406
00.3072 895.4509
-01.6061 427.1136
01.3828 893.0553
00.9541 1569.5142
-01.2291 501.8600
00.5251 1484.9712
-00.8933 432.4715
00.3754 1164.6801
01.5115 1170.9215
01.6253 1515.5653
00.2301 13.8140
-01.1236 343.7023
00.6126 1096.6736
-01.4465 01.6764
-00.5316 740.3838
01.2484 1550.7097
-00.0206 1387.5524
01.6113 1393.5973
-01.0701 243.2146
-00.1266 763.5204
-00.0198 883.8905
-00.1958 793.4106
-00.6586 645.6680
00.0600 1113.8580
09.3965 841.1492
-00.4449 563.9074
01.0518 1375.7211
-00.7634 657.3671
01.1376 1417.9077
-00.9831 158.2757
-01.3638 400.5722
00.1478 559.7829
00.8350 1291.2075
00.9257 1217.3732
-01.2661 33.5191
01.8225 1522.7150
01.7395 1466.1344
00.5603 1296.6349
01.0655 1539.8417
01.8089 1549.2091
-00.2449 01.3983
01.1489 1519.5957
00.3544 964.9742
00.6197 603.9891
10.4872 922.4758
01.3362 1568.1205
00.5391 674.8057
01.3101 873.2627
00.7105 865.2667
00.4290 407.5492
-00.9522 438.3973
-01.6904 02.5576
00.9653 999.0235
00.8598 1477.6402
00.9242 1511.5667
-02.0591 303.0611
00.8147 995.5891
00.9247 1226.6508
01.8991 1618.3637
01.7642 1587.7743
-00.1290 1159.5442
-00.9085 356.0612
01.5294 1595.7779
00.6432 664.8908
-01.1655 01.6496
00.1107 1044.7821
-00.1585 1198.4728
-00.9885 203.4696
-00.8643 392.4866
01.2882 1473.7662
-00.0031 404.3450
00.2694 1319.3732
00.9481 741.2531
01.8581 785.4892
-00.7091 308.0238
09.1855 11.9406
00.8697 1479.1442
00.4963 980.7525
-01.2290 00.3788
-00.6057 561.3704
00.1102 03.6536
01.3922 854.4372
-01.6405 01.7144
00.1497 1132.4382
-00.5058 502.5352
01.5220 06.3931
-01.1965 00.1135
-00.0871 823.5943
00.5957 1239.9632
-00.4772 03.1752
-01.0196 01.1919
00.3981 1007.6837
00.4872 02.2567
00.4022 1250.7239
00.7461 1161.2363
-01.2411 229.7523
00.9786 1463.7012
-00.0905 475.1100
-01.1873 01.8648
-00.1738 736.5376
-00.2299 503.6128
-00.5901 467.9069
-01.2736 52.9546
01.2419 1262.6676
01.1060 1507.4039
-00.8302 785.8628
00.0087 1211.7844
01.4104 1324.8026
-00.3654 785.5084
00.1401 1162.9100
-00.2217 211.3479
01.5829 1573.8400
-01.2560 01.3219
-02.2059 02.5306
-00.5624 186.0394
00.3668 02.1997
00.4526 783.6537
06.5035 620.0477
01.3440 1332.8213
-01.0705 00.2027
-00.2280 570.1327
-00.8479 521.8593
01.0508 1242.9230
20.8934 23.4330
00.2020 1050.6690
-00.2658 735.4277
00.8464 1086.9461
00.1286 229.5438
00.2781 1169.6582
00.7379 1070.5666
-01.3427 28.2682
00.6313 1223.6761
00.3264 217.7508
00.3606 1042.5837
-01.2755 665.8377
00.5931 796.1543
-00.3812 997.9830
-00.8670 543.1178
-01.6464 03.5277
00.7696 1154.3639
-01.2712 00.0326
-00.1820 606.4719
02.9595 1303.5263
-00.4480 05.1249
-00.9451 01.8756
-01.1029 58.1406
-01.3773 24.7323
00.2716 986.7690
-01.4925 181.2350
-01.2777 433.5911
01.0881 1487.1980
-00.9809 00.5350
-01.0193 666.5342
00.5242 1397.9828
00.8745 1207.8017
00.4961 1335.5466
05.4250 1075.2169
00.1239 660.7129
-01.5730 00.9227
-01.2921 374.6915
-01.0923 03.2976
-01.7041 01.5216
01.8910 1578.9524
-02.1371 101.1539
02.2536 1226.6467
-00.2667 782.5064
-00.3677 504.3826
-01.5274 01.4098
-00.1759 909.5647
-00.7082 03.1111
-01.3601 173.2713
-00.6501 215.7393
00.6120 999.0771
-01.3864 517.6676
-01.0036 01.1542
-01.3599 292.5573
-00.6891 182.2930
-00.6820 00.9217
-00.2003 643.4832
-01.4859 00.4701
-01.8694 196.2096
00.6684 1458.3845
-00.9361 398.8113
-00.1414 436.7450
09.2491 1166.2815
01.1430 1514.3548
-00.2352 311.9541
00.9315 810.9351
-00.2916 970.3418
-00.6243 302.4929
-00.4440 683.6353
01.3785 1321.1016
-00.3169 461.5173
00.3958 1255.9950
02.0620 1694.1298
-01.5817 02.9136
00.1103 1052.9645
00.1480 913.7263
00.0248 996.8824
00.0811 837.9050
00.6221 1311.1690
01.2956 1300.7778
01.1159 1326.4244
-00.8292 277.9712
00.7682 1386.9650
01.0575 1482.4650
-01.2149 01.3718
00.9788 1400.6677
01.6651 1264.8354
00.3084 1192.2383
-00.6879 00.6624
-00.5614 15.2603
-01.7850 94.0795
-00.4245 1093.2833
01.2369 1440.6219
00.6148 1601.0784
-00.0762 650.1232
-00.0628 650.1917
-01.4216 02.8128
-00.9753 01.8317
01.0393 1083.2442
-00.4462 602.3916
06.3904 09.2423
00.1061 452.9000
01.5766 1326.7099
00.5602 972.4790
00.1579 1170.1297
01.7458 1639.2265
00.7760 1111.1695
00.6769 1309.6898
-00.2308 575.8849
01.5679 1245.9393
-01.3194 222.1569
01.2047 1007.7229
00.6601 769.1224
01.2301 1380.8869
00.7722 1511.0518
00.9372 1101.0804
00.1029 24.0516
01.1586 1632.5621
00.5179 683.6483
-01.4852 53.7400
01.4403 1670.0506
-01.7831 01.9841
-02.2184 03.4257
01.8421 953.1942
-00.5327 697.0758
00.0210 371.5817
01.0798 1224.7141
01.7100 1325.0889
-00.5047 739.4328
-01.4768 01.9416
00.5171 1347.1745
-01.0120 606.1953
-01.5391 00.4566
01.2946 854.7415
-00.3066 651.3156
00.7193 1456.1960
01.8561 1462.4098
-01.5034 00.5550
02.0897 1099.4771
00.1945 871.1269
01.2801 1162.2712
00.1581 358.6869
00.3940 1400.5329
-00.5074 03.0981
00.5818 1173.8306
00.2829 715.8475
-00.2355 235.2272
-00.6976 399.0113
01.1242 1183.2025
00.3504 1176.4727
00.1681 912.3917
00.2471 1422.6229
-00.8034 991.9214
-01.9926 00.8613
00.6716 1068.6354
-01.1471 02.1237
00.4255 1162.4899
-00.8724 365.2073
-01.7398 00.9452
-01.4291 02.0951
-01.0167 00.0000
-00.2908 06.3933
-00.9259 837.9742
02.3273 956.2203
00.6637 1267.5062
00.9114 1014.6787
07.4747 10.4358
01.1083 894.1119
-01.0324 801.7167
-00.7694 02.1017
-00.6403 562.2131
00.1780 961.1080
00.5022 963.7344
01.6972 1597.8640
-00.3623 672.7659
-01.9078 274.0739
-01.4014 02.4176
-01.4705 00.1827
-00.9646 00.4019
01.1952 996.9579
00.9129 1411.5466
-00.5612 678.1629
-00.2317 174.3730
00.1845 900.4140
-01.9181 01.4402
-00.8124 02.5590
-01.2687 01.8116
00.5964 313.3203
-01.0232 586.1469
-02.0541 54.8775
-00.5551 882.4633
-00.9009 654.5084
00.2015 1079.4945
-00.6675 347.6412
-00.0763 1135.7365
01.3575 1613.8666
02.6691 06.2114
-00.1321 719.8049
00.3821 1249.3364
-01.0134 25.0857
-01.6988 03.1631
-00.7936 500.5060
-00.3871 04.1741
00.7957 927.3496
00.7643 1238.8321
-00.9868 576.4405
-00.0144 1054.9781
01.9687 1069.3575
01.1005 1390.3521
00.9045 1381.5361
01.7428 1440.9059
-00.1757 874.5370
00.4974 1035.7867
-00.7974 110.9667
-01.6329 02.6799
-00.0342 788.3767
-00.4839 651.3761
-00.4517 738.9360
01.4656 1553.2611
-01.5263 00.5727
02.7905 922.7419
01.2280 1620.1826
00.8850 1238.3810
01.0169 409.8497
-01.1792 191.1420
-00.2943 493.3193
-01.7005 01.6554
-00.3162 920.9615
-00.0618 01.0625
00.2962 1003.0224
00.4893 900.7300
-01.4242 01.1325
-00.8731 244.4743
-01.0904 225.7480
01.0838 1285.0346
01.2280 779.7517
-00.4009 784.3214
-00.0287 1039.9566
00.4993 1197.5381
00.0478 978.3750
-00.2748 799.3427
01.9605 1117.1858
-00.8241 682.4864
-00.5212 340.4985
-00.0150 1310.0130
-00.2926 960.9481
01.5068 1476.5436
-01.1792 414.6667
00.7724 1410.3020
00.5619 982.4137
00.0581 1223.2263
-00.0266 1133.1101
-01.1023 183.5090
-00.9944 04.3948
-00.5863 582.5879
-00.0330 670.0638
-00.8769 537.2613
00.2639 1228.1920
00.3207 1355.7309
00.7750 439.7506
-01.3689 02.9713
-00.7940 03.4721
00.4258 484.5926
-00.1277 1028.2967
-01.3278 01.7377
01.4136 1425.5399
-01.7711 00.3065
-00.7364 378.7541
