Raw 15D
0.007807807807807808
0.0070737404070737395
0.0066066066066066045
0.00647313980647314
0.006740073406740073
0.007741074407741075
0.007540874207540874
0.00667334000667334
0.007140473807140475
0.006539873206539873
0.007741074407741073
0.007273940607273941
0.007674341007674341
0.007474140807474139
0.007474140807474141
0.007607607607607606
0.00707374040707374
0.007941274607941275
0.009009009009009007
0.007007007007007006
0.007340674007340673
0.007874541207874541
0.006473139806473139
0.007941274607941274
0.007540874207540874
0.007140473807140474
0.006740073406740073
0.008341675008341678
0.00687354020687354
0.006139472806139471
