Raw 15D
-0.06507201431658585
-0.058271914591094286
-0.055968093979694274
-0.07882509411080811
-0.05457899159664335
-0.08006139416188601
-0.07019844136975517
-0.07272251042102856
-0.06154015816637986
-0.06789425555096155
-0.05249098686026878
-0.06410804702774582
-0.0680167041026413
-0.06888587316168002
-0.06660966924575479
-0.06613964642790993
-0.07299535323871302
-0.06508954481831668
-0.07057895036973612
-0.0544892050581205
-0.079976495209324
-0.06363091821735345
-0.05993928794266331
-0.06448095019066913
-0.06579580715629892
-0.07808083270886562
-0.05645700921568663
-0.057203019332080454
-0.06291367729706479
-0.07865281467075111
