Raw 15D
0.8483333333333334
0.8775333333333334
0.8512666666666666
0.9004666666666666
0.8397333333333333
0.8674666666666667
0.8693333333333333
0.8338666666666666
0.8501333333333333
0.8824666666666666
0.8855333333333333
0.8664666666666667
0.8544
0.8342666666666667
0.8611333333333333
0.8548
0.8041333333333334
0.8415333333333334
0.8718
0.8304666666666667
0.8485333333333334
0.8360666666666666
0.8588
0.8716
0.8462666666666666
0.8459333333333333
0.8113333333333334
0.8396666666666667
0.8501333333333333
0.8394
