Raw 13D
-0.9996441644894781
-0.9996438179150527
-0.9996447181389935
-0.9996441635937029
-0.9996437994808256
-0.9996447626433225
-0.9996541316065085
-0.9996395699641838
-0.9996384512277218
-0.9996429078868202
-0.9996349217966636
-0.9996364274662133
-0.99965034876625
-0.9996484532086611
-0.9996373329992266
-0.9996489413798016
-0.9996483081599594
-0.999655260720768
-0.999640089017436
-0.9996509224885998
-0.9996481828399723
-0.9996524998741366
-0.9996495155500478
-0.9996464245586718
-0.9996403742864511
-0.9996378728189775
-0.9996487040834899
-0.9996451730411442
-0.999650688382093
-0.9996374828708702
