Raw 24D
0.010437649439726637
0.010520698392996998
0.010120545032952392
0.010042226497148601
0.012257741256717955
0.015761330323653806
0.01223752329584348
0.010798138627250048
0.010154359279801704
0.01212296051311989
0.009191572330737358
0.00845910558637156
0.012012994740004617
0.008941527389340398
0.009053975361861468
0.0114968216990169
0.01034158730898036
0.011554959153550783
0.008897851229295622
0.010092881289770768
0.010251221446131498
0.010559741021336852
0.010003775017442608
0.012203781240527026
0.010521293067318999
0.00982038661458865
0.009520551529817926
0.011591856754415344
0.009473377825010296
0.009914151060929353
