Raw 7D
0.006864006864006864
0.005863005863005863
0.00672100672100672
0.005720005720005719
0.00572000572000572
0.007865007865007866
0.006006006006006005
0.006721006721006722
0.007579007579007581
0.007436007436007436
0.006578006578006578
0.006435006435006435
0.005863005863005864
0.007722007722007721
0.0055770055770055765
0.0055770055770055765
0.00672100672100672
0.005863005863005863
0.005291005291005291
0.006578006578006578
0.006149006149006149
0.007007007007007007
0.006864006864006864
0.006435006435006435
0.00715000715000715
0.00572000572000572
0.006149006149006149
0.006435006435006436
0.007722007722007722
0.006292006292006291
