Raw 22D
0.5049090909090909
0.5005
0.5009090909090909
0.4955
0.5015909090909091
0.5015
0.5023181818181818
0.49968181818181817
0.5044090909090909
0.49836363636363634
0.5021363636363636
0.49827272727272726
0.49627272727272725
0.4975909090909091
0.5015909090909091
0.5037727272727273
0.493
0.5028181818181818
0.505
0.5102727272727273
0.49804545454545457
0.5011818181818182
0.5005909090909091
0.5048181818181818
0.497
0.5053181818181818
0.49968181818181817
0.4994090909090909
0.4995909090909091
0.5058636363636364
