Raw 22D
0.0034652303287294904
-0.012369419573641129
-0.015216313490866787
1.7269588380631698E-4
-0.005125098640562449
-0.0030741604988323086
0.013724487274036211
-5.285669605333296E-4
0.002702300843295952
-0.0037579542992760254
0.003079441553704119
-0.01244721968386997
0.00430661594053339
-0.0015135411556324977
-0.010737352232552322
0.0015805640633665009
0.01170076692087019
-0.0073561532507369605
-0.007815061547702349
-0.006657347049064252
4.307207183806467E-4
0.004325766484516575
6.275979648252556E-4
-0.00819475668710254
-2.742792684441188E-4
2.490068186095716E-4
0.003183822011085789
0.01124264350932624
0.00741782663328048
0.0060666484779704506
