Raw 9D
0.0032222222222222222
0.002111111111111111
0.006222222222222222
0.0014444444444444444
0.004111111111111111
0.004333333333333333
0.003111111111111111
0.0036666666666666666
0.004666666666666667
0.004888888888888889
0.0038888888888888888
0.005333333333333333
0.0023333333333333335
0.0015555555555555555
0.005111111111111111
8.888888888888889E-4
0.0036666666666666666
0.006333333333333333
0.003777777777777778
0.003777777777777778
0.0026666666666666666
0.0038888888888888888
8.888888888888889E-4
0.0071111111111111115
0.0033333333333333335
0.005666666666666667
0.005
0.004555555555555556
0.005
0.002777777777777778
