Raw 9D
0.889990010886949
0.891861688426279
0.8910459240660376
0.8896197976697774
0.8926895297698328
0.8920050168724855
0.891848451453141
0.8908600626809545
0.888646784913336
0.8944734792852469
0.8935319823929615
0.8904493379269041
0.8958538626813247
0.8900479245008397
0.8907750639336981
0.8899512013154405
0.8881792278193054
0.8907022681934045
0.8903543857903773
0.8955200782327526
0.8921464292675245
0.891351642230679
0.8900105730618568
0.8958024704539272
0.8862636294435858
0.8896351399049587
0.8897393682665709
0.8932395552125554
0.8898563911459162
0.8933670663049446
