Raw 20D
0.016716716716716717
0.019319319319319316
0.017667667667667673
0.019819819819819822
0.01916916916916917
0.017767767767767766
0.020370370370370372
0.01806806806806807
0.01731731731731732
0.018118118118118122
0.01901901901901902
0.01896896896896897
0.017467467467467468
0.01666666666666667
0.020420420420420422
0.020470470470470473
0.019669669669669675
0.021071071071071073
0.018068068068068065
0.01821821821821822
0.01801801801801802
0.017517517517517518
0.016816816816816817
0.02017017017017017
0.019769769769769772
0.01631631631631631
0.01761761761761762
0.015815815815815815
0.017817817817817817
0.018818818818818812
