Raw 5D
0.005605605605605605
0.005205205205205205
0.006806806806806806
0.007607607607607608
0.006806806806806806
0.005605605605605605
0.0062062062062062055
0.006006006006006005
0.006406406406406407
0.006606606606606606
0.006806806806806806
0.005805805805805806
0.007607607607607607
0.007607607607607608
0.006606606606606608
0.005605605605605605
0.005405405405405406
0.006806806806806806
0.005605605605605605
0.006806806806806806
0.0052052052052052045
0.007607607607607607
0.005405405405405405
0.006806806806806806
0.006006006006006006
0.005605605605605605
0.006806806806806806
0.006006006006006007
0.006006006006006006
0.006806806806806806
