Raw 4D
-0.3908389656149354
-0.4041316518207285
-0.3898891649930721
-0.3526196744137284
-0.3667903644868968
-0.3863836263364767
-0.3883541764596357
-0.3999272546829516
-0.3857748891734317
-0.39188210224263226
-0.39911886825742865
-0.3819573450598339
-0.37655861297241244
-0.3785753955359633
-0.3815184626574051
-0.3654417052151079
-0.38340051840003325
-0.38047110952944496
-0.36752560284534946
-0.37819755132484806
-0.38978900829931296
-0.3561496968218562
-0.3819627294976705
-0.4098670118666872
-0.37497130349820684
-0.40274597967162373
-0.37342344665146604
-0.37442749515171864
-0.3877172479198269
-0.3718931143058206
