Raw 7D
0.7592857142857142
0.7585714285714286
0.7521428571428571
0.7532857142857143
0.7512857142857143
0.7595714285714286
0.7678571428571429
0.7578571428571429
0.751
0.7545714285714286
0.7578571428571429
0.7562857142857143
0.7652857142857142
0.7745714285714286
0.7621428571428571
0.7624285714285715
0.7597142857142857
0.758
0.7637142857142857
0.7622857142857142
0.7518571428571429
0.7644285714285715
0.7605714285714286
0.7612857142857142
0.7555714285714286
0.754
0.7595714285714286
0.7604285714285715
0.7585714285714286
0.7608571428571429
