Fitness : Violation : Position : Miscellaneous
26.197403293612382 : 0.0 : [-1.6604359829983784, 47.15991514361673, -31.00495644130174, -8.538124675976775, -22.73442036134841, -18.86457348443359, 4.27892200185125, 17.73303468295996, -37.967242373362225, -21.701939078032883, 24.47972779355016, -26.4443697937606, 0.06975393082535147, -32.548471915931295, -20.30579540052294, 16.16075542365636, 33.66613422535937, -32.790269825902996, -13.917700775843711, 24.50097357927826, -46.23118072298462, 35.33370720903578, -19.373981184412663, 33.858582598849715, -38.51433707016468, 18.29019874264926, -0.29533401121683733, -13.628185694134984, 14.002153752233957, -41.46459336244793] : 0.0
25.469354345160667 : 0.0 : [-1.5972714050803258, 47.293495078960575, -30.79930204753519, -8.346360627192592, -22.63299164398276, -18.84849530709718, 4.2796966947140636, 17.705393213085706, -37.946338393131015, -21.722190261619915, 24.48513613438086, -26.427243526029425, 0.062925582868566, -32.550373915644755, -20.324181895824964, 16.171160584169797, 33.66693847541744, -32.81006950258808, -13.923802582275624, 24.50981562357626, -46.23059388257184, 35.31336522209315, -19.379618229039373, 33.86788551766183, -38.5202586013187, 18.297148115003957, -0.3003167921151484, -13.622160893095344, 14.008315624761746, -41.46428729322785] : 0.0
25.825710974460826 : 0.0 : [-1.6526334241523495, 47.1847198267227, -30.970618012005545, -8.497417378519378, -22.689717384440023, -18.864894380244078, 4.290539918672028, 17.72421566156679, -37.95193967713206, -21.72083215494314, 24.474289712248847, -26.430317665185186, 0.06151907973100572, -32.55196518868358, -20.31900091796033, 16.16950428243926, 33.666453777188096, -32.78383767545082, -13.90783382147461, 24.5043107640545, -46.22483709980154, 35.32449114516602, -19.37741651544893, 33.88274559443154, -38.52305569556996, 18.3125396146042, -0.3120491572992823, -13.623366303666552, 14.009856989651553, -41.46175299828485] : 0.0
25.58059918443737 : 0.0 : [-1.61486916823089, 47.243462434641344, -30.8943338835489, -8.434332247851817, -22.66648913117522, -18.866825841254627, 4.289040536618457, 17.719007354777823, -37.95353518535603, -21.723742394805473, 24.478336975280257, -26.445421950327063, 0.07706738032184578, -32.54517253225705, -20.307151888926658, 16.185051186573087, 33.682612638323135, -32.77910691276281, -13.921602509073267, 24.499759888771038, -46.2163955083804, 35.32106071451272, -19.379463097094963, 33.882295898007456, -38.521332092142224, 18.31211261755068, -0.3147818733131892, -13.637630653081132, 14.016003142533489, -41.45970010781424] : 0.0
25.792673633296218 : 0.0 : [-1.6379521007980726, 47.19717666319801, -30.949950122167763, -8.48018029660341, -22.698195132430918, -18.863718216910776, 4.287975739461064, 17.71545363575039, -37.94297277734391, -21.726459762712253, 24.48923572483408, -26.418001993557397, 0.06546397689654239, -32.535709544453105, -20.308442718072143, 16.18277796410409, 33.68408849477548, -32.80701937662916, -13.909648458008357, 24.50209262505558, -46.21660848908306, 35.31724733839498, -19.367287227999405, 33.87875880794616, -38.51660220445869, 18.296292004758186, -0.30007912119384395, -13.632730568054075, 14.020281948269584, -41.469406443005816] : 0.0
26.722329492266546 : 0.0 : [-1.743045502632956, 47.04074726105042, -31.14634964115757, -8.650025258636312, -22.722962759086123, -18.85891958823934, 4.279869120649913, 17.718762095498292, -37.96189193906356, -21.729364166989967, 24.474244993943557, -26.415835887333984, 0.07413507645728538, -32.55280072365105, -20.329324162203154, 16.18219989350841, 33.67719864406996, -32.801315281517795, -13.916556950469118, 24.50540753253703, -46.222353556243, 35.32464357006932, -19.366012464484967, 33.85882812439618, -38.51564918945988, 18.30443696519048, -0.3110959021167051, -13.632137160947543, 14.024642092465307, -41.48479831430554] : 0.0
25.970694623885993 : 0.0 : [-1.62037862193323, 47.219750517554075, -30.93666447223938, -8.461279452953823, -22.676277627501175, -18.863519288089854, 4.281667274681915, 17.71080299730992, -37.9480938713635, -21.704339346278722, 24.500034814140005, -26.420474851738266, 0.05481081786409381, -32.56110058207982, -20.311262599460242, 16.17258826626877, 33.659961778957104, -32.808355869853585, -13.9147271489942, 24.507324407714556, -46.24199275373451, 35.33790812959476, -19.368485987411745, 33.876561855685495, -38.50318881159079, 18.301538062312073, -0.2972966111941029, -13.633939117059507, 13.998313208866348, -41.49064852175272] : 0.0
25.495496944826062 : 0.0 : [-1.5976842034405174, 47.262537024358785, -30.866274088698987, -8.378016177309124, -22.64041218404035, -18.867278717974212, 4.283072612359029, 17.715992620014568, -37.95590261413513, -21.710118817325444, 24.472827875430887, -26.41569603457782, 0.0596374885665373, -32.526672694552936, -20.306300106868285, 16.18558641141565, 33.666935644945184, -32.79242998376435, -13.909179546908803, 24.490664962414233, -46.22404201207925, 35.34500253728806, -19.36913325292766, 33.879519235157844, -38.52070967602693, 18.296548160864972, -0.2982220834803523, -13.616767795886549, 14.01237130564327, -41.46570729750502] : 0.0
25.720459582824752 : 0.0 : [-1.6311705847110731, 47.226572560853256, -30.906825669142503, -8.447322644261646, -22.690109209194073, -18.868808629860215, 4.284765205131375, 17.706981313232554, -37.951634968747456, -21.711275908257264, 24.496413210677474, -26.41833512251824, 0.06814311150163735, -32.55404991179233, -20.306304358763782, 16.17808908188069, 33.66289332376535, -32.80209650930274, -13.923090908460402, 24.505713601741224, -46.22195313488297, 35.32758479039728, -19.361921487167606, 33.87905579280937, -38.51760692354526, 18.298373166996498, -0.30730902591037323, -13.618056715525663, 14.010603215868056, -41.45819299721934] : 0.0
25.450447191266246 : 0.0 : [-1.6078071712629178, 47.27434738030435, -30.850969903120806, -8.385195037882479, -22.64911363384431, -18.86175109359433, 4.283914037283798, 17.71660400872311, -37.943446061984645, -21.72686133866476, 24.486062604288925, -26.437952104808705, 0.0655617468916893, -32.550263146105806, -20.31378592918437, 16.18645231715324, 33.666005529749356, -32.80244700878167, -13.921475866630058, 24.503453383365375, -46.229651547901184, 35.32745446809451, -19.389654731595485, 33.872844311400755, -38.509958897906486, 18.308184569309205, -0.293487075192145, -13.619197598270848, 14.011430982325798, -41.473967052945554] : 0.0
25.389861253133873 : 0.0 : [-1.5726328431053003, 47.28570015968977, -30.82688215121787, -8.360951271583978, -22.625306648192762, -18.856401333526254, 4.283646897685179, 17.719929300426195, -37.94203615683105, -21.713684736426764, 24.471435162331055, -26.416933579410298, 0.06714909730810384, -32.54178998749865, -20.310283902316904, 16.175174813724674, 33.674964094299526, -32.798897108723516, -13.92975191763787, 24.497775877771048, -46.2085629870616, 35.33092295158208, -19.366493744274734, 33.877373440697646, -38.5144573737514, 18.29802525391245, -0.29645095671966876, -13.60527322797529, 14.017653678851868, -41.46347024971264] : 0.0
32.466179824673496 : 0.0 : [-1.7491109766398583, 46.95575560073909, -31.20044641701513, -8.598778968944044, -22.743285240989934, -18.88068409371088, 4.2570995888031105, 17.68557088210964, -37.90180520862731, -21.785368837323475, 24.530665116085654, -26.361934240296176, 0.1300165200217186, -32.49488918714488, -20.29722414504539, 16.202841500105645, 33.68344266819516, -32.80753726982468, -13.929494019261902, 24.447580415243536, -46.276310195527735, 35.385718179393805, -19.401576446896073, 33.88472652880595, -38.46561126218323, 18.298649755989516, -0.3571191792522641, -13.523056009595194, 14.05734052821174, -41.452949959539374] : 0.0
25.64036366049763 : 0.0 : [-1.617257917878578, 47.24294678979092, -30.88013608355024, -8.401708536127915, -22.660755387838822, -18.864597797568344, 4.297093730651978, 17.72372051503291, -37.95252516382517, -21.7140423020482, 24.471082641732387, -26.427420680276228, 0.059789750591206704, -32.54008357290941, -20.314233265108435, 16.182185262766232, 33.67338166890631, -32.77937871772315, -13.93977155517905, 24.50127996923173, -46.21231643968531, 35.31021740880831, -19.361895200942456, 33.8800025877654, -38.53922751843632, 18.308897850403667, -0.3016104573359898, -13.619687694186037, 14.004887051590146, -41.47502015726046] : 0.0
25.694613742846357 : 0.0 : [-1.5919143275359957, 47.25484584270431, -30.869998699657177, -8.390649552832887, -22.62398766207314, -18.8755589541623, 4.2612749882216825, 17.729602375360475, -37.94800905891949, -21.75105193754672, 24.472372560503494, -26.42869384997546, 0.06847164619306936, -32.545873802751224, -20.31155728546665, 16.165651607175203, 33.68492672662807, -32.79517370395004, -13.923651408199639, 24.5051711520466, -46.21812716369209, 35.339500378787676, -19.367430716056028, 33.86753618394191, -38.520918206426835, 18.300859527807564, -0.31935116002988667, -13.625947973269277, 14.02819288677828, -41.46910661951944] : 0.0
26.43227382765549 : 0.0 : [-1.6733815211339103, 47.13474921293623, -31.05906734767426, -8.568104596207927, -22.736314240297133, -18.887628229420223, 4.289886318766869, 17.72491412683658, -37.9387203318185, -21.705143535000282, 24.46774274581203, -26.44663797593237, 0.07399204709164657, -32.566267021329175, -20.299766996958994, 16.175323883421985, 33.67498759524746, -32.782519738702064, -13.903337734991663, 24.505272073276757, -46.230181476781524, 35.34090933502091, -19.37859484894414, 33.89662551499619, -38.52496303658465, 18.297514706787396, -0.29597086842363285, -13.635806757968876, 14.018663773976145, -41.465631127840396] : 0.0
26.297730664311967 : 0.0 : [-1.66020393570221, 47.15890558030149, -31.019617730989555, -8.563089158335242, -22.709368799957414, -18.87081002564574, 4.285361927902837, 17.701893921726057, -37.94571033015948, -21.732371841176967, 24.480051100045458, -26.420613449053068, 0.07231930919748542, -32.54827082525959, -20.30728689025031, 16.183460805382822, 33.6837195707754, -32.79889493209461, -13.938058950379155, 24.501235302507084, -46.22017842178678, 35.30843566157333, -19.384869723716204, 33.881086647992106, -38.50958609277183, 18.30647513050096, -0.3301385290898874, -13.626827635280996, 14.010853907046947, -41.48115124644766] : 0.0
25.65103026787831 : 0.0 : [-1.6189523381936035, 47.24097793381366, -30.89268453884394, -8.435821026975054, -22.668994885278895, -18.881189383628247, 4.283674481251249, 17.722852804105386, -37.95873511821212, -21.736593707522665, 24.48293350631717, -26.419337906301266, 0.06544802478353123, -32.554899226776904, -20.30308896001657, 16.197063919547908, 33.67208761719698, -32.79139366129088, -13.907550375737344, 24.492814520522295, -46.217127507336855, 35.343844035526516, -19.3758726352739, 33.873074346033384, -38.51554643201059, 18.30245023689042, -0.3096395699938783, -13.622363858139837, 14.030163721968638, -41.46805609142075] : 0.0
26.190109784399272 : 0.0 : [-1.679594406687857, 47.13529510862256, -31.04497263316687, -8.562565358969403, -22.714621494749846, -18.87095007049966, 4.29693951217965, 17.713994920362342, -37.950330096406134, -21.72315424875099, 24.487223376275253, -26.419614772607687, 0.07491230288307105, -32.538818777925535, -20.31267088694078, 16.180404279937257, 33.68734792380124, -32.785675610417144, -13.909822851109864, 24.514065458595095, -46.22253919245111, 35.32614807234541, -19.3865716368389, 33.876057316513645, -38.50947208779152, 18.30933989476733, -0.31722741805539195, -13.632221453146748, 14.012766771212391, -41.48008520308235] : 0.0
24.948320263311274 : 0.0 : [-1.576815195131644, 47.3283524410918, -30.755832309290327, -8.2634498867802, -22.54713587648694, -18.841270106385956, 4.295420809880195, 17.71554545247905, -37.94670872446366, -21.70764132380385, 24.482870060425622, -26.43733720383606, 0.06048414884636605, -32.53873822601626, -20.292755495141854, 16.18605972918414, 33.66802224813827, -32.79244103367209, -13.924300713615335, 24.50621337323753, -46.22436246613303, 35.325741879087566, -19.376964367588513, 33.87607533643069, -38.51064013813695, 18.306070853615694, -0.3072744340308036, -13.629292364524165, 14.014666179320807, -41.47130330411256] : 0.0
25.858365093516092 : 0.0 : [-1.6313357053952506, 47.2071841587548, -30.938381360074384, -8.480594354870188, -22.680315726327827, -18.876335600121845, 4.281985410764239, 17.730892361652494, -37.95598136148657, -21.736964403136554, 24.482701435198862, -26.430730095052258, 0.05879344410439532, -32.556040022854496, -20.30081838999945, 16.182588723678585, 33.67464924877319, -32.78076206688662, -13.91776360101338, 24.49448681006341, -46.209276296331325, 35.32015349677412, -19.3720739501886, 33.87224505304698, -38.52977325774391, 18.307750017807493, -0.28378713237454634, -13.6175342811641, 13.996274300126906, -41.46696283571855] : 0.0
25.535250903407565 : 0.0 : [-1.6080182216917769, 47.2835068567949, -30.835122715480892, -8.364569598300218, -22.64999574925949, -18.856007578144556, 4.278963208689293, 17.712951086409657, -37.95647777044411, -21.71452128428036, 24.46319585368762, -26.41438675063739, 0.07358193932927629, -32.547976463741485, -20.30160915257684, 16.17235831001019, 33.66363249265244, -32.79376470822617, -13.911792689143613, 24.489963924624504, -46.22995774830192, 35.315985448447975, -19.37558374696806, 33.87468908595831, -38.524862183470006, 18.295668444840167, -0.2990348509208874, -13.624195212129314, 14.006103731348123, -41.4610717114041] : 0.0
25.492080847473176 : 0.0 : [-1.6018652240036246, 47.264143910257374, -30.838428211393417, -8.357589596809712, -22.62846438383189, -18.87690413701143, 4.2776802250699735, 17.732400304300707, -37.94643693567055, -21.715174381945104, 24.462188971482114, -26.42473095727547, 0.05975328135535829, -32.53883546954029, -20.324861603983678, 16.172850570342835, 33.668248382893225, -32.79588659321706, -13.916104842954816, 24.508106934927547, -46.22178978564915, 35.321451573683916, -19.372815961907676, 33.87941278644307, -38.53669431506382, 18.302749984033657, -0.3019653393749888, -13.614484565222405, 14.03636595587504, -41.45049093231708] : 0.0
25.69622327996825 : 0.0 : [-1.6224750854977181, 47.251765206326624, -30.882534776734104, -8.42320322272958, -22.665655338530136, -18.865766188575563, 4.284080836074726, 17.737801720694055, -37.957670030549544, -21.718327672892276, 24.46326227379696, -26.409189741896135, 0.05361960844218086, -32.53727580330037, -20.3096907451398, 16.18245177458963, 33.673992352201, -32.79993207588937, -13.927588449040993, 24.506793410698293, -46.21711147323842, 35.33370944874751, -19.39130525592458, 33.86645616211318, -38.51931501400647, 18.296445694805854, -0.2834516342082294, -13.63110095080632, 14.017393013253665, -41.47220651069226] : 0.0
25.118388009787118 : 0.0 : [-1.5862133081542813, 47.293662133016255, -30.804161465173316, -8.316636347378026, -22.576109278494698, -18.852529403957238, 4.287941848012487, 17.73215912033053, -37.95889140082768, -21.725865426778505, 24.48960997705865, -26.422814579567923, 0.06718637318594656, -32.55321828034116, -20.30810487676213, 16.18589799035604, 33.67090298236628, -32.80472174235746, -13.911788447728714, 24.493840847924446, -46.219738858412725, 35.32738835554522, -19.376321516874395, 33.8724246003663, -38.52451211004557, 18.28973293003809, -0.3067305202026038, -13.62629204820782, 14.006699108409599, -41.46362916272103] : 0.0
25.52283440789341 : 0.0 : [-1.6078278329675297, 47.25994960213343, -30.8576286502091, -8.404213849276516, -22.654031412565033, -18.84913350928962, 4.303244821669151, 17.72247232108399, -37.941270968424, -21.707236025109907, 24.470021826166473, -26.437298309818793, 0.0696738071333186, -32.54875983189391, -20.308823456576818, 16.18075633356237, 33.666291851592106, -32.79950296775582, -13.91636591819946, 24.503882483152584, -46.21180902393747, 35.311253679440306, -19.368215240740206, 33.880468981066535, -38.51784004890273, 18.30045622559624, -0.3149354272264711, -13.633313300623414, 14.024754506302608, -41.47447815681575] : 0.0
25.617478197834313 : 0.0 : [-1.613646407093591, 47.25079705027116, -30.862534963721004, -8.395241387368976, -22.672730006668125, -18.870935969745553, 4.282307728891456, 17.720466102385522, -37.94955052908734, -21.71729164622215, 24.474842298450625, -26.438784784163545, 0.06461576750433753, -32.52664097945793, -20.310527926374675, 16.18355170983212, 33.662969975296754, -32.797878098665024, -13.908329318459518, 24.510191269650957, -46.22517392105421, 35.32869803982106, -19.373113288049844, 33.88084945605875, -38.531122134538585, 18.311928121871105, -0.3216029829499801, -13.636400868447993, 14.006779071816917, -41.47178570560637] : 0.0
26.31282742403839 : 0.0 : [-1.66348296939513, 47.15951996136555, -31.008573624864503, -8.503318383722695, -22.737793587397707, -18.860602271803835, 4.285285049999796, 17.7411819754074, -37.945662375964005, -21.72431993418349, 24.492337750003507, -26.42681099702646, 0.06291265674166745, -32.53415094135735, -20.320181617237843, 16.162813881223784, 33.67092929700228, -32.8033531251344, -13.910753441153314, 24.49408648238333, -46.21441833561656, 35.31915960564476, -19.362172184684148, 33.86519932340711, -38.52577354000761, 18.297747308023297, -0.2986039604588087, -13.632146010979998, 14.022656956892813, -41.45690587802241] : 0.0
25.476715638845647 : 0.0 : [-1.6037603851538225, 47.26841108020459, -30.84746459313076, -8.385531063532419, -22.65308881454168, -18.863214575739796, 4.286757217789854, 17.713983017130854, -37.94849545314692, -21.714128056119023, 24.48113065490179, -26.419896344883313, 0.07432862505406011, -32.555532495096756, -20.311561050436115, 16.178161704086243, 33.69660732299444, -32.78228709413568, -13.923539358773397, 24.507442513683603, -46.212768095860994, 35.339977637554206, -19.367686105276437, 33.87754582736892, -38.50782914799558, 18.293035103142834, -0.30001354236357725, -13.622965131672562, 14.004274591996314, -41.460959983294444] : 0.0
25.465739323459367 : 0.0 : [-1.6029227224581954, 47.253888176308, -30.879801377212523, -8.407898428152437, -22.658280537538673, -18.862388675647235, 4.281036114323827, 17.722998931502758, -37.949512167531424, -21.722093269623162, 24.476719728294643, -26.444553078938764, 0.07260423219845372, -32.54137187978883, -20.315842778185285, 16.18561996647718, 33.677221350434564, -32.79363354390742, -13.909973499333985, 24.50277278539165, -46.23162531422636, 35.32411189637034, -19.382802436608902, 33.87263561798103, -38.51001429621596, 18.299178226996688, -0.30728785605545694, -13.634871477480692, 14.018038727358904, -41.4652091667469] : 0.0
25.717573502119944 : 0.0 : [-1.6213574047961714, 47.229542227698985, -30.92540903000254, -8.468658579870468, -22.699052637083618, -18.870145075444626, 4.28623609227256, 17.726731950333402, -37.95190502921933, -21.734541191743702, 24.47929090844335, -26.429421737579837, 0.07176746863443889, -32.53859707502216, -20.310783850945594, 16.186515991842874, 33.67312578052815, -32.79397981378602, -13.913199904388431, 24.49480930725186, -46.214485746162666, 35.340065952907466, -19.385364931333612, 33.878196084330014, -38.51595169460984, 18.295160625962147, -0.306301338025445, -13.620258974070138, 14.01788323073258, -41.466536109849606] : 0.0
