Fitness : Violation : Position : Miscellaneous
-30665.414865221643 : 0.0 : [78.00085055707464, 33.00005030691054, 29.995501096893364, 44.999181391829964, 36.77561615672514] : 0.0
-30665.427583244185 : 0.0 : [78.00005916575712, 33.00033976574949, 29.995561260688255, 44.99784684621265, 36.775950277884036] : 0.0
-30665.442005269575 : 0.0 : [78.00028080430666, 33.000223433473465, 29.995628074234453, 44.99980927578031, 36.77516826366865] : 0.0
-30665.335464558448 : 0.0 : [78.00067650073171, 33.00056753767781, 29.99569366832149, 44.99719424227356, 36.77606632574819] : 0.0
-30665.425415963124 : 0.0 : [78.00060906080316, 33.000320074583385, 29.995593669748896, 44.9991990916799, 36.77524984496645] : 0.0
-30665.341901860545 : 0.0 : [78.00003129892579, 33.00078132476437, 29.996096114703413, 44.99852447054575, 36.77465640941977] : 0.0
-30665.443553553196 : 0.0 : [78.00016398510247, 33.000034491465165, 29.995547953824925, 44.99855460325156, 36.77566150005006] : 0.0
-30665.342443373254 : 0.0 : [78.00066435245118, 33.00061785762807, 29.99597580037309, 44.99919623810554, 36.774580735492414] : 0.0
-30665.459277588292 : 0.0 : [78.0002423412158, 33.000195175331015, 29.995610881908686, 44.999675639230205, 36.77502820155067] : 0.0
-30665.368474149916 : 0.0 : [78.00050850816719, 33.00004938323657, 29.995839833740263, 44.99923447483715, 36.775014490951754] : 0.0
-30665.392281515866 : 0.0 : [78.00067230689541, 33.00004828102515, 29.995600859880327, 44.998476815853294, 36.77565670655291] : 0.0
-30665.3803146636 : 0.0 : [78.00017199860754, 33.00059899281787, 29.99586455053109, 44.999275609772816, 36.775062143072944] : 0.0
-30665.44612629806 : 0.0 : [78.0000300952592, 33.00011080676403, 29.995599322090303, 44.99893747307125, 36.7755084603491] : 0.0
-30665.349196839612 : 0.0 : [78.00065264551993, 33.00118032128927, 29.99597415232786, 44.99900319794436, 36.77449747356481] : 0.0
-30665.40105498614 : 0.0 : [78.00026270640281, 33.00133865284374, 29.996042220899888, 44.999965410696056, 36.77377319109732] : 0.0
-30665.336006127083 : 0.0 : [78.00040773276984, 33.00095346251281, 29.996104643648117, 44.998337405722936, 36.7743119574143] : 0.0
-30665.335371137706 : 0.0 : [78.00018211711131, 33.001113974701724, 29.996113136111468, 44.999292076804046, 36.77451527134068] : 0.0
-30665.44222044821 : 0.0 : [78.00040290445399, 33.00049293365683, 29.995634111482687, 44.99959141813787, 36.77500776953064] : 0.0
-30665.39545007015 : 0.0 : [78.0005702200722, 33.000643080333326, 29.995731880422674, 44.99944025898797, 36.775068569980206] : 0.0
-30665.38828339223 : 0.0 : [78.00035728950344, 33.000305903190515, 29.995887386631612, 44.99922841789353, 36.77463391831196] : 0.0
-30665.425623388594 : 0.0 : [78.00003165190842, 33.00050362059059, 29.99570951542409, 44.99891154932297, 36.775278006619075] : 0.0
-30665.385097920953 : 0.0 : [78.00035769962099, 33.000741375361244, 29.995905957752633, 44.99945489011924, 36.77459078363868] : 0.0
-30665.429395083047 : 0.0 : [78.00015148310308, 33.00031479261412, 29.99563161786572, 44.99851954485517, 36.77547920499683] : 0.0
-30665.434837945948 : 0.0 : [78.0002685221428, 33.000730529663045, 29.995694069530224, 44.99954652256907, 36.774965611163196] : 0.0
-30665.37349878975 : 0.0 : [78.00041989583855, 33.00045223373023, 29.99572693830142, 44.99879823001812, 36.77558657551551] : 0.0
-30665.406408541763 : 0.0 : [78.00022338369732, 33.000266195206535, 29.995674836638763, 44.9982875708979, 36.77554369699835] : 0.0
-30665.440532586126 : 0.0 : [78.00036269069463, 33.00009359964531, 29.995680434125283, 44.99957305878226, 36.7748472116719] : 0.0
-30665.36463069207 : 0.0 : [78.00064684500275, 33.001181728723054, 29.996012021786672, 44.99989517012948, 36.77408001733502] : 0.0
-30665.433627659204 : 0.0 : [78.0001953865756, 33.00056068918251, 29.995667879850124, 44.99963837481468, 36.77518964498468] : 0.0
-30665.2943421159 : 0.0 : [78.00118972198253, 33.00083709082793, 29.996104700012832, 44.99835586042164, 36.77413478368078] : 0.0
