Fitness : Violation : Position : Miscellaneous
8213.326122722669 : 234.79439715995824 : [356.95245113925387, 59.97285699427163, 419.9999999999998, 419.9999999999991, 458.5982251143529, 0.5235999999999907] : 0.0
8213.326122722669 : 228.04019100976967 : [300.7494085095835, 86.9896815949433, 420.0, 420.0, 282.44508927670597, 0.523599999999949] : 0.0
8213.326122722669 : 243.07764056240273 : [396.0223424378869, 26.839883384483592, 419.99999999999926, 420.0, 621.9801848417922, 0.5235999999999872] : 0.0
8213.326122722667 : 242.84241765510635 : [384.1474367159093, 27.780775013638703, 419.99999999999955, 419.99999999999994, 77.48641661318436, 0.5235999999999712] : 0.0
8213.326122722669 : 333.58774270626986 : [370.9459698252, 12.298924583676635, 419.99999999999983, 419.99999999999994, -350.04219350602693, 0.5235999999999827] : 0.0
8213.326122722669 : 238.59193548896712 : [370.48987728604186, 44.78270367819668, 419.9999999999997, 419.9999999999994, 322.9838365947761, 0.5235999999999712] : 0.0
8213.32612272267 : 249.50296902451385 : [304.69917405258144, 1.138569536045253, 419.99999999999994, 419.99999999999955, 102.40357357892383, 0.5235999999999884] : 0.0
8213.326122722669 : 249.7374374122439 : [323.2219111524607, 0.2006959851218113, 419.999999999999, 419.9999999999989, 738.1812653550143, 0.523599999999989] : 0.0
8213.32612272267 : 242.5141674583615 : [323.2836506751362, 29.0937758006645, 420.0, 419.9999999999999, 954.298694717979, 0.5235999999999934] : 0.0
8213.326122722672 : 339.40591402622977 : [380.89072366682433, 51.76785258190222, 419.9999999999995, 419.99999999999994, -412.78380678411105, 0.5235999999999755] : 0.0
8213.326122722674 : 459.06028315193174 : [358.93028762785207, 13.55772916921589, 419.9999999999998, 419.99999999999955, -853.1911598741854, 0.5235999999999942] : 0.0
8213.326122722669 : 240.70856121681902 : [340.1476391478192, 55.61312840483707, 419.9999999999994, 419.9999999999998, -21.83967136934902, 0.523599999999997] : 0.0
8213.326122722672 : 342.7416505016596 : [330.0706216638664, 10.890755162182455, 419.9999999999977, 419.9999999999991, -385.2496552660857, 0.5235999999999872] : 0.0
8213.32612272267 : 360.75426721033676 : [349.2872760752969, 43.91225694634044, 419.9999999999982, 419.99999999999955, -490.3216238849416, 0.5235999999999907] : 0.0
8213.32612272267 : 234.53447841095152 : [341.974627956759, 61.01253199029769, 419.999999999999, 419.9999999999999, 446.28912544530135, 0.5235999999999925] : 0.0
8213.326122722669 : 263.45465830096026 : [392.75426293549606, 17.486286992121677, 419.999999999999, 419.9999999999998, -74.69721829324017, 0.523599999999981] : 0.0
8213.326122722665 : 249.54895704091692 : [335.86496188003423, 0.9546174704201973, 419.9999999999998, 420.0, 827.1762366272706, 0.5235999999999827] : 0.0
8213.326122722672 : 344.4930803386404 : [372.95514283920903, 58.7398045328359, 419.9999999999992, 419.9999999999997, -440.1044239846612, 0.5235999999999863] : 0.0
8213.326122722672 : 293.41483750709716 : [331.59236584845434, 68.17494890376071, 419.9999999999982, 419.9999999999999, -245.22659702941627, 0.5235999999999854] : 0.0
8213.32612272267 : 242.83711236470393 : [346.68769647822137, 27.8019961752519, 419.9999999999994, 419.999999999999, 108.1626594094244, 0.523599999999973] : 0.0
8213.32612272267 : 228.32546995108555 : [332.1305504794244, 85.84856582973688, 419.9999999999993, 419.9999999999997, 59.2323816305113, 0.5235999999999792] : 0.0
8213.326122722669 : 447.2146987967702 : [347.5401754558397, 41.869270253354536, 419.9999999999998, 419.9999999999993, -834.1203635377125, 0.523599999999981] : 0.0
8213.32612272267 : 436.5622009675234 : [363.4724687927361, 46.45577802970745, 419.99999999999795, 419.99999999999983, -796.0968799970636, 0.5235999999999872] : 0.0
8213.32612272267 : 262.10880175621617 : [344.2755554337152, 32.45060208964585, 419.9999999999997, 419.9999999999999, -84.2781072117429, 0.5235999999999977] : 0.0
8213.32612272267 : 238.15697471451261 : [341.4890242825166, 46.522546776039334, 419.9999999999998, 420.0, 179.9926021118905, 0.5235999999999836] : 0.0
8213.32612272267 : 411.45688821679533 : [346.60927708483706, 55.04566459365824, 419.9999999999995, 419.99999999999994, -704.2655155581386, 0.5235999999999721] : 0.0
8213.326122722672 : 246.93886551358165 : [356.59686646054763, 90.13972513842586, 419.99999999999955, 420.0, -81.28748528998048, 0.5235999999999995] : 0.0
8213.326122722667 : 225.13363836614394 : [332.86443279983666, 98.61589216954161, 419.99999999999966, 420.0, 975.2555898461256, 0.5235999999999978] : 0.0
8213.326122722672 : 233.07784283614754 : [360.8593112543148, 66.83907428943265, 419.9999999999994, 419.9999999999999, 786.6428469800812, 0.5235999999999508] : 0.0
8213.326122722667 : 238.35541354097276 : [332.16621449045243, 45.72879147018101, 419.9999999999998, 420.0, 78.1383841305136, 0.5235999999999748] : 0.0
