Fitness : Violation : Position : Miscellaneous
-44.410701269669595 : 7181795.201523617 : [-46.63771145872373, -39.27659353884826, -47.481811579749916, -50.0, -47.7616065938397, -41.7488491181317, -46.525092755497525, -42.17614060112534, -48.442035559413426, -46.710865252579026] : 0.0
-44.410701269669595 : 7441908.719236623 : [-43.8612726330129, -46.91130870723664, -48.15960467714485, -50.0, -45.68284111465631, -45.06162317482304, -36.3513511480169, -48.61362210487742, -48.49095355935899, -45.16776913185866] : 0.0
-44.410701269669595 : 7088624.3003932545 : [-44.88309694471074, -41.162990640563905, -46.81738665575142, -50.0, -48.88193074135785, -47.72120744860989, -37.87007777463144, -42.87629371320034, -48.78172909198041, -40.79248287631843] : 0.0
-44.410701269669595 : 7329619.931107244 : [-47.10261286229582, -39.567846540397284, -48.74227395716585, -50.0, -46.18782617506005, -41.02909950187797, -47.31865323764395, -42.59316060194218, -48.9315064470937, -42.53308743657469] : 0.0
-44.410701269669595 : 6475906.039064443 : [-43.83932250188805, -40.45675604084676, -46.75601639238654, -50.0, -47.40964172960565, -40.96745813141825, -41.32708157204628, -43.48258035468052, -48.31718086827876, -47.96917882866854] : 0.0
-44.410701269669595 : 5306178.869867673 : [-46.39811427947797, -44.894167729544435, -46.28319646775661, -50.0, -45.571155873122514, -36.59297498049741, -36.708237369799264, -42.379653614204784, -48.55107592510926, -45.666674552028795] : 0.0
-44.410701269669595 : 6760002.400715976 : [-47.410514819058136, -42.81410047039866, -46.76629511698136, -50.0, -49.171886044900255, -42.38944035573477, -44.727790867372036, -40.101200804810695, -49.18634532084195, -40.44835776119203] : 0.0
-44.410701269669595 : 5975989.890963912 : [-49.71104159124068, -40.971856410758036, -46.40754834886617, -50.0, -48.338461150063566, -39.029321976893456, -39.378115961932345, -43.062003195782445, -48.82070187072118, -41.7863010423477] : 0.0
-44.410701269669595 : 6842292.230702095 : [-46.58972360144044, -39.43044322701543, -48.5919148608714, -50.0, -46.25445652485567, -36.17880926936388, -43.2376880297423, -46.82209169176502, -49.18678934041478, -46.25546797526442] : 0.0
-44.410701269669595 : 7049280.490697851 : [-44.51378555499599, -40.29049954879656, -48.8756101307699, -50.0, -45.73845199812561, -39.44622227802832, -49.54695022255517, -39.17249682704711, -48.40477479258033, -41.604193792167166] : 0.0
-44.410701269669595 : 7205377.654295761 : [-46.63088270272232, -41.02271101191233, -47.20760237021265, -50.0, -48.54557763400387, -45.6215912666116, -42.12835615435276, -43.301560832666915, -47.909196554177484, -40.31571717051577] : 0.0
-44.410701269669595 : 7074816.608988798 : [-43.88658507365464, -46.923722981456834, -47.981009370185845, -50.0, -49.684692030255626, -48.42849054796477, -43.48210497824407, -35.94021023168276, -48.67786610328295, -44.514348855762165] : 0.0
-44.410701269669595 : 7088784.459820192 : [-44.49579131893256, -44.37034001464912, -46.628162589654664, -50.0, -49.68241083244925, -45.58401411695348, -42.097762009473726, -42.28997401554347, -48.352254237420674, -42.515929627454405] : 0.0
-44.410701269669595 : 9325336.44922636 : [-46.927782977439094, -40.59130151609973, -46.31493506435293, -50.0, -47.54063798668052, -46.10992344785579, -49.26013608691399, -47.6982454423499, -48.82673933642552, -39.38602925550004] : 0.0
-44.410701269669595 : 8429957.259255603 : [-46.43006918742441, -45.261420134651786, -47.80374440342385, -50.0, -45.66930034510116, -48.120552910143715, -42.2920647681056, -46.80733359249977, -49.47526113899352, -46.11669310653028] : 0.0
-44.410701269669595 : 6292120.6262879055 : [-44.91341626715884, -48.78585391895031, -48.13128786825848, -50.0, -47.86613557060496, -35.567715404219975, -48.12993282250744, -38.60785764691295, -48.32703058851136, -48.221778136943385] : 0.0
-44.410701269669595 : 7741487.028764386 : [-49.819015177148685, -47.748415076893146, -47.76676212193564, -50.0, -47.984635301337654, -44.245462683729684, -49.547562539130254, -38.329992358475046, -49.63013951803366, -46.804140827051576] : 0.0
-44.410701269669595 : 7483631.559056198 : [-49.05654687618984, -47.12043019848839, -47.87038567043746, -50.0, -48.17179701951392, -44.53492238444095, -40.475662645220034, -46.8820373331112, -48.621883564057384, -42.326241331329385] : 0.0
-44.410701269669595 : 7430143.338037922 : [-44.54589361937625, -47.392138930281305, -46.722834367673286, -50.0, -48.79432167108196, -48.64931640601266, -39.513924465657894, -42.37496879736236, -49.29716929819995, -41.233034399070974] : 0.0
-44.410701269669595 : 6527983.709281546 : [-49.32777557877121, -43.4470190320016, -46.54479339126259, -50.0, -48.33801854697119, -44.803828328554545, -43.57624475056254, -37.0520936034603, -48.46598868513678, -41.295061693674285] : 0.0
-44.410701269669595 : 8209490.731346046 : [-45.6365166214658, -46.09871218664726, -46.90838279946784, -50.0, -47.60223159209745, -49.11895822416194, -43.221109582515126, -44.0249886772285, -48.77014975489716, -43.250734462212236] : 0.0
-44.410701269669595 : 6667614.228562756 : [-46.371321238865555, -45.02473382927125, -49.27407747476263, -50.0, -47.8582429780604, -46.13422133163004, -39.332766874107705, -40.90812330073429, -48.57111587156737, -44.171895481016186] : 0.0
-44.410701269669595 : 6111359.413534261 : [-48.53596227282556, -43.25768435353793, -47.95541207955053, -50.0, -47.26063001533163, -42.70303668158555, -38.83351910995658, -41.430024003920224, -48.333525287749595, -42.959491969399636] : 0.0
-44.410701269669595 : 6961682.583126249 : [-47.39974230709177, -43.85158524992153, -48.34154956754651, -50.0, -48.245900902233515, -41.65194307811453, -37.50540069540516, -47.81592585770285, -49.19088526129424, -49.20925996160719] : 0.0
-44.410701269669595 : 6596928.138668636 : [-47.27271862720785, -40.39849655075497, -49.17179574052391, -50.0, -48.83645553034788, -42.042003748388595, -39.526924665658754, -44.79729641747949, -48.18886204955425, -48.28943497762204] : 0.0
-44.410701269669595 : 6966106.277009655 : [-43.814320160912416, -49.642120942174344, -47.285077755884984, -50.0, -45.47895756574523, -40.547645420365434, -43.288101393198616, -45.497646014682914, -47.76678424754926, -46.13270111409034] : 0.0
-44.410701269669595 : 7094541.007325314 : [-47.09344199445343, -41.52679239565805, -47.93037357485128, -50.0, -47.705168543130675, -41.61589593303637, -38.36105015210464, -48.24422110975385, -48.85258579333093, -46.32061479144101] : 0.0
-44.410701269669595 : 5650940.363659309 : [-45.88011564875599, -43.61257954973763, -48.52396901121463, -50.0, -48.09442912907518, -41.2218532203689, -39.41786579862886, -37.95036202625445, -49.411235892395666, -46.01363222946701] : 0.0
-44.410701269669595 : 8108038.467712679 : [-47.73144203221631, -44.36590493224334, -49.374986689244345, -50.0, -45.18489836513879, -48.928328034013646, -44.351339473218374, -43.014255418635216, -47.97851439975808, -42.86285240291116] : 0.0
-44.410701269669595 : 6621908.11276501 : [-46.853521215888996, -44.34979026371833, -46.27437053274177, -50.0, -48.551246004643986, -40.59870718125731, -37.565562342404114, -46.68963030802714, -49.286620837202335, -44.78593517636285] : 0.0
