Position - Fitness - Violation
[82.39898182300635, 40.83866370077379, 28.46618919586298, 37.108513759937374, 27.364527389886717] - -31493.298748088848 - 0.34614287317384473
[82.39898182300635, 40.83866370077379, 28.46618919586298, 37.108513759937374, 27.364527389886717] - -31493.298748088848 - 0.34614287317384473
[82.39898182300635, 40.83866370077379, 28.46618919586298, 37.108513759937374, 27.364527389886717] - -31493.298748088848 - 0.34614287317384473
[82.39898182300635, 40.83866370077379, 28.46618919586298, 37.108513759937374, 27.364527389886717] - -31493.298748088848 - 0.34614287317384473
[79.36697433471858, 39.673852284382406, 27.377400925881417, 32.43596763010655, 31.361131887604984] - -31736.39699941222 - 0.3946299700796523
[79.36697433471858, 39.673852284382406, 27.377400925881417, 32.43596763010655, 31.361131887604984] - -31736.39699941222 - 0.3946299700796523
[79.36697433471858, 39.673852284382406, 27.377400925881417, 32.43596763010655, 31.361131887604984] - -31736.39699941222 - 0.3946299700796523
[79.80220558671303, 38.075260339041776, 27.16912421332998, 36.20359019426532, 30.36848729341108] - -31835.827870265424 - 0.37022824685911715
[79.80220558671303, 38.075260339041776, 27.16912421332998, 36.20359019426532, 30.36848729341108] - -31835.827870265424 - 0.37022824685911715
[79.80220558671303, 38.075260339041776, 27.16912421332998, 36.20359019426532, 30.36848729341108] - -31835.827870265424 - 0.37022824685911715
[79.80220558671303, 38.075260339041776, 27.16912421332998, 36.20359019426532, 30.36848729341108] - -31835.827870265424 - 0.37022824685911715
[79.80220558671303, 38.075260339041776, 27.16912421332998, 36.20359019426532, 30.36848729341108] - -31835.827870265424 - 0.37022824685911715
[80.35496554814148, 44.00742969201965, 27.035622370032797, 27.610617274214384, 30.384648890675816] - -31838.871859168452 - 0.5334181370526103
[80.35496554814148, 44.00742969201965, 27.035622370032797, 27.610617274214384, 30.384648890675816] - -31838.871859168452 - 0.5334181370526103
[81.99275076286398, 44.987635246794326, 27.296956762308007, 31.660082147484765, 27.113219082384777] - -31884.290515125525 - 0.5040216832997556
[79.30666493271994, 35.18530811057347, 27.116446770573607, 33.20429326206189, 27.44169350624402] - -32076.18112894798 - 0.4638505865872305
[79.30666493271994, 35.18530811057347, 27.116446770573607, 33.20429326206189, 27.44169350624402] - -32076.18112894798 - 0.4638505865872305
[79.30666493271994, 35.18530811057347, 27.116446770573607, 33.20429326206189, 27.44169350624402] - -32076.18112894798 - 0.4638505865872305
[79.30666493271994, 35.18530811057347, 27.116446770573607, 33.20429326206189, 27.44169350624402] - -32076.18112894798 - 0.4638505865872305
[79.30666493271994, 35.18530811057347, 27.116446770573607, 33.20429326206189, 27.44169350624402] - -32076.18112894798 - 0.4638505865872305
[79.30666493271994, 35.18530811057347, 27.116446770573607, 33.20429326206189, 27.44169350624402] - -32076.18112894798 - 0.4638505865872305
[79.30666493271994, 35.18530811057347, 27.116446770573607, 33.20429326206189, 27.44169350624402] - -32076.18112894798 - 0.4638505865872305
[79.30666493271994, 35.18530811057347, 27.116446770573607, 33.20429326206189, 27.44169350624402] - -32076.18112894798 - 0.4638505865872305
[79.30666493271994, 35.18530811057347, 27.116446770573607, 33.20429326206189, 27.44169350624402] - -32076.18112894798 - 0.4638505865872305
[79.30666493271994, 35.18530811057347, 27.116446770573607, 33.20429326206189, 27.44169350624402] - -32076.18112894798 - 0.4638505865872305
[79.28465781889811, 36.77383069412764, 27.013332717864223, 31.820321760429668, 27.858931968712646] - -32079.766509774123 - 0.47204973799874966
[79.28465781889811, 36.77383069412764, 27.013332717864223, 31.820321760429668, 27.858931968712646] - -32079.766509774123 - 0.47204973799874966
[79.28465781889811, 36.77383069412764, 27.013332717864223, 31.820321760429668, 27.858931968712646] - -32079.766509774123 - 0.47204973799874966
[79.28465781889811, 36.77383069412764, 27.013332717864223, 31.820321760429668, 27.858931968712646] - -32079.766509774123 - 0.47204973799874966
[79.28465781889811, 36.77383069412764, 27.013332717864223, 31.820321760429668, 27.858931968712646] - -32079.766509774123 - 0.47204973799874966
[79.28465781889811, 36.77383069412764, 27.013332717864223, 31.820321760429668, 27.858931968712646] - -32079.766509774123 - 0.47204973799874966
[78.63514729699676, 36.77383069412764, 27.013332717864223, 31.820321760429668, 27.858931968712646] - -32119.110378921698 - 0.4757187827280583
[78.63514729699676, 36.77383069412764, 27.013332717864223, 31.820321760429668, 27.858931968712646] - -32119.110378921698 - 0.4757187827280583
[78.63514729699676, 36.77383069412764, 27.013332717864223, 31.820321760429668, 27.858931968712646] - -32119.110378921698 - 0.4757187827280583
[78.63514729699676, 36.77383069412764, 27.013332717864223, 31.820321760429668, 27.858931968712646] - -32119.110378921698 - 0.4757187827280583
[78.63514729699676, 36.77383069412764, 27.013332717864223, 31.820321760429668, 27.858931968712646] - -32119.110378921698 - 0.4757187827280583
[78.63514729699676, 36.77383069412764, 27.013332717864223, 31.820321760429668, 27.858931968712646] - -32119.110378921698 - 0.4757187827280583
[78.63514729699676, 36.77383069412764, 27.013332717864223, 31.820321760429668, 27.858931968712646] - -32119.110378921698 - 0.4757187827280583
[78.18196225880678, 42.12236150042554, 27.165747027264302, 29.1967390779036, 27.4755519398605] - -32127.36696769198 - 0.5017494169702582
[78.18196225880678, 42.12236150042554, 27.165747027264302, 29.1967390779036, 27.4755519398605] - -32127.36696769198 - 0.5017494169702582
[78.18196225880678, 42.12236150042554, 27.165747027264302, 29.1967390779036, 27.4755519398605] - -32127.36696769198 - 0.5017494169702582
[78.1253741599764, 33.09195025260621, 27.083002623899578, 38.3715429689481, 27.627660481323673] - -32144.89593279965 - 0.42370649357751883
[78.00460846240645, 34.287574215061184, 27.11997043673999, 34.21541648402297, 27.465095459770456] - -32152.049271615346 - 0.4618436285072048
[78.00460846240645, 34.287574215061184, 27.11997043673999, 34.21541648402297, 27.465095459770456] - -32152.049271615346 - 0.4618436285072048
[78.00460846240645, 34.287574215061184, 27.11997043673999, 34.21541648402297, 27.465095459770456] - -32152.049271615346 - 0.4618436285072048
[78.12233510560607, 39.93837359155283, 27.066188157841466, 32.2515450933045, 27.581553786851103] - -32152.967827672743 - 0.47823472475543366
[78.17726818946032, 42.46590142361641, 27.032154874301142, 44.65635242232567, 27.28674272705299] - -32178.77815657857 - 0.45953612624744206
[78.17726818946032, 42.46590142361641, 27.032154874301142, 44.65635242232567, 27.28674272705299] - -32178.77815657857 - 0.45953612624744206
[78.17726818946032, 42.46590142361641, 27.032154874301142, 44.65635242232567, 27.28674272705299] - -32178.77815657857 - 0.45953612624744206
[78.17726818946032, 42.46590142361641, 27.032154874301142, 44.65635242232567, 27.28674272705299] - -32178.77815657857 - 0.45953612624744206
[78.17726818946032, 42.46590142361641, 27.032154874301142, 44.65635242232567, 27.28674272705299] - -32178.77815657857 - 0.45953612624744206
[78.17726818946032, 42.46590142361641, 27.032154874301142, 44.65635242232567, 27.28674272705299] - -32178.77815657857 - 0.45953612624744206
[78.17726818946032, 42.46590142361641, 27.032154874301142, 44.65635242232567, 27.28674272705299] - -32178.77815657857 - 0.45953612624744206
[78.17726818946032, 42.46590142361641, 27.032154874301142, 44.65635242232567, 27.28674272705299] - -32178.77815657857 - 0.45953612624744206
[78.20943120598824, 33.18329087091921, 27.0678952512641, 36.291164586842704, 27.022732847384578] - -32183.740920432043 - 0.45473426170124637
[78.22442060347666, 36.08338523928199, 27.04655332559762, 31.641735325078614, 27.035719361808] - -32188.18229378619 - 0.4954209212918587
[78.22442060347666, 36.08338523928199, 27.04655332559762, 31.641735325078614, 27.035719361808] - -32188.18229378619 - 0.4954209212918587
[78.22442060347666, 36.08338523928199, 27.037433989504365, 41.65475227912071, 27.035719361808] - -32190.824841611335 - 0.4097415959514657
[78.02227975667181, 40.48967744453699, 27.00906501569955, 42.39055244887909, 27.344146194008076] - -32191.03512584385 - 0.4114522123073006
[78.02227975667181, 40.48967744453699, 27.00906501569955, 42.39055244887909, 27.344146194008076] - -32191.03512584385 - 0.4114522123073006
[78.02227975667181, 40.48967744453699, 27.00906501569955, 42.39055244887909, 27.344146194008076] - -32191.03512584385 - 0.4114522123073006
[78.02323765157422, 40.64303398948891, 27.040887535305675, 39.93846860866286, 27.058762888324342] - -32200.369869281276 - 0.424977610019015
[78.02323765157422, 40.64303398948891, 27.040887535305675, 39.93846860866286, 27.058762888324342] - -32200.369869281276 - 0.424977610019015
[78.02323765157422, 40.64303398948891, 27.040887535305675, 39.93846860866286, 27.058762888324342] - -32200.369869281276 - 0.424977610019015
[78.02323765157422, 40.64303398948891, 27.040887535305675, 39.93846860866286, 27.058762888324342] - -32200.369869281276 - 0.424977610019015
[78.07703286014947, 38.82649441807771, 27.00209705427784, 37.12817880880283, 27.12593785114318] - -32203.996132442815 - 0.4493378977291134
[78.00760011775273, 39.83181677508516, 27.010137527119095, 35.8560851227012, 27.053384975629818] - -32210.56236399238 - 0.4617979728038784
[78.00760011775273, 39.83181677508516, 27.010137527119095, 35.8560851227012, 27.053384975629818] - -32210.56236399238 - 0.4617979728038784
[78.00760011775273, 39.83181677508516, 27.010137527119095, 35.8560851227012, 27.053384975629818] - -32210.56236399238 - 0.4617979728038784
[78.00760011775273, 39.83181677508516, 27.010137527119095, 35.8560851227012, 27.053384975629818] - -32210.56236399238 - 0.4617979728038784
[78.00760011775273, 39.83181677508516, 27.010137527119095, 35.8560851227012, 27.053384975629818] - -32210.56236399238 - 0.4617979728038784
[78.00760011775273, 39.83181677508516, 27.010137527119095, 35.8560851227012, 27.053384975629818] - -32210.56236399238 - 0.4617979728038784
[78.00760011775273, 39.83181677508516, 27.010137527119095, 35.8560851227012, 27.053384975629818] - -32210.56236399238 - 0.4617979728038784
[78.00760011775273, 39.83181677508516, 27.010137527119095, 35.8560851227012, 27.053384975629818] - -32210.56236399238 - 0.4617979728038784
[78.00760011775273, 39.83181677508516, 27.010137527119095, 35.8560851227012, 27.053384975629818] - -32210.56236399238 - 0.4617979728038784
[78.00760011775273, 39.83181677508516, 27.010137527119095, 35.8560851227012, 27.053384975629818] - -32210.56236399238 - 0.4617979728038784
[78.00760011775273, 39.83181677508516, 27.000605643494655, 35.8560851227012, 27.053384975629818] - -32213.32071681467 - 0.4622642864077792
[78.00760011775273, 39.83181677508516, 27.000605643494655, 35.8560851227012, 27.053384975629818] - -32213.32071681467 - 0.4622642864077792
[78.00760011775273, 39.83181677508516, 27.000605643494655, 35.8560851227012, 27.053384975629818] - -32213.32071681467 - 0.4622642864077792
[78.00760011775273, 39.83181677508516, 27.000605643494655, 35.8560851227012, 27.053384975629818] - -32213.32071681467 - 0.4622642864077792
[78.00760011775273, 39.83181677508516, 27.000605643494655, 35.8560851227012, 27.053384975629818] - -32213.32071681467 - 0.4622642864077792
[78.00760011775273, 39.83181677508516, 27.000605643494655, 35.8560851227012, 27.053384975629818] - -32213.32071681467 - 0.4622642864077792
[78.00760011775273, 39.83181677508516, 27.000605643494655, 35.8560851227012, 27.053384975629818] - -32213.32071681467 - 0.4622642864077792
[78.00760011775273, 39.83181677508516, 27.000605643494655, 35.8560851227012, 27.053384975629818] - -32213.32071681467 - 0.4622642864077792
[78.00760011775273, 39.83181677508516, 27.000605643494655, 35.8560851227012, 27.053384975629818] - -32213.32071681467 - 0.4622642864077792
[78.00760011775273, 39.83181677508516, 27.000605643494655, 35.8560851227012, 27.053384975629818] - -32213.32071681467 - 0.4622642864077792
[78.00760011775273, 39.83181677508516, 27.000605643494655, 35.8560851227012, 27.053384975629818] - -32213.32071681467 - 0.4622642864077792
[78.00760011775273, 39.83181677508516, 27.000605643494655, 35.8560851227012, 27.053384975629818] - -32213.32071681467 - 0.4622642864077792
[78.00760011775273, 39.83181677508516, 27.000605643494655, 35.8560851227012, 27.053384975629818] - -32213.32071681467 - 0.4622642864077792
[78.00760011775273, 39.83181677508516, 27.000605643494655, 35.8560851227012, 27.053384975629818] - -32213.32071681467 - 0.4622642864077792
[78.00760011775273, 39.83181677508516, 27.000605643494655, 35.8560851227012, 27.053384975629818] - -32213.32071681467 - 0.4622642864077792
[78.00760011775273, 39.83181677508516, 27.000605643494655, 35.8560851227012, 27.053384975629818] - -32213.32071681467 - 0.4622642864077792
[78.0018211907788, 43.108063953995504, 27.000588258380425, 35.793388354643255, 27.048714455501866] - -32213.976362134174 - 0.47991338420830526
[78.0018211907788, 43.108063953995504, 27.000588258380425, 35.793388354643255, 27.048714455501866] - -32213.976362134174 - 0.47991338420830526
[78.0018211907788, 43.108063953995504, 27.000588258380425, 35.793388354643255, 27.048714455501866] - -32213.976362134174 - 0.47991338420830526
[78.0018211907788, 43.108063953995504, 27.000588258380425, 35.793388354643255, 27.048714455501866] - -32213.976362134174 - 0.47991338420830526
[78.02839468608572, 33.29999416262174, 27.00062959255874, 36.715995361885376, 27.0188409107574] - -32214.320694035356 - 0.4554914346586916
[78.02839468608572, 33.29999416262174, 27.00062959255874, 36.715995361885376, 27.0188409107574] - -32214.320694035356 - 0.4554914346586916
[78.02839468608572, 33.29999416262174, 27.00062959255874, 36.715995361885376, 27.0188409107574] - -32214.320694035356 - 0.4554914346586916
[78.00129297703285, 37.791524995163925, 27.00484477544756, 30.86894617560612, 27.01452692485949] - -32215.004872126938 - 0.5057534507808121
[78.00129297703285, 37.791524995163925, 27.00484477544756, 30.86894617560612, 27.01452692485949] - -32215.004872126938 - 0.5057534507808121
[78.00875644881559, 39.8799727102447, 27.001149276425487, 34.386706691202036, 27.011178073211468] - -32215.84567267209 - 0.47574429629199183
[78.00875644881559, 39.8799727102447, 27.001149276425487, 34.386706691202036, 27.011178073211468] - -32215.84567267209 - 0.47574429629199183
[78.00875644881559, 39.8799727102447, 27.001149276425487, 34.386706691202036, 27.011178073211468] - -32215.84567267209 - 0.47574429629199183
[78.00875644881559, 39.8799727102447, 27.001149276425487, 34.386706691202036, 27.011178073211468] - -32215.84567267209 - 0.47574429629199183
[78.00875644881559, 39.8799727102447, 27.001149276425487, 34.386706691202036, 27.011178073211468] - -32215.84567267209 - 0.47574429629199183
[78.00875644881559, 39.8799727102447, 27.001149276425487, 34.386706691202036, 27.011178073211468] - -32215.84567267209 - 0.47574429629199183
[78.00875644881559, 39.8799727102447, 27.001149276425487, 34.386706691202036, 27.011178073211468] - -32215.84567267209 - 0.47574429629199183
[78.00875644881559, 39.8799727102447, 27.001149276425487, 34.386706691202036, 27.011178073211468] - -32215.84567267209 - 0.47574429629199183
[78.00875644881559, 39.8799727102447, 27.001149276425487, 34.386706691202036, 27.011178073211468] - -32215.84567267209 - 0.47574429629199183
[78.00875644881559, 39.8799727102447, 27.001149276425487, 34.386706691202036, 27.011178073211468] - -32215.84567267209 - 0.47574429629199183
[78.00875644881559, 39.8799727102447, 27.001149276425487, 34.386706691202036, 27.011178073211468] - -32215.84567267209 - 0.47574429629199183
[78.0065392209217, 44.38020895958621, 27.000666556559846, 30.044237311368345, 27.01069916797974] - -32216.149296318716 - 0.5146615994889588
[78.00129297703285, 38.355254151195844, 27.00343391937215, 34.756439889934484, 27.000368429254763] - -32216.33604858076 - 0.47272883085219775
[78.00018947913196, 36.25033641036454, 27.001937322416612, 33.1600377695152, 27.002416555311783] - -32216.701640679534 - 0.48647562919580406
[78.00018947913196, 36.25033641036454, 27.001937322416612, 33.1600377695152, 27.002416555311783] - -32216.701640679534 - 0.48647562919580406
[78.00018947913196, 36.25033641036454, 27.001937322416612, 33.1600377695152, 27.002416555311783] - -32216.701640679534 - 0.48647562919580406
[78.00018947913196, 36.25033641036454, 27.001937322416612, 33.1600377695152, 27.002416555311783] - -32216.701640679534 - 0.48647562919580406
[78.00325479555157, 36.99518547230729, 27.000247943048144, 28.639216989510565, 27.00352719294383] - -32216.934553809868 - 0.525342242242956
[78.00325479555157, 36.99518547230729, 27.000247943048144, 28.639216989510565, 27.00352719294383] - -32216.934553809868 - 0.525342242242956
[78.00018947913196, 36.25033641036454, 27.00015008377817, 34.82091455938992, 27.002416555311783] - -32217.21875197475 - 0.4722973522854244
[78.00018947913196, 36.25033641036454, 27.00015008377817, 34.82091455938992, 27.002416555311783] - -32217.21875197475 - 0.4722973522854244
[78.00018947913196, 36.25033641036454, 27.00015008377817, 34.82091455938992, 27.002416555311783] - -32217.21875197475 - 0.4722973522854244
[78.00018947913196, 36.25033641036454, 27.00015008377817, 34.82091455938992, 27.002416555311783] - -32217.21875197475 - 0.4722973522854244
[78.00018947913196, 36.25033641036454, 27.00015008377817, 34.82091455938992, 27.002416555311783] - -32217.21875197475 - 0.4722973522854244
[78.00018947913196, 36.25033641036454, 27.00015008377817, 34.82091455938992, 27.002416555311783] - -32217.21875197475 - 0.4722973522854244
[78.00018947913196, 36.25033641036454, 27.00015008377817, 34.82091455938992, 27.002416555311783] - -32217.21875197475 - 0.4722973522854244
[78.00018947913196, 36.25033641036454, 27.00015008377817, 34.82091455938992, 27.002416555311783] - -32217.21875197475 - 0.4722973522854244
[78.00018947913196, 36.25033641036454, 27.00015008377817, 34.82091455938992, 27.002416555311783] - -32217.21875197475 - 0.4722973522854244
[78.00018947913196, 36.25033641036454, 27.00015008377817, 34.82091455938992, 27.002416555311783] - -32217.21875197475 - 0.4722973522854244
[78.00018947913196, 36.25033641036454, 27.00015008377817, 34.82091455938992, 27.002416555311783] - -32217.21875197475 - 0.4722973522854244
[78.00018947913196, 36.25033641036454, 27.00015008377817, 34.82091455938992, 27.002416555311783] - -32217.21875197475 - 0.4722973522854244
[78.00018947913196, 36.25033641036454, 27.00015008377817, 34.82091455938992, 27.002416555311783] - -32217.21875197475 - 0.4722973522854244
[78.00018947913196, 36.25033641036454, 27.00015008377817, 34.82091455938992, 27.002416555311783] - -32217.21875197475 - 0.4722973522854244
[78.00018947913196, 36.25033641036454, 27.00015008377817, 34.82091455938992, 27.002416555311783] - -32217.21875197475 - 0.4722973522854244
[78.00018947913196, 36.25033641036454, 27.00015008377817, 34.82091455938992, 27.002416555311783] - -32217.21875197475 - 0.4722973522854244
[78.00018947913196, 36.25033641036454, 27.00015008377817, 34.82091455938992, 27.002416555311783] - -32217.21875197475 - 0.4722973522854244
[78.00018947913196, 36.25033641036454, 27.00015008377817, 34.82091455938992, 27.002416555311783] - -32217.21875197475 - 0.4722973522854244
[78.00018947913196, 36.25033641036454, 27.00015008377817, 34.82091455938992, 27.002416555311783] - -32217.21875197475 - 0.4722973522854244
[78.00018947913196, 36.25033641036454, 27.00015008377817, 34.82091455938992, 27.002416555311783] - -32217.21875197475 - 0.4722973522854244
[78.00091167341984, 43.60079252214848, 27.000341234363304, 37.0743611254676, 27.000078692388065] - -32217.272609713524 - 0.4914883375443762
[78.00091167341984, 43.60079252214848, 27.000341234363304, 37.0743611254676, 27.000078692388065] - -32217.272609713524 - 0.4914883375443762
[78.00021733510405, 36.874731445517654, 27.000339366162265, 35.47941585066686, 27.000006855091602] - -32217.319393819824 - 0.4666835544110424
[78.00021733510405, 36.874731445517654, 27.000339366162265, 35.47941585066686, 27.000006855091602] - -32217.319393819824 - 0.4666835544110424
[78.00021733510405, 36.874731445517654, 27.000339366162265, 35.47941585066686, 27.000006855091602] - -32217.319393819824 - 0.4666835544110424
[78.00021733510405, 36.874731445517654, 27.000339366162265, 35.47941585066686, 27.000006855091602] - -32217.319393819824 - 0.4666835544110424
[78.00021733510405, 36.874731445517654, 27.000339366162265, 35.47941585066686, 27.000006855091602] - -32217.319393819824 - 0.4666835544110424
[78.00021733510405, 36.874731445517654, 27.000339366162265, 35.47941585066686, 27.000006855091602] - -32217.319393819824 - 0.4666835544110424
[78.00021733510405, 36.874731445517654, 27.000339366162265, 35.47941585066686, 27.000006855091602] - -32217.319393819824 - 0.4666835544110424
[78.00021733510405, 36.874731445517654, 27.000339366162265, 35.47941585066686, 27.000006855091602] - -32217.319393819824 - 0.4666835544110424
[78.00030459321565, 36.621642936099434, 27.000175170947315, 34.84788964768709, 27.000537896002747] - -32217.327061545308 - 0.4721035699080822
[78.00030459321565, 36.621642936099434, 27.000175170947315, 34.84788964768709, 27.000537896002747] - -32217.327061545308 - 0.4721035699080822
[78.00030459321565, 36.621642936099434, 27.000175170947315, 34.84788964768709, 27.000537896002747] - -32217.327061545308 - 0.4721035699080822
[78.00030459321565, 36.621642936099434, 27.000175170947315, 34.84788964768709, 27.000537896002747] - -32217.327061545308 - 0.4721035699080822
[78.00030459321565, 36.621642936099434, 27.000175170947315, 34.84788964768709, 27.000537896002747] - -32217.327061545308 - 0.4721035699080822
[78.00030459321565, 36.621642936099434, 27.000175170947315, 34.84788964768709, 27.000537896002747] - -32217.327061545308 - 0.4721035699080822
[78.00060220183217, 34.47383968571782, 27.000101827790413, 28.94100504977897, 27.000078692388065] - -32217.36040039907 - 0.5228451614786541
[78.00060220183217, 34.47383968571782, 27.000101827790413, 28.94100504977897, 27.000078692388065] - -32217.36040039907 - 0.5228451614786541
[78.00060220183217, 34.47383968571782, 27.000101827790413, 28.94100504977897, 27.000078692388065] - -32217.36040039907 - 0.5228451614786541
[78.00060220183217, 34.47383968571782, 27.000101827790413, 28.94100504977897, 27.000078692388065] - -32217.36040039907 - 0.5228451614786541
[78.00060220183217, 34.47383968571782, 27.000101827790413, 28.94100504977897, 27.000078692388065] - -32217.36040039907 - 0.5228451614786541
[78.00014337709251, 39.50199432267144, 27.000122851077442, 32.922557593279144, 27.000067310284443] - -32217.38252358995 - 0.4886522873927112
[78.00014337709251, 39.50199432267144, 27.000122851077442, 32.922557593279144, 27.000067310284443] - -32217.38252358995 - 0.4886522873927112
[78.00014337709251, 39.50199432267144, 27.000122851077442, 32.922557593279144, 27.000067310284443] - -32217.38252358995 - 0.4886522873927112
[78.0005238558854, 39.16514537699817, 27.000036455577654, 37.14650454644684, 27.000075056482704] - -32217.3842407575 - 0.4523777560576736
[78.0005238558854, 39.16514537699817, 27.000036455577654, 37.14650454644684, 27.000075056482704] - -32217.3842407575 - 0.4523777560576736
[78.0005238558854, 39.16514537699817, 27.000036455577654, 37.14650454644684, 27.000075056482704] - -32217.3842407575 - 0.4523777560576736
[78.0005238558854, 39.16514537699817, 27.000036455577654, 37.14650454644684, 27.000075056482704] - -32217.3842407575 - 0.4523777560576736
[78.00032852159231, 38.58087026293287, 27.000039226538483, 37.47162994483891, 27.000046761347015] - -32217.396975547992 - 0.44958705888368183
[78.00032852159231, 38.58087026293287, 27.000039226538483, 37.47162994483891, 27.000046761347015] - -32217.396975547992 - 0.44958705888368183
[78.00038679359122, 43.8947768680919, 27.000006544593056, 42.684142561392605, 27.000108887098996] - -32217.398893642392 - 0.4965203286205065
[78.00038679359122, 43.8947768680919, 27.000006544593056, 42.684142561392605, 27.000108887098996] - -32217.398893642392 - 0.4965203286205065
[78.00038679359122, 43.8947768680919, 27.000006544593056, 42.684142561392605, 27.000108887098996] - -32217.398893642392 - 0.4965203286205065
[78.00038679359122, 43.8947768680919, 27.000006544593056, 42.684142561392605, 27.000108887098996] - -32217.398893642392 - 0.4965203286205065
[78.00038679359122, 43.8947768680919, 27.000006544593056, 42.684142561392605, 27.000108887098996] - -32217.398893642392 - 0.4965203286205065
[78.00001285627283, 40.871582004701295, 27.00004581021458, 34.674210213472925, 27.00004973495769] - -32217.413771639694 - 0.47361343384312465
[78.00001285627283, 40.871582004701295, 27.00004581021458, 34.674210213472925, 27.00004973495769] - -32217.413771639694 - 0.47361343384312465
[78.00001285627283, 40.871582004701295, 27.00004581021458, 34.674210213472925, 27.00004973495769] - -32217.413771639694 - 0.47361343384312465
[78.00001285627283, 40.871582004701295, 27.00004581021458, 34.674210213472925, 27.00004973495769] - -32217.413771639694 - 0.47361343384312465
[78.00006278957602, 39.97107876386704, 27.00001861695683, 44.028508792549395, 27.000078885531757] - -32217.41675031806 - 0.39552543311613303
[78.00006278957602, 39.97107876386704, 27.00001861695683, 44.028508792549395, 27.000078885531757] - -32217.41675031806 - 0.39552543311613303
[78.00006278957602, 39.97107876386704, 27.00001861695683, 44.028508792549395, 27.000078885531757] - -32217.41675031806 - 0.39552543311613303
[78.00006278957602, 39.97107876386704, 27.00001861695683, 44.028508792549395, 27.000078885531757] - -32217.41675031806 - 0.39552543311613303
[78.00006278957602, 39.97107876386704, 27.00001861695683, 44.028508792549395, 27.000078885531757] - -32217.41675031806 - 0.39552543311613303
[78.00006278957602, 39.97107876386704, 27.00001861695683, 44.028508792549395, 27.000078885531757] - -32217.41675031806 - 0.39552543311613303
[78.00006278957602, 39.97107876386704, 27.00001861695683, 44.028508792549395, 27.000078885531757] - -32217.41675031806 - 0.39552543311613303
[78.00000844530567, 40.58694001432606, 27.00001703679583, 37.20784567134103, 27.000054708615792] - -32217.422036319454 - 0.45185524061798077
[78.00000844530567, 40.58694001432606, 27.00001703679583, 37.20784567134103, 27.000054708615792] - -32217.422036319454 - 0.45185524061798077
[78.00000844530567, 40.58694001432606, 27.00001703679583, 37.20784567134103, 27.000054708615792] - -32217.422036319454 - 0.45185524061798077
[78.00000844530567, 40.58694001432606, 27.00001703679583, 37.20784567134103, 27.000054708615792] - -32217.422036319454 - 0.45185524061798077
[78.00000844530567, 40.58694001432606, 27.00001703679583, 37.20784567134103, 27.000054708615792] - -32217.422036319454 - 0.45185524061798077
[78.00006410928795, 41.231609911831974, 27.000014087430824, 37.164492998017145, 27.00001257610693] - -32217.42230412676 - 0.4522282871449459
[78.00006410928795, 41.231609911831974, 27.000014087430824, 37.164492998017145, 27.00001257610693] - -32217.42230412676 - 0.4522282871449459
[78.00006410928795, 41.231609911831974, 27.000014087430824, 37.164492998017145, 27.00001257610693] - -32217.42230412676 - 0.4522282871449459
[78.00004226270516, 42.295088912709446, 27.000003294341646, 36.32811759003731, 27.000044482478387] - -32217.424654718845 - 0.4594112693119108
[78.00004226270516, 42.295088912709446, 27.000003294341646, 36.32811759003731, 27.000044482478387] - -32217.424654718845 - 0.4594112693119108
[78.00000998447663, 42.74011306487424, 27.000002336258444, 44.6184020793928, 27.000035906648634] - -32217.42742299441 - 0.4661110135425422
[78.00000998447663, 42.74011306487424, 27.000002336258444, 44.6184020793928, 27.000035906648634] - -32217.42742299441 - 0.4661110135425422
[78.00000998447663, 42.74011306487424, 27.000002336258444, 44.6184020793928, 27.000035906648634] - -32217.42742299441 - 0.4661110135425422
[78.00000998447663, 42.74011306487424, 27.000002336258444, 44.6184020793928, 27.000035906648634] - -32217.42742299441 - 0.4661110135425422
[78.00000998447663, 42.74011306487424, 27.000002336258444, 44.6184020793928, 27.000035906648634] - -32217.42742299441 - 0.4661110135425422
[78.00000998447663, 42.74011306487424, 27.000002336258444, 44.6184020793928, 27.000035906648634] - -32217.42742299441 - 0.4661110135425422
[78.00000998447663, 42.74011306487424, 27.000002336258444, 44.6184020793928, 27.000035906648634] - -32217.42742299441 - 0.4661110135425422
[78.00000998447663, 42.74011306487424, 27.000002336258444, 44.6184020793928, 27.000035906648634] - -32217.42742299441 - 0.4661110135425422
[78.00000998447663, 42.74011306487424, 27.000002336258444, 44.6184020793928, 27.000035906648634] - -32217.42742299441 - 0.4661110135425422
[78.00000998447663, 42.74011306487424, 27.000002336258444, 44.6184020793928, 27.000035906648634] - -32217.42742299441 - 0.4661110135425422
[78.00000998447663, 42.74011306487424, 27.000002336258444, 44.6184020793928, 27.000035906648634] - -32217.42742299441 - 0.4661110135425422
[78.00000998447663, 42.74011306487424, 27.000002336258444, 44.6184020793928, 27.000035906648634] - -32217.42742299441 - 0.4661110135425422
[78.00000998447663, 42.74011306487424, 27.000002336258444, 44.6184020793928, 27.000035906648634] - -32217.42742299441 - 0.4661110135425422
[78.00001470796389, 39.378890514719025, 27.00000260296086, 36.72569211765364, 27.00000530094991] - -32217.42905809235 - 0.4559978181691478
[78.00000844530567, 33.108699324822155, 27.000001010672726, 36.949159769008425, 27.000012740910087] - -32217.429408678232 - 0.4540785782266041
[78.00000844530567, 33.108699324822155, 27.000001010672726, 36.949159769008425, 27.000012740910087] - -32217.429408678232 - 0.4540785782266041
[78.00000844530567, 33.108699324822155, 27.000001010672726, 36.949159769008425, 27.000012740910087] - -32217.429408678232 - 0.4540785782266041
[78.00000844530567, 33.108699324822155, 27.000001010672726, 36.949159769008425, 27.000012740910087] - -32217.429408678232 - 0.4540785782266041
[78.00000844530567, 33.108699324822155, 27.000001010672726, 36.949159769008425, 27.000012740910087] - -32217.429408678232 - 0.4540785782266041
[78.00000844530567, 33.108699324822155, 27.000001010672726, 36.949159769008425, 27.000012740910087] - -32217.429408678232 - 0.4540785782266041
[78.00000844530567, 33.108699324822155, 27.000001010672726, 36.949159769008425, 27.000012740910087] - -32217.429408678232 - 0.4540785782266041
[78.00000844530567, 33.108699324822155, 27.000001010672726, 36.949159769008425, 27.000012740910087] - -32217.429408678232 - 0.4540785782266041
[78.0000037708876, 36.8314312433019, 27.00000076540748, 35.749081779115, 27.000003888067113] - -32217.430336496887 - 0.4643853741225197
[78.0000037708876, 36.8314312433019, 27.00000076540748, 35.749081779115, 27.000003888067113] - -32217.430336496887 - 0.4643853741225197
[78.0000037708876, 36.8314312433019, 27.00000076540748, 35.749081779115, 27.000003888067113] - -32217.430336496887 - 0.4643853741225197
[78.0000037708876, 36.8314312433019, 27.00000076540748, 35.749081779115, 27.000003888067113] - -32217.430336496887 - 0.4643853741225197
[78.0000037708876, 36.8314312433019, 27.00000076540748, 35.749081779115, 27.000003888067113] - -32217.430336496887 - 0.4643853741225197
[78.0000037708876, 36.8314312433019, 27.00000076540748, 35.749081779115, 27.000003888067113] - -32217.430336496887 - 0.4643853741225197
[78.0000037708876, 36.8314312433019, 27.00000076540748, 35.749081779115, 27.000003888067113] - -32217.430336496887 - 0.4643853741225197
[78.0000037708876, 36.8314312433019, 27.00000076540748, 35.749081779115, 27.000003888067113] - -32217.430336496887 - 0.4643853741225197
[78.00000190882258, 38.71887514746973, 27.00000020490208, 44.87992525933665, 27.000003389660623] - -32217.43064260999 - 0.3859674554463422
[78.00000190882258, 38.71887514746973, 27.00000020490208, 44.87992525933665, 27.000003389660623] - -32217.43064260999 - 0.3859674554463422
[78.00000190882258, 38.71887514746973, 27.00000020490208, 44.87992525933665, 27.000003389660623] - -32217.43064260999 - 0.3859674554463422
[78.00000190882258, 38.71887514746973, 27.00000020490208, 44.87992525933665, 27.000003389660623] - -32217.43064260999 - 0.3859674554463422
[78.00000190882258, 38.71887514746973, 27.00000020490208, 44.87992525933665, 27.000003389660623] - -32217.43064260999 - 0.3859674554463422
[78.00000190882258, 38.71887514746973, 27.00000020490208, 44.87992525933665, 27.000003389660623] - -32217.43064260999 - 0.3859674554463422
[78.00000190882258, 38.71887514746973, 27.00000020490208, 44.87992525933665, 27.000003389660623] - -32217.43064260999 - 0.3859674554463422
[78.00000190882258, 38.71887514746973, 27.00000020490208, 44.87992525933665, 27.000003389660623] - -32217.43064260999 - 0.3859674554463422
[78.00000190882258, 38.71887514746973, 27.00000020490208, 44.87992525933665, 27.000003389660623] - -32217.43064260999 - 0.3859674554463422
[78.00000234120274, 36.5310061443693, 27.000000195371328, 38.4251246497093, 27.000001081401642] - -32217.430769947532 - 0.44140294408170594
[78.00000234120274, 36.5310061443693, 27.000000195371328, 38.4251246497093, 27.000001081401642] - -32217.430769947532 - 0.44140294408170594
[78.00000066852031, 36.94355165692722, 27.0000003410537, 40.389378973367116, 27.00000108549716] - -32217.430827652635 - 0.4245334387912969
[78.00000066852031, 36.94355165692722, 27.0000003410537, 40.389378973367116, 27.00000108549716] - -32217.430827652635 - 0.4245334387912969
[78.00000066852031, 36.94355165692722, 27.0000003410537, 40.389378973367116, 27.00000108549716] - -32217.430827652635 - 0.4245334387912969
[78.00000066852031, 36.94355165692722, 27.0000003410537, 40.389378973367116, 27.00000108549716] - -32217.430827652635 - 0.4245334387912969
[78.00000066852031, 36.94355165692722, 27.0000003410537, 40.389378973367116, 27.00000108549716] - -32217.430827652635 - 0.4245334387912969
[78.00000066852031, 36.94355165692722, 27.0000003410537, 40.389378973367116, 27.00000108549716] - -32217.430827652635 - 0.4245334387912969
[78.00000066852031, 36.94355165692722, 27.0000003410537, 40.389378973367116, 27.00000108549716] - -32217.430827652635 - 0.4245334387912969
[78.00000066852031, 36.94355165692722, 27.0000003410537, 40.389378973367116, 27.00000108549716] - -32217.430827652635 - 0.4245334387912969
[78.00000066852031, 36.94355165692722, 27.0000003410537, 40.389378973367116, 27.00000108549716] - -32217.430827652635 - 0.4245334387912969
[78.00000066852031, 36.94355165692722, 27.0000003410537, 40.389378973367116, 27.00000108549716] - -32217.430827652635 - 0.4245334387912969
[78.00000066852031, 36.94355165692722, 27.0000003410537, 40.389378973367116, 27.00000108549716] - -32217.430827652635 - 0.4245334387912969
[78.00000066852031, 36.94355165692722, 27.0000003410537, 40.389378973367116, 27.00000108549716] - -32217.430827652635 - 0.4245334387912969
[78.00000066852031, 36.94355165692722, 27.0000003410537, 40.389378973367116, 27.00000108549716] - -32217.430827652635 - 0.4245334387912969
[78.00000066852031, 36.94355165692722, 27.0000003410537, 40.389378973367116, 27.00000108549716] - -32217.430827652635 - 0.4245334387912969
[78.00000120012018, 39.94194414427071, 27.00000033347487, 42.655575068107346, 27.000000514489948] - -32217.430835245876 - 0.40507078940362007
[78.00000120012018, 39.94194414427071, 27.00000033347487, 42.655575068107346, 27.000000514489948] - -32217.430835245876 - 0.40507078940362007
[78.00000015333163, 39.94194414427071, 27.000000240764493, 40.648521023059175, 27.000000514489948] - -32217.430924726686 - 0.42230788210205067
[78.00000015333163, 39.94194414427071, 27.000000240764493, 40.648521023059175, 27.000000514489948] - -32217.430924726686 - 0.42230788210205067
[78.00000015333163, 39.94194414427071, 27.000000240764493, 40.648521023059175, 27.000000514489948] - -32217.430924726686 - 0.42230788210205067
[78.00000139221181, 43.01655130190797, 27.000000011348583, 38.17703827934841, 27.00000022673976] - -32217.43093570343 - 0.47606728128527526
[78.00000139221181, 43.01655130190797, 27.000000011348583, 38.17703827934841, 27.00000022673976] - -32217.43093570343 - 0.47606728128527526
[78.00000139221181, 43.01655130190797, 27.000000011348583, 38.17703827934841, 27.00000022673976] - -32217.43093570343 - 0.47606728128527526
[78.00000139221181, 43.01655130190797, 27.000000011348583, 38.17703827934841, 27.00000022673976] - -32217.43093570343 - 0.47606728128527526
[78.00000139221181, 43.01655130190797, 27.000000011348583, 38.17703827934841, 27.00000022673976] - -32217.43093570343 - 0.47606728128527526
[78.00000139221181, 43.01655130190797, 27.000000011348583, 38.17703827934841, 27.00000022673976] - -32217.43093570343 - 0.47606728128527526
[78.00000139221181, 43.01655130190797, 27.000000011348583, 38.17703827934841, 27.00000022673976] - -32217.43093570343 - 0.47606728128527526
[78.00000139221181, 43.01655130190797, 27.000000011348583, 38.17703827934841, 27.00000022673976] - -32217.43093570343 - 0.47606728128527526
[78.00000139221181, 43.01655130190797, 27.000000011348583, 38.17703827934841, 27.00000022673976] - -32217.43093570343 - 0.47606728128527526
[78.00000139221181, 43.01655130190797, 27.000000011348583, 38.17703827934841, 27.00000022673976] - -32217.43093570343 - 0.47606728128527526
[78.00000139221181, 43.01655130190797, 27.000000011348583, 38.17703827934841, 27.00000022673976] - -32217.43093570343 - 0.47606728128527526
[78.0000007762248, 43.2144191654469, 27.0000000797816, 38.578921354802674, 27.000000089951758] - -32217.430961691498 - 0.4809500409342841
[78.0000007762248, 43.2144191654469, 27.0000000797816, 38.578921354802674, 27.000000089951758] - -32217.430961691498 - 0.4809500409342841
[78.00000005087907, 41.38963484557546, 27.00000012784148, 40.1411939747945, 27.000000038498946] - -32217.43099455741 - 0.4335615731871248
[78.00000005087907, 41.38963484557546, 27.00000012784148, 40.1411939747945, 27.000000038498946] - -32217.43099455741 - 0.4335615731871248
[78.00000005087907, 41.38963484557546, 27.00000012784148, 40.1411939747945, 27.000000038498946] - -32217.43099455741 - 0.4335615731871248
[78.00000005087907, 41.38963484557546, 27.00000012784148, 40.1411939747945, 27.000000038498946] - -32217.43099455741 - 0.4335615731871248
[78.00000005087907, 41.38963484557546, 27.000000017975225, 40.1411939747945, 27.000000038498946] - -32217.43102634437 - 0.43356157979721743
[78.00000005087907, 41.38963484557546, 27.000000017975225, 40.1411939747945, 27.000000038498946] - -32217.43102634437 - 0.43356157979721743
[78.00000005087907, 41.38963484557546, 27.000000017975225, 40.1411939747945, 27.000000038498946] - -32217.43102634437 - 0.43356157979721743
[78.00000005087907, 41.38963484557546, 27.000000017975225, 40.1411939747945, 27.000000038498946] - -32217.43102634437 - 0.43356157979721743
[78.00000005087907, 41.38963484557546, 27.000000017975225, 40.1411939747945, 27.000000038498946] - -32217.43102634437 - 0.43356157979721743
[78.00000005087907, 41.38963484557546, 27.000000017975225, 40.1411939747945, 27.000000038498946] - -32217.43102634437 - 0.43356157979721743
[78.00000005087907, 41.38963484557546, 27.000000017975225, 40.1411939747945, 27.000000038498946] - -32217.43102634437 - 0.43356157979721743
[78.00000005087907, 41.38963484557546, 27.000000017975225, 40.1411939747945, 27.000000038498946] - -32217.43102634437 - 0.43356157979721743
[78.00000005087907, 41.38963484557546, 27.000000017975225, 40.1411939747945, 27.000000038498946] - -32217.43102634437 - 0.43356157979721743
[78.00000005087907, 41.38963484557546, 27.000000017975225, 40.1411939747945, 27.000000038498946] - -32217.43102634437 - 0.43356157979721743
[78.00000005087907, 41.38963484557546, 27.000000017975225, 40.1411939747945, 27.000000038498946] - -32217.43102634437 - 0.43356157979721743
[78.00000005087907, 41.38963484557546, 27.000000017975225, 40.1411939747945, 27.000000038498946] - -32217.43102634437 - 0.43356157979721743
[78.00000005087907, 41.38963484557546, 27.000000017975225, 40.1411939747945, 27.000000038498946] - -32217.43102634437 - 0.43356157979721743
[78.00000005087907, 41.38963484557546, 27.000000017975225, 40.1411939747945, 27.000000038498946] - -32217.43102634437 - 0.43356157979721743
[78.00000005087907, 41.38963484557546, 27.000000017975225, 40.1411939747945, 27.000000038498946] - -32217.43102634437 - 0.43356157979721743
[78.00000005087907, 41.38963484557546, 27.000000017975225, 40.1411939747945, 27.000000038498946] - -32217.43102634437 - 0.43356157979721743
[78.00000005087907, 41.38963484557546, 27.000000017975225, 40.1411939747945, 27.000000038498946] - -32217.43102634437 - 0.43356157979721743
[78.00000005429914, 34.57076600774299, 27.000000012905375, 40.06682953789866, 27.000000009959635] - -32217.43102946679 - 0.4273036167223907
[78.00000005429914, 34.57076600774299, 27.000000012905375, 40.06682953789866, 27.000000009959635] - -32217.43102946679 - 0.4273036167223907
[78.00000005429914, 34.57076600774299, 27.000000012905375, 40.06682953789866, 27.000000009959635] - -32217.43102946679 - 0.4273036167223907
[78.00000005429914, 34.57076600774299, 27.000000012905375, 40.06682953789866, 27.000000009959635] - -32217.43102946679 - 0.4273036167223907
[78.00000005429914, 34.57076600774299, 27.000000012905375, 40.06682953789866, 27.000000009959635] - -32217.43102946679 - 0.4273036167223907
[78.00000005429914, 34.57076600774299, 27.000000012905375, 40.06682953789866, 27.000000009959635] - -32217.43102946679 - 0.4273036167223907
[78.00000005429914, 34.57076600774299, 27.000000012905375, 40.06682953789866, 27.000000009959635] - -32217.43102946679 - 0.4273036167223907
[78.00000005429914, 34.57076600774299, 27.000000012905375, 40.06682953789866, 27.000000009959635] - -32217.43102946679 - 0.4273036167223907
[78.00000005429914, 34.57076600774299, 27.000000012905375, 40.06682953789866, 27.000000009959635] - -32217.43102946679 - 0.4273036167223907
[78.00000005429914, 34.57076600774299, 27.000000012905375, 40.06682953789866, 27.000000009959635] - -32217.43102946679 - 0.4273036167223907
[78.00000005429914, 34.57076600774299, 27.000000012905375, 40.06682953789866, 27.000000009959635] - -32217.43102946679 - 0.4273036167223907
[78.00000005429914, 34.57076600774299, 27.000000012905375, 40.06682953789866, 27.000000009959635] - -32217.43102946679 - 0.4273036167223907
[78.00000003304339, 41.97003526971198, 27.00000000497412, 32.39445302483462, 27.000000058102728] - -32217.431029895644 - 0.49319590382236217
[78.00000002498234, 36.45883263810018, 27.00000000666566, 40.85802951224576, 27.00000005088527] - -32217.43103035921 - 0.4205085931538394
[78.00000002498234, 36.45883263810018, 27.00000000666566, 40.85802951224576, 27.00000005088527] - -32217.43103035921 - 0.4205085931538394
[78.00000002498234, 36.45883263810018, 27.00000000666566, 40.85802951224576, 27.00000005088527] - -32217.43103035921 - 0.4205085931538394
[78.00000002498234, 36.45883263810018, 27.00000000666566, 40.85802951224576, 27.00000005088527] - -32217.43103035921 - 0.4205085931538394
[78.00000001850816, 33.86621840202903, 27.00000000157265, 33.53630546282048, 27.000000038443517] - -32217.431033031266 - 0.4833893902818609
[78.00000001850816, 33.86621840202903, 27.00000000157265, 33.53630546282048, 27.000000038443517] - -32217.431033031266 - 0.4833893902818609
[78.00000001850816, 33.86621840202903, 27.00000000157265, 33.53630546282048, 27.000000038443517] - -32217.431033031266 - 0.4833893902818609
[78.00000001850816, 33.86621840202903, 27.00000000157265, 33.53630546282048, 27.000000038443517] - -32217.431033031266 - 0.4833893902818609
[78.00000001850816, 33.86621840202903, 27.00000000157265, 33.53630546282048, 27.000000038443517] - -32217.431033031266 - 0.4833893902818609
[78.00000001850816, 33.86621840202903, 27.00000000157265, 33.53630546282048, 27.000000038443517] - -32217.431033031266 - 0.4833893902818609
[78.00000001850816, 33.86621840202903, 27.00000000157265, 33.53630546282048, 27.000000038443517] - -32217.431033031266 - 0.4833893902818609
[78.00000001850816, 33.86621840202903, 27.00000000157265, 33.53630546282048, 27.000000038443517] - -32217.431033031266 - 0.4833893902818609
[78.00000001850816, 33.86621840202903, 27.00000000157265, 33.53630546282048, 27.000000038443517] - -32217.431033031266 - 0.4833893902818609
[78.00000001850816, 33.86621840202903, 27.00000000157265, 33.53630546282048, 27.000000038443517] - -32217.431033031266 - 0.4833893902818609
[78.00000001850816, 33.86621840202903, 27.00000000157265, 33.53630546282048, 27.000000038443517] - -32217.431033031266 - 0.4833893902818609
[78.00000001850816, 33.86621840202903, 27.00000000157265, 33.53630546282048, 27.000000038443517] - -32217.431033031266 - 0.4833893902818609
[78.00000001850816, 33.86621840202903, 27.00000000157265, 33.53630546282048, 27.000000038443517] - -32217.431033031266 - 0.4833893902818609
[78.00000001850816, 33.86621840202903, 27.00000000157265, 33.53630546282048, 27.000000038443517] - -32217.431033031266 - 0.4833893902818609
[78.00000001589267, 33.53649828446548, 27.00000000236959, 39.95888654110304, 27.000000012326794] - -32217.431034659632 - 0.4282306588605369
[78.00000001589267, 33.53649828446548, 27.00000000236959, 39.95888654110304, 27.000000012326794] - -32217.431034659632 - 0.4282306588605369
[78.00000001589267, 33.53649828446548, 27.00000000236959, 39.95888654110304, 27.000000012326794] - -32217.431034659632 - 0.4282306588605369
[78.00000001589267, 33.53649828446548, 27.00000000236959, 39.95888654110304, 27.000000012326794] - -32217.431034659632 - 0.4282306588605369
[78.00000001589267, 33.53649828446548, 27.00000000236959, 39.95888654110304, 27.000000012326794] - -32217.431034659632 - 0.4282306588605369
[78.00000001589267, 33.53649828446548, 27.00000000236959, 39.95888654110304, 27.000000012326794] - -32217.431034659632 - 0.4282306588605369
[78.00000001589267, 33.53649828446548, 27.00000000236959, 39.95888654110304, 27.000000012326794] - -32217.431034659632 - 0.4282306588605369
[78.00000001589267, 33.53649828446548, 27.00000000236959, 39.95888654110304, 27.000000012326794] - -32217.431034659632 - 0.4282306588605369
[78.00000001589267, 33.53649828446548, 27.00000000236959, 39.95888654110304, 27.000000012326794] - -32217.431034659632 - 0.4282306588605369
[78.00000001589267, 33.53649828446548, 27.00000000236959, 39.95888654110304, 27.000000012326794] - -32217.431034659632 - 0.4282306588605369
[78.00000001589267, 33.53649828446548, 27.00000000236959, 39.95888654110304, 27.000000012326794] - -32217.431034659632 - 0.4282306588605369
[78.00000001730007, 37.521516163083874, 27.0000000021272, 36.546486871129666, 27.000000000221753] - -32217.431035434573 - 0.4575372005888756
[78.00000001730007, 37.521516163083874, 27.0000000021272, 36.546486871129666, 27.000000000221753] - -32217.431035434573 - 0.4575372005888756
[78.00000000184448, 40.53086298022444, 27.000000000050257, 31.433861423060442, 27.000000008272004] - -32217.43103643586 - 0.5014457061122185
[78.00000000184448, 40.53086298022444, 27.000000000050257, 31.433861423060442, 27.000000008272004] - -32217.43103643586 - 0.5014457061122185
[78.00000000184448, 40.53086298022444, 27.000000000050257, 31.433861423060442, 27.000000008272004] - -32217.43103643586 - 0.5014457061122185
[78.00000000184448, 40.53086298022444, 27.000000000050257, 31.433861423060442, 27.000000008272004] - -32217.43103643586 - 0.5014457061122185
[78.00000000184448, 40.53086298022444, 27.000000000050257, 31.433861423060442, 27.000000008272004] - -32217.43103643586 - 0.5014457061122185
[78.00000000184448, 40.53086298022444, 27.000000000050257, 31.433861423060442, 27.000000008272004] - -32217.43103643586 - 0.5014457061122185
[78.00000000184448, 40.53086298022444, 27.000000000050257, 31.433861423060442, 27.000000008272004] - -32217.43103643586 - 0.5014457061122185
[78.00000000184448, 40.53086298022444, 27.000000000050257, 31.433861423060442, 27.000000008272004] - -32217.43103643586 - 0.5014457061122185
[78.00000000184448, 40.53086298022444, 27.000000000050257, 31.433861423060442, 27.000000008272004] - -32217.43103643586 - 0.5014457061122185
[78.00000000184448, 40.53086298022444, 27.000000000050257, 31.433861423060442, 27.000000008272004] - -32217.43103643586 - 0.5014457061122185
[78.00000000184448, 40.53086298022444, 27.000000000050257, 31.433861423060442, 27.000000008272004] - -32217.43103643586 - 0.5014457061122185
[78.00000000184448, 40.53086298022444, 27.000000000050257, 31.433861423060442, 27.000000008272004] - -32217.43103643586 - 0.5014457061122185
[78.00000000184448, 40.53086298022444, 27.000000000050257, 31.433861423060442, 27.000000008272004] - -32217.43103643586 - 0.5014457061122185
[78.00000000184448, 40.53086298022444, 27.000000000050257, 31.433861423060442, 27.000000008272004] - -32217.43103643586 - 0.5014457061122185
[78.00000000160458, 41.11315880201344, 27.00000000106256, 36.14752901019939, 27.000000003392824] - -32217.431036475376 - 0.46096355051192955
[78.00000000160458, 41.11315880201344, 27.00000000106256, 36.14752901019939, 27.000000003392824] - -32217.431036475376 - 0.46096355051192955
[78.00000000160458, 41.11315880201344, 27.00000000106256, 36.14752901019939, 27.000000003392824] - -32217.431036475376 - 0.46096355051192955
[78.00000000160458, 41.11315880201344, 27.00000000106256, 36.14752901019939, 27.000000003392824] - -32217.431036475376 - 0.46096355051192955
[78.00000000456062, 41.99955221171373, 27.00000000024244, 29.958255662680962, 27.000000002502787] - -32217.431036593734 - 0.5141185773815385
[78.00000000456062, 41.99955221171373, 27.00000000024244, 29.958255662680962, 27.000000002502787] - -32217.431036593734 - 0.5141185773815385
[78.00000000274622, 40.48541225758811, 27.000000000708027, 30.300238132759162, 27.000000000221753] - -32217.43103671632 - 0.5111815464694439
[78.00000000143339, 39.37360060902914, 27.00000000023919, 30.00546590235839, 27.000000002817842] - -32217.431036761325 - 0.5137131240517677
[78.00000000268241, 38.93346914629113, 27.000000000173355, 29.182064944180766, 27.000000001411216] - -32217.431036797298 - 0.5207846973566918
[78.00000000143339, 39.37360060902914, 27.00000000023919, 28.899216026417278, 27.000000000692054] - -32217.431036899892 - 0.5232138745938885
[78.00000000143339, 39.37360060902914, 27.00000000023919, 28.899216026417278, 27.000000000692054] - -32217.431036899892 - 0.5232138745938885
[78.00000000108324, 36.016106566963316, 27.00000000004333, 32.33240230510969, 27.000000000704837] - -32217.431036976683 - 0.4937288125467075
[78.00000000108324, 36.016106566963316, 27.00000000004333, 32.33240230510969, 27.000000000704837] - -32217.431036976683 - 0.4937288125467075
[78.00000000108324, 36.016106566963316, 27.00000000004333, 32.33240230510969, 27.000000000704837] - -32217.431036976683 - 0.4937288125467075
[78.00000000108324, 36.016106566963316, 27.00000000004333, 32.33240230510969, 27.000000000704837] - -32217.431036976683 - 0.4937288125467075
[78.00000000108324, 36.016106566963316, 27.00000000004333, 32.33240230510969, 27.000000000704837] - -32217.431036976683 - 0.4937288125467075
[78.00000000108324, 36.016106566963316, 27.00000000004333, 32.33240230510969, 27.000000000704837] - -32217.431036976683 - 0.4937288125467075
[78.00000000108324, 36.016106566963316, 27.00000000004333, 32.33240230510969, 27.000000000704837] - -32217.431036976683 - 0.4937288125467075
[78.00000000108324, 36.016106566963316, 27.00000000004333, 32.33240230510969, 27.000000000704837] - -32217.431036976683 - 0.4937288125467075
[78.00000000108324, 36.016106566963316, 27.00000000004333, 32.33240230510969, 27.000000000704837] - -32217.431036976683 - 0.4937288125467075
[78.00000000108324, 36.016106566963316, 27.00000000004333, 32.33240230510969, 27.000000000704837] - -32217.431036976683 - 0.4937288125467075
[78.00000000108324, 36.016106566963316, 27.00000000004333, 32.33240230510969, 27.000000000704837] - -32217.431036976683 - 0.4937288125467075
[78.00000000108324, 36.016106566963316, 27.00000000004333, 32.33240230510969, 27.000000000704837] - -32217.431036976683 - 0.4937288125467075
[78.00000000108324, 36.016106566963316, 27.00000000004333, 32.33240230510969, 27.000000000704837] - -32217.431036976683 - 0.4937288125467075
[78.00000000108324, 36.016106566963316, 27.00000000004333, 32.33240230510969, 27.000000000704837] - -32217.431036976683 - 0.4937288125467075
[78.0000000002064, 37.984334437797045, 27.000000000160938, 39.43478465552339, 27.000000000000362] - -32217.43103704106 - 0.4327317773396449
[78.0000000002064, 37.984334437797045, 27.000000000160938, 39.43478465552339, 27.000000000000362] - -32217.43103704106 - 0.4327317773396449
[78.0000000002064, 37.984334437797045, 27.000000000160938, 39.43478465552339, 27.000000000000362] - -32217.43103704106 - 0.4327317773396449
[78.0000000002064, 37.984334437797045, 27.000000000160938, 39.43478465552339, 27.000000000000362] - -32217.43103704106 - 0.4327317773396449
[78.0000000002064, 37.984334437797045, 27.000000000160938, 39.43478465552339, 27.000000000000362] - -32217.43103704106 - 0.4327317773396449
[78.0000000002064, 37.984334437797045, 27.000000000160938, 39.43478465552339, 27.000000000000362] - -32217.43103704106 - 0.4327317773396449
[78.0000000002064, 37.984334437797045, 27.000000000160938, 39.43478465552339, 27.000000000000362] - -32217.43103704106 - 0.4327317773396449
[78.0000000002064, 37.984334437797045, 27.000000000160938, 39.43478465552339, 27.000000000000362] - -32217.43103704106 - 0.4327317773396449
[78.0000000002064, 37.984334437797045, 27.000000000160938, 39.43478465552339, 27.000000000000362] - -32217.43103704106 - 0.4327317773396449
[78.00000000015893, 42.249711267624065, 27.000000000146336, 33.79573779850964, 27.000000000072276] - -32217.43103704344 - 0.481161321509133
[78.00000000015893, 42.249711267624065, 27.000000000146336, 33.79573779850964, 27.000000000072276] - -32217.43103704344 - 0.481161321509133
[78.00000000015893, 42.249711267624065, 27.000000000146336, 33.79573779850964, 27.000000000072276] - -32217.43103704344 - 0.481161321509133
[78.00000000015893, 42.249711267624065, 27.000000000146336, 33.79573779850964, 27.000000000072276] - -32217.43103704344 - 0.481161321509133
[78.00000000015893, 42.249711267624065, 27.000000000146336, 33.79573779850964, 27.000000000072276] - -32217.43103704344 - 0.481161321509133
[78.00000000015893, 42.249711267624065, 27.000000000146336, 33.79573779850964, 27.000000000072276] - -32217.43103704344 - 0.481161321509133
[78.00000000015893, 40.12710210033113, 27.000000000123524, 33.79573779850964, 27.000000000072276] - -32217.43103705004 - 0.48116132151023255
[78.00000000015893, 40.12710210033113, 27.000000000123524, 33.79573779850964, 27.000000000072276] - -32217.43103705004 - 0.48116132151023255
[78.00000000015893, 40.12710210033113, 27.000000000123524, 33.79573779850964, 27.000000000072276] - -32217.43103705004 - 0.48116132151023255
[78.00000000015893, 40.12710210033113, 27.000000000123524, 33.79573779850964, 27.000000000072276] - -32217.43103705004 - 0.48116132151023255
[78.00000000015893, 40.12710210033113, 27.000000000123524, 33.79573779850964, 27.000000000072276] - -32217.43103705004 - 0.48116132151023255
[78.00000000015893, 40.12710210033113, 27.000000000123524, 33.79573779850964, 27.000000000072276] - -32217.43103705004 - 0.48116132151023255
[78.00000000015893, 43.68246321068189, 27.0000000000021, 33.79573779850964, 27.000000000072276] - -32217.431037085174 - 0.49506665992961035
[78.00000000015893, 43.68246321068189, 27.0000000000021, 33.79573779850964, 27.000000000072276] - -32217.431037085174 - 0.49506665992961035
[78.00000000015893, 43.68246321068189, 27.0000000000021, 33.79573779850964, 27.000000000072276] - -32217.431037085174 - 0.49506665992961035
[78.00000000015893, 43.68246321068189, 27.0000000000021, 33.79573779850964, 27.000000000072276] - -32217.431037085174 - 0.49506665992961035
[78.00000000015893, 43.68246321068189, 27.0000000000021, 33.79573779850964, 27.000000000072276] - -32217.431037085174 - 0.49506665992961035
[78.00000000015893, 43.68246321068189, 27.0000000000021, 33.79573779850964, 27.000000000072276] - -32217.431037085174 - 0.49506665992961035
[78.00000000015893, 43.68246321068189, 27.0000000000021, 33.79573779850964, 27.000000000072276] - -32217.431037085174 - 0.49506665992961035
[78.00000000015893, 43.68246321068189, 27.0000000000021, 33.79573779850964, 27.000000000072276] - -32217.431037085174 - 0.49506665992961035
[78.00000000015893, 43.68246321068189, 27.0000000000021, 33.79573779850964, 27.000000000072276] - -32217.431037085174 - 0.49506665992961035
[78.00000000015893, 43.68246321068189, 27.0000000000021, 33.79573779850964, 27.000000000072276] - -32217.431037085174 - 0.49506665992961035
[78.00000000015893, 43.68246321068189, 27.0000000000021, 33.79573779850964, 27.000000000072276] - -32217.431037085174 - 0.49506665992961035
[78.00000000015893, 43.68246321068189, 27.0000000000021, 33.79573779850964, 27.000000000072276] - -32217.431037085174 - 0.49506665992961035
[78.00000000015893, 43.68246321068189, 27.0000000000021, 33.79573779850964, 27.000000000072276] - -32217.431037085174 - 0.49506665992961035
[78.00000000015893, 43.68246321068189, 27.0000000000021, 33.79573779850964, 27.000000000072276] - -32217.431037085174 - 0.49506665992961035
[78.00000000015893, 43.68246321068189, 27.0000000000021, 33.79573779850964, 27.000000000072276] - -32217.431037085174 - 0.49506665992961035
[78.00000000015893, 43.68246321068189, 27.0000000000021, 33.79573779850964, 27.000000000072276] - -32217.431037085174 - 0.49506665992961035
[78.00000000015893, 43.68246321068189, 27.0000000000021, 33.79573779850964, 27.000000000072276] - -32217.431037085174 - 0.49506665992961035
[78.00000000002338, 35.21431515516775, 27.000000000006192, 36.65028700518056, 27.000000000068567] - -32217.43103709234 - 0.45664573929253766
[78.00000000002338, 35.21431515516775, 27.000000000006192, 36.65028700518056, 27.000000000068567] - -32217.43103709234 - 0.45664573929253766
[78.00000000000225, 40.8199407149301, 27.00000000000237, 36.65947565156682, 27.000000000095078] - -32217.431037092985 - 0.4565668248999568
[78.00000000000225, 40.8199407149301, 27.00000000000237, 36.65947565156682, 27.000000000095078] - -32217.431037092985 - 0.4565668248999568
[78.00000000000225, 40.8199407149301, 27.00000000000237, 36.65947565156682, 27.000000000095078] - -32217.431037092985 - 0.4565668248999568
[78.00000000000225, 40.8199407149301, 27.00000000000237, 36.65947565156682, 27.000000000095078] - -32217.431037092985 - 0.4565668248999568
[78.00000000000225, 40.8199407149301, 27.00000000000237, 36.65947565156682, 27.000000000095078] - -32217.431037092985 - 0.4565668248999568
[78.00000000000225, 40.8199407149301, 27.00000000000237, 36.65947565156682, 27.000000000095078] - -32217.431037092985 - 0.4565668248999568
[78.00000000005338, 39.43938072008831, 27.000000000009955, 30.4101145160125, 27.000000000004782] - -32217.431037093615 - 0.5102379006736507
[78.00000000005338, 39.43938072008831, 27.000000000009955, 30.4101145160125, 27.000000000004782] - -32217.431037093615 - 0.5102379006736507
[78.00000000005338, 39.43938072008831, 27.000000000009955, 30.4101145160125, 27.000000000004782] - -32217.431037093615 - 0.5102379006736507
[78.00000000005338, 39.43938072008831, 27.000000000009955, 30.4101145160125, 27.000000000004782] - -32217.431037093615 - 0.5102379006736507
[78.00000000005338, 39.43938072008831, 27.000000000009955, 30.4101145160125, 27.000000000004782] - -32217.431037093615 - 0.5102379006736507
[78.00000000000968, 33.792587729121834, 27.000000000003702, 35.644912750910095, 27.00000000002987] - -32217.43103709641 - 0.4652801447327957
[78.00000000000968, 33.792587729121834, 27.000000000003702, 35.644912750910095, 27.00000000002987] - -32217.43103709641 - 0.4652801447327957
[78.00000000000968, 33.792587729121834, 27.000000000003702, 35.644912750910095, 27.00000000002987] - -32217.43103709641 - 0.4652801447327957
[78.00000000000968, 33.792587729121834, 27.000000000003702, 35.644912750910095, 27.00000000002987] - -32217.43103709641 - 0.4652801447327957
[78.00000000000968, 33.792587729121834, 27.000000000003702, 35.644912750910095, 27.00000000002987] - -32217.43103709641 - 0.4652801447327957
[78.00000000000968, 33.792587729121834, 27.000000000003702, 35.644912750910095, 27.00000000002987] - -32217.43103709641 - 0.4652801447327957
[78.00000000000968, 33.792587729121834, 27.000000000003702, 35.644912750910095, 27.00000000002987] - -32217.43103709641 - 0.4652801447327957
[78.00000000000968, 33.792587729121834, 27.000000000003702, 35.644912750910095, 27.00000000002987] - -32217.43103709641 - 0.4652801447327957
[78.00000000000968, 33.792587729121834, 27.000000000003702, 35.644912750910095, 27.00000000002987] - -32217.43103709641 - 0.4652801447327957
[78.00000000000968, 33.792587729121834, 27.000000000003702, 35.644912750910095, 27.00000000002987] - -32217.43103709641 - 0.4652801447327957
[78.00000000000968, 33.792587729121834, 27.000000000003702, 35.644912750910095, 27.00000000002987] - -32217.43103709641 - 0.4652801447327957
[78.00000000000968, 33.792587729121834, 27.000000000003702, 35.644912750910095, 27.00000000002987] - -32217.43103709641 - 0.4652801447327957
[78.00000000000313, 37.531055922967326, 27.000000000000483, 29.437504030097696, 27.000000000009017] - -32217.43103709909 - 0.5185909226799493
[78.00000000000313, 37.531055922967326, 27.000000000000483, 29.437504030097696, 27.000000000009017] - -32217.43103709909 - 0.5185909226799493
[78.00000000000313, 37.531055922967326, 27.000000000000483, 29.437504030097696, 27.000000000009017] - -32217.43103709909 - 0.5185909226799493
[78.00000000000313, 37.531055922967326, 27.000000000000483, 29.437504030097696, 27.000000000009017] - -32217.43103709909 - 0.5185909226799493
[78.00000000000313, 37.531055922967326, 27.000000000000483, 29.437504030097696, 27.000000000009017] - -32217.43103709909 - 0.5185909226799493
[78.00000000000313, 37.531055922967326, 27.000000000000483, 29.437504030097696, 27.000000000009017] - -32217.43103709909 - 0.5185909226799493
[78.00000000000313, 37.531055922967326, 27.000000000000483, 29.437504030097696, 27.000000000009017] - -32217.43103709909 - 0.5185909226799493
[78.00000000000313, 37.531055922967326, 27.000000000000483, 29.437504030097696, 27.000000000009017] - -32217.43103709909 - 0.5185909226799493
[78.00000000000313, 37.531055922967326, 27.000000000000483, 29.437504030097696, 27.000000000009017] - -32217.43103709909 - 0.5185909226799493
[78.00000000000313, 37.531055922967326, 27.000000000000483, 29.437504030097696, 27.000000000009017] - -32217.43103709909 - 0.5185909226799493
[78.00000000000313, 37.531055922967326, 27.000000000000483, 29.437504030097696, 27.000000000009017] - -32217.43103709909 - 0.5185909226799493
[78.00000000000313, 37.531055922967326, 27.000000000000483, 29.437504030097696, 27.000000000009017] - -32217.43103709909 - 0.5185909226799493
[78.00000000000313, 37.531055922967326, 27.000000000000483, 29.437504030097696, 27.000000000009017] - -32217.43103709909 - 0.5185909226799493
[78.00000000000313, 37.531055922967326, 27.000000000000483, 29.437504030097696, 27.000000000009017] - -32217.43103709909 - 0.5185909226799493
[78.00000000000313, 37.531055922967326, 27.000000000000483, 29.437504030097696, 27.000000000009017] - -32217.43103709909 - 0.5185909226799493
[78.00000000000313, 37.531055922967326, 27.000000000000483, 29.437504030097696, 27.000000000009017] - -32217.43103709909 - 0.5185909226799493
[78.00000000000313, 37.531055922967326, 27.000000000000483, 29.437504030097696, 27.000000000009017] - -32217.43103709909 - 0.5185909226799493
[78.00000000000371, 38.32308455298876, 27.000000000000334, 43.442829671446034, 27.000000000006978] - -32217.43103709923 - 0.39830968474068484
[78.00000000000371, 38.32308455298876, 27.000000000000334, 43.442829671446034, 27.000000000006978] - -32217.43103709923 - 0.39830968474068484
[78.00000000000017, 41.5570969265476, 27.00000000000025, 33.33902746415846, 27.000000000002878] - -32217.431037099734 - 0.48508366404753406
[78.00000000000017, 41.5570969265476, 27.00000000000025, 33.33902746415846, 27.000000000002878] - -32217.431037099734 - 0.48508366404753406
[78.00000000000017, 41.5570969265476, 27.00000000000025, 33.33902746415846, 27.000000000002878] - -32217.431037099734 - 0.48508366404753406
[78.00000000000017, 41.5570969265476, 27.00000000000025, 33.33902746415846, 27.000000000002878] - -32217.431037099734 - 0.48508366404753406
[78.00000000000017, 41.5570969265476, 27.00000000000025, 33.33902746415846, 27.000000000002878] - -32217.431037099734 - 0.48508366404753406
[78.00000000000017, 41.5570969265476, 27.00000000000025, 33.33902746415846, 27.000000000002878] - -32217.431037099734 - 0.48508366404753406
[78.00000000000017, 41.5570969265476, 27.00000000000025, 33.33902746415846, 27.000000000002878] - -32217.431037099734 - 0.48508366404753406
[78.00000000000017, 41.5570969265476, 27.00000000000025, 33.33902746415846, 27.000000000002878] - -32217.431037099734 - 0.48508366404753406
[78.00000000000017, 41.5570969265476, 27.00000000000025, 33.33902746415846, 27.000000000002878] - -32217.431037099734 - 0.48508366404753406
[78.00000000000017, 41.5570969265476, 27.00000000000025, 33.33902746415846, 27.000000000002878] - -32217.431037099734 - 0.48508366404753406
[78.00000000000017, 41.5570969265476, 27.00000000000025, 33.33902746415846, 27.000000000002878] - -32217.431037099734 - 0.48508366404753406
[78.00000000000017, 41.5570969265476, 27.00000000000025, 33.33902746415846, 27.000000000002878] - -32217.431037099734 - 0.48508366404753406
[78.00000000000017, 41.5570969265476, 27.00000000000025, 33.33902746415846, 27.000000000002878] - -32217.431037099734 - 0.48508366404753406
[78.00000000000017, 41.5570969265476, 27.00000000000025, 33.33902746415846, 27.000000000002878] - -32217.431037099734 - 0.48508366404753406
[78.00000000000017, 41.5570969265476, 27.00000000000025, 33.33902746415846, 27.000000000002878] - -32217.431037099734 - 0.48508366404753406
[78.00000000000017, 41.5570969265476, 27.00000000000025, 33.33902746415846, 27.000000000002878] - -32217.431037099734 - 0.48508366404753406
[78.00000000000017, 41.5570969265476, 27.00000000000025, 33.33902746415846, 27.000000000002878] - -32217.431037099734 - 0.48508366404753406
[78.00000000000017, 41.5570969265476, 27.00000000000025, 33.33902746415846, 27.000000000002878] - -32217.431037099734 - 0.48508366404753406
[78.00000000000017, 41.5570969265476, 27.00000000000025, 33.33902746415846, 27.000000000002878] - -32217.431037099734 - 0.48508366404753406
[78.00000000000017, 41.5570969265476, 27.00000000000025, 33.33902746415846, 27.000000000002878] - -32217.431037099734 - 0.48508366404753406
[78.00000000000017, 41.5570969265476, 27.00000000000025, 33.33902746415846, 27.000000000002878] - -32217.431037099734 - 0.48508366404753406
[78.00000000000017, 41.5570969265476, 27.00000000000025, 33.33902746415846, 27.000000000002878] - -32217.431037099734 - 0.48508366404753406
[78.00000000000017, 41.5570969265476, 27.00000000000025, 33.33902746415846, 27.000000000002878] - -32217.431037099734 - 0.48508366404753406
[78.00000000000009, 41.34057576376463, 27.00000000000024, 31.171078625732896, 27.00000000000011] - -32217.431037099923 - 0.5037025506592018
[78.00000000000009, 41.34057576376463, 27.00000000000024, 31.171078625732896, 27.00000000000011] - -32217.431037099923 - 0.5037025506592018
[78.00000000000009, 41.34057576376463, 27.00000000000024, 31.171078625732896, 27.00000000000011] - -32217.431037099923 - 0.5037025506592018
[78.00000000000009, 41.34057576376463, 27.00000000000024, 31.171078625732896, 27.00000000000011] - -32217.431037099923 - 0.5037025506592018
[78.00000000000009, 41.34057576376463, 27.00000000000024, 31.171078625732896, 27.00000000000011] - -32217.431037099923 - 0.5037025506592018
[78.00000000000009, 41.34057576376463, 27.00000000000024, 31.171078625732896, 27.00000000000011] - -32217.431037099923 - 0.5037025506592018
[78.00000000000009, 41.34057576376463, 27.00000000000024, 31.171078625732896, 27.00000000000011] - -32217.431037099923 - 0.5037025506592018
[78.00000000000009, 41.34057576376463, 27.00000000000024, 31.171078625732896, 27.00000000000011] - -32217.431037099923 - 0.5037025506592018
[78.00000000000009, 41.34057576376463, 27.00000000000024, 31.171078625732896, 27.00000000000011] - -32217.431037099923 - 0.5037025506592018
[78.00000000000009, 41.34057576376463, 27.00000000000024, 31.171078625732896, 27.00000000000011] - -32217.431037099923 - 0.5037025506592018
[78.00000000000009, 41.34057576376463, 27.00000000000024, 31.171078625732896, 27.00000000000011] - -32217.431037099923 - 0.5037025506592018
[78.00000000000009, 41.34057576376463, 27.00000000000024, 31.171078625732896, 27.00000000000011] - -32217.431037099923 - 0.5037025506592018
[78.00000000000009, 41.34057576376463, 27.00000000000024, 31.171078625732896, 27.00000000000011] - -32217.431037099923 - 0.5037025506592018
[78.00000000000009, 41.34057576376463, 27.00000000000024, 31.171078625732896, 27.00000000000011] - -32217.431037099923 - 0.5037025506592018
[78.00000000000009, 41.34057576376463, 27.00000000000024, 31.171078625732896, 27.00000000000011] - -32217.431037099923 - 0.5037025506592018
[78.00000000000009, 41.34057576376463, 27.00000000000024, 31.171078625732896, 27.00000000000011] - -32217.431037099923 - 0.5037025506592018
[78.00000000000009, 41.34057576376463, 27.00000000000024, 31.171078625732896, 27.00000000000011] - -32217.431037099923 - 0.5037025506592018
[78.00000000000009, 41.34057576376463, 27.00000000000024, 31.171078625732896, 27.00000000000011] - -32217.431037099923 - 0.5037025506592018
[78.00000000000009, 41.34057576376463, 27.00000000000024, 31.171078625732896, 27.00000000000011] - -32217.431037099923 - 0.5037025506592018
[78.00000000000009, 41.34057576376463, 27.00000000000024, 31.171078625732896, 27.00000000000011] - -32217.431037099923 - 0.5037025506592018
[78.00000000000009, 41.34057576376463, 27.00000000000024, 31.171078625732896, 27.00000000000011] - -32217.431037099923 - 0.5037025506592018
