Fitness : Violation : Position : Miscellaneous
-3900.0 : 0.0 : [9.94896776552702E-15, 1.2226392088345083E-14, 77.71284671277624, 182.88413659630942, 99.99999999999997, 1.513513365239053E-14, 5.02268811200905E-15, 200.0, 0.015242810026945188] : 0.0
-3900.0 : 0.0 : [1.80833404671304E-14, 1.23761948914352E-15, 65.97379705391282, 45.4714921732477, 100.0, 8.940211050313477E-15, 1.3014668733017604E-14, 200.0, 0.024299371093062818] : 0.0
-3900.0 : 0.0 : [3.750093127647914E-14, 1.0113220877131591E-14, 48.54039672469905, 9.85887085390145, 99.99999999999997, 1.7446183286417674E-14, 2.991187455567371E-15, 200.0, 0.01893771151386234] : 0.0
-3900.0 : 0.0 : [3.259107942650909E-14, 9.184325672320306E-15, 85.19499266456484, 54.462665179553795, 99.99999999999999, 9.664433648388985E-15, 1.0159304922303064E-14, 200.0, 0.018903058030510338] : 0.0
-3900.0 : 0.0 : [3.364816256840013E-14, 9.332097261401258E-16, 11.690248785349832, 109.40094044281116, 99.99999999999997, 3.2262122797405496E-15, 1.4496512050176676E-14, 200.0, 0.026562048240847076] : 0.0
-3900.0 : 0.0 : [2.598979431001069E-15, 1.1049186291951704E-14, 19.615815720772403, 88.27066925071856, 100.0, 2.132876952390061E-15, 2.2727882624280625E-15, 200.0, 0.022178273859720536] : 0.0
-3900.0 : 0.0 : [1.9820165204459244E-14, 9.344972279425178E-15, 48.642904050501784, 44.001304326247194, 99.99999999999999, 1.2001015339721702E-14, 9.581597165709366E-16, 200.0, 0.022919286770395904] : 0.0
-3900.0 : 0.0 : [3.241694018980467E-14, 1.176994598414762E-14, 51.04539115267716, 37.03251663415254, 99.99999999999997, 4.4629763571122355E-15, 1.4663556439599645E-14, 200.0, 0.012505986051270393] : 0.0
-3900.0 : 0.20940070804848787 : [5.38876930561113E-15, 1.0861888980465664E-14, 72.1754370555006, 179.12119079669213, 100.0, 9.441938059055308E-15, 8.289432123538585E-15, 200.0, 0.023762706295996392] : 0.0
-3900.0 : 0.0 : [3.3210846531524144E-14, 1.5886834884564704E-15, 39.885188892579826, 71.25337334063497, 99.99999999999999, 1.0317385566417097E-14, 5.918337214190962E-15, 200.0, 0.01820284789859382] : 0.0
-3900.0 : 0.0 : [3.379311816404386E-14, 2.0200257199630314E-15, 20.3687671403225, 168.34360461645372, 100.0, 1.6992276447468197E-15, 8.062454364623125E-15, 200.0, 0.015018023248843503] : 0.0
-3900.0 : 0.0 : [2.6899777390573825E-14, 8.311752414267794E-15, 14.687800685562813, 74.78092805294129, 100.0, 7.226990327177723E-15, 1.2693055550510969E-14, 200.0, 0.026950490893068075] : 0.0
-3900.0 : 0.0 : [1.778486340446878E-14, 6.601759839951719E-15, 83.7878441679201, 83.27260422279704, 99.99999999999997, 8.806414342886367E-15, 7.98749886456195E-15, 200.0, 0.013766197293072243] : 0.0
-3900.0 : 0.0 : [7.933014657310944E-15, 4.299932096302048E-15, 47.21465689003213, 159.180853140222, 99.99999999999997, 6.1793594871886216E-15, 1.1948902106842115E-14, 200.0, 0.013923863289659747] : 0.0
-3900.0 : 0.0 : [2.111691941977276E-14, 1.1320469171201132E-14, 29.79822558071486, 35.19724854753637, 99.99999999999999, 5.237370827805837E-15, 1.5183351758430324E-15, 200.0, 0.013252934175756568] : 0.0
-3900.0 : 0.0 : [2.7364781528446807E-14, 8.228640526797686E-15, 20.492891695724346, 75.79407223144094, 99.99999999999999, 3.37148948385687E-15, 8.203419530332022E-15, 200.0, 0.022522227911368313] : 0.0
-3900.0 : 0.0 : [3.539791078062116E-14, 1.7374952344866279E-15, 29.20399582604557, 52.79223498079366, 99.99999999999997, 6.11124946231118E-15, 3.9605695856670297E-16, 200.0, 0.01717620724575319] : 0.0
-3900.0 : 0.3303064797262891 : [3.196778716641951E-14, 7.271230736015821E-15, 80.21123522820062, 185.75462108698994, 100.0, 1.1259688151549817E-14, 2.077328965947836E-15, 200.0, 0.026819461336709958] : 0.0
-3900.0 : 0.3118827558034158 : [1.276789266159154E-15, 3.8455589442259156E-15, 44.077840082914285, 183.61164086248567, 99.99999999999997, 7.887300769250743E-15, 8.627142780379032E-15, 200.0, 0.026530434083255155] : 0.0
-3900.0 : 0.0 : [6.1213309585636194E-15, 4.947540449127512E-16, 94.76971180264003, 45.359433172800486, 100.0, 1.9755174345849527E-14, 2.1528105916884225E-15, 200.0, 0.02229191759226825] : 0.0
-3900.0 : 0.0 : [2.9861043151541953E-14, 6.322323757144585E-15, 61.06037005240343, 87.42006237978617, 99.99999999999997, 6.3823767460993676E-15, 1.1417209621872032E-14, 200.0, 0.019503506029262464] : 0.0
-3900.0 : 0.3251286762920002 : [1.58957255072936E-14, 4.437455500267904E-15, 55.71758398387598, 166.8556917444248, 99.99999999999997, 7.822803973454818E-15, 8.548530984485113E-15, 200.0, 0.029670980989579713] : 0.0
-3900.0 : 0.34165056477452166 : [1.515340488890994E-14, 1.1649651448935922E-14, 43.79405149473462, 178.95458188846973, 100.0, 8.561081958435016E-15, 1.0371544445003816E-14, 200.0, 0.02821891082841563] : 0.0
-3900.0 : 0.0 : [9.191529243700015E-15, 9.98276364784637E-15, 40.68568140203838, 20.08050469533761, 99.99999999999997, 1.2888317116461718E-15, 1.0620214634337874E-14, 200.0, 0.02134048839475531] : 0.0
-3900.0 : 0.0 : [2.5789642735168496E-15, 5.427322827366851E-16, 79.45960221969517, 65.19002923271142, 99.99999999999997, 9.876077099800373E-17, 5.952323256830282E-15, 200.0, 0.022502116534915177] : 0.0
-3900.0 : 0.0 : [2.279341338685141E-14, 4.522159207815027E-15, 83.97478719490766, 46.38449973443185, 99.99999999999997, 1.7319853105672055E-14, 1.0745891522953716E-15, 200.0, 0.017953493108452907] : 0.0
-3900.0 : 0.0 : [1.9282406990315372E-14, 9.62464478379213E-15, 8.773460054942051, 54.31497696866303, 100.0, 1.414772346956829E-14, 2.6452174302170674E-15, 200.0, 0.029210261965582126] : 0.0
-3900.0 : 0.0 : [5.896772385472182E-15, 9.250461202880302E-15, 63.99089425434822, 50.4086775108303, 100.0, 1.481346636626165E-14, 2.2410182199739493E-15, 200.0, 0.01562489376674535] : 0.0
-3900.0 : 0.0 : [1.5876177546605563E-14, 1.289950518454402E-14, 14.114058580480073, 167.39587646710032, 99.99999999999999, 1.1010960400185618E-14, 5.532004546913738E-15, 200.0, 0.01473418349629432] : 0.0
-3900.0 : 0.0 : [1.2053193406291127E-14, 8.429995453707546E-15, 51.16483293927924, 156.95554604558808, 99.99999999999999, 3.6841074925234874E-15, 1.0296981382721307E-14, 200.0, 0.018694480623015423] : 0.0
