Fitness : Violation : Position : Miscellaneous
-590.809137627094 : 85.03385736406177 : [-594.0401142204523, -584.2634415531596, -597.3522622197535, -588.8252838775618, -596.0351520329075, -596.6012856549381, -599.9999999852548, -591.2967294429725, -594.1167299645616, -595.4691875128292, -594.3585697107237, -594.6430216399683, -592.3121965052966, -596.8752521709346, -597.2015480153211, -598.1988391707365, -599.9411413749922, -598.6327788216718, -597.5541848385765, -598.3565339704917, -594.6618377891284, -598.9144929531135, -599.6643394486616, -598.1090687028407, -599.7413348417524, -589.9445439018118, -598.4034014988739, -591.1466396175563, -589.7143088317046, -596.8176997565812] : 0.0
-590.8091375032243 : 82.0954849396833 : [-598.2875748228155, -585.5302183786839, -599.4994858352027, -590.4348956624327, -593.3769315312072, -596.4505432453795, -599.9999998613852, -593.3165448991143, -594.7889709888236, -595.0958567943019, -595.9184358758735, -592.3867483424075, -587.548092952544, -599.6205938388359, -588.4270444567117, -591.5462878521064, -599.9812722337804, -597.1229334837205, -599.6528998136495, -599.1908319561992, -599.6453655210275, -599.5951893973615, -599.7902011993816, -595.214553175407, -598.0129994296099, -590.084249046279, -598.8809400800252, -592.8436318284059, -593.4493447142914, -596.201714606847] : 0.0
-590.8091374780239 : 81.84254607819571 : [-597.9716112907735, -594.2319007200094, -597.1587780496344, -595.5580907289673, -594.5317223933419, -591.8970896873795, -599.9999998361848, -597.0790666343032, -597.392137926756, -591.9121363005454, -595.9558877926504, -597.0228568563424, -598.3676719101672, -598.0061311137422, -593.3697458249746, -593.4520791640614, -599.9283053432716, -598.4253924880502, -596.0025903865956, -598.8808660326732, -588.973759742155, -599.2147739636938, -599.7803174157194, -598.295785285308, -598.4719765711822, -595.041641101179, -597.565851133625, -597.3193927810794, -592.2250471632951, -598.0676876603027] : 0.0
-590.8091376151325 : 80.08548945604525 : [-598.8049046795893, -590.4354651146668, -598.30297640757, -597.9084295880754, -593.4878137833011, -596.7516593104647, -599.9999999732934, -595.6075333844311, -598.1487434408621, -599.502054335624, -596.1841506221183, -592.9880313769519, -595.0640090388124, -596.6917133269703, -590.3169634183892, -591.8483758711349, -599.9029289492419, -596.7791483586805, -594.7769517073277, -599.7930363480934, -594.6560571065522, -599.5319508504276, -599.8760005816391, -597.667677548495, -599.3145374099367, -596.317416018648, -599.4369330467638, -596.2516493735876, -593.1888346683572, -598.247569569657] : 0.0
-590.8091339033768 : 80.97298241483092 : [-594.9841995396625, -591.1425827998384, -598.1779965503615, -596.998482992993, -592.6389623648549, -595.2411709998657, -599.9999962615377, -599.1886540173729, -596.7676798720287, -589.1975978034203, -596.2061783993032, -595.5294437359356, -598.6993067807955, -594.3000757872803, -589.969264325169, -585.4664181074564, -599.9220421379575, -599.7332298994002, -592.1397684299404, -598.9822166225681, -588.0547025656522, -599.2604308408379, -599.867193337131, -595.9908687986817, -598.3930185188162, -591.2253642070675, -598.011922486097, -590.4478996438261, -599.0237886343355, -594.8749022950931] : 0.0
-590.8091376247687 : 81.62300828869434 : [-595.9610003490443, -587.4083210817232, -599.444359147494, -598.6412653439792, -596.349909188634, -595.3404355659361, -599.9999999829296, -595.5147383370822, -599.771983727356, -596.1435396950961, -592.0802236717627, -596.9796761482612, -588.6033892408423, -594.0396384015143, -588.158700755077, -597.6469062907319, -599.9540843369911, -599.5814677271901, -597.4068612287283, -598.7547761611413, -592.4325163731494, -598.7784716700746, -599.7303869277569, -599.2246253237938, -598.1284309906448, -598.3215490281692, -597.1255072138661, -596.5970218943794, -592.5741698986643, -593.7245740870851] : 0.0
-590.8091376358906 : 79.57997095459235 : [-595.1522389144311, -593.4226424076195, -599.7906123957016, -597.8539673285352, -592.4856724683391, -592.248875716157, -599.9999999940514, -593.669064105851, -593.9138003118761, -595.0291186044831, -595.5913764281634, -592.6131265828641, -582.3206112720685, -595.150250097381, -594.3232989091878, -592.5373125065222, -599.9244473481687, -597.0824238295656, -594.2427875465742, -599.1083101386198, -587.7263978910255, -598.7018090613833, -599.907159760965, -596.9086160408275, -598.6293687560744, -596.5678178906237, -598.0668264073049, -595.2866855948063, -589.8111103334641, -597.3748675591877] : 0.0
-590.8091375876505 : 83.48647633337723 : [-596.1235680325603, -590.6978009234821, -599.579253424818, -593.9822226442608, -592.2421580273917, -596.1636119872715, -599.9999999458114, -591.1693766982011, -593.144570845239, -583.1031541471896, -587.6148521612936, -597.3317409394458, -597.158664334068, -598.5257510735883, -588.7259315326855, -590.1691858919219, -599.973369254341, -596.8220539063609, -592.7852362258029, -599.1864343412535, -599.6579545837587, -599.4106751637041, -599.6549109655657, -594.9946738222964, -597.7971951225834, -590.5627471488679, -599.3610701605757, -595.5406800310973, -599.0621252304306, -592.5901138384668] : 0.0
-590.8091372746936 : 85.41886405794523 : [-598.7858516199253, -587.7858927346488, -597.8798401237686, -590.4409606167287, -595.6185839458651, -594.859120412656, -599.9999996328545, -591.376276747196, -593.4544724449532, -590.3555617915708, -591.1637173709469, -596.9760629154908, -598.1082086935746, -598.3143364077542, -596.8558303085529, -595.5086307872737, -599.9142662564527, -596.6594862488353, -594.4962086710946, -599.1058806053452, -590.9419503013487, -598.9168975961151, -599.5725573597806, -598.7287549212565, -598.1037881794095, -590.7369867390456, -598.5461600958827, -590.9514221868137, -597.6243806576592, -593.4271572648947] : 0.0
-590.8091375876133 : 79.90038526230207 : [-596.7492480588194, -593.3265916982104, -597.7520971423526, -593.8465436622456, -598.5266276495587, -592.4067790755065, -599.9999999457742, -593.3562462035607, -597.2994633862616, -581.6442118604259, -595.8414475313434, -592.8721132904642, -590.0603501772601, -599.1856181951775, -596.0104651342631, -593.3216205982096, -599.9401428811757, -598.1725528654196, -597.9684242083861, -599.368119742125, -594.6467081132696, -598.0190738953568, -599.8111687290943, -595.63716928818, -599.5592922232672, -593.4787399939087, -599.2672291744689, -593.3979719497147, -598.4735768268074, -595.4127631073602] : 0.0
-590.8091368529003 : 85.044100259365 : [-594.222002071834, -594.4373726670208, -598.5317076081304, -586.0517933001531, -595.0473578874397, -593.1019443363416, -599.9999992110612, -593.0046055992359, -599.4268812491089, -590.4261781890831, -593.5477608421268, -599.572943507155, -585.8892759468492, -596.9592662691455, -587.0224161444846, -593.4145535509084, -599.9530631609834, -597.5176074594158, -598.0796839412712, -599.8342497974314, -586.7837569014373, -598.7476999705784, -599.883626330057, -598.9261084263189, -599.3187982151333, -595.2281189295616, -597.8149751406788, -593.6498572963405, -590.3211099755916, -592.8052854628827] : 0.0
-590.8091359244804 : 83.8881169740235 : [-595.1750282738954, -597.5620988003429, -597.6797305563234, -586.3907341067384, -594.6888711067561, -598.2323900907647, -599.9999982826413, -590.5267241366715, -595.6140668154103, -584.9730255058928, -595.4595548019864, -595.0095031614901, -594.5547716291849, -594.2086741110311, -597.1056567980384, -585.6996462910585, -599.9407977234506, -597.636313138258, -593.869427414407, -599.3237954878578, -588.8009818664859, -598.4531597989001, -599.7944733945656, -594.5350891999643, -598.3791949065692, -598.3909110724164, -598.7336039591114, -596.6029430755316, -596.5981358450852, -599.0703087227388] : 0.0
-590.8091375750759 : 83.72502855129197 : [-595.3109818671511, -588.1512721404036, -598.6244122407959, -590.6558230621688, -599.6921124527693, -595.8655393651425, -599.9999999332367, -593.848974943628, -595.7735404265699, -598.4782088584145, -596.5208545550237, -594.962330782248, -593.1988427253267, -597.524251188377, -587.493478953442, -588.2177576539823, -599.9491142919159, -596.0183076192972, -594.3767811733513, -599.8233535855034, -598.698771176906, -599.0544587691672, -599.8084721514182, -596.9588667205539, -598.7184599964992, -593.3522857891197, -599.1828591745425, -596.3408341203981, -592.0723582555813, -599.0291934489246] : 0.0
-590.8091372543691 : 86.37571101306985 : [-598.1445378572205, -594.1056173892273, -599.0314586644408, -586.6397304977951, -597.3360998430219, -593.4763740121793, -599.99999961253, -592.9926319640201, -599.4791461155814, -595.1331840391426, -596.9950991971618, -589.940200571226, -587.8231117665957, -596.2211854955685, -594.6040241094645, -592.8269792732967, -599.9394421082408, -598.7100818839044, -595.8606468414922, -599.0792608043729, -589.4947376179338, -598.9160967709663, -599.7424135253561, -596.8450553439086, -599.618131938217, -595.4159472916194, -598.9879163605224, -596.578657596326, -596.220531509895, -594.4403360132847] : 0.0
-590.8091375676375 : 81.58952287567473 : [-594.0673506978322, -590.0516918282746, -598.7204673727026, -595.1214394594309, -594.4510127602659, -597.5559660262852, -599.9999999257984, -593.4175131759447, -593.9187255791578, -598.1270828731911, -599.2079989284997, -599.1951235753643, -597.0692780547204, -596.9147317813699, -589.7838710935532, -592.9765485333709, -599.9465391236854, -595.9930540082272, -594.9467037211739, -599.4549751336526, -590.2535880914204, -599.4591564194445, -599.938499882252, -594.7369414517011, -599.1214380765261, -591.7628613112502, -598.3831097570605, -591.0884930549066, -593.4515519890203, -595.1763377004913] : 0.0
-590.8091363733997 : 84.91722375017187 : [-596.363968356631, -588.5763433539139, -597.9601160847315, -591.9875444759208, -597.985970327355, -592.6850328239675, -599.9999987315606, -591.920471524923, -592.6355603652368, -590.7193581845099, -593.1720325082167, -598.4116342650136, -598.9854668870524, -593.6487648900642, -596.651060986397, -597.1233514789781, -599.936251665348, -594.8865728508346, -594.7171282926308, -599.6395802135766, -597.6448996594906, -599.858273709891, -599.7625188426549, -595.0177537898487, -598.7967910636263, -597.0959991385629, -599.5430645639412, -593.7673052595405, -592.2715118398963, -594.4909817167515] : 0.0
-590.8091376092162 : 87.46688408911702 : [-594.9614608136314, -594.735685805991, -597.4602064676656, -586.8571118646514, -593.9367137363389, -594.4327566564322, -599.9999999673771, -593.6284205025452, -593.5125432089199, -598.5786836723878, -588.6869630737551, -588.5236297105308, -587.8706042330095, -594.3906585040913, -597.1075865482119, -593.7238958665764, -599.9772807051706, -595.506810659454, -593.7513307301564, -599.28474689701, -590.6583598534929, -598.4439258048404, -599.6492573603061, -593.9144189323526, -598.1917578398759, -593.331057448662, -599.6623115537277, -595.8467584670911, -592.6489384136096, -598.8030412944416] : 0.0
-590.8091327334082 : 80.64583665678097 : [-599.3578812736014, -595.0711931854516, -598.2649553859567, -595.336288730479, -595.9224329737692, -596.6965853534261, -599.9999950915691, -596.2141256789529, -596.2579653124451, -590.5248918562319, -588.624213975959, -594.0831488686157, -590.9948216961274, -598.514044723037, -595.2330692255897, -587.5733016473068, -599.9135259040459, -596.0216627599162, -597.9612608532677, -598.7125951684696, -590.4709703580802, -598.5586271756541, -599.7205884699325, -595.7707161895054, -598.6849978421151, -593.6631937279907, -599.0707737896196, -596.1195343196716, -595.964621390543, -594.6951335916076] : 0.0
-590.8091365944055 : 84.14409051787172 : [-596.8134624529642, -591.711150385961, -598.5584439665529, -592.4635268488167, -591.7791249990394, -597.4601440649386, -599.9999989525663, -591.4597006785151, -598.0418034022689, -590.4617301829782, -592.6194094499917, -595.4679725360986, -597.6782367811786, -593.4880477962371, -594.5216262736013, -594.8435565879847, -599.9878260215851, -597.870566081641, -594.3985784794544, -599.0162547507164, -588.3230365861846, -599.2159498811045, -599.7102785502171, -596.3069848457669, -599.199159989815, -590.7623601405346, -598.9259445777135, -595.1794452412871, -592.5729567062042, -591.6653428577304] : 0.0
-590.8091371567356 : 83.08069354833276 : [-595.9245842699992, -595.488393299925, -598.8037641002447, -592.3518685899094, -597.0201114460693, -592.8023239993639, -599.9999995148964, -596.7007826039974, -595.3397207515478, -588.6347410022033, -587.013563715901, -591.7232531343805, -589.2998443344125, -598.2966898681586, -592.2749527039329, -592.8562693481035, -599.9417079052952, -598.9383024014344, -594.4017081366148, -599.5194850974561, -597.8314812237096, -599.2117262448887, -599.8814034873735, -598.5858497413618, -599.3248886224418, -591.785421167685, -598.2309394256862, -594.4527536982982, -593.4612138366726, -597.3338899978219] : 0.0
-590.8091370857518 : 86.03460567517257 : [-596.9764297917733, -590.9962064389379, -598.5189557608156, -589.0205704666638, -593.2295052662253, -591.6094663426437, -599.9999994439127, -591.2764537534617, -593.7596534128106, -593.819415840223, -594.1491429145115, -590.4293717100762, -594.2654347094679, -598.9562001016924, -593.4473094408943, -593.7838503123965, -599.9385181895657, -597.8941801111555, -591.955253347903, -599.9670744790351, -591.5277136772831, -599.7341323005503, -599.6531683305714, -595.6274508173917, -597.1216870676839, -593.7080845750327, -598.5682909014347, -593.4343087532517, -593.0075521532589, -593.3814963439228] : 0.0
-590.8091370832292 : 79.392729665767 : [-597.5312773586991, -596.7058320981039, -597.9936389139466, -597.5139145542953, -593.5188309415255, -594.3035862702934, -599.9999994413901, -594.1726295137987, -596.1857792210633, -590.952946513619, -594.16699449095, -592.4207201741048, -588.8224748923185, -592.8886642603015, -590.5157479060135, -584.6568384885611, -599.9118348734303, -597.9841361894526, -593.2479675078648, -599.4772856307367, -592.404713864021, -598.7150625438869, -599.6888135314293, -596.6536687358521, -598.4083986650606, -598.8429814094502, -599.433081271271, -591.0163530184866, -599.260531238458, -593.9354685771639] : 0.0
-590.8091332791402 : 86.58506601452174 : [-594.9957156303756, -589.9883579129591, -598.0057364332004, -589.4862397248531, -594.6708763199913, -599.4958117949686, -599.999995637301, -587.6026616549345, -595.2423647243436, -599.0296517953548, -596.3837009432248, -591.0530393037345, -597.7286988814818, -597.2637473882935, -591.3567109874823, -596.3370169413229, -599.8989741813061, -597.0156458780762, -598.108873441835, -599.4037859210435, -593.6321702293076, -598.0125223011657, -599.794334335311, -595.3636869711695, -597.5997193347961, -590.1529837689023, -598.5167427519032, -597.5473776426352, -598.9984016174299, -592.6878736512865] : 0.0
-590.8091371427535 : 85.82181163821335 : [-598.5122307623, -594.5730661162291, -597.3729790012501, -584.4162334208061, -592.6072210383086, -593.8563770978246, -599.9999995009143, -593.0597755302913, -593.241311600693, -589.7711465635125, -594.6290106022984, -598.9984927496316, -583.2785855918011, -594.7472755741906, -595.9666232087774, -592.949805048728, -599.9592523911693, -596.3080855507181, -597.5043124756983, -598.7487047529034, -594.8779792636451, -599.7813508805649, -599.6950623906744, -596.4531663378334, -598.049883067571, -593.7678267070758, -599.0759847034979, -592.229274535714, -594.4340646469568, -592.5150844945995] : 0.0
-590.8091375571468 : 87.52093060675782 : [-595.5511811250149, -584.1083381927423, -597.9218856000821, -587.877245515335, -594.963528839834, -595.0055756547056, -599.9999999153076, -592.8867882824243, -596.1559204670823, -597.4151672930604, -591.5596002434984, -595.5769436529779, -582.8941178727354, -595.1867707887664, -599.3362944253456, -592.9430368656842, -599.9677734460047, -595.8704589766305, -595.4816165863042, -599.507490696083, -589.4799908631562, -599.0452635773319, -599.7327072716914, -598.9753733843968, -598.944535953106, -597.6369035587261, -598.8269849421221, -592.4333820191212, -599.6539066619594, -594.2313081849379] : 0.0
-590.8091375017833 : 85.15008031359943 : [-597.2578661301596, -583.3793346770915, -597.4200236685743, -587.8737529587178, -596.021097494793, -598.5793506322109, -599.9999998599442, -595.1250404340404, -592.8232676744519, -595.3366128615585, -588.9641032856165, -588.5185047946076, -593.4435753750083, -597.5721631333605, -589.1583371990456, -588.0738450244958, -599.9370718432544, -597.3463337298341, -596.2123477398923, -598.9140325990292, -598.1496404368738, -598.8399233645218, -599.8661368666965, -593.4787573474455, -597.4384431512344, -591.7464157115097, -597.7783604297664, -594.2923104022491, -592.2859517672041, -595.3100409055963] : 0.0
-590.8091375895245 : 83.90963512958645 : [-595.0000755167955, -585.0920718777872, -598.4481242292102, -586.1305393597638, -592.6443116784867, -594.5748182418296, -599.9999999476854, -596.7420870693621, -596.4021646161727, -587.4774349118508, -595.6298769333462, -596.6075135454466, -585.0092305845687, -598.2727738096061, -592.8001031117465, -595.0652470917537, -599.8997032132661, -597.2104463915732, -596.153560905092, -598.8676551640644, -593.603040253597, -598.6768488860017, -599.727223566363, -595.9493280189988, -598.1030818936199, -597.3296087777128, -597.3228360854927, -594.5888490679846, -591.1944050826921, -598.3370327994267] : 0.0
-590.8091376293766 : 86.96912326790988 : [-593.3726268865544, -593.7006329579269, -599.496908645364, -589.2455044163837, -599.4451361663273, -594.7432509249156, -599.9999999875374, -596.1033524404355, -598.9539114400106, -597.7355369475305, -593.8832186391292, -598.8545548368049, -585.5878621196034, -597.5538075914087, -592.1239269201039, -596.9742144002289, -599.9347905234476, -597.1405239465497, -592.7969938085789, -598.8040474972752, -588.6487239476733, -598.9678256069931, -599.789736639686, -597.8560808276729, -599.8573135148333, -596.6729918623809, -597.8703017483542, -591.4605841973, -598.165481433002, -590.9871732789996] : 0.0
-590.809137641498 : 90.65253281131072 : [-596.2199447663687, -587.2437615759641, -598.0196195230046, -587.4341583772714, -594.0987163023199, -594.7163682246753, -599.9999999996588, -589.0906785014655, -596.2461697723229, -599.4401829474473, -588.0817831854399, -598.1719669524412, -592.6432877497173, -594.790637914334, -597.368781845656, -593.6967303680935, -599.9473971222344, -599.8245476770853, -592.0742336005778, -599.4860094821079, -590.0730065040123, -599.6401002449114, -599.896868693764, -598.9151793240733, -599.3855275332542, -598.4016189372235, -598.5312547307933, -598.5115297181558, -594.4131361482994, -596.2850976270504] : 0.0
-590.8091364285949 : 82.41118998729152 : [-594.982764180668, -597.9629912576465, -599.1315239383412, -591.9767402325949, -593.7432051756632, -599.9774277159295, -599.9999987867558, -599.4769823716456, -597.0715288166459, -595.02810940409, -593.8726936244472, -592.0603245138414, -589.441285139703, -595.8022598969418, -597.3233384067844, -588.505410293834, -599.9525067476649, -599.9119831818241, -596.406265728165, -599.7432998920999, -599.4854922294173, -599.2670855839331, -599.7815198498251, -595.0829625945557, -597.8801452587921, -591.4703027398878, -599.5703510680207, -599.0166842905485, -593.6116517507736, -594.2939161275277] : 0.0
