Fitness : Violation : Position : Miscellaneous
-312.81398414683383 : 546.6665735022682 : [-467.536656907735, 419.11806718716235, -431.2339271249012, -438.2000383314625, -460.0092438969273, 296.3863439329297, -241.89285637039623, 447.80987488389917, 273.9433175764647, -487.53761807164307, -464.02104060006934, 85.47618667193282, -234.01439687047642, -488.6544346950581, 238.2857513571225, -100.59789300248929, -114.39083144834774, -296.3581374849234, -284.0650211356064, -455.8844980736529, 432.0813577970953, -456.29945087915087, 450.70383122190935, -484.14131467052084, -465.1715998492024, 290.3930462021161, -486.26518081746116, 118.20358659157722, 474.47154603842966, 53.458448641286964] : 0.0
-313.14688673905016 : 604.8708901089616 : [-470.8623593182869, 458.4584739345525, -428.42290426900274, -449.9760640573455, -497.3230015151896, -246.80871005703057, -492.10289596629264, -484.58296621015836, 0.06402240513231651, -229.59549080111447, -482.28569049512384, -261.34721921866264, 417.30922366368213, -213.92687368080078, 415.33018939405855, -242.21586712381017, -87.94474702309932, 472.53116394487074, 381.71082105030524, -458.83014163268933, -210.33903300907915, -462.3109303448141, 378.33190487914317, -482.796918410846, -467.06813976570606, -482.76171488930333, -475.74121719903223, -257.0794803933244, 133.2471591093643, 443.38826896518714] : 0.0
-332.5101500389882 : 613.9015386903243 : [-260.17594880346985, 307.2303528719226, -224.43571807044876, -475.0667170100043, -483.7609652293859, -488.0204087973286, -488.35658217060086, 427.28919496736665, -242.7489537463367, -212.08294780122898, -168.1520147141058, 420.76988475849413, 491.69809983131387, -498.29557048058615, 440.5281344387236, 434.4402920821285, 413.35794089681065, 246.2121793114381, -272.9230076692621, -209.4339000003872, 386.303384521892, -484.00969257021166, 435.785676568447, -453.58184600116226, -476.9686115112248, -429.89469160539113, -458.22395452668366, 451.97051783255927, -482.0693029977374, 430.3962029646061] : 0.0
-341.1366290524648 : 593.7871149313474 : [-472.18588878449134, 426.4363002652741, -250.41123140442116, -463.47594131443594, -460.31399615857356, -263.43857919598054, 458.5837146634043, 458.3601641010167, 443.28265282478344, -71.59630337739111, -463.9520453669727, 46.75270602097899, -59.84751747161155, -494.531658211639, 383.3508610331616, 478.4906368729012, 463.2018578647165, 465.172106629442, 425.46352694455015, -491.53132108734667, 395.0297151872152, -479.61797420494634, 225.4716548996956, -441.33110369944137, -496.0455529493428, -479.2830221992217, -426.1755204236342, -269.5612473770195, -43.069927480487245, 244.50724711046774] : 0.0
-310.97006923204367 : 598.4902336656975 : [-146.07955819107434, 432.7092776060434, 260.2337186721075, -465.30958266787604, -485.75788479618734, -421.00972239377876, -465.8602678757386, 193.59336533012714, -479.06723344895454, -249.488919252734, -448.8226516209883, 430.2204219743908, 11.320492280639087, -482.60033735942574, -343.0382734814946, 446.68519474890525, 208.85970356621323, -258.86579329093206, 422.2364412247854, -497.02675326758686, 135.4921656802217, -475.81025759240424, 402.7445120906987, -491.07965533009735, -476.6763676083773, -98.92011780903601, -488.483918320434, -497.59979448323907, 483.7115813875706, -264.4133739458687] : 0.0
-340.2151265517553 : 617.5584201278992 : [-477.485852766458, 31.899284298182693, -466.83103181950037, -467.5347142841521, -463.1077182580003, 457.65301175586626, -492.85498300595907, 385.13348997016453, -291.8883456166492, -88.2099485516626, -426.22757640254355, 419.5693169902513, 486.75616288994104, -166.2998300018516, 405.5144957844961, 421.5711262566937, 451.384723286561, 463.92177383783655, -12.295162988565965, -481.16936498171185, 430.85942071842175, -451.84928280405256, 410.78609506085365, -434.565704797742, -281.9905129889905, -490.2002554984399, -477.60392199406976, -484.07665257289636, 456.0496022261997, -64.19333562369796] : 0.0
-323.53573697124506 : 557.0399229963316 : [-469.29778309948586, -44.563386501997, -483.5833070049725, -470.15052956346835, -483.2568464885005, 462.28774351631404, 273.2415920209663, 433.61747170698106, -466.5788011892563, 270.28706478096956, -451.84169717543307, -199.22247582842562, 461.38926283709327, 28.451215184945994, 416.01806685076906, 410.681456045681, 441.148064516806, 462.55895123394, -119.66671286029418, -452.7600661606075, 224.56523590825867, -481.6044898713477, 201.94741810566086, -456.52865259304815, -191.79572184161665, -476.11707466707617, -438.7299967054767, -270.46678236714865, 487.80262479411505, -226.23772606501564] : 0.0
-333.3938057096735 : 602.7484184989149 : [-461.28575664149355, -320.54803716157426, -480.0849151159191, -482.4077571567121, -488.1845326668234, 93.71974774991031, 463.0428672371968, 449.0157994979236, 72.86575876924586, 492.69272541902376, -456.2616759669811, 445.10864787392217, -87.92489365638866, -499.1814129453318, 408.2042788946713, 44.33661090289516, -253.58128568498154, 54.86610004215898, 382.2544124522676, -470.8612595859059, 234.16994897165569, -475.8355120099355, 448.4465950153148, -479.5691335918681, -472.1774122089039, -493.2899142008987, -494.87824273961377, -230.0937918810933, 467.661766005638, -173.3367341539907] : 0.0
-344.10646922180865 : 634.0861578388236 : [-494.90374859223016, 434.4114796552255, 67.30732691733772, -473.8686386667468, 140.03364277396972, 488.50579504060624, -496.9170401968346, -316.74614942362194, -259.02919815246605, -490.88901880165037, -468.5054759720518, -293.5534255047744, -318.4753830092411, -466.05275926844706, 420.3108684927578, 212.50855533756862, 467.6648705510556, 332.9879263204556, 441.4764740959406, -471.7800645763451, 420.7758190356394, -437.4753300909133, 430.2422177700072, -454.18421857672627, -458.8209325512544, -450.35519189909894, -473.22533728980176, -483.27633357294616, 9.758346271280118, 458.3631769182184] : 0.0
-322.24674738923727 : 593.7183020768158 : [-493.33789562800314, 437.28725587340534, -474.9147875560294, -483.8610663272092, -466.01381932289814, -231.83188002178468, -256.56715758108805, 7.132928249425504, 219.59007652305195, -85.51826588425337, -439.3468400373122, 413.2117664703465, -279.5507185022112, -485.15772981719033, 121.00802158195779, 382.7343132435666, 100.87997330256172, 415.14729827250875, 429.03588322336464, -422.1002329879978, 439.5416481808602, -449.7417105578535, 447.08392893429686, -460.5007569658708, -485.56875435616286, -240.43552245699888, -475.6003469736186, -436.326835837875, -487.329182605193, -276.7782067894873] : 0.0
-307.64289227908296 : 569.1646980881412 : [-436.2745571242901, 440.05130350527065, -477.1599299355792, -453.6521354585499, -484.1252260318643, 480.73380782081676, -22.71221471597114, 0.006275863186715469, -485.8734257234685, -285.8376326373535, -469.149829285641, -260.7409657243977, 22.08456828908837, -71.56030377504095, -48.939523856324286, 427.373951414357, -264.4770929207197, -115.4148927977428, 458.6099898543149, -493.14573435717057, 458.72754648557486, -427.65428136328126, 437.30749873475287, -219.31660779039044, -475.41719461276114, -461.74528055033136, -488.7339407859299, -413.75283335045305, 233.08583216617012, 476.9238366097471] : 0.0
-325.80153044335566 : 533.2403147511388 : [28.95628460348081, 404.95037942261206, -243.99227066333825, -471.55018462640027, -198.25871664688344, -489.58502908660944, 453.8676950025016, 465.5852253522032, -499.9646532081908, 472.69842334118346, -439.19715143687165, 405.4270282976448, 454.55695255478633, -31.474365140516852, 413.05222108469223, 233.64986716809676, -233.33129523878668, 445.26645913918486, 96.48976497602675, -464.51118204582195, -496.7674123193356, -444.9485986893038, 444.8721373383494, -477.24597340668026, -67.76234119908156, -483.3795387213427, -458.63691452357267, -249.95074192529597, 75.43116012323, 12.91031785547051] : 0.0
-331.79225291810206 : 533.2579489196384 : [-209.95243739530366, 410.8164852444704, -218.38496942403114, -241.70185128997133, -462.90828602301167, 475.56452040676623, 220.56806866472346, 191.08851787598115, 251.54873432931367, 450.0030061549131, -440.2465047805173, 461.5313739884028, 466.037646972793, -489.2926213709741, 441.7970796138268, 421.2868311711599, 94.05707042799236, 368.83946549045646, 441.33248011786293, -481.555552130093, 222.824943442913, -465.71216188366793, 384.2394082047759, -470.58492406731006, 470.86287729610234, -450.1639271915616, -479.2856898643952, 463.10488479236653, 239.81419964354342, 229.50669957272152] : 0.0
-305.3678924918532 : 554.069069351647 : [-497.63870693037495, 409.81484523484875, -470.9611023237162, -228.39719938574126, -484.31425599993037, 488.95614157403884, -444.30207850164425, -301.0548836829681, -495.7293013679302, 430.09399417834845, -472.7817171158414, -444.54562894184374, 4.060213021581, -213.73143483141723, -122.80054957619305, 492.03012260835726, -325.55828740697916, 464.5785233469554, 223.14061883870355, -454.08509859227786, 425.74816808838773, -464.81279149919953, 449.89333212438186, -238.56553725473293, -60.39382454870437, -458.92408273024546, -215.84722777465947, 252.01905148827953, 454.59848578937283, 269.36877000418303] : 0.0
-311.3347337985022 : 611.0628459572544 : [-449.9585607419517, 416.47457757399525, 489.71580423356943, -472.89910101561946, -450.05673341696047, -457.43517026227113, -60.050495304944285, 490.35318977370173, -80.51398664590457, 400.939096766362, -496.5416783112805, 278.42349870860613, 115.94545238965054, -494.5489303087612, 423.7388257613554, -272.51287141805324, 381.83629625372197, -486.59912474807027, 448.4274343826287, -480.51867985974206, -157.61715641701136, -468.5013422247604, 422.036006391815, -456.7168273413041, -460.1476401831052, -465.16321982149026, -457.2008198904797, -98.1355793493934, 453.23657937295786, 216.662326300661] : 0.0
-335.19373621891333 : 597.9865484628871 : [-478.199601253262, 408.2917301643063, -193.3189715268066, -489.3757670136878, -238.83082674183976, -483.6405042430184, -484.7766816538204, 429.73343335764923, -243.33565484820497, 457.20231630929186, -478.0128696961915, -478.2399696503034, -230.25675989351402, -152.0315695332731, 261.6781746215327, 256.8907601133341, 402.25938481514356, 455.6906448748949, 201.23214412503592, -239.18046492630626, 453.83767896168104, -435.33380074071613, 241.67162642801088, -451.0746044572843, -492.8123168840795, -451.2777059066322, -473.8003104746914, -498.8486690554051, -237.32014494497517, 452.1001602804656] : 0.0
-300.3209972438905 : 558.4916454065433 : [-400.828128172884, 448.89322457491005, -449.5633553451959, -470.4315497735276, -479.8395215777215, -493.2511786257528, -279.188883650591, -256.5413450260068, -233.01406506317107, 471.67163298068226, -452.16594102198906, 464.4442677291088, 461.0057892186639, -487.54643625594065, 420.694677723759, -19.70187865424661, 214.7989558237478, 40.87991062915813, 459.4746391608469, -227.6339946653253, 369.34288950009113, -456.3511872914322, 457.0709316358186, -464.66018671839504, -51.97655858631476, -243.0987748291994, -461.9308409610464, -454.76426099415403, 3.8615880228298236, 218.65575485846296] : 0.0
-335.1171409624039 : 575.3809891404588 : [-488.5891406054229, 420.6267959056031, 46.756582428779325, -466.1731909670891, -471.22327281590265, 237.59320013978393, 112.4331177652374, 193.5247342378442, -465.5965165107945, 273.17780955042247, -478.5175538307179, -302.05415417196167, 476.76798122146363, -470.20391345153166, -132.80720420049192, 421.3183167692086, 461.9244288726225, 198.2908151733896, 448.0272758608431, -474.6866395904209, 455.9921668538337, 70.78289594027827, 425.2190767014023, -427.9611283551711, -459.97188863012923, -491.2571505321266, -472.27623904061255, -493.2310710071472, -289.779502958197, -279.430462113392] : 0.0
-331.432200999471 : 589.5935715219937 : [463.8343541552326, 442.18523885653804, -476.28349538440114, -433.39379966062563, -474.86339957343944, -276.0965272677433, -498.17625376350367, 185.13880739648167, 479.2352063619994, -490.76666571034684, -479.9672191990644, 472.31759567650016, 239.36072645306933, -499.7554410656413, -23.586382170408424, 258.19930510905203, 217.12608868715216, 226.4055578933614, 359.11374048606604, -236.2572634587251, 438.09114017922354, -476.8407310939499, 458.0105835001185, -491.4145044308329, -219.7936658611144, -496.5208760853009, -438.8698879452422, 231.76077396520412, 434.1465289751611, 476.3249915743165] : 0.0
-317.9479509102327 : 604.0492586487877 : [-476.64293008369134, 422.4811053429313, -499.71320208697557, -499.0628802979918, -493.5234864631655, -495.2624786435146, 269.74393303843317, 145.88348747466793, 429.59795804514636, 117.96132395939136, -461.8754976358405, -290.0452328573601, -243.38515184631765, -246.05183959474047, 414.1334650643241, 207.99998759035734, 353.50429040151096, 424.45753458063183, 405.26679532805906, 5.620549797095947, -483.79817214031107, -436.16151548311325, 441.97618670452187, -461.62992321634795, 482.95058678334084, -448.7415250134469, -489.844699520557, -482.84302394293115, 400.0661608964501, 433.5097052062402] : 0.0
-307.6546140143718 : 529.1816025081515 : [-493.51365101705665, -55.590526052272466, -462.5867600766012, -491.08347946910527, -228.24946746822272, -495.62140181273173, 471.96092329713974, 449.18572696907484, -224.8248730979059, 221.5400259605042, -447.2843477424618, -288.8624124186524, -490.8030236462521, -480.42391335655014, -109.27779574187278, 476.998234049881, -118.19060375249023, 233.9691731509871, -159.31212219726893, -242.44492131280276, -295.2563630650709, -475.556436676464, 212.67631928606798, -474.8275897781163, -22.4696076755885, -478.78284113670423, -237.98837533762173, -481.5066022703048, 485.42743936175106, 188.57251279685016] : 0.0
-323.37558092559794 : 593.4753494280358 : [250.73887781156822, 288.6365515496276, -471.61003360976184, -476.33093532259477, -472.97996743161684, -478.8827393323315, -417.6394371257367, -291.37150916842677, -495.3940804936891, -495.38999494256416, -490.75798803330827, 453.8127463077149, -247.0572559343559, 267.01461796524364, -314.2290471292735, 91.72479538023933, 258.91429137231717, 458.70545057557433, 441.0941446264332, -488.4330331055609, -240.78359867502695, -477.2315736915988, 443.17896601887026, -475.69268416253465, -469.4145667807075, -54.5477332337928, -465.9171283790624, 50.17256151721655, 483.78788032372574, -236.3494651323595] : 0.0
-316.7357989465384 : 572.7013282200724 : [-476.53507503751615, -295.3564739368767, -491.4799269281514, -497.8625394302302, -462.34434792161267, 464.7670756225731, 444.7181234037399, 200.78924683079637, -457.7350240135456, -258.3322844566878, -462.5215292787257, 402.342639059056, 480.07552494661223, -443.8057689540661, 441.6776885223883, 339.1294919098122, 120.26735957362891, 442.8060744814326, 413.9929992098999, -66.14199856861768, 244.83204395966465, -446.0087872879327, -135.13914772900415, -447.28243432626454, -466.5605818954507, -499.6059305218412, -192.84985998698795, -61.0768268124754, -247.7866726099169, -491.45331203725084] : 0.0
-336.2399272437542 : 625.6685026422919 : [-487.7141089907052, 396.3991578731586, -469.6152340199388, -7.74506978344661, -489.43679322351306, 479.1647676421795, 497.7654687644327, 462.58608619767904, 497.6942760933236, 460.90733417517794, -473.1004405517763, -57.9008385207367, 316.7152289710426, -479.89254598925635, 460.2888141925845, 443.5229554603093, -226.55418671955042, -283.1375200344286, 404.246423452395, -486.4338608061199, -278.68172965856616, -428.60606060659376, 401.8455306775938, -486.7596330302223, -487.8315505715476, -485.16095232426824, -467.9179917321271, -173.0319387476656, 446.38857236492964, 4.8192074979541815] : 0.0
-291.2248117791341 : 547.5842257390873 : [-233.22079856006027, -272.3104496184137, -444.829651774622, -497.4166529312276, 131.46270036413537, 249.98910301790912, -280.5238221489166, 410.60935112990006, 241.26512407511092, 496.40492975269376, -409.14653785635215, 243.9093576999259, 257.4607681897236, -464.70438692392247, 399.4925149142741, 456.5714512711938, 418.1199901181405, 305.9804625971585, 464.72948706654375, -453.03881714622014, 430.5280774417994, -480.0279086508832, -265.91738886176825, -450.60619726454144, 298.9485321780039, -472.3311171461145, -458.03686376950094, -490.3112290111235, 299.11297614653535, 474.44443906254736] : 0.0
-311.4566975319656 : 533.1603293154284 : [-463.7555625279878, 448.5274966266761, -247.69504802150254, -223.42624409851, -453.2564251378181, -199.4991277526864, -487.2401678256141, -277.53576243770505, 281.21623465094285, 430.7491345891943, -470.98083640815537, 250.21374791465354, -226.44570214436402, 268.116805691905, -481.8229708948111, 442.36789315218044, 463.4147009028769, -491.2856472265488, 424.35183188845014, -443.5743994200721, 403.70790829659586, -449.24646063969317, 35.92778473745467, -460.3044247392128, -215.14745566650552, -225.48069625161418, -482.117662492372, 477.6622331759152, -51.758362102992066, -277.40311186782975] : 0.0
-342.19709187204154 : 639.5196341859678 : [-456.2075707916985, 418.08663574455124, -481.2143235692663, -463.0497296589293, -478.4905265197351, -498.7370710203264, -481.1429080773545, 3.4559502170711767, -260.15745756569515, 455.7373282686577, -483.67744756183555, 451.4271754535857, -401.75606053007823, -216.5869628444757, 472.6213959358763, 429.2917482895925, 252.4838139750321, -261.55303424538397, 173.3759765034223, -469.96420057823127, 457.7185276416401, -476.5554980021065, 431.637310642305, -479.9223675726813, 461.1171258744296, -465.25332650937366, -467.847403831037, 328.67520080197477, 457.6884285757027, -87.36046163647455] : 0.0
-338.49182667063894 : 602.6007526221414 : [-489.7056583412383, 425.65153505408614, -495.921373629154, -223.93459382552783, -446.09407248119146, 317.7736239117614, 409.5583931421944, -228.83234642794613, -489.824230549215, -255.03960212990108, -476.9774470290421, -185.2223922436513, 464.61594984265594, -483.6444544895249, 424.10700649421733, 435.2979985323341, -257.29705730573846, -267.3843825196256, -309.80338462371185, -455.1235551608446, 440.078276463227, -448.3068891747372, 408.9196659127207, -485.89826145111374, 289.0938303695245, -468.1551729003949, -481.7586155317433, -497.59564111253513, -92.30604268570212, -118.38920618791892] : 0.0
-329.90858132069303 : 644.9857393001708 : [-421.50088290998445, 441.6717835501289, 477.14503662865786, -471.46452229228476, -267.7491454742475, -492.9390125663476, 98.6076872530073, 470.7079948620063, 479.55301594125694, 488.59962813178583, -474.1535408335737, 429.54512924804885, 476.6115242611071, -444.5059273351169, -263.7985374839078, -287.1630272610408, 467.6973436684941, 168.0202532655103, 430.38808673342254, -446.9429383131022, 437.7946051213437, -446.36974304730967, 453.1299602181589, -481.3087959260579, -426.5062443286357, -487.1845550570437, -448.53932468131063, -466.70771364088216, -286.52807720252366, 263.7704920390489] : 0.0
-308.65404951538864 : 548.3176754071967 : [36.8741579969223, 110.74691028032834, 472.21712835013005, -451.95049148726036, -463.26702783332195, -248.7723188527894, -482.6149890493415, 443.4019765813184, -63.282625617992956, 265.57632884765485, -485.23618607178406, 430.83306672522264, 318.38818624158654, -454.4215631647613, 445.6862629396572, 404.1370899202492, 74.67611135714847, -210.67781020775962, 430.7565826734103, -484.0377459678409, 468.9450341786397, -454.85418479130783, 440.92906489203483, -438.9625181421243, 498.09788525504854, -476.3790783019851, -448.31003093400585, 121.44290451133767, 250.07427118820155, 443.45328425066515] : 0.0
