Fitness : Violation : Position : Miscellaneous
1.5958779949213236E-51 : 263.50416042932187 : [1.5958779949213236E-51, 0.3925503829143704, 39.85676120313471, 134.65656181054905, 6.411085310638654, 5.991191424161814, 4.767690619181897] : 0.0
4.979505493003322E-52 : 66.9933271532882 : [4.979505493003322E-52, 20.710928332786672, 16.190882738523012, 297.58692084357165, 6.3830213939955165, 6.170182314784275, 5.8652637239354215] : 0.0
4.4710017470294377E-51 : 215.4270955963493 : [4.4710017470294377E-51, 17.395183169934494, 8.991509923205898, 164.2660688963593, 6.354178076349231, 6.23657961604305, 4.917321961028022] : 0.0
6.14675814761917E-54 : 136.38772559707107 : [6.14675814761917E-54, 30.089577648875828, 10.054760972608968, 160.3770668636967, 6.560257343198358, 6.049103070900883, 4.992954303321219] : 0.0
1.1730420871998389E-50 : 66.54688026403667 : [1.1730420871998389E-50, 26.737591441471487, 11.036167097216868, 242.7726357734267, 6.616401379058991, 6.238733078795796, 5.3597475666733825] : 0.0
8.559030126541809E-52 : 307.91457852985246 : [8.559030126541809E-52, 9.660005859430138, 15.904822817134871, 298.7360308706217, 6.568746064907884, 6.293512825787891, 5.520889664800752] : 0.0
2.484692891928757E-52 : 166.9465085590056 : [2.484692891928757E-52, 4.066913378743585, 15.050907218496594, 215.28825110487614, 6.322494544243517, 6.141625254837212, 5.79445401306931] : 0.0
6.055070080978315E-52 : 475.79042978980874 : [6.055070080978315E-52, 7.024579768975713, 11.353550218117281, 221.20175221778845, 6.665226238366362, 5.979630551645267, 5.2289752638459355] : 0.0
9.505012009242082E-52 : 77.90145440424403 : [9.505012009242082E-52, 25.824846989605284, 21.555668832882326, 279.4225102675334, 6.383698237685618, 6.106454894095501, 6.078044158339543] : 0.0
3.834052630565369E-51 : 156.22872047373218 : [3.834052630565369E-51, 6.599230263857557, 28.85536635302568, 201.47013964279407, 6.408796947489573, 6.2959402701272875, 5.727708767079943] : 0.0
2.4852524748995824E-53 : 86.4523393343995 : [2.4852524748995824E-53, 37.13440674082578, 20.170397442102967, 226.5448624285602, 6.421960800535299, 6.13354096657075, 5.44197380232165] : 0.0
3.392166367085258E-52 : 152.14405676510486 : [3.392166367085258E-52, 28.152446366793157, 22.316050512673257, 235.0025821138153, 6.521059189964986, 6.123859396926914, 4.961868473339695] : 0.0
1.6369228475564832E-51 : 68.99514286169615 : [1.6369228475564832E-51, 33.94580975809275, 8.159935114971711, 137.37098163361486, 6.349007945277031, 6.054937742717369, 5.823335101284654] : 0.0
1.4153303526573732E-51 : 334.7436600057199 : [1.4153303526573732E-51, 0.6415914353357746, 11.933508808962284, 161.46255327334828, 6.397561261747335, 6.085304715150489, 5.0008771843345] : 0.0
2.230283180691786E-51 : 80.8707257050904 : [2.230283180691786E-51, 33.46517519069791, 17.752679120677996, 201.44643813482867, 6.57631899264879, 5.987673079440586, 4.942166123009394] : 0.0
4.9629245261939096E-52 : 50.20667340841748 : [4.9629245261939096E-52, 12.044540065325778, 10.674227834859806, 104.03331886702331, 6.410445311179114, 6.019956914818806, 5.918861060422939] : 0.0
1.9759443990782103E-52 : 143.9069348257129 : [1.9759443990782103E-52, 3.0875547615587693, 0.5332912046634224, 210.69345760881174, 6.607691877669728, 6.331620481943494, 6.018156864736365] : 0.0
6.919435399235617E-52 : 171.87168308508976 : [6.919435399235617E-52, 6.590143128087046, 30.149444000427607, 185.84657375375144, 6.58014359660962, 5.9746790201250715, 5.647099021824685] : 0.0
3.252140239213746E-53 : 162.99358746272293 : [3.252140239213746E-53, 14.797857302934172, 38.705065417973564, 201.68970299193242, 6.594153782455135, 6.022921191575958, 5.43097442324532] : 0.0
1.8545239284260858E-55 : 74.27215431728531 : [1.8545239284260858E-55, 25.532770468335976, 5.4219330052923915, 171.91463305870644, 6.511411010776527, 6.261893102318848, 6.098808400441403] : 0.0
3.9089439595929987E-50 : 324.5528476250774 : [3.9089439595929987E-50, 12.824435555260953, 4.5882660213525135, 187.42281412858904, 6.515738906670036, 6.053934608247019, 5.283255798281388] : 0.0
1.6504546824025727E-51 : 223.77395337347465 : [1.6504546824025727E-51, 25.922242043506643, 9.348977546260247, 166.59149178333948, 6.391044922883615, 6.141271444790382, 4.600730384704493] : 0.0
1.5885446036823515E-52 : 71.15315037516604 : [1.5885446036823515E-52, 32.26409521822592, 10.728545911865893, 249.72219065727182, 6.417695586400009, 6.1769138010078635, 5.58027231475441] : 0.0
2.1279964859418537E-51 : 85.58051157561214 : [2.1279964859418537E-51, 14.499715897846112, 15.358336550195421, 128.03486105371513, 6.495865333165881, 6.069206444952549, 5.408807685182882] : 0.0
3.430503170639486E-53 : 154.96085718714292 : [3.430503170639486E-53, 11.849851094952255, 5.772101074009473, 151.45503307705087, 6.408556208728885, 6.064634068965615, 5.542522444960657] : 0.0
2.522811696010491E-52 : 267.3587854178301 : [2.522811696010491E-52, 13.996022533683544, 36.29951695831423, 184.01829173421226, 6.6195649430830645, 6.255824026088183, 5.11631258482796] : 0.0
1.576348106314819E-51 : 72.59844980707435 : [1.576348106314819E-51, 28.140003866316206, 8.118963874135801, 135.47588786672944, 6.4714838683311235, 6.298376500561781, 5.0301274515212615] : 0.0
6.1466040722715224E-52 : 80.43962667670091 : [6.1466040722715224E-52, 30.214595947639733, 20.145791021968247, 270.71209980882776, 6.501708954822981, 6.371216812487482, 5.07914290761026] : 0.0
9.854740930747505E-52 : 69.79159126395274 : [9.854740930747505E-52, 20.62329626321789, 18.74068484337431, 117.63503570217938, 6.42609159990803, 5.963345781925232, 5.9341900346940655] : 0.0
4.2151961368154106E-52 : 69.35419635255667 : [4.2151961368154106E-52, 33.358545346531535, 8.70793264180773, 150.09999892725102, 6.4473235127261415, 6.176938743099016, 5.349477426778035] : 0.0
