Fitness : Violation : Position : Miscellaneous
-576.0812517504734 : 4.053505265975615E10 : [93.20786077131723, -95.87747258264673, -57.77060660552922, 12.374297437530778, 76.49076285541722, 87.60918661022782, 56.09127447858748, -99.5431045321439, 76.45064765224369, 34.86542958026339] : 0.0
-580.243439668607 : 2.5673210252080006E10 : [79.37129637775291, 90.90033134279402, -78.69566329192352, -65.96855587065082, 4.674054813118467, -80.71388563353062, 39.2734322387697, -65.86705527151443, -72.19261970167508, 70.5677712871943] : 0.0
-538.5001378109506 : 3.0355657387964348E10 : [83.76630566147303, -78.99746170079392, -93.81856444979732, -58.757431052112125, 39.288763613466614, -77.29021711744929, 75.93868519303041, -85.40004742233918, -31.322922157017864, -47.275873259351485] : 0.0
-538.0864916652586 : 3.948267345313527E10 : [91.30138928017166, -89.75096595225644, -76.01494579651376, -87.32618171482693, -15.841744259294742, -97.76214939760973, 93.36899593782341, 32.14915330450148, -8.796572216620959, 59.41161642922735] : 0.0
-569.4955175227495 : 3.4124128044224957E10 : [82.20147280111385, -82.39932183946259, -91.48662092505819, -81.8464753029132, 87.33896396475808, 66.94378982546742, 66.33473307392887, 77.00112958643854, -5.701297340614886, 94.17134217048539] : 0.0
-582.9824185938 : 3.0619559162951977E10 : [71.06765531140242, -63.161086122306116, -81.92390273488228, -86.00909091053545, 85.33025330411958, 69.16872751728543, 95.52863388671675, 39.221753780621626, -36.1365954205996, 96.13056884619705] : 0.0
-563.4313373206603 : 2.8338675108924374E10 : [93.54175845265237, -67.06563525823299, -78.85434339325445, -85.17638790121954, 54.53672484959819, 79.97021888371833, 70.33342442954827, 51.08478142394592, -60.78151896011792, 96.17736982683388] : 0.0
-565.3192779981584 : 4.173289709549314E10 : [71.77594479693794, -88.55881969242557, -99.25067961155213, -96.5575093138363, 93.06871604303845, 55.62365418846463, 80.22977289391972, 65.38106255765261, -1.627113965127414, 88.045654623589] : 0.0
-510.4187900709357 : 3.1387053935277008E10 : [92.91765077678252, -96.9311276378445, -82.85582669876956, -43.177696147410245, -18.637276391482736, -70.1044302316369, 8.83297517677268, -75.64634379780546, -81.90521247024262, -76.18820136693061] : 0.0
-571.0710778557001 : 3.089963480892787E10 : [87.10784096096292, -69.05250517476877, -96.73387604509782, -76.73277158283497, 87.5124720573901, 62.970810759676084, 65.02462603625756, 59.44478312595003, -0.9453807881872045, 93.59850284732065] : 0.0
-562.7727966169255 : 2.484727179914214E10 : [82.7822405775648, -70.38455984304804, -96.75430742849969, -51.781484033582686, 41.23429237149998, 69.45983373825177, 20.32875255562549, 81.8790490130364, -54.38930150249477, 74.51124119435296] : 0.0
-541.696672754547 : 2.075985404326689E10 : [43.39939585378835, -81.77713616703952, -96.85797769926008, -6.946063432114887, 50.773834865723735, -3.863962371270979, -50.6161281321265, 75.12792742260983, 71.88382887557827, 99.35821197647371] : 0.0
-534.9322832687321 : 2.7780807954908566E10 : [90.42326549322641, -76.51414753406523, 60.585041301522736, 96.13563659407153, 62.4936658780886, -6.646788014042222, 73.18848497223662, -22.005640603919858, 74.42334830456213, 81.26580186875609] : 0.0
-554.0338893628914 : 3.727346768736489E10 : [92.69783851797591, -96.33490660368867, -76.60613845064631, -82.84273966879582, -84.34952378534943, -86.96714846127114, 34.8961466135779, 60.02032363936192, -54.2958728426354, 43.49322668892334] : 0.0
-584.2350549001653 : 2.5359528017228176E10 : [65.4608622021411, -73.12390819719401, -56.068256800604985, -96.777022535932, -16.26719422262778, -31.78246513096799, 57.31132491433994, -92.07402830252676, 71.8520848500363, 95.63077685050047] : 0.0
-624.1572537472262 : 4.420583383939548E10 : [95.3320884248554, -90.93687106950614, -92.56741373857281, -93.51007361544193, -11.193086593102969, -88.476203998008, 92.70740331494622, 46.860900913318154, -19.121201772591775, 55.3676356214486] : 0.0
-528.5403888145062 : 3.674643699086488E10 : [95.12730115428991, -88.98498730918104, -81.08889870509601, 5.541532176604463, 64.68578948804762, 95.74281935325777, 88.03393155382474, 63.673582518240636, 10.407042330016168, -44.49723068784023] : 0.0
-542.1190283333978 : 3.4159498136870647E10 : [92.11544753380242, -60.588877889105106, -95.68234727336483, -63.73688254772185, -10.650014873891628, 80.76594742331604, -13.404507041410426, 89.63769242653174, -82.01549507085207, 57.84618602682726] : 0.0
-550.4724183982349 : 4.127239993585557E10 : [93.34539753989276, -87.33654419117543, -92.29172454079787, -68.03605504398962, -6.36759519379255, 59.15564540699343, -36.50177403786876, 93.94268813066783, -97.49025683695945, 48.96313218772137] : 0.0
-511.31837214233695 : 3.0459497171739166E10 : [70.59881601898839, -96.92921579591646, -98.43331147335579, -19.757398519462473, 77.47339623226247, 66.27454217093445, -52.358700051665295, -75.04380783256481, -43.30662526528977, -16.229743502383386] : 0.0
-521.5926487967308 : 2.9847712997380074E10 : [97.26283848101005, -65.22452557709774, -82.57126696661761, -20.428907516558695, 75.2707263440299, 67.05513439282927, -38.938899834858375, -65.40345917058528, -91.85463439662017, -14.76445883470332] : 0.0
-553.5690750468843 : 3.555041023102703E10 : [87.53122270529505, -96.1337232090841, -95.02718820256435, -73.89960420756051, 64.44262742371012, -74.57273307427823, 61.315696320638146, -78.14981317721413, -15.575565770667751, -67.21426630073228] : 0.0
-593.9843721630428 : 4.017378539871171E10 : [92.17885893868248, -92.78408910858082, -92.09930325299376, -74.63616905038423, 45.99785532410071, -96.29152949126876, 62.89197676614368, -82.37505772228427, -32.02911956112182, -19.08625561552538] : 0.0
-571.5662068074865 : 3.262793913641897E10 : [66.26602050829811, -97.85311836824067, 51.891316991710745, 62.59383063618573, 85.04485613393234, 85.57726576686964, 89.62901892669778, -9.480138533471981, 68.38027394314659, 47.49004798191015] : 0.0
-527.8116575119698 : 3.2845172426763718E10 : [94.70264975314701, -87.8487426402551, -96.15019244474487, -44.21865756724711, -71.49935667129989, -55.708122390122604, 7.846957610550189, 56.16586608282579, -85.7347544283181, 78.61434658201286] : 0.0
-545.2808382220763 : 2.59873462910094E10 : [24.507473990687494, -81.32711506089903, -76.82526089753986, -60.01375304960552, 94.35806299393968, 75.26571696488722, 9.72602345157685, -87.09165344214944, 31.94574332934568, 71.68398332046867] : 0.0
-529.0427000397607 : 4.878037922374031E10 : [95.36407805836167, -48.76892503101, -49.72207737464084, -99.65387210033839, 92.7876224597666, 95.34797949579897, -77.70986031267788, 86.72589207272112, -81.39242301937263, -88.6858361066756] : 0.0
-594.5354517575274 : 3.468874720664548E10 : [81.26872728203762, -36.937062572580736, -55.08778531034155, -99.50438153658187, 88.45473849038729, 24.82886787058059, 99.69275685756043, -74.01441939227693, 9.219011268088835, -88.88843437287255] : 0.0
-579.9944812551544 : 4.402135104116646E10 : [99.2574225717577, -74.17146617639499, -75.90046763677337, -68.41340305602294, 91.34531346218468, 96.8081322504436, 98.03263126901433, 47.094129716364534, 1.0164719566335059, 95.59410199737385] : 0.0
-560.6599491651704 : 3.079858831697809E10 : [76.41521691983755, -30.781665693948284, -53.83543099784579, -93.13069941400916, 99.7697680007888, 41.850790980988954, 90.38355808246708, -64.27880812134117, 0.17443990128024822, -77.57766754417447] : 0.0
