Position - Fitness - Violation
[59.73441462997558, 197.04434437461893, -0.057037216646147915, -0.3501124992688893] - 578.6054350246727 - 279.0237427222876
[70.01844047182422, 48.197446322795656, -0.4437801230657704, 0.07182798191689765] - 306.8681267877687 - 416.2230488682073
[44.07917615613996, 21.596640678538158, -0.012979144280512863, -0.09196953794497927] - 175.52316983843485 - 307.5952280885205
[23.066216075589686, 49.825431295014994, 0.17439065588077862, -0.02377629174688556] - 168.94424673822166 - 308.88266219536547
[27.36418432399256, 18.757728915396235, -0.01199423597076348, 0.032286077768794025] - 119.63290103312059 - 310.9265618172211
[27.36418432399256, 18.757728915396235, -0.01199423597076348, 0.032286077768794025] - 119.63290103312059 - 310.9265618172211
[27.36418432399256, 18.757728915396235, -0.01199423597076348, 0.032286077768794025] - 119.63290103312059 - 310.9265618172211
[12.02753111927568, 7.167348433787112, -0.09957786442612913, -0.004567926776619824] - 50.41927560816691 - 317.0938610599217
[12.02753111927568, 7.167348433787112, -0.09957786442612913, -0.004567926776619824] - 50.41927560816691 - 317.0938610599217
[12.02753111927568, 7.167348433787112, -0.09957786442612913, -0.004567926776619824] - 50.41927560816691 - 317.0938610599217
[12.02753111927568, 7.167348433787112, -0.09957786442612913, -0.004567926776619824] - 50.41927560816691 - 317.0938610599217
[12.02753111927568, 7.167348433787112, -0.09957786442612913, -0.004567926776619824] - 50.41927560816691 - 317.0938610599217
[12.02753111927568, 7.167348433787112, -0.09957786442612913, -0.004567926776619824] - 50.41927560816691 - 317.0938610599217
[12.02753111927568, 7.167348433787112, -0.09957786442612913, -0.004567926776619824] - 50.41927560816691 - 317.0938610599217
[12.02753111927568, 7.167348433787112, -0.09957786442612913, -0.004567926776619824] - 50.41927560816691 - 317.0938610599217
[12.02753111927568, 7.167348433787112, -0.09957786442612913, -0.004567926776619824] - 50.41927560816691 - 317.0938610599217
[12.02753111927568, 7.167348433787112, -0.09957786442612913, -0.004567926776619824] - 50.41927560816691 - 317.0938610599217
[12.02753111927568, 7.167348433787112, -0.09957786442612913, -0.004567926776619824] - 50.41927560816691 - 317.0938610599217
[5.038032582028435, 13.828041429682258, 0.030548123351319515, -0.2108649649477273] - 42.77207122978256 - 321.32995690697214
[5.038032582028435, 13.828041429682258, 0.030548123351319515, -0.2108649649477273] - 42.77207122978256 - 321.32995690697214
[3.9552520906610127, 11.156128807104192, -0.3461381986392156, -0.21669803896792306] - 34.179001417549046 - 335.6262428775148
[3.9552520906610127, 11.156128807104192, -0.3461381986392156, -0.21669803896792306] - 34.179001417549046 - 335.6262428775148
[3.9552520906610127, 11.156128807104192, -0.3461381986392156, -0.21669803896792306] - 34.179001417549046 - 335.6262428775148
[3.9552520906610127, 11.156128807104192, -0.3461381986392156, -0.21669803896792306] - 34.179001417549046 - 335.6262428775148
[0.5429673129619133, 2.7766579236951783, -0.3295942199322068, -0.1143920857069917] - 7.182232218055797 - 348.4404727624055
[0.5429673129619133, 2.7766579236951783, -0.3295942199322068, -0.1143920857069917] - 7.182232218055797 - 348.4404727624055
[0.311075402975389, 2.7766579236951783, -0.26645545276982796, -0.1143920857069917] - 6.486556358124245 - 324.65876074575783
[0.311075402975389, 2.7766579236951783, -0.26645545276982796, -0.1143920857069917] - 6.486556358124245 - 324.65876074575783
[0.311075402975389, 2.7766579236951783, -0.26645545276982796, -0.1143920857069917] - 6.486556358124245 - 324.65876074575783
[0.311075402975389, 2.7766579236951783, -0.26645545276982796, -0.1143920857069917] - 6.486556358124245 - 324.65876074575783
[0.311075402975389, 2.7766579236951783, -0.26645545276982796, -0.1143920857069917] - 6.486556358124245 - 324.65876074575783
[0.311075402975389, 2.7766579236951783, -0.26645545276982796, -0.1143920857069917] - 6.486556358124245 - 324.65876074575783
[0.311075402975389, 2.7766579236951783, -0.26645545276982796, -0.1143920857069917] - 6.486556358124245 - 324.65876074575783
[0.311075402975389, 2.7766579236951783, -0.26645545276982796, -0.1143920857069917] - 6.486556358124245 - 324.65876074575783
[0.311075402975389, 2.7766579236951783, -0.26645545276982796, -0.1143920857069917] - 6.486556358124245 - 324.65876074575783
[0.311075402975389, 2.7766579236951783, -0.26645545276982796, -0.1143920857069917] - 6.486556358124245 - 324.65876074575783
[0.311075402975389, 2.7766579236951783, -0.26645545276982796, -0.1143920857069917] - 6.486556358124245 - 324.65876074575783
[0.311075402975389, 2.7766579236951783, -0.26645545276982796, -0.1143920857069917] - 6.486556358124245 - 324.65876074575783
[0.09586347924283875, 0.45574860909659876, -0.03605764696575288, 0.04711985758265974] - 1.199087719910736 - 320.40122848679346
[0.09586347924283875, 0.45574860909659876, -0.03605764696575288, 0.04711985758265974] - 1.199087719910736 - 320.40122848679346
[0.08502925723677704, 0.45574860909659876, -0.2390370289353303, 0.04711985758265974] - 1.1665850536263433 - 344.0885028745778
[0.08502925723677704, 0.45574860909659876, -0.2390370289353303, 0.04711985758265974] - 1.1665850536263433 - 344.0885028745778
[0.30907960203159845, 0.08331733469350766, -0.1304399432818961, 0.2680955045179791] - 1.0938735053938273 - 348.174681399828
[0.30907960203159845, 0.08331733469350766, -0.1304399432818961, 0.2680955045179791] - 1.0938735053938273 - 348.174681399828
[0.30907960203159845, 0.08331733469350766, -0.1304399432818961, 0.2680955045179791] - 1.0938735053938273 - 348.174681399828
[0.30907960203159845, 0.08331733469350766, -0.1304399432818961, 0.2680955045179791] - 1.0938735053938273 - 348.174681399828
[0.30907960203159845, 0.08331733469350766, -0.1304399432818961, 0.2680955045179791] - 1.0938735053938273 - 348.174681399828
[0.30907960203159845, 0.08331733469350766, -0.1304399432818961, 0.2680955045179791] - 1.0938735053938273 - 348.174681399828
[0.30907960203159845, 0.08331733469350766, -0.1304399432818961, 0.2680955045179791] - 1.0938735053938273 - 348.174681399828
[0.020198371966719357, 0.18103596792584434, -0.358698968353704, 0.18767009849877095] - 0.422667055715605 - 420.79889314844706
[0.020198371966719357, 0.18103596792584434, -0.358698968353704, 0.18767009849877095] - 0.422667055715605 - 420.79889314844706
[0.020198371966719357, 0.18103596792584434, -0.358698968353704, 0.18767009849877095] - 0.422667055715605 - 420.79889314844706
[0.020198371966719357, 0.18103596792584434, -0.358698968353704, 0.18767009849877095] - 0.422667055715605 - 420.79889314844706
[0.020198371966719357, 0.18103596792584434, -0.358698968353704, 0.18767009849877095] - 0.422667055715605 - 420.79889314844706
[0.020198371966719357, 0.18103596792584434, -0.358698968353704, 0.18767009849877095] - 0.422667055715605 - 420.79889314844706
[0.020198371966719357, 0.18103596792584434, -0.358698968353704, 0.18767009849877095] - 0.422667055715605 - 420.79889314844706
[0.020198371966719357, 0.18103596792584434, -0.358698968353704, 0.18767009849877095] - 0.422667055715605 - 420.79889314844706
[0.020198371966719357, 0.18103596792584434, -0.358698968353704, 0.18767009849877095] - 0.422667055715605 - 420.79889314844706
[0.006805671035628458, 0.01103616830302745, 0.3980403716514355, 0.37686995849426685] - 0.04248934971415161 - 393.78440599976545
[5.827284997945287E-4, 0.017885878526541443, 0.14263964008171984, -0.1774475769781696] - 0.03751994255628119 - 327.57699729088273
[5.827284997945287E-4, 0.017885878526541443, 0.14263964008171984, -0.1774475769781696] - 0.03751994255628119 - 327.57699729088273
[4.222438842603912E-4, 0.017885878526541443, 0.14263964008171984, 0.04930070446914961] - 0.03703848870967865 - 321.5476341866899
[4.222438842603912E-4, 0.017885878526541443, 0.14263964008171984, 0.04930070446914961] - 0.03703848870967865 - 321.5476341866899
[4.222438842603912E-4, 0.017885878526541443, 0.14263964008171984, 0.04930070446914961] - 0.03703848870967865 - 321.5476341866899
[4.222438842603912E-4, 0.017885878526541443, 0.14263964008171984, 0.04930070446914961] - 0.03703848870967865 - 321.5476341866899
[4.222438842603912E-4, 0.017885878526541443, 0.14263964008171984, 0.04930070446914961] - 0.03703848870967865 - 321.5476341866899
[4.222438842603912E-4, 0.017885878526541443, 0.14263964008171984, 0.04930070446914961] - 0.03703848870967865 - 321.5476341866899
[4.222438842603912E-4, 0.017885878526541443, 0.14263964008171984, 0.04930070446914961] - 0.03703848870967865 - 321.5476341866899
[4.222438842603912E-4, 0.017885878526541443, 0.14263964008171984, 0.04930070446914961] - 0.03703848870967865 - 321.5476341866899
[4.222438842603912E-4, 0.017885878526541443, 0.14263964008171984, 0.04930070446914961] - 0.03703848870967865 - 321.5476341866899
[4.222438842603912E-4, 0.017885878526541443, 0.14263964008171984, 0.04930070446914961] - 0.03703848870967865 - 321.5476341866899
[2.530115860363419E-4, 0.017885878526541443, 0.18681275485728238, 0.04930070446914961] - 0.036530791815006444 - 322.7678636887527
[0.006276316320774092, 0.007517210407899877, 0.5399188901690396, 0.15597988187263587] - 0.03386336977865245 - 384.56024305768995
[0.006276316320774092, 0.007517210407899877, 0.5399188901690396, 0.15597988187263587] - 0.03386336977865245 - 384.56024305768995
[0.006276316320774092, 0.007517210407899877, 0.5399188901690396, 0.15597988187263587] - 0.03386336977865245 - 384.56024305768995
[0.006276316320774092, 0.007517210407899877, 0.5399188901690396, 0.15597988187263587] - 0.03386336977865245 - 384.56024305768995
[0.003936644193959515, 0.005993136826180086, -0.12944962924261771, 0.30037242696024574] - 0.02379620623444323 - 355.1076789246235
[0.0015609510485086577, 0.0064223387631520855, -0.30220278995063143, -0.17920876802269284] - 0.017527530672010547 - 326.81071917625195
[0.0015609510485086577, 0.0064223387631520855, -0.30220278995063143, -0.17920876802269284] - 0.017527530672010547 - 326.81071917625195
[0.0015609510485086577, 0.0064223387631520855, -0.30220278995063143, -0.17920876802269284] - 0.017527530672010547 - 326.81071917625195
[0.0015609510485086577, 0.0064223387631520855, -0.30220278995063143, -0.17920876802269284] - 0.017527530672010547 - 326.81071917625195
[6.686066937535572E-5, 0.005475102647681141, -0.12711496177780512, 0.08264914594629168] - 0.011150787303597767 - 323.29962258992657
[6.686066937535572E-5, 0.005475102647681141, -0.12711496177780512, 0.08264914594629168] - 0.011150787303597767 - 323.29962258992657
[6.686066937535572E-5, 0.005475102647681141, -0.12711496177780512, 0.08264914594629168] - 0.011150787303597767 - 323.29962258992657
[0.0018936551930715199, 0.0013618689046259677, -0.06702914737238985, 0.3269424321893904] - 0.00840470338847497 - 336.50477930941963
[0.00176268434145906, 0.0012678731392462923, 0.049826310748458724, -0.09812028243812382] - 0.0078237993028766 - 321.6745312469438
[0.00176268434145906, 0.0012678731392462923, 0.049826310748458724, -0.09812028243812382] - 0.0078237993028766 - 321.6745312469438
[1.679444383881762E-4, 7.612651598714326E-4, 0.0793105019987649, 0.0528280185135471] - 0.0020263636349076926 - 320.47890062168136
[2.843468107280535E-4, 2.006871003206942E-4, 0.23384626677451964, -0.39816333529257303] - 0.0012544146328255772 - 365.7497858813612
[2.843468107280535E-4, 2.006871003206942E-4, 0.23384626677451964, -0.39816333529257303] - 0.0012544146328255772 - 365.7497858813612
[1.5124684202571E-4, 1.3076341730749918E-4, 0.23384626677451964, 0.4524184855340114] - 7.152673606921334E-4 - 378.29007903955
[1.5124684202571E-4, 1.3076341730749918E-4, 0.23384626677451964, 0.4524184855340114] - 7.152673606921334E-4 - 378.29007903955
[1.5124684202571E-4, 1.3076341730749918E-4, 0.23384626677451964, 0.4524184855340114] - 7.152673606921334E-4 - 378.29007903955
[1.5124684202571E-4, 1.3076341730749918E-4, 0.23384626677451964, 0.4524184855340114] - 7.152673606921334E-4 - 378.29007903955
[1.3695184400879567E-4, 1.4793363491830613E-4, -0.3021460240459479, 0.19853733818153496] - 7.067228018630041E-4 - 400.94006167631244
[1.3695184400879567E-4, 1.4793363491830613E-4, -0.3021460240459479, 0.19853733818153496] - 7.067228018630041E-4 - 400.94006167631244
[1.3695184400879567E-4, 1.4793363491830613E-4, -0.3021460240459479, 0.19853733818153496] - 7.067228018630041E-4 - 400.94006167631244
[1.3695184400879567E-4, 1.4793363491830613E-4, -0.3021460240459479, 0.19853733818153496] - 7.067228018630041E-4 - 400.94006167631244
[1.3695184400879567E-4, 1.4793363491830613E-4, -0.3021460240459479, 0.19853733818153496] - 7.067228018630041E-4 - 400.94006167631244
[1.3695184400879567E-4, 1.4793363491830613E-4, -0.3021460240459479, 0.19853733818153496] - 7.067228018630041E-4 - 400.94006167631244
[1.3695184400879567E-4, 1.4793363491830613E-4, -0.3021460240459479, 0.19853733818153496] - 7.067228018630041E-4 - 400.94006167631244
[1.3695184400879567E-4, 1.4793363491830613E-4, -0.3021460240459479, 0.19853733818153496] - 7.067228018630041E-4 - 400.94006167631244
[1.5124684202571E-4, 7.32354618527843E-5, 0.30921657386464396, 0.5001436654770448] - 6.002114497827023E-4 - 402.10168548516424
[1.5124684202571E-4, 7.32354618527843E-5, 0.30921657386464396, 0.5001436654770448] - 6.002114497827023E-4 - 402.10168548516424
[1.3657904979793282E-4, 3.6028560837703984E-5, -0.32549624776431374, 0.29798953359619207] - 4.8179427106920903E-4 - 431.3919863249075
[1.1752639145447172E-4, 2.4153672074575744E-5, 0.4835061971636409, -0.2207977145478932] - 4.0088651851256826E-4 - 357.3191707769271
[1.1752639145447172E-4, 2.4153672074575744E-5, 0.4835061971636409, -0.2207977145478932] - 4.0088651851256826E-4 - 357.3191707769271
[1.098581119414744E-4, 3.140728489912695E-5, -0.14724262832065776, 0.19670985303870825] - 3.923889056226784E-4 - 339.1144143688609
[1.098581119414744E-4, 3.140728489912695E-5, -0.14724262832065776, 0.19670985303870825] - 3.923889056226784E-4 - 339.1144143688609
[1.098581119414744E-4, 3.140728489912695E-5, -0.14724262832065776, 0.19670985303870825] - 3.923889056226784E-4 - 339.1144143688609
[1.098581119414744E-4, 3.140728489912695E-5, -0.14724262832065776, 0.19670985303870825] - 3.923889056226784E-4 - 339.1144143688609
[2.8979003963079913E-6, 3.330502851105041E-5, -0.2341251144469905, 0.351184510355541] - 7.530375821102482E-5 - 407.6429796692833
[2.8979003963079913E-6, 3.330502851105041E-5, -0.2341251144469905, 0.351184510355541] - 7.530375821102482E-5 - 407.6429796692833
[2.8979003963079913E-6, 3.330502851105041E-5, -0.2341251144469905, 0.351184510355541] - 7.530375821102482E-5 - 407.6429796692833
[2.8979003963079913E-6, 3.330502851105041E-5, -0.2341251144469905, 0.351184510355541] - 7.530375821102482E-5 - 407.6429796692833
[2.8979003963079913E-6, 3.330502851105041E-5, -0.2341251144469905, 0.351184510355541] - 7.530375821102482E-5 - 407.6429796692833
[2.8979003963079913E-6, 3.330502851105041E-5, -0.2341251144469905, 0.351184510355541] - 7.530375821102482E-5 - 407.6429796692833
[2.8979003963079913E-6, 3.330502851105041E-5, -0.2341251144469905, 0.351184510355541] - 7.530375821102482E-5 - 407.6429796692833
[2.8979003963079913E-6, 3.330502851105041E-5, -0.2341251144469905, 0.351184510355541] - 7.530375821102482E-5 - 407.6429796692833
[2.983952205632756E-8, 3.330502851105041E-5, -0.2341251144469905, 0.351184510355541] - 6.669957558826983E-5 - 407.6429802428955
[2.983952205632756E-8, 3.330502851105041E-5, -0.2341251144469905, 0.351184510355541] - 6.669957558826983E-5 - 407.6429802428955
[2.983952205632756E-8, 3.330502851105041E-5, -0.2341251144469905, 0.351184510355541] - 6.669957558826983E-5 - 407.6429802428955
[2.983952205632756E-8, 3.330502851105041E-5, -0.2341251144469905, 0.351184510355541] - 6.669957558826983E-5 - 407.6429802428955
[2.983952205632756E-8, 3.330502851105041E-5, -0.2341251144469905, 0.351184510355541] - 6.669957558826983E-5 - 407.6429802428955
[8.805636618129745E-6, 6.941954358013106E-6, -0.3795303421618877, 0.3820689247532773] - 4.030081857041545E-5 - 469.88449681817093
[8.805636618129745E-6, 6.941954358013106E-6, -0.3795303421618877, 0.3820689247532773] - 4.030081857041545E-5 - 469.88449681817093
[8.805636618129745E-6, 6.941954358013106E-6, -0.3795303421618877, 0.3820689247532773] - 4.030081857041545E-5 - 469.88449681817093
[8.805636618129745E-6, 6.941954358013106E-6, -0.3795303421618877, 0.3820689247532773] - 4.030081857041545E-5 - 469.88449681817093
[3.6637745294733184E-6, 1.0209044010141414E-5, -0.21244859530451332, 0.13612898823411335] - 3.140941160870278E-5 - 352.0490191831207
[3.6637745294733184E-6, 1.0209044010141414E-5, -0.21244859530451332, 0.13612898823411335] - 3.140941160870278E-5 - 352.0490191831207
[4.330433500449403E-6, 8.969139930698029E-6, -0.13977316002775617, -0.17409335422369332] - 3.092958036274427E-5 - 322.5145376740935
[4.330433500449403E-6, 8.969139930698029E-6, -0.13977316002775617, -0.17409335422369332] - 3.092958036274427E-5 - 322.5145376740935
[1.495430557611576E-6, 3.2384104247040545E-7, -0.2290698422536312, 0.19656610664427943] - 5.133973757775539E-6 - 371.62526016739804
[1.495430557611576E-6, 3.2384104247040545E-7, -0.2290698422536312, 0.19656610664427943] - 5.133973757775539E-6 - 371.62526016739804
[6.226538790949072E-7, 3.2384104247040545E-7, -0.2290698422536312, -0.040044609690966404] - 2.5156437222255324E-6 - 324.42237307082775
[6.226538790949072E-7, 3.2384104247040545E-7, -0.2290698422536312, -0.040044609690966404] - 2.5156437222255324E-6 - 324.42237307082775
[6.226538790949072E-7, 3.2384104247040545E-7, -0.2290698422536312, -0.040044609690966404] - 2.5156437222255324E-6 - 324.42237307082775
[6.226538790949072E-7, 3.2384104247040545E-7, -0.2290698422536312, -0.040044609690966404] - 2.5156437222255324E-6 - 324.42237307082775
[6.226538790949072E-7, 3.2384104247040545E-7, -0.2290698422536312, -0.040044609690966404] - 2.5156437222255324E-6 - 324.42237307082775
[6.226538790949072E-7, 3.2384104247040545E-7, -0.2290698422536312, -0.040044609690966404] - 2.5156437222255324E-6 - 324.42237307082775
[6.226538790949072E-7, 3.2384104247040545E-7, -0.2290698422536312, -0.040044609690966404] - 2.5156437222255324E-6 - 324.42237307082775
[6.226538790949072E-7, 3.2384104247040545E-7, -0.2290698422536312, -0.040044609690966404] - 2.5156437222255324E-6 - 324.42237307082775
[1.0476941555855338E-7, 8.986974373554456E-7, 0.05468400522986075, 0.12591032582307737] - 2.1117031213865514E-6 - 321.17749902588844
[1.0476941555855338E-7, 8.986974373554456E-7, 0.05468400522986075, 0.12591032582307737] - 2.1117031213865514E-6 - 321.17749902588844
[1.0476941555855338E-7, 8.986974373554456E-7, 0.05468400522986075, 0.12591032582307737] - 2.1117031213865514E-6 - 321.17749902588844
[1.0476941555855338E-7, 8.986974373554456E-7, 0.05468400522986075, 0.12591032582307737] - 2.1117031213865514E-6 - 321.17749902588844
[1.0476941555855338E-7, 8.986974373554456E-7, 0.05468400522986075, 0.12591032582307737] - 2.1117031213865514E-6 - 321.17749902588844
[1.0476941555855338E-7, 8.986974373554456E-7, 0.05468400522986075, 0.12591032582307737] - 2.1117031213865514E-6 - 321.17749902588844
[3.582755111539578E-8, 4.201499829571935E-8, -0.28229125755316364, -0.011744896191175733] - 1.9151264993762603E-7 - 349.5313540813225
[3.582755111539578E-8, 4.201499829571935E-8, -0.28229125755316364, -0.011744896191175733] - 1.9151264993762603E-7 - 349.5313540813225
[3.582755111539578E-8, 4.201499829571935E-8, -0.28229125755316364, -0.011744896191175733] - 1.9151264993762603E-7 - 349.5313540813225
[3.582755111539578E-8, 4.201499829571935E-8, -0.28229125755316364, -0.011744896191175733] - 1.9151264993762603E-7 - 349.5313540813225
[3.582755111539578E-8, 4.201499829571935E-8, -0.28229125755316364, -0.011744896191175733] - 1.9151264993762603E-7 - 349.5313540813225
[3.582755111539578E-8, 4.201499829571935E-8, -0.28229125755316364, -0.011744896191175733] - 1.9151264993762603E-7 - 349.5313540813225
[3.582755111539578E-8, 4.201499829571935E-8, -0.28229125755316364, -0.011744896191175733] - 1.9151264993762603E-7 - 349.5313540813225
[3.582755111539578E-8, 4.201499829571935E-8, -0.28229125755316364, -0.011744896191175733] - 1.9151264993762603E-7 - 349.5313540813225
[3.582755111539578E-8, 4.201499829571935E-8, -0.28229125755316364, -0.011744896191175733] - 1.9151264993762603E-7 - 349.5313540813225
[3.582755111539578E-8, 4.201499829571935E-8, -0.28229125755316364, -0.011744896191175733] - 1.9151264993762603E-7 - 349.5313540813225
[3.582755111539578E-8, 4.201499829571935E-8, -0.28229125755316364, -0.011744896191175733] - 1.9151264993762603E-7 - 349.5313540813225
[3.582755111539578E-8, 4.201499829571935E-8, -0.28229125755316364, -0.011744896191175733] - 1.9151264993762603E-7 - 349.5313540813225
[3.582755111539578E-8, 4.201499829571935E-8, -0.28229125755316364, -0.011744896191175733] - 1.9151264993762603E-7 - 349.5313540813225
[3.582755111539578E-8, 4.201499829571935E-8, -0.28229125755316364, -0.011744896191175733] - 1.9151264993762603E-7 - 349.5313540813225
[3.582755111539578E-8, 4.201499829571935E-8, -0.28229125755316364, -0.011744896191175733] - 1.9151264993762603E-7 - 349.5313540813225
[3.582755111539578E-8, 4.201499829571935E-8, -0.28229125755316364, -0.011744896191175733] - 1.9151264993762603E-7 - 349.5313540813225
[3.582755111539578E-8, 1.1600797608018508E-9, -0.11707515327251433, 0.10948856758585843] - 1.0980281286779104E-7 - 323.79431678164974
[3.582755111539578E-8, 1.1600797608018508E-9, -0.11707515327251433, 0.10948856758585843] - 1.0980281286779104E-7 - 323.79431678164974
[3.582755111539578E-8, 1.1600797608018508E-9, -0.11707515327251433, 0.10948856758585843] - 1.0980281286779104E-7 - 323.79431678164974
[3.582755111539578E-8, 1.1600797608018508E-9, -0.11707515327251433, 0.10948856758585843] - 1.0980281286779104E-7 - 323.79431678164974
[3.582755111539578E-8, 3.917151100988543E-10, -0.11707515327251433, 0.10948856758585843] - 1.0826608356638505E-7 - 323.79431678180345
[3.582755111539578E-8, 3.917151100988543E-10, -0.11707515327251433, 0.10948856758585843] - 1.0826608356638505E-7 - 323.79431678180345
[3.582755111539578E-8, 3.917151100988543E-10, -0.11707515327251433, 0.10948856758585843] - 1.0826608356638505E-7 - 323.79431678180345
[3.582755111539578E-8, 3.917151100988543E-10, -0.11707515327251433, 0.10948856758585843] - 1.0826608356638505E-7 - 323.79431678180345
[3.582755111539578E-8, 3.917151100988543E-10, -0.11707515327251433, 0.10948856758585843] - 1.0826608356638505E-7 - 323.79431678180345
[3.582755111539578E-8, 3.917151100988543E-10, -0.11707515327251433, 0.10948856758585843] - 1.0826608356638505E-7 - 323.79431678180345
[3.582755111539578E-8, 3.917151100988543E-10, -0.11707515327251433, 0.10948856758585843] - 1.0826608356638505E-7 - 323.79431678180345
[7.51557185547975E-11, 4.2212793915538895E-9, 0.08019669730654666, 0.4122486626885927] - 8.66802593877217E-9 - 342.87400236317995
[7.51557185547975E-11, 4.2212793915538895E-9, 0.08019669730654666, 0.4122486626885927] - 8.66802593877217E-9 - 342.87400236317995
[3.1591541023103454E-11, 4.2212793915538895E-9, 0.4351489257733048, 0.4122486626885927] - 8.53733340617709E-9 - 408.11049580857156
[3.1591541023103454E-11, 4.2212793915538895E-9, 0.4351489257733048, 0.4122486626885927] - 8.53733340617709E-9 - 408.11049580857156
[3.1591541023103454E-11, 4.2212793915538895E-9, 0.4351489257733048, 0.4122486626885927] - 8.53733340617709E-9 - 408.11049580857156
[3.1591541023103454E-11, 4.2212793915538895E-9, 0.4351489257733048, 0.4122486626885927] - 8.53733340617709E-9 - 408.11049580857156
[3.1591541023103454E-11, 4.2212793915538895E-9, 0.4351489257733048, 0.4122486626885927] - 8.53733340617709E-9 - 408.11049580857156
[3.1591541023103454E-11, 4.2212793915538895E-9, 0.4351489257733048, 0.4122486626885927] - 8.53733340617709E-9 - 408.11049580857156
[3.1591541023103454E-11, 4.2212793915538895E-9, 0.4351489257733048, 0.4122486626885927] - 8.53733340617709E-9 - 408.11049580857156
[3.1591541023103454E-11, 4.2212793915538895E-9, 0.4351489257733048, 0.4122486626885927] - 8.53733340617709E-9 - 408.11049580857156
[3.1591541023103454E-11, 4.2212793915538895E-9, 0.4351489257733048, 0.4122486626885927] - 8.53733340617709E-9 - 408.11049580857156
[3.1591541023103454E-11, 4.2212793915538895E-9, 0.4351489257733048, 0.4122486626885927] - 8.53733340617709E-9 - 408.11049580857156
[3.1591541023103454E-11, 4.2212793915538895E-9, 0.4351489257733048, 0.4122486626885927] - 8.53733340617709E-9 - 408.11049580857156
[3.1591541023103454E-11, 4.2212793915538895E-9, 0.4351489257733048, 0.4122486626885927] - 8.53733340617709E-9 - 408.11049580857156
[3.1591541023103454E-11, 4.2212793915538895E-9, 0.4351489257733048, 0.4122486626885927] - 8.53733340617709E-9 - 408.11049580857156
[3.1591541023103454E-11, 4.2212793915538895E-9, 0.4351489257733048, 0.4122486626885927] - 8.53733340617709E-9 - 408.11049580857156
[3.1591541023103454E-11, 4.2212793915538895E-9, 0.4351489257733048, 0.4122486626885927] - 8.53733340617709E-9 - 408.11049580857156
[9.431384872491716E-10, 8.704095828516537E-11, 0.4102797882700341, 0.3446048981189277] - 3.0034973783178456E-9 - 389.9834108958878
[9.431384872491716E-10, 8.704095828516537E-11, 0.4102797882700341, 0.3446048981189277] - 3.0034973783178456E-9 - 389.9834108958878
[9.431384872491716E-10, 8.704095828516537E-11, 0.4102797882700341, 0.3446048981189277] - 3.0034973783178456E-9 - 389.9834108958878
[9.431384872491716E-10, 8.704095828516537E-11, 0.4102797882700341, 0.3446048981189277] - 3.0034973783178456E-9 - 389.9834108958878
[9.431384872491716E-10, 8.704095828516537E-11, 0.4102797882700341, 0.3446048981189277] - 3.0034973783178456E-9 - 389.9834108958878
[6.038448688016808E-10, 1.1758982941463356E-10, 0.5065307377880003, 0.10502509491661385] - 2.0467142652343094E-9 - 368.68022292889333
[6.038448688016808E-10, 1.1758982941463356E-10, 0.5065307377880003, 0.10502509491661385] - 2.0467142652343094E-9 - 368.68022292889333
[6.038448688016808E-10, 1.1758982941463356E-10, 0.5065307377880003, 0.10502509491661385] - 2.0467142652343094E-9 - 368.68022292889333
[6.038448688016808E-10, 1.1758982941463356E-10, 0.5065307377880003, 0.10502509491661385] - 2.0467142652343094E-9 - 368.68022292889333
[6.038448688016808E-10, 1.1758982941463356E-10, 0.5065307377880003, 0.10502509491661385] - 2.0467142652343094E-9 - 368.68022292889333
[6.038448688016808E-10, 1.1758982941463356E-10, 0.5065307377880003, 0.10502509491661385] - 2.0467142652343094E-9 - 368.68022292889333
[6.038448688016808E-10, 1.1758982941463356E-10, 0.5065307377880003, 0.10502509491661385] - 2.0467142652343094E-9 - 368.68022292889333
[6.038448688016808E-10, 1.1758982941463356E-10, 0.5065307377880003, 0.10502509491661385] - 2.0467142652343094E-9 - 368.68022292889333
[6.038448688016808E-10, 1.1758982941463356E-10, 0.5065307377880003, 0.10502509491661385] - 2.0467142652343094E-9 - 368.68022292889333
[6.038448688016808E-10, 1.1758982941463356E-10, 0.5065307377880003, 0.10502509491661385] - 2.0467142652343094E-9 - 368.68022292889333
[1.2294855897071626E-10, 3.5882260627437604E-10, 0.28384577452333876, 0.27783596735911165] - 1.0864908894609008E-9 - 351.29454057358305
[1.2294855897071626E-10, 3.5882260627437604E-10, 0.28384577452333876, 0.27783596735911165] - 1.0864908894609008E-9 - 351.29454057358305
[1.2294855897071626E-10, 3.5882260627437604E-10, 0.28384577452333876, 0.27783596735911165] - 1.0864908894609008E-9 - 351.29454057358305
[1.2294855897071626E-10, 3.5882260627437604E-10, 0.28384577452333876, 0.27783596735911165] - 1.0864908894609008E-9 - 351.29454057358305
[3.2968676230593076E-11, 7.6505477769867E-11, -0.4601416496780225, 0.13361997735894163] - 2.5191698423151323E-10 - 448.97519005402626
[3.2968676230593076E-11, 7.6505477769867E-11, -0.4601416496780225, 0.13361997735894163] - 2.5191698423151323E-10 - 448.97519005402626
[3.2968676230593076E-11, 7.6505477769867E-11, -0.4601416496780225, 0.13361997735894163] - 2.5191698423151323E-10 - 448.97519005402626
[3.2968676230593076E-11, 7.6505477769867E-11, -0.4601416496780225, 0.13361997735894163] - 2.5191698423151323E-10 - 448.97519005402626
[3.2968676230593076E-11, 6.741804027723495E-11, -0.06390788920154737, -0.14490366692199746] - 2.3374210924624914E-10 - 321.5588378285575
[3.2968676230593076E-11, 6.741804027723495E-11, -0.06390788920154737, -0.14490366692199746] - 2.3374210924624914E-10 - 321.5588378285575
[3.2968676230593076E-11, 6.741804027723495E-11, -0.06390788920154737, -0.14490366692199746] - 2.3374210924624914E-10 - 321.5588378285575
[3.2968676230593076E-11, 6.741804027723495E-11, -0.06390788920154737, -0.14490366692199746] - 2.3374210924624914E-10 - 321.5588378285575
[3.2968676230593076E-11, 6.741804027723495E-11, -0.06390788920154737, -0.14490366692199746] - 2.3374210924624914E-10 - 321.5588378285575
[3.2968676230593076E-11, 6.741804027723495E-11, -0.06390788920154737, -0.14490366692199746] - 2.3374210924624914E-10 - 321.5588378285575
[3.2968676230593076E-11, 6.741804027723495E-11, -0.06390788920154737, -0.14490366692199746] - 2.3374210924624914E-10 - 321.5588378285575
[3.2968676230593076E-11, 6.741804027723495E-11, -0.06390788920154737, -0.14490366692199746] - 2.3374210924624914E-10 - 321.5588378285575
[8.42994866811816E-12, 5.384595384182292E-11, 0.5152069788670111, -0.48112957809043627] - 1.3298175368800033E-10 - 453.49999195108796
[8.42994866811816E-12, 5.384595384182292E-11, 0.5152069788670111, -0.48112957809043627] - 1.3298175368800033E-10 - 453.49999195108796
[8.42994866811816E-12, 5.384595384182292E-11, 0.5152069788670111, -0.48112957809043627] - 1.3298175368800033E-10 - 453.49999195108796
[8.42994866811816E-12, 5.384595384182292E-11, 0.5152069788670111, -0.48112957809043627] - 1.3298175368800033E-10 - 453.49999195108796
[3.96313434472705E-12, 2.047741147976915E-11, -0.17251345602730261, -0.3833721475967448] - 5.2844225993719455E-11 - 330.8398023896395
[3.96313434472705E-12, 2.047741147976915E-11, -0.17251345602730261, -0.3833721475967448] - 5.2844225993719455E-11 - 330.8398023896395
[3.96313434472705E-12, 1.7606222959612114E-11, 0.21916879491904404, -0.3833721475967448] - 4.710184895340538E-11 - 356.9883698998905
[9.77615717533307E-12, 7.97583857348012E-12, 0.265997422197103, 0.3879889237007531] - 4.528014867295945E-11 - 370.40350778887733
[9.77615717533307E-12, 7.97583857348012E-12, 0.265997422197103, 0.3879889237007531] - 4.528014867295945E-11 - 370.40350778887733
[6.921763176174404E-13, 2.721585932124148E-12, -0.23804160435487162, 0.3879889237007531] - 7.519700817100617E-12 - 417.3838886777332
[6.790674845706677E-16, 1.5438789816296873E-12, 0.3211762474728499, 0.3296820090611551] - 3.0897951657130866E-12 - 369.104772421702
[6.790674845706677E-16, 1.5438789816296873E-12, 0.3211762474728499, 0.3296820090611551] - 3.0897951657130866E-12 - 369.104772421702
[6.790674845706677E-16, 1.5438789816296873E-12, 0.3211762474728499, 0.3296820090611551] - 3.0897951657130866E-12 - 369.104772421702
[6.921763176174404E-13, 4.691973838021442E-13, -0.23804160435487162, 0.3879889237007531] - 3.0149237204566095E-12 - 417.3838886777332
[6.921763176174404E-13, 4.691973838021442E-13, -0.23804160435487162, 0.3879889237007531] - 3.0149237204566095E-12 - 417.3838886777332
[6.921763176174404E-13, 4.691973838021442E-13, -0.23804160435487162, 0.3879889237007531] - 3.0149237204566095E-12 - 417.3838886777332
[6.921763176174404E-13, 4.691973838021442E-13, -0.23804160435487162, 0.3879889237007531] - 3.0149237204566095E-12 - 417.3838886777332
[6.655671383288298E-13, 4.691973838021442E-13, -0.16250333117292026, -0.15773281033338116] - 2.9350961825907777E-12 - 322.52867179593136
[6.790674845706677E-16, 8.153848596370933E-13, 0.3211762474728499, 0.3296820090611551] - 1.6328069217278985E-12 - 369.1047724217022
[6.790674845706677E-16, 8.153848596370933E-13, 0.3211762474728499, 0.3296820090611551] - 1.6328069217278985E-12 - 369.1047724217022
[6.790674845706677E-16, 8.153848596370933E-13, 0.3211762474728499, 0.3296820090611551] - 1.6328069217278985E-12 - 369.1047724217022
[6.790674845706677E-16, 8.153848596370933E-13, 0.3211762474728499, 0.3296820090611551] - 1.6328069217278985E-12 - 369.1047724217022
[2.16136471572012E-13, 8.254913046144338E-14, 0.45872014346905243, 0.3064860604616385] - 8.135076756389227E-13 - 392.8357348785843
[2.16136471572012E-13, 8.254913046144338E-14, 0.45872014346905243, 0.3064860604616385] - 8.135076756389227E-13 - 392.8357348785843
[1.6139039913143956E-16, 3.9183587177214356E-13, 0.404910954775809, 0.3296820090611551] - 7.841559147416814E-13 - 386.01628296476883
[1.6139039913143956E-16, 3.9183587177214356E-13, 0.404910954775809, 0.3296820090611551] - 7.841559147416814E-13 - 386.01628296476883
[1.6139039913143956E-16, 3.9183587177214356E-13, 0.404910954775809, 0.3296820090611551] - 7.841559147416814E-13 - 386.01628296476883
[1.6139039913143956E-16, 3.9183587177214356E-13, 0.404910954775809, 0.3296820090611551] - 7.841559147416814E-13 - 386.01628296476883
[1.6139039913143956E-16, 3.9183587177214356E-13, 0.404910954775809, 0.3296820090611551] - 7.841559147416814E-13 - 386.01628296476883
[1.6139039913143956E-16, 3.9183587177214356E-13, 0.404910954775809, 0.3296820090611551] - 7.841559147416814E-13 - 386.01628296476883
[1.6139039913143956E-16, 3.9183587177214356E-13, 0.404910954775809, 0.3296820090611551] - 7.841559147416814E-13 - 386.01628296476883
[1.6139039913143956E-16, 3.9183587177214356E-13, 0.404910954775809, 0.3296820090611551] - 7.841559147416814E-13 - 386.01628296476883
[1.6139039913143956E-16, 3.9183587177214356E-13, 0.404910954775809, 0.3296820090611551] - 7.841559147416814E-13 - 386.01628296476883
[1.6139039913143956E-16, 3.9183587177214356E-13, 0.404910954775809, 0.3296820090611551] - 7.841559147416814E-13 - 386.01628296476883
[1.6139039913143956E-16, 3.9183587177214356E-13, 0.404910954775809, 0.3296820090611551] - 7.841559147416814E-13 - 386.01628296476883
[1.6139039913143956E-16, 3.9183587177214356E-13, 0.404910954775809, 0.3296820090611551] - 7.841559147416814E-13 - 386.01628296476883
[1.6139039913143956E-16, 3.9183587177214356E-13, 0.404910954775809, 0.3296820090611551] - 7.841559147416814E-13 - 386.01628296476883
[1.6139039913143956E-16, 3.9183587177214356E-13, 0.404910954775809, 0.3296820090611551] - 7.841559147416814E-13 - 386.01628296476883
[5.924040607810255E-14, 7.092211686969508E-14, 0.20801499453377878, 0.2909117441457726] - 3.195654519736978E-13 - 339.0837793510835
[5.924040607810255E-14, 7.092211686969508E-14, 0.20801499453377878, 0.2909117441457726] - 3.195654519736978E-13 - 339.0837793510835
[5.924040607810255E-14, 6.269731230190649E-14, -0.29733601886750205, 0.22446808983195315] - 3.0311584283812067E-13 - 404.5987194749918
[5.924040607810255E-14, 6.269731230190649E-14, -0.29733601886750205, 0.22446808983195315] - 3.0311584283812067E-13 - 404.5987194749918
[5.924040607810255E-14, 6.269731230190649E-14, -0.29733601886750205, 0.22446808983195315] - 3.0311584283812067E-13 - 404.5987194749918
[5.924040607810255E-14, 6.269731230190649E-14, -0.29733601886750205, 0.22446808983195315] - 3.0311584283812067E-13 - 404.5987194749918
[5.924040607810255E-14, 6.269731230190649E-14, -0.29733601886750205, 0.22446808983195315] - 3.0311584283812067E-13 - 404.5987194749918
[5.924040607810255E-14, 6.269731230190649E-14, -0.29733601886750205, 0.22446808983195315] - 3.0311584283812067E-13 - 404.5987194749918
[5.924040607810255E-14, 6.269731230190649E-14, -0.29733601886750205, 0.22446808983195315] - 3.0311584283812067E-13 - 404.5987194749918
[5.924040607810255E-14, 6.269731230190649E-14, -0.29733601886750205, 0.22446808983195315] - 3.0311584283812067E-13 - 404.5987194749918
[5.924040607810255E-14, 6.269731230190649E-14, -0.29733601886750205, 0.22446808983195315] - 3.0311584283812067E-13 - 404.5987194749918
[5.924040607810255E-14, 6.269731230190649E-14, -0.29733601886750205, 0.22446808983195315] - 3.0311584283812067E-13 - 404.5987194749918
[5.924040607810255E-14, 6.269731230190649E-14, -0.29733601886750205, 0.22446808983195315] - 3.0311584283812067E-13 - 404.5987194749918
[4.75116956429234E-15, 6.41785278275491E-14, 0.4968072421399382, -0.12819769303228523] - 1.4261056434797521E-13 - 351.4935980008852
[4.75116956429234E-15, 6.41785278275491E-14, 0.4968072421399382, -0.12819769303228523] - 1.4261056434797521E-13 - 351.4935980008852
[4.75116956429234E-15, 6.41785278275491E-14, 0.4968072421399382, -0.12819769303228523] - 1.4261056434797521E-13 - 351.4935980008852
[4.75116956429234E-15, 6.41785278275491E-14, 0.4968072421399382, -0.12819769303228523] - 1.4261056434797521E-13 - 351.4935980008852
[4.75116956429234E-15, 6.41785278275491E-14, 0.4968072421399382, -0.12819769303228523] - 1.4261056434797521E-13 - 351.4935980008852
[4.75116956429234E-15, 6.41785278275491E-14, 0.4968072421399382, -0.12819769303228523] - 1.4261056434797521E-13 - 351.4935980008852
[3.1798049511217E-14, 1.5826161408589617E-16, 0.4849429128700804, -0.06810084889271667] - 9.571067176182278E-14 - 346.3876022220462
[3.1798049511217E-14, 1.5826161408589617E-16, 0.4849429128700804, -0.06810084889271667] - 9.571067176182278E-14 - 346.3876022220462
[3.1798049511217E-14, 1.5826161408589617E-16, 0.4849429128700804, -0.06810084889271667] - 9.571067176182278E-14 - 346.3876022220462
[3.1798049511217E-14, 1.5826161408589617E-16, 0.4849429128700804, -0.06810084889271667] - 9.571067176182278E-14 - 346.3876022220462
[3.1798049511217E-14, 1.5826161408589617E-16, 0.4849429128700804, -0.06810084889271667] - 9.571067176182278E-14 - 346.3876022220462
[1.098029884271267E-14, 2.0262385162220148E-14, 0.14649802403865692, 0.06487578534679161] - 7.34656668525783E-14 - 321.5929439967875
[1.098029884271267E-14, 2.0262385162220148E-14, 0.14649802403865692, 0.06487578534679161] - 7.34656668525783E-14 - 321.5929439967875
[1.098029884271267E-14, 2.0262385162220148E-14, 0.14649802403865692, 0.06487578534679161] - 7.34656668525783E-14 - 321.5929439967875
[1.0510522062842603E-14, 1.108959243841383E-14, -0.3208046885376501, 0.25132843393855164] - 5.3710751065355475E-14 - 419.53917245112297
[1.0510522062842603E-14, 1.108959243841383E-14, -0.3208046885376501, 0.25132843393855164] - 5.3710751065355475E-14 - 419.53917245112297
[1.0510522062842603E-14, 1.108959243841383E-14, -0.3208046885376501, 0.25132843393855164] - 5.3710751065355475E-14 - 419.53917245112297
[1.0510522062842603E-14, 1.108959243841383E-14, -0.3208046885376501, 0.25132843393855164] - 5.3710751065355475E-14 - 419.53917245112297
[4.248460871379284E-15, 1.949967961208355E-15, 0.05894712406264381, -0.10298273605712131] - 1.6645318536554562E-14 - 321.9860523956947
[4.248460871379284E-15, 1.949967961208355E-15, 0.05894712406264381, -0.10298273605712131] - 1.6645318536554562E-14 - 321.9860523956947
[1.4936191477231409E-15, 3.669110410575939E-15, 0.1551227882665048, -0.5016291910782427] - 1.18190782643213E-14 - 389.0901566435783
[1.4936191477231409E-15, 3.669110410575939E-15, 0.1551227882665048, -0.5016291910782427] - 1.18190782643213E-14 - 389.0901566435783
[1.4936191477231409E-15, 3.669110410575939E-15, 0.1551227882665048, -0.5016291910782427] - 1.18190782643213E-14 - 389.0901566435783
[1.4936191477231409E-15, 3.669110410575939E-15, 0.1551227882665048, -0.5016291910782427] - 1.18190782643213E-14 - 389.0901566435783
[1.4936191477231409E-15, 3.669110410575939E-15, 0.1551227882665048, -0.5016291910782427] - 1.18190782643213E-14 - 389.0901566435783
[1.4936191477231409E-15, 3.669110410575939E-15, 0.1551227882665048, -0.5016291910782427] - 1.18190782643213E-14 - 389.0901566435783
[1.4936191477231409E-15, 3.669110410575939E-15, 0.1551227882665048, -0.5016291910782427] - 1.18190782643213E-14 - 389.0901566435783
[1.4936191477231409E-15, 3.669110410575939E-15, 0.1551227882665048, -0.5016291910782427] - 1.18190782643213E-14 - 389.0901566435783
[1.4936191477231409E-15, 3.669110410575939E-15, 0.1551227882665048, -0.5016291910782427] - 1.18190782643213E-14 - 389.0901566435783
[8.514671347447465E-16, 4.562461528906116E-15, 0.2420566844425266, -0.34936514484148334] - 1.1679324462046471E-14 - 348.65750436918216
[8.514671347447465E-16, 4.562461528906116E-15, 0.2420566844425266, -0.34936514484148334] - 1.1679324462046471E-14 - 348.65750436918216
[7.862915758502167E-16, 4.272456809528442E-15, 0.00636537518131422, 0.3854482834715744] - 1.0903788346607533E-14 - 334.28390258540105
[7.862915758502167E-16, 4.272456809528442E-15, 0.00636537518131422, 0.3854482834715744] - 1.0903788346607533E-14 - 334.28390258540105
[7.862915758502167E-16, 2.8587329545953184E-15, 0.08443217384424939, 0.3854482834715744] - 8.076340636741286E-15 - 337.4525698519472
[7.862915758502167E-16, 2.8587329545953184E-15, 0.08443217384424939, 0.3854482834715744] - 8.076340636741286E-15 - 337.4525698519472
[7.862915758502167E-16, 8.030611784020346E-16, 0.08443217384424939, -0.41388703831610674] - 3.96499708435472E-15 - 341.0968366695395
[7.862915758502167E-16, 8.030611784020346E-16, 0.08443217384424939, -0.41388703831610674] - 3.96499708435472E-15 - 341.0968366695395
[5.99818888678187E-16, 3.105822501890797E-16, -0.1900545304011722, 0.1978083735762708] - 2.4206211664127206E-15 - 356.3916108911118
[5.99818888678187E-16, 3.105822501890797E-16, -0.1900545304011722, 0.1978083735762708] - 2.4206211664127206E-15 - 356.3916108911118
[5.99818888678187E-16, 3.105822501890797E-16, -0.1900545304011722, 0.1978083735762708] - 2.4206211664127206E-15 - 356.3916108911118
[2.9658415053860565E-16, 6.958309034194779E-16, 0.42043622577984147, -0.1888202102635543] - 2.2814142584547727E-15 - 348.19026093866324
[2.9658415053860565E-16, 6.958309034194779E-16, 0.42043622577984147, -0.1888202102635543] - 2.2814142584547727E-15 - 348.19026093866324
[2.9658415053860565E-16, 6.958309034194779E-16, 0.42043622577984147, -0.1888202102635543] - 2.2814142584547727E-15 - 348.19026093866324
[2.9658415053860565E-16, 6.958309034194779E-16, 0.42043622577984147, -0.1888202102635543] - 2.2814142584547727E-15 - 348.19026093866324
[2.9658415053860565E-16, 1.5956996479260596E-16, 0.1559147948492692, 0.13360180609882882] - 1.2088923812010289E-15 - 322.10218922802255
[2.9658415053860565E-16, 1.5956996479260596E-16, 0.1559147948492692, 0.13360180609882882] - 1.2088923812010289E-15 - 322.10218922802255
[2.9658415053860565E-16, 1.5956996479260596E-16, 0.1559147948492692, 0.13360180609882882] - 1.2088923812010289E-15 - 322.10218922802255
[2.9658415053860565E-16, 1.5956996479260596E-16, 0.1559147948492692, 0.13360180609882882] - 1.2088923812010289E-15 - 322.10218922802255
[2.9658415053860565E-16, 1.5956996479260596E-16, 0.1559147948492692, 0.13360180609882882] - 1.2088923812010289E-15 - 322.10218922802255
[1.952993037909301E-16, 6.63075295908452E-17, 0.1917843293363268, 0.15304655665000366] - 7.185129705544806E-16 - 323.04062437482355
[1.952993037909301E-16, 6.63075295908452E-17, 0.1917843293363268, 0.15304655665000366] - 7.185129705544806E-16 - 323.04062437482355
[1.952993037909301E-16, 6.63075295908452E-17, 0.1917843293363268, 0.15304655665000366] - 7.185129705544806E-16 - 323.04062437482355
[1.952993037909301E-16, 6.63075295908452E-17, 0.1917843293363268, 0.15304655665000366] - 7.185129705544806E-16 - 323.04062437482355
[1.952993037909301E-16, 6.63075295908452E-17, 0.1917843293363268, 0.15304655665000366] - 7.185129705544806E-16 - 323.04062437482355
[1.952993037909301E-16, 6.63075295908452E-17, 0.1917843293363268, 0.15304655665000366] - 7.185129705544806E-16 - 323.04062437482355
[1.952993037909301E-16, 6.63075295908452E-17, 0.1917843293363268, 0.15304655665000366] - 7.185129705544806E-16 - 323.04062437482355
[1.431963627966883E-16, 1.0333250677946973E-16, 0.11252677886421635, -0.14826020028839015] - 6.362541019490043E-16 - 325.05293047006114
[1.0090520429923326E-16, 7.159495119166312E-17, 0.15147938561900523, -0.41388703831610674] - 4.459055152810261E-16 - 354.75855238057864
[1.0090520429923326E-16, 7.159495119166312E-17, 0.15147938561900523, -0.41388703831610674] - 4.459055152810261E-16 - 354.75855238057864
[1.0090520429923326E-16, 7.159495119166312E-17, 0.15147938561900523, -0.41388703831610674] - 4.459055152810261E-16 - 354.75855238057864
[1.0090520429923326E-16, 7.159495119166312E-17, 0.15147938561900523, -0.41388703831610674] - 4.459055152810261E-16 - 354.75855238057864
[1.175957604365451E-17, 1.918845402615979E-16, 0.5245406581027318, -0.1807784987758412] - 4.1904780865415934E-16 - 358.55573988443257
[1.175957604365451E-17, 1.918845402615979E-16, 0.5245406581027318, -0.1807784987758412] - 4.1904780865415934E-16 - 358.55573988443257
[1.175957604365451E-17, 1.918845402615979E-16, 0.5245406581027318, -0.1807784987758412] - 4.1904780865415934E-16 - 358.55573988443257
[3.7054973072144604E-17, 3.878830376120408E-18, -0.4428902525952215, -0.40762927840350816] - 1.1892257996867463E-16 - 342.787785601408
[3.7054973072144604E-17, 3.878830376120408E-18, -0.4428902525952215, -0.40762927840350816] - 1.1892257996867463E-16 - 342.787785601408
[3.7054973072144604E-17, 3.878830376120408E-18, -0.4428902525952215, -0.40762927840350816] - 1.1892257996867463E-16 - 342.787785601408
[3.7054973072144604E-17, 3.878830376120408E-18, -0.4428902525952215, -0.40762927840350816] - 1.1892257996867463E-16 - 342.787785601408
[2.0152883704284256E-17, 2.751208382986324E-18, -0.2876302332447268, -0.27399448512169106] - 6.596106787882541E-17 - 327.7613962902407
[2.0152883704284256E-17, 2.751208382986324E-18, -0.2876302332447268, -0.27399448512169106] - 6.596106787882541E-17 - 327.7613962902407
[2.0152883704284256E-17, 2.751208382986324E-18, -0.2876302332447268, -0.27399448512169106] - 6.596106787882541E-17 - 327.7613962902407
[2.0152883704284256E-17, 2.751208382986324E-18, -0.2876302332447268, -0.27399448512169106] - 6.596106787882541E-17 - 327.7613962902407
[1.0580914099659898E-17, 1.9737324076405882E-18, 0.09983663044709286, -0.22439764848566346] - 3.569020711426087E-17 - 328.1255634399587
[1.0580914099659898E-17, 1.9737324076405882E-18, 0.09983663044709286, -0.22439764848566346] - 3.569020711426087E-17 - 328.1255634399587
[1.0580914099659898E-17, 1.9737324076405882E-18, 0.09983663044709286, -0.22439764848566346] - 3.569020711426087E-17 - 328.1255634399587
[1.0580914099659898E-17, 1.9737324076405882E-18, 0.09983663044709286, -0.22439764848566346] - 3.569020711426087E-17 - 328.1255634399587
[1.0397616782156277E-18, 1.9737324076405882E-18, 0.47601520298179884, -0.22439764848566346] - 7.06674984992806E-18 - 356.8061411553723
[1.0397616782156277E-18, 1.9737324076405882E-18, 0.47601520298179884, -0.22439764848566346] - 7.06674984992806E-18 - 356.8061411553723
[1.0397616782156277E-18, 1.9737324076405882E-18, 0.47601520298179884, -0.22439764848566346] - 7.06674984992806E-18 - 356.8061411553723
[1.0397616782156277E-18, 1.9737324076405882E-18, 0.47601520298179884, -0.22439764848566346] - 7.06674984992806E-18 - 356.8061411553723
[1.0397616782156277E-18, 1.9737324076405882E-18, 0.47601520298179884, -0.22439764848566346] - 7.06674984992806E-18 - 356.8061411553723
[1.0397616782156277E-18, 1.9737324076405882E-18, 0.47601520298179884, -0.22439764848566346] - 7.06674984992806E-18 - 356.8061411553723
[1.0397616782156277E-18, 1.9737324076405882E-18, 0.47601520298179884, -0.22439764848566346] - 7.06674984992806E-18 - 356.8061411553723
[1.0397616782156277E-18, 1.9737324076405882E-18, 0.47601520298179884, -0.22439764848566346] - 7.06674984992806E-18 - 356.8061411553723
[8.616193658964368E-19, 1.9737324076405882E-18, 0.5469852173957247, -0.22439764848566346] - 6.532322912970487E-18 - 367.93757790567605
[8.616193658964368E-19, 1.9737324076405882E-18, 0.5469852173957247, -0.22439764848566346] - 6.532322912970487E-18 - 367.93757790567605
[8.616193658964368E-19, 1.9737324076405882E-18, 0.5469852173957247, -0.22439764848566346] - 6.532322912970487E-18 - 367.93757790567605
[8.616193658964368E-19, 1.9737324076405882E-18, 0.5469852173957247, -0.22439764848566346] - 6.532322912970487E-18 - 367.93757790567605
[8.616193658964368E-19, 1.9737324076405882E-18, 0.5469852173957247, -0.22439764848566346] - 6.532322912970487E-18 - 367.93757790567605
[8.616193658964368E-19, 1.9737324076405882E-18, 0.5469852173957247, -0.22439764848566346] - 6.532322912970487E-18 - 367.93757790567605
[8.616193658964368E-19, 1.3519904266319284E-18, -0.432349196314074, -0.012604716410315665] - 5.2888389509531666E-18 - 409.02044286705313
[8.616193658964368E-19, 1.3519904266319284E-18, -0.432349196314074, -0.012604716410315665] - 5.2888389509531666E-18 - 409.02044286705313
[3.02013553733637E-20, 1.3519904266319284E-18, -0.3548246915861487, -0.012604716410315665] - 2.7945849193839477E-18 - 378.31070575815846
[3.02013553733637E-20, 1.3519904266319284E-18, -0.3548246915861487, -0.012604716410315665] - 2.7945849193839477E-18 - 378.31070575815846
[3.02013553733637E-20, 1.3519904266319284E-18, -0.3548246915861487, -0.012604716410315665] - 2.7945849193839477E-18 - 378.31070575815846
[3.02013553733637E-20, 1.3519904266319284E-18, -0.3548246915861487, -0.012604716410315665] - 2.7945849193839477E-18 - 378.31070575815846
[3.02013553733637E-20, 1.3519904266319284E-18, -0.3548246915861487, -0.012604716410315665] - 2.7945849193839477E-18 - 378.31070575815846
[3.02013553733637E-20, 1.3519904266319284E-18, -0.3548246915861487, -0.012604716410315665] - 2.7945849193839477E-18 - 378.31070575815846
[3.02013553733637E-20, 1.3519904266319284E-18, -0.3548246915861487, -0.012604716410315665] - 2.7945849193839477E-18 - 378.31070575815846
[3.02013553733637E-20, 1.3519904266319284E-18, -0.3548246915861487, -0.012604716410315665] - 2.7945849193839477E-18 - 378.31070575815846
[3.155548220785379E-19, 3.377825517553947E-19, -0.4973606722745443, -0.3534322587903541] - 1.6222295697464031E-18 - 372.86981122376875
[3.155548220785379E-19, 3.377825517553947E-19, -0.4973606722745443, -0.3534322587903541] - 1.6222295697464031E-18 - 372.86981122376875
[3.155548220785379E-19, 3.377825517553947E-19, -0.4973606722745443, -0.3534322587903541] - 1.6222295697464031E-18 - 372.86981122376875
[3.155548220785379E-19, 3.377825517553947E-19, -0.4973606722745443, -0.3534322587903541] - 1.6222295697464031E-18 - 372.86981122376875
[3.155548220785379E-19, 3.377825517553947E-19, -0.4973606722745443, -0.3534322587903541] - 1.6222295697464031E-18 - 372.86981122376875
[3.155548220785379E-19, 3.377825517553947E-19, -0.4973606722745443, -0.3534322587903541] - 1.6222295697464031E-18 - 372.86981122376875
[1.1551067040374509E-20, 7.0792868553321E-19, -0.3035739999124984, -0.44189508956851853] - 1.4505105721875434E-18 - 334.97150840441225
[1.1551067040374509E-20, 7.0792868553321E-19, -0.3035739999124984, -0.44189508956851853] - 1.4505105721875434E-18 - 334.97150840441225
[1.1551067040374509E-20, 7.0792868553321E-19, -0.3035739999124984, -0.44189508956851853] - 1.4505105721875434E-18 - 334.97150840441225
[1.1551067040374509E-20, 7.0792868553321E-19, -0.3035739999124984, -0.44189508956851853] - 1.4505105721875434E-18 - 334.97150840441225
[1.3862406171991272E-19, 1.7745100388598858E-19, -0.04630803818047191, 0.2978546814794218] - 7.707741929317153E-19 - 330.2620641428533
[1.3862406171991272E-19, 1.7745100388598858E-19, -0.04630803818047191, 0.2978546814794218] - 7.707741929317153E-19 - 330.2620641428533
[1.3862406171991272E-19, 8.324731856385688E-20, -0.04630803818047191, 0.2978546814794218] - 5.8236682228745195E-19 - 330.2620641428533
[1.3862406171991272E-19, 8.324731856385688E-20, -0.04630803818047191, 0.2978546814794218] - 5.8236682228745195E-19 - 330.2620641428533
[2.0629356445443332E-20, 1.556283456252054E-19, -0.009980165498377713, -0.5257669468065894] - 3.731447605867408E-19 - 365.95404266741855
[2.0629356445443332E-20, 1.556283456252054E-19, -0.009980165498377713, -0.5257669468065894] - 3.731447605867408E-19 - 365.95404266741855
[2.0629356445443332E-20, 1.556283456252054E-19, -0.009980165498377713, -0.5257669468065894] - 3.731447605867408E-19 - 365.95404266741855
[2.0629356445443332E-20, 1.556283456252054E-19, -0.009980165498377713, -0.5257669468065894] - 3.731447605867408E-19 - 365.95404266741855
[8.26226618218257E-21, 8.324731856385688E-20, 0.19331467425438184, 0.2978546814794218] - 1.9128143567426146E-19 - 337.73496942710716
[8.26226618218257E-21, 8.324731856385688E-20, 0.19331467425438184, 0.2978546814794218] - 1.9128143567426146E-19 - 337.73496942710716
[2.9662129334892376E-20, 6.0860963252197885E-21, 0.25355202817418304, -0.24228441265332618] - 1.011585806551167E-19 - 337.967561017897
[2.9662129334892376E-20, 6.0860963252197885E-21, 0.25355202817418304, -0.24228441265332618] - 1.011585806551167E-19 - 337.967561017897
[2.896083139095327E-20, 7.93738843987928E-22, 0.25294364302429667, 0.1916685236777096] - 8.846997186083568E-20 - 328.0731879944899
[2.896083139095327E-20, 7.93738843987928E-22, 0.25294364302429667, 0.1916685236777096] - 8.846997186083568E-20 - 328.0731879944899
[4.738706682548625E-21, 1.1641128746118129E-23, 0.25294364302429667, -0.3356662472242692] - 1.423940230513811E-20 - 345.6626489560302
