Fitness : Violation : Position : Miscellaneous
2.9232663388868477E12 : 240515.64658555816 : [45.03031716264803, -126.71427636550264, 281.5293047640651, 81.2303596326738, 284.67766086063034, 167.61509793997013, 22.544876446117577, 245.63583441572808, 351.64506709394743, 300.57202218993393, -113.79622653246852, -225.4600020710828, 96.43693509064218, -3.1669835378449136, -75.86863712615599, 12.460532455833714, 71.7198535342998, 178.7299575449452, 256.52169204604644, 219.7748240967171, -120.37540610889668, 321.9419267679789, 104.02551830067303, 299.6014644211166, 356.10563058184147, 143.45595795909043, -124.55116548147856, 146.35548876401128, 15.617778162237506, 226.29664113010102] : 0.0
3.497781429866354E12 : 809430.6877005337 : [-136.18377276610295, -17.17405634319627, 271.8931377673001, 156.3666312033349, 211.60988762936296, 300.4532139949913, 80.7016422975812, 211.99647795745688, 433.41802554654555, 138.45869063395526, -144.48925571771983, -2.2233169088508618, 357.0750495056975, 36.219187678327614, -120.04389150780295, 233.48902086441376, 279.7771353022693, 490.8970121037371, 225.4907666121475, 54.07023912569238, 239.7767993682793, 400.6482478677481, 308.4609614145566, 190.37899246930905, 179.95666489608118, -8.647771349300797, -65.83080963953137, -130.95336690809762, 206.76963566687607, 342.21898071288393] : 0.0
8.073588488080757E11 : 309844.30725444434 : [162.46204410947803, 158.44902754317226, 382.94521423904246, 305.7251851826503, 379.4758069477007, 213.1968926388891, 135.9841676091864, 52.23530350292072, 250.60641538418957, 142.7447993634092, 130.33256834392031, 99.34955325278612, 462.7598207359657, 144.32211928098243, -112.00518263320626, -41.62628853142101, 106.35189230235846, 281.13846190800626, 402.64729642187217, 254.7962841317475, 65.60100719912498, 398.70648555567516, 192.0944783647857, 366.248648420372, 386.7315878070557, 186.4120975340261, 180.60261689845322, 150.6918750508551, 187.07264032589825, -15.894138696646866] : 0.0
3.0201503652989126E12 : 98197.00222527952 : [127.60507841553662, 79.29560823282391, 396.35614799036887, 275.8293929382906, 341.4379850766791, 257.29215830760575, 103.63153138838882, 152.65597907571492, 341.91361326933117, 231.0727645889205, -97.32042377363976, -162.77276409633072, 278.445712675226, 162.04844926686633, -115.99611230674552, 6.358652537914189, 62.49510794626773, 326.1180059158574, 321.820460300779, 128.19389068464503, -131.21672930880553, 273.0022726014714, 115.30308492172104, 203.74264256615885, 64.37468081078974, -64.79157073024408, -145.72549092494054, 8.967683865414273, -54.255699292395605, -35.23496374647461] : 0.0
2.5091478123996987E12 : 198922.8931069005 : [142.49100920655144, 22.02380198605576, 323.5553841655451, 233.74369694375795, 198.95869201796597, 235.6991254955144, 114.30545767691902, 10.192842332244169, 232.4156474027665, 131.725234452628, -109.42229520460896, -50.45898927928511, 410.2206084107679, 114.80236552731176, -24.4752159348034, 221.3841515448617, 260.5202600928927, 334.27634704905927, 321.96215011096876, 217.85193727199712, -204.48101062572988, 290.34395316216285, 59.78293442437757, 142.14654432458875, 174.5544250352853, 85.75388299313465, -49.0524283744256, 67.37729936187002, 77.61391964433565, 232.14311220565725] : 0.0
3.5380318800479824E12 : 544813.0136592003 : [102.79627376863198, 188.02540902825027, 397.61557678471604, 19.596618429014327, 126.18042850016053, 161.36051496582678, 9.442822525977846, 103.05202685503446, 409.9703134284267, 238.40126504956868, 11.217839669523244, -152.57988630253806, 245.41771480985676, 25.28870006273423, -88.67242010998586, 79.27534034753552, -45.09214228964062, 131.48354251477346, 394.3598487474195, 121.4411783552743, -139.0667235551919, 415.2722214602097, 128.29319235088155, 646.8653043794915, 348.1192463739907, 179.64998808850572, -52.71936378722722, 261.4358995947808, 48.503619886922976, 4.424444516043906] : 0.0
1.5982221343651853E12 : 295902.7332944033 : [101.31486237089601, -145.03929059018483, 303.5985823897288, 176.36500000614092, 351.866952595396, 258.0937132542919, -23.825094084193964, 119.36240084896835, 352.60372112224934, 344.85152865687115, -0.04436477873173317, -120.985187860007, 212.68974948839497, 176.77208680787896, 141.6275741901726, 190.88435426708506, 279.24647584595294, 312.5166980063577, 431.6686087559465, 180.94246553222118, -183.18994056187438, 402.9026911460677, 56.189090671736665, 244.02467289951926, 246.63473810679938, 58.080932205814705, -117.47606149743464, 121.68824111506098, 58.855168451902045, 205.75245522659017] : 0.0
4.0275016035927495E12 : 159813.64508876792 : [-225.87202987012327, -165.99111996349225, 214.6125901927828, 129.81007061084108, 202.09623174684236, 124.38488535470026, 22.00360604246237, 69.4944859276815, 224.05029676639484, 66.746795355795, 85.70068018753383, -58.86392461922793, 347.88056127576476, 143.21142668879753, -1.8480017688057444, 78.11528309642763, 188.23944335171458, 343.3125096076326, 417.86216709316926, 188.19502206636912, -105.60723602332445, 289.95895349833387, 85.42970141029126, 219.05733544368798, 246.41634945607078, 27.664069583705157, -116.20884623947084, -24.405351696520974, -25.568354367707578, 158.34528276814748] : 0.0
7.683273721176926E12 : 184930.14216701256 : [-37.66655134382602, -4.391070007442892, 243.7710696657348, 56.20014733510736, 45.08929765351569, 53.19147674147293, 8.02314279952502, -6.1960918600698776, 172.02464592023702, 37.980893737225, -307.47096043285626, -160.9468940568634, 91.08902852262898, 38.36665521760729, -158.60626033930643, -61.93701370557483, 153.22110371729522, 283.32604051582484, 256.6434176960348, 189.25348329919893, -59.54428052906715, 300.39221176971864, -16.86665039129032, 210.56799269884382, 252.44048547207024, 108.5386802569385, 28.247143824870225, 210.92296655828576, 148.59533508183745, 278.518120442726] : 0.0
2.707803533592545E12 : 262806.9613169219 : [-3.0522360193507296, 31.371691949823685, 263.4817872752169, 47.14258891457898, 259.95339088837886, 184.48911992126028, 58.32192081174169, 79.82577188590903, 166.5283859466216, 298.19078418306464, 20.22963856645778, -65.94459607080401, 130.04078880412288, 26.558970947086102, -163.78993096634764, 32.74888342179019, 194.46919909611734, 370.223108222171, 436.88070242361516, 48.99514771426256, -135.76755138342116, 302.19273361835894, 30.78628358955238, 360.6177334542281, 280.65340209277167, -22.169700193852513, -4.7457129995955825, 90.02801996948226, 114.59415210280403, 202.59540074757894] : 0.0
2.534449149939475E12 : 229265.8589790779 : [120.07502087626402, -36.59739358596687, 286.27469845455585, 166.32783451951548, 265.9721052962667, 160.95173314430997, -40.91921542078413, 75.04963303800152, 428.30120895555103, 297.0602616861077, 23.739176750433998, -49.656923132148755, 286.0863284081584, 9.022794381204182, 16.155442459247816, 75.75419211837198, 52.26488578593083, 228.46573173104588, 279.5227271589008, 86.8167313532729, -123.4173904430689, 215.73339041518793, 37.138905058176, 226.31465242160562, 317.40786812217476, 217.84802082251048, -34.11847439924381, 110.65302046131589, 303.1794270087308, 236.6082179975702] : 0.0
1.7877721126887375E13 : 874777.5681150951 : [-180.65516377919056, -263.12784066050574, 324.6594011243176, 58.31244435592052, 219.69924944249289, 83.29418568623929, -132.14834204436397, -159.90421398206524, 334.90410897556, 252.84043727961847, 86.13602347294109, 114.79393284411279, 200.16581433910494, -75.71759680994646, -65.86470120276473, -187.46032764387135, -120.0834429884521, 488.2444654073847, 420.8896799901759, 63.680928612737425, -74.07092159021738, 198.99873919566693, 36.28699802418401, 264.0733138252831, 248.01050148613828, -301.2867235785528, -150.47269056196671, -21.42039164023103, -72.09772016517081, 103.5620613155694] : 0.0
2.425765058648241E12 : 467315.02093516797 : [-22.891454093445276, 166.29332314162025, 357.3376571593468, 138.49655467203814, 130.8516978565001, 78.34552809229808, -106.41813482151855, 220.7195350073581, 198.89879684926697, 178.24496394258023, 15.686740763277768, -13.328784362751463, 370.66528644450216, 110.50211055318863, -7.425874701889271, 275.75544183248235, 195.67673256738257, 348.26294734819896, 418.81881944692896, 252.14809473299948, 227.7823355718469, 319.32021546240804, 65.79935592981894, 239.95343528605287, 134.69556815694716, 58.14618004922403, -102.90681658066141, 176.10063076633446, 258.2591131855599, 360.1483585960434] : 0.0
6.689373571070839E12 : 137954.9745278128 : [-71.37893316733914, -64.90635773992815, 172.37759570791832, 39.152941834459575, 124.93000971585352, 68.76562043359931, -32.627067033840376, 34.09425794527251, 217.8490056346131, 49.82090054054782, -232.8273667550327, -183.25258014490868, 243.39003762071027, -88.00635787828423, -127.891315605216, -86.76899684967465, 48.98227676125261, 233.13229606881572, 231.46510718252117, 127.66773658920903, -63.40685287705462, 375.6502777460276, 86.67297266345933, 150.86575618340976, 218.32484316286315, 29.758429698582972, -88.46494445651379, -60.53305526777238, 15.640056941613675, -9.44357660500242] : 0.0
2.5303736360900803E11 : 179187.2934108578 : [-10.34182039920007, -43.27876510065959, 311.6152251028864, 226.71734177922065, 395.3926558934817, 225.77780542288627, 49.863318642114955, 219.0986036835534, 503.9264930092186, 312.6577280581491, -45.50389826376798, -83.64719861181257, 223.4840460701394, 29.8105839489713, -8.836316290393022, 218.84497274609367, 314.06692888125093, 381.99973323024335, 507.8593767280362, 251.9950212020565, 63.36897377328145, 479.7495004144645, 183.55515020612376, 371.0299737543969, 439.7985986894631, 276.5745614174622, 146.92053812366356, 104.27358199347623, 102.2597534036916, 141.78058240642375] : 0.0
1.8118943901204236E12 : 202644.55932447655 : [28.201184401514027, 137.1470063403234, 419.6546914339026, 199.7561149238955, 285.13711964302, 220.04404829553474, 39.46009335188876, 172.67526514688836, 361.99238764987035, 145.1712976297389, -65.88814177040598, -5.897208170900129, 359.8981454734897, -29.344251313907968, -219.68021133137137, -62.112398750006534, 90.24592218458575, 325.8450700995812, 346.08140731535525, 133.08265533778962, -124.89486032934191, 346.364965676673, 149.72245410388422, 235.82770633014982, 210.3777541122762, 135.9935446476242, 78.6365412153825, 226.9037933415544, 18.971496979378756, 244.02060742573823] : 0.0
6.372745238746493E11 : 260464.8132241705 : [-23.103466958065013, 179.78725541573888, 408.9731585300679, 334.5168382168478, 411.680293969112, 245.8015894285174, 38.01254308038798, 20.04905901400589, 249.03563571715287, 200.55840158555432, 43.90762344396593, -17.712432395981608, 350.0815230039243, 139.45115390129348, 8.030814803588882, 69.29766260431992, 303.2487198314233, 445.09634274828863, 372.76875879334716, 142.765781460549, -4.246722889415494, 393.15471154512005, 200.2871206879587, 355.6776838799882, 409.7085178297042, 108.65187603150122, -30.931260873438674, 292.65456393209104, 126.78278258988071, 227.14333572067693] : 0.0
5.06441767385435E12 : 69610.96092211345 : [-21.943711329595864, 37.18325394135303, 283.31745316186436, 89.53915270485263, 93.64161957799647, 97.3377294108312, -52.360613690867694, -34.72422804617924, 209.89137945984925, 107.78361136418371, -148.92890427124448, -210.44173939762874, 153.51127447756807, -74.15928922761746, -120.71325650090031, 51.02457327419994, 153.74173662116178, 228.86430781722265, 226.2092121286665, 134.36829128549073, -118.26361871701002, 275.63278177818495, 59.830486188385315, 230.92299491411103, 199.89783235092176, -22.946725502707693, -73.23076141158428, 10.990533320894077, 20.79489810011544, 51.38522081305442] : 0.0
3.0650681308385933E12 : 176973.35598037232 : [-20.99663827874741, -121.52686397787687, 206.4349202490398, 23.938572407997043, 123.59761574273352, 26.737004534937512, -38.661807378377304, 113.73917945488759, 237.45572884346893, 209.03641895387312, 85.12191954315666, -99.01000668928631, 207.6154625025706, 16.00780562203647, -95.15874379033112, 122.27270512447451, 202.7461071677603, 275.89488053680924, 416.707000742758, 148.3068174915514, -26.749862165865366, 275.87235221614196, 64.15619524890346, 226.2091818496665, 309.4351167616636, 7.885924444116284, -31.35902145488774, 90.24388767154426, 142.09290600826174, 257.3453362096278] : 0.0
1.4455945036608193E12 : 406506.82366741437 : [55.720548939036064, -46.011616251748194, 195.34496296381224, 198.4171288337121, 249.0602831643256, 248.5909341296878, 145.22499511795334, 108.42965857097639, 249.6507472013839, 233.68642596817472, -10.295066704640703, -115.71115949464331, 252.48895678840938, 217.2552468072136, -127.00952661378975, 205.94410293393304, 182.72349666217028, 391.6824838609417, 352.8799646260281, 174.56203871879939, 43.94601303816472, 399.3138464648933, 115.21867241334513, 287.03667957702913, 119.71687368944707, 2.5783028599938547, -182.90755814873515, 241.2062278460893, 42.17464271907929, 324.67884656484154] : 0.0
1.0297035868838018E13 : 343155.6397933614 : [110.12282697555068, 54.99183632592391, 341.1722839541421, 39.823381258701815, 143.5238158017607, 141.24021347762695, 20.829181164347105, -18.87361710774772, 238.8371031507403, 130.6434159997707, -249.09157332428373, -50.14969539655297, 172.1552892089478, 127.3570711000329, -225.9623840039485, -110.01516858188354, -5.177597888436274, 120.37520762929368, 60.91403942098822, 43.48065661834656, -178.73705636438365, 245.33526383106272, 174.66099978715482, 235.57336637773298, 283.2259177978134, -18.20028757080445, -73.36351494330229, 130.8151689531883, -82.29912391279268, -48.29032569190373] : 0.0
7.373305456929437E12 : 305399.8554377146 : [204.81632243827107, 168.14579798401516, 289.720173506342, 105.05342247281757, 176.29125691852087, 324.40509295626237, 99.04994053092, 312.6280865272953, 455.69016691393927, 177.35971539701075, -8.247431977800332, -86.23617382559746, 194.33350748187968, -119.83385308892116, -297.01346655081596, -113.60054197472355, 0.5225829053182522, 228.0669216701712, 231.57974194387154, 185.41876364652865, -206.5656938969716, 201.05380318244897, 178.80126402453945, 242.97446853682092, 96.461239600134, -33.81289273004877, -230.44000917585274, -107.86021230739445, 37.31795167756296, 89.17701410652437] : 0.0
1.5948636300562535E13 : 194218.23119277082 : [-182.75569557628148, -132.29991456917253, 274.6291966031695, 51.70290003563669, 92.14824822778422, 21.321499600100196, -118.33636402094241, -16.003606704052856, 190.88845109261285, -3.4036094807630164, -179.32014907926137, -210.42110033838318, 66.47992831582847, -88.24834342607352, -141.79815081058652, -67.76341234584191, 0.6228744981523349, 51.458483922834134, 170.00384026312196, 138.4254879597658, -129.50812241434042, 348.1212372657378, -41.401166171259504, 118.16843702533875, 155.02809135743223, -133.83674613615395, -146.66794082499828, 26.21557212590926, -172.1137910134893, -52.523225121371226] : 0.0
4.0122043104449253E12 : 775530.4814371458 : [221.08403916778897, 50.878038354088176, 571.1451027720544, 74.45341257991761, 19.83585198076929, 104.35356210092817, 58.30099906173561, -69.30091991770857, 263.2836026064365, 461.9888784934063, 184.41572653939406, -201.9556757336027, 413.2308176758901, 290.91847001870565, 66.5821330362284, 61.66015424407941, 239.9627003016613, 282.54545758868437, 238.4153120317639, 283.0120180137749, 59.85079099944426, 279.4301355518613, 69.39148232000453, 236.70381739067898, 334.46630250309414, 191.3684058133636, 7.221411763415006, 129.67495051102594, 38.20564751775825, -33.599328308257455] : 0.0
2.785376799676676E12 : 462988.4742697804 : [120.14270456820086, -101.42444202602539, 277.9755776404073, 164.53070021983442, 335.05769152417656, 469.9184763914754, 243.7902322672353, 121.43850375792533, 236.0575957058971, 107.78429903244765, -210.9208808909103, -133.00719468974913, 188.0193912181623, 95.6641740959963, -119.81918552283446, 5.053609247173199, 314.5023714630024, 407.42548889727607, 511.38078449912143, 262.1888042376373, 269.2216739383942, 549.1384472330781, 50.08933909556305, 192.97915798411321, 81.05299861834851, 63.82216405483078, -129.9352440778847, 119.35497552074298, 223.45079262715439, 305.95528444352465] : 0.0
5.08168262499519E12 : 87935.43008065187 : [72.54882899017635, -59.88637928654896, 282.39733521189896, 186.99663656410138, 203.2216873519451, 191.40316019513477, 64.43828538558436, 74.9178844895471, 195.12525274571436, 153.26377878013145, -73.20166048788015, -173.6761034428737, 127.51704582358312, -67.40461861876851, -242.23979520450573, 5.209004386327795, 72.48404689849133, 242.61428956952298, 310.13340497053457, 141.83119741808252, -161.0278392874685, 248.63386093299846, 66.27128823423317, 215.33423548564224, 75.92143564441064, -55.72440153714548, -150.68206481005205, -77.46267235852284, 20.118255442211392, 122.21229066312158] : 0.0
4.837144911527791E12 : 908866.2576952208 : [60.63140736662007, 262.949137972572, 332.34130914180474, 20.670879025164396, 522.9137057391276, 336.21581682937136, 20.995937963730114, 85.35376266947245, 193.26955473228585, 246.73862288509216, 16.388716232947417, -192.1383757608374, 173.4002003728436, 29.776325672703024, 96.7414547360089, 353.9845292448425, 328.3759719209438, 212.16236343052907, 149.56641400741984, 98.78753271095033, -211.13693757470853, 591.6403126401407, 40.320228558911765, 150.98865550071656, 182.75185735319857, 168.33745989924054, 46.432980393558125, 70.0861168043613, -36.5600625355375, -32.10953586626178] : 0.0
6.10225467711065E12 : 1048932.2929655614 : [131.91642772831227, -34.12893533442943, 175.4973753124238, -92.57710206946322, 144.79266796012556, 527.4016537679867, 20.942413259053282, 282.50712685564497, 273.9175392040046, 442.93962278635394, 86.7382326779179, 52.23163665870729, 332.5746021428611, 183.43369816635118, -45.58260174918624, 103.49445174320546, 120.96869632573096, 264.39389050297746, 371.7737236799296, 24.893280726075375, -132.45006754165192, 228.84650514642257, -51.563874158162335, 360.6198554990563, 576.2387635666086, -122.80947686753244, -119.69322004380649, 51.714553656258374, 13.390229993534035, 79.16552088479908] : 0.0
5.63548408220272E11 : 31425.328516428628 : [-41.70076037430238, -17.726061347523093, 303.66378227182867, 177.6537357440178, 260.1514544878825, 168.051101622201, 25.713687460491045, 99.12920867905768, 279.76929940749864, 200.67890783673678, -111.59224207022602, -64.81309101149424, 223.3624345866736, 48.95056083044875, -80.95892025976217, 52.29881462677951, 174.0677924590938, 358.2023763291801, 401.5932749823122, 235.62317014476076, -17.030704245697013, 419.1286177138277, 273.6878635114141, 439.1038913649206, 401.06862394699976, 214.7617115063194, 112.53372987264974, 272.68994335484683, 281.66656487165557, 403.0334169830529] : 0.0
1.4817829553732912E13 : 483043.84331865975 : [56.7205806728991, 371.04659773754383, 578.4172563693846, 352.1237156910394, 381.42845168970865, 108.79029775454381, -169.74967634646634, -122.32307442492555, 93.07274777630272, 94.26779369462486, -3.1989034025469323, 14.488519816372545, 373.8137148255232, 112.5901175925801, -179.14073370685372, -87.54081684181037, -182.1978810704292, 57.030725365965836, 139.59125890944316, 90.15176828481995, -189.3100052014804, 281.1776160445834, 281.6630142866527, 408.79167808409295, 328.1825356107378, 215.50888891676777, -112.85364155802705, 231.45237855014068, 247.0595555412607, 364.3298801943618] : 0.0
