Fitness : Violation : Position : Miscellaneous
-2096.028388267721 : 58.66666300834666 : [9.99999662342249, 9.999999591116183, 9.999999934398232, 9.999999182232909, 9.999999173186561, 9.999999857329847, 9.99999895938416, 9.999999355878742, 9.999999669498306, 9.999999779640511] : 0.0
-2096.0283811208155 : 58.66666255739013 : [9.999997622423237, 9.999999695898492, 9.999999139802469, 9.999998653716654, 9.999999370538223, 9.99999872862767, 9.999999868295902, 9.999999119015474, 9.999999933275284, 9.999999832168236] : 0.0
-2096.028442316026 : 58.66666484804913 : [9.999999679707404, 9.999999920597844, 9.999999829348797, 9.999999888526464, 9.999999555347404, 9.999999707079102, 9.999999462697016, 9.999999108878015, 9.999999643086348, 9.999999900686841] : 0.0
-2096.0284308514038 : 58.666664130596494 : [9.999997228450368, 9.999999868621558, 9.999999771389337, 9.999999671706181, 9.999999846012495, 9.999999306226888, 9.999999877064209, 9.99999975106762, 9.999999504697636, 9.999999810575858] : 0.0
-2096.0284043116826 : 58.66666304609424 : [9.999998936722804, 9.999999880056066, 9.99999995852925, 9.999994690554608, 9.999999961200013, 9.9999994398928, 9.999999625238486, 9.999999755381648, 9.999999748056041, 9.999999285574548] : 0.0
-2096.0284268150854 : 58.66666376374042 : [9.99999634609137, 9.999999602174523, 9.99999981657174, 9.999999675022696, 9.999999867641051, 9.999998869736544, 9.999999909503977, 9.999999965246273, 9.999999797118573, 9.999999881398187] : 0.0
-2096.0284449139062 : 58.666664770375526 : [9.9999991672614, 9.999999995889116, 9.999999833972906, 9.99999892594036, 9.999999708174656, 9.999999909255243, 9.999999307616815, 9.999999558222845, 9.99999986640393, 9.999999791551868] : 0.0
-2096.0284166434853 : 58.66666387069805 : [9.999999325681177, 9.99999987226242, 9.999999475103795, 9.999997851326818, 9.999999534364742, 9.999999698236735, 9.999999541848066, 9.999999612799032, 9.999999583989569, 9.999999967786335] : 0.0
-2096.028452863054 : 58.6666648211243 : [9.999999136021298, 9.999999155239507, 9.999999986786406, 9.999999689383639, 9.999999825689546, 9.999999328467794, 9.999999960709061, 9.999999986047179, 9.999999602590444, 9.999999973084424] : 0.0
-2096.028429519956 : 58.666664210868326 : [9.99999993880634, 9.999999422822832, 9.999999842690329, 9.99999876641449, 9.999999990087034, 9.999999417019971, 9.999999804735133, 9.999999659435858, 9.999999714601632, 9.999999020672037] : 0.0
-2096.028462350517 : 58.666665236571966 : [9.999999646942353, 9.999999991147877, 9.999999921873256, 9.999999409419598, 9.999999869781144, 9.99999946424032, 9.999999766791614, 9.99999998058088, 9.999999709847769, 9.999999651767933] : 0.0
-2096.028450835939 : 58.666664907774965 : [9.999999497453837, 9.999999600382372, 9.999999992510359, 9.999998939408282, 9.999999479176765, 9.99999982994754, 9.999999709122495, 9.99999996356422, 9.999999688940829, 9.999999865113743] : 0.0
-2096.028440727263 : 58.66666465552203 : [9.999999253700238, 9.999999599344909, 9.999999880988016, 9.999999584646012, 9.999999801517523, 9.999999866026876, 9.999999880628227, 9.999999741877385, 9.99999969971154, 9.99999902446012] : 0.0
-2096.028391112882 : 58.666662619289866 : [9.999998035189218, 9.999998922105995, 9.999999807233214, 9.999998433004642, 9.99999979210553, 9.999998090096856, 9.99999988498922, 9.99999941070698, 9.999999679422512, 9.999999909914434] : 0.0
-2096.028447880627 : 58.666664832434954 : [9.999999850781586, 9.999999957885123, 9.999999840903984, 9.999998909187102, 9.999999742693278, 9.99999944169309, 9.999999739583718, 9.999999764397314, 9.999999559432734, 9.999999783825507] : 0.0
-2096.028425006349 : 58.666664319539656 : [9.999999387709359, 9.999999988454132, 9.99999958987761, 9.999999847040637, 9.999999945438102, 9.99999979833112, 9.999999205615818, 9.999998823495417, 9.999999963975275, 9.999999163555927] : 0.0
-2096.0284008558137 : 58.66666362148493 : [9.999999095885798, 9.9999997720895, 9.999999962389618, 9.99999924371108, 9.999999458003643, 9.999999620811131, 9.999999197530903, 9.999999270643631, 9.999999209380517, 9.99999942570702] : 0.0
-2096.0284169238644 : 58.666664006155564 : [9.999999819087364, 9.999999389107064, 9.999999747096457, 9.999999621738993, 9.999999413517825, 9.999999443000117, 9.999999604643484, 9.999999871724043, 9.999999619140564, 9.999999262904405] : 0.0
-2096.028425387075 : 58.66666406392068 : [9.999999758043325, 9.999999327355809, 9.999999793315553, 9.999999203174031, 9.999999544774738, 9.999999044523305, 9.999999572775199, 9.999999773926247, 9.999999857017627, 9.999999691889219] : 0.0
-2096.028410373642 : 58.66666348619583 : [9.99999745142296, 9.999999731644497, 9.99999955034434, 9.999999527581808, 9.999999939450612, 9.999999245289054, 9.99999979753196, 9.99999995874181, 9.999999953887254, 9.99999876710058] : 0.0
-2096.0284181555025 : 58.666663929595025 : [9.99999897449783, 9.999999750512481, 9.99999929846567, 9.999998252882685, 9.999999846337477, 9.999999802943869, 9.999999828295469, 9.99999988424112, 9.999999168879722, 9.9999999939142] : 0.0
-2096.0284404058416 : 58.6666644387498 : [9.999999293860506, 9.999999637597394, 9.999999738825688, 9.999997695788705, 9.999999768472732, 9.999999932585586, 9.999999794311835, 9.99999991804542, 9.999999906089906, 9.999999556981395] : 0.0
-2096.0284386318594 : 58.66666444626341 : [9.999998085223925, 9.99999996553463, 9.999999897012938, 9.99999861052576, 9.999999869777353, 9.999999752866394, 9.999999840079296, 9.99999993672061, 9.999999243327466, 9.999999836055427] : 0.0
-2096.028445917322 : 58.66666485418779 : [9.99999897881808, 9.999999995486567, 9.9999998001352, 9.999999663412606, 9.999999508754023, 9.999999828796327, 9.999999740405887, 9.999999133978498, 9.999999772046595, 9.99999984748491] : 0.0
-2096.028454280563 : 58.66666509608442 : [9.999999750122615, 9.999999785562643, 9.999999951556628, 9.999999864857863, 9.999999731939305, 9.999999670456548, 9.99999995868773, 9.9999998826023, 9.999999674016482, 9.999999147337602] : 0.0
-2096.0283821207704 : 58.666663073504644 : [9.999999275055263, 9.99999993543705, 9.999999949623788, 9.999999338785965, 9.999999403136357, 9.999999099864873, 9.999998178574192, 9.999998943428388, 9.999999627958541, 9.999999662215465] : 0.0
-2096.028407262663 : 58.66666371572853 : [9.999999644982829, 9.999999484807724, 9.99999953432031, 9.999999188023107, 9.999999528419872, 9.999999685805319, 9.999999453930307, 9.99999980472808, 9.999999794482914, 9.999999005799191] : 0.0
-2096.028428869894 : 58.666664375684 : [9.999998957653009, 9.999999789364676, 9.999999436032976, 9.999999878464767, 9.999999842759607, 9.999999843516935, 9.999998793110151, 9.99999957572102, 9.999999967892162, 9.999999966913606] : 0.0
-2096.028420661096 : 58.66666412928648 : [9.99999953941775, 9.999999122889301, 9.999999926544884, 9.999999335387685, 9.999998520795273, 9.9999999698113, 9.999999988974693, 9.999999901029149, 9.999999845569562, 9.999999468154984] : 0.0
-2096.0284410929507 : 58.666664649022074 : [9.999998648371777, 9.999999546517174, 9.999999894063347, 9.999999915975161, 9.999999764848129, 9.999999923561873, 9.99999996619996, 9.999997793856654, 9.999999965111316, 9.999999787097853] : 0.0
