Fitness : Violation : Position : Miscellaneous
8216.845276643764 : 216.44903520134358 : [320.69009803724646, 94.55293991373587, 419.8449069555239, 419.88700673791976, 377.85227681128544, 0.5043456109551427] : 0.0
8218.863500737572 : 214.61785879952163 : [357.8997286718003, 94.68000476343647, 418.9432067592144, 419.8741549941724, 524.5939973189253, 0.5027141519515034] : 0.0
8216.5343888563 : 218.2512482396648 : [368.980458406087, 96.1236227577279, 419.2690499019136, 419.9366854795583, 774.5940362683839, 0.5100967829990599] : 0.0
8218.82432265506 : 223.18724464060986 : [391.7455580085773, 76.99057585389103, 418.93030593401795, 419.39324143844357, 51.2179788850043, 0.5109548598601422] : 0.0
8220.096290589552 : 220.02538243303985 : [314.16419392526893, 74.88020993859703, 419.6111068494889, 419.22294493679675, 433.2684867872346, 0.5018776547018323] : 0.0
8219.946986289233 : 212.89477662177922 : [305.10472282063654, 94.09999232450207, 419.0548564386334, 419.7993297975054, 369.48654156726036, 0.49864300635355896] : 0.0
8219.524828420368 : 222.2831071543203 : [321.1793066230504, 84.52188584258477, 417.3980737862873, 419.7646456980492, 453.8479215226781, 0.5165384723850971] : 0.0
8219.814886847169 : 217.1552903707682 : [331.2612735360449, 94.69363510506926, 418.1180189378321, 419.6027755168324, 767.1665169345663, 0.5096095249021744] : 0.0
8220.860951572324 : 211.3653713424033 : [340.7938366985684, 91.99107923489112, 419.2815499266668, 419.8083570309273, 262.750786931622, 0.49396505591639955] : 0.0
8215.883079747797 : 230.07213678547245 : [357.2973762674506, 71.55710279052651, 419.5124951438633, 419.56840815842384, 956.8834015814525, 0.5208734639345527] : 0.0
8215.50172673637 : 221.92327030113654 : [380.08200599424407, 95.92539938313621, 419.46956144160475, 419.8300299820048, 571.8615204831381, 0.5169196960312691] : 0.0
8218.091218102996 : 222.10822892265512 : [351.9382568076031, 65.34139901565189, 419.89790540205786, 419.7396525885211, 857.1064507722454, 0.500839433259129] : 0.0
8217.548294205402 : 219.81550411452253 : [352.45663527675833, 84.9600442004347, 419.0970960343567, 419.84554815894745, -5.908356396752595, 0.5079654630507092] : 0.0
8219.722972988102 : 212.19811485172923 : [378.6480292127259, 97.25757587714801, 418.99967408374164, 419.8679919553781, 393.5275641397178, 0.4989832996359561] : 0.0
8218.991303851892 : 211.65555333152918 : [381.1629300308281, 95.68415207525928, 419.7791476363801, 419.9747150306995, 850.0565495467646, 0.4953940265513615] : 0.0
8220.596651440685 : 212.45218814954245 : [340.0851589162414, 84.4635576348355, 419.7169213439392, 419.89797312552537, 300.2535567989887, 0.49142267486733804] : 0.0
8218.149837691735 : 212.79764696826987 : [339.1856762529551, 99.54654781871102, 419.491684901799, 419.97246279654155, 666.5388152887409, 0.5003060594352033] : 0.0
8221.202143499335 : 210.9949959000193 : [319.8483281817132, 92.2743623938821, 418.7845409092308, 419.92080568661606, 184.98908902877974, 0.49450910086686795] : 0.0
8219.16494641059 : 218.9955560832807 : [320.29963774758494, 95.17732833326605, 419.2676968270313, 419.1256831885724, 425.88946593740513, 0.5108079837655837] : 0.0
8217.903116976224 : 212.4810709599079 : [344.7339640767291, 99.58586148293718, 419.8421152015455, 419.9715758418749, 210.42382071470985, 0.49890235063947963] : 0.0
8218.846601673187 : 216.01091140170666 : [328.08592693347566, 96.40771076590605, 418.8152279198347, 419.7462273016212, -11.64421905383962, 0.5057177366269414] : 0.0
8215.303681848405 : 218.20062900785166 : [300.85704215932395, 98.71861621851589, 419.9233632724932, 419.9712456982677, 42.39707340599347, 0.5098470700312389] : 0.0
8219.285819523206 : 210.86705005768079 : [385.92092752217275, 97.52321259470105, 419.74281726600987, 419.95875918530794, 600.2720679464561, 0.49480118811681806] : 0.0
8218.930425233806 : 213.2987723057137 : [363.0276513819638, 91.58928097023254, 419.94786989477785, 419.83525060708143, 721.2305462384949, 0.4962146106638601] : 0.0
8216.995780200908 : 217.27524601658837 : [382.2757702392305, 90.11457267615471, 419.933073130191, 419.85006041356957, 45.51023455222369, 0.5035597791716189] : 0.0
8219.854789307146 : 218.56793214667272 : [340.952894323038, 97.61578604773354, 418.2381969371872, 419.32859394621283, 741.0117543115718, 0.5135793018938831] : 0.0
8219.633037435531 : 220.47451211556864 : [354.3944594078598, 78.7757805939741, 417.4889461668863, 419.99317772320205, 328.0756521217985, 0.5098367574423988] : 0.0
8218.700815734997 : 211.47911451669776 : [368.93613493114526, 97.75392909918425, 419.92384029246773, 419.9543507264256, 893.7846246312184, 0.4957547366804037] : 0.0
8217.215101118396 : 217.68531770870683 : [351.4633357470648, 92.48814845680678, 419.79611874102, 419.7077045117826, 811.1113078365508, 0.5058385822141311] : 0.0
8216.734584511209 : 216.22244656130414 : [387.26533817684185, 98.45689986575518, 419.7027365074655, 419.8760304123489, 558.9583517197809, 0.506175527641693] : 0.0
