Fitness : Violation : Position : Miscellaneous
1.4518641705598767 : 0.06626943316076765 : [-2.2704168095083315, -0.2681152136719902, -2.3104728381536406, 1.0116642099619266, 3.151707786693549, 0.502084763774505, -2.3615159299242863, 0.5645758569749733, 0.010916719151006005, 0.6857189090451117] : 0.0
1.4048763496346963 : 0.9899385553318755 : [-0.8392198455143633, 1.2020523655970374, -0.6224499212988546, 2.1805265565116465, 4.46958303924056, 2.4904574191209035, 0.22664465295007563, 2.5761866362711494, 2.3777184693130775, 2.8962630745749993] : 0.0
1.295707790556279 : 1.837682815775788 : [-3.7282742998190277, -1.4023291946318868, -3.3737282531969783, -0.7291782455757674, 0.3000406848402548, -2.012850150403664, -4.407858245995812, -1.5235727304241025, -3.080275449708363, -2.222774224173289] : 0.0
0.8117955072570003 : 1.9218934168818997 : [3.766883415515735, 5.89404655636937, 3.786005737714757, 6.374674146215739, 8.495861979682687, 6.127519755826306, 3.7342482459615325, 6.648477972458746, 4.838458899457661, 5.975442414119977] : 0.0
2.999823580131732 : 0.702363279647192 : [-0.8267134917479684, 0.42957045990105724, -1.963003037163059, -0.10211894796850673, 1.6882793995406074, -0.30307666166393066, -3.2939691493995253, -0.8801792597500286, -2.771560862609742, -2.5785797523483067] : 0.0
2.8880553897339185 : 1.5206660554151408 : [1.8689057753229896, 4.244175814629848, 2.2642795560144533, 5.067179553157131, 6.687334370848819, 4.176514180200245, 0.5883124503078694, 2.464844642999755, 1.1793953360140037, 2.381031788953413] : 0.0
3.8677994305039642 : 3.2946956082932024 : [-5.396855006403254, -2.8334506188030004, -5.2113744967664495, -2.2071598455544583, -0.43022481189104567, -3.830014308303741, -6.378199779437468, -3.8635019897350373, -5.941736501795252, -4.6072448954427045] : 0.0
1.267541141352831 : 1.3111736172399029 : [0.032049437868058916, 2.488238105949696, 0.875699573547486, 3.282266768472133, 5.3965889365281985, 2.87344029355445, 0.33727423153825953, 3.676117485412099, 1.9524043183145698, 2.3044096295152974] : 0.0
2.1830056309876817 : 0.6675355790925768 : [-0.6621609443552985, 1.105361977990067, -0.9541175960012991, 2.0863695653172094, 3.620154226655456, 2.0616268001985656, -1.0662044505700603, 1.9593126449195708, 1.4986693789746717, 1.485914371768959] : 0.0
1.7059225796199373 : 1.5065915007280422 : [-3.2483411261736146, -0.9021357027081427, -2.8864901669188487, -0.7198122211943572, 0.7719318784978131, -0.8843012131669923, -3.777814434548286, -1.6576091190471551, -3.0960060842256656, -2.905023952819131] : 0.0
1.4515206475503133 : 0.2554186417691112 : [-1.1975207732699673, 1.1163416728016176, -1.4775257527421957, 0.5590189144588908, 2.1683570837200805, 0.6135643615750439, -1.464034315465184, 1.2191082511752107, 0.2910438607056167, 1.2622054530091944] : 0.0
2.107835885663061 : 2.19934543891066 : [-4.043265382423863, -2.236629485901272, -4.358346755392453, -2.349255253602486, -0.0981674389337257, -1.3942677139359825, -4.029783966032914, -2.037201955410562, -3.0437790310890964, -1.8530500858898011] : 0.0
1.9725893317521266 : 2.906477922813859 : [-4.855200987093573, -2.7240810690624797, -4.987355245819213, -2.289667426172762, -1.2024498300645363, -3.2543226816426873, -6.071785081579371, -2.5965796538722037, -3.222552543327309, -1.9861006623725745] : 0.0
0.5843832410504501 : 1.7163777694543192 : [1.5224384336992447, 3.789784695499179, 1.8292400430002944, 4.139129018179737, 6.006284579150001, 3.8865284375095754, 1.0659593229337285, 3.8737048604542013, 3.1568169380701034, 4.23807772030653] : 0.0
0.9386951118245495 : 0.23255725457951754 : [-2.352657445162966, -0.22992715811781306, -2.669401191813196, 0.4785610226400765, 1.9901149410944505, 0.04143991405517333, -2.4472797347643813, 0.00976279684158321, -0.9583923902745501, -0.36414841715192736] : 0.0
1.6582437395933058 : 1.6666342662775349 : [2.181187299371024, 4.074271922362574, 2.0785006955246743, 4.412577323355969, 5.831179082680731, 3.2567366773988518, 1.1814602322535435, 4.332228554302683, 2.510969517031574, 3.0386209179098627] : 0.0
1.5691567564669524 : 2.0609644442124577 : [-4.402195426675455, -2.1772072233903184, -4.114588887705905, -1.9185089386537362, -0.1712394647707205, -1.3804858732593899, -4.116483827376763, -0.8835504832528434, -2.622127020655432, -2.292745168214707] : 0.0
1.412195581434167 : 1.462736219608235 : [5.038642553140969, 6.573803750871733, 5.03646179536517, 7.669645544260021, 10.069131647292412, 7.618676549356021, 5.21979367395084, 8.72317789226802, 7.52642469969537, 8.26544567023943] : 0.0
1.6604514529579724 : 3.6332604752437008 : [-6.005773585998591, -4.11699716911831, -6.700331447479886, -3.9869254235021963, -1.3163722765444952, -3.021919788736154, -5.943986525324275, -3.7341459777346175, -4.734570558845831, -4.253411984144458] : 0.0
2.222017004467531 : 3.6794595268126997 : [-8.79364594869979, -7.227162038344989, -9.606543621284825, -6.025756348415493, -4.264196722718155, -5.820012466161295, -7.612466337845509, -4.833335310159606, -6.151117164836087, -5.2602322205143] : 0.0
2.1788005643523043 : 1.2158399848610828 : [0.17415722800307698, 2.2213741816413592, 0.6213326506111505, 3.629487172677239, 5.538846795256689, 2.4326675654157643, -0.18708294887888144, 3.0626767890598443, 1.9356504437200401, 1.9958825620545002] : 0.0
1.058119203115183 : 3.2775432194136185 : [-5.931182983311894, -3.8176127684417427, -5.901683379056732, -3.2739672531677657, -0.7298827677876711, -2.873897228242839, -5.6440851644555305, -2.6207309586418974, -4.035422139466222, -2.5610322687754934] : 0.0
1.2374544170305768 : 1.137639824239439 : [-0.07289422873084472, 1.9725391398453864, -0.09551267796299845, 3.136848129513459, 4.648525409210366, 3.0771696191112397, 0.06143861917408455, 2.698133141710958, 1.565674714972704, 2.6681857737932426] : 0.0
2.7678036314688184 : 1.8793725121045863 : [3.224082915716453, 5.767352583332051, 4.050500011490494, 7.263217777162383, 8.717158461907063, 5.733636441978945, 2.601771861971094, 4.979698097597651, 3.647153789045645, 4.900007190353966] : 0.0
2.440327152512843 : 1.7955396336075684 : [1.5112770962875126, 3.2670877995285443, 1.6700819933126931, 3.88476265185505, 6.391205646498381, 5.219537350828972, 1.8086783655542251, 4.43028676320359, 3.627389300362071, 4.530608544602383] : 0.0
3.8386075430633624 : 3.4193494285668025 : [-5.614572443408421, -2.7508268669148843, -4.6927971021605455, -2.953858494883942, -1.9635412526671399, -3.761906377353611, -6.436986398592494, -4.755921965262635, -5.916694845327651, -5.412741110823253] : 0.0
3.8020091075683817 : 3.978059366966204 : [9.800800213244967, 11.936739617121834, 10.209578416097429, 13.447145478212555, 13.995912566446272, 12.0462101518496, 9.450663449555625, 12.233136950592156, 11.330654383654391, 13.14290842792602] : 0.0
3.650902377483354 : 0.8195457849438739 : [-3.7842944274393027, -1.8988287317948886, -2.344043284863742, 0.037856420863640494, 1.8513064738085667, -0.7608772943620243, -3.486088117051021, -0.1642248848684158, -1.1014008878372827, -1.0225949648330115] : 0.0
1.2396179258848887 : 0.7506703133776822 : [-1.5502341587572959, 0.964217820859294, -1.0202425317662058, 2.0868833993021165, 4.080026421525021, 2.1695886613807107, -0.7984239139607103, 2.604356676834698, 1.3607548277089694, 2.719482341230984] : 0.0
1.3581574152408924 : 0.9383607805259947 : [-0.38908896171087637, 1.6429847844364938, -0.3561889505819069, 2.283696625471302, 3.70497177216872, 2.1107834746590144, 0.18682729992258196, 2.6788581265624725, 1.910976798554405, 2.1669071708295666] : 0.0
