Fitness : Violation : Position : Miscellaneous
-0.8948510210188005 : 0.0023307670494325805 : [-2.4692130236971166, -0.6566634594796805, -2.2851043460452933, -1.5563877161787034, -2.756559955785997, -4.1308098999547855, -2.603360272547312, -0.5683560663686835, -1.4769476061397775, -0.8513087971423314] : 0.0
-0.7892217795452835 : 0.17385321475239005 : [-1.4201617023675968, -1.0512943159071062, -1.3108647382446432, -2.4383792057466493, -3.3591772129562023, -2.1268138892089095, -2.318418802145347, -2.3998832473786704, -4.550312665737004, -0.7275220007263585] : 0.0
-0.31733257209120075 : 0.006290999478434145 : [-1.987448424741192, -0.8071962301516984, -1.4895360793752876, -3.3865949694355595, -2.658644430594789, -4.114238254459314, -2.503283671162343, -1.9447975484746922, -1.2675895710311371, -0.2556327932722757] : 0.0
3.735843911004677E-4 : 0.025240429278452343 : [-3.415762906588358, -1.6463035306416545, -1.550203092810865, -4.931725772124293, -2.503605912103639, -1.2578713362822453, -0.5413970845181666, 0.3268685390412175, -0.2351986285289106, -2.049996179328377] : 0.0
0.0406306778951738 : 0.1004459970911545 : [-0.13612632304526406, -1.4373679225841034, -0.9470111899046059, -2.242176869210742, -0.0841288984053492, -3.1056140548591666, -4.40264118858334, -2.203917588373688, -2.752813460988121, -0.15331355551761439] : 0.0
0.5799207692039499 : 0.011152531263103782 : [-0.013788044865490123, -4.681209151706264, -1.3805192968234015, -1.5892327192297686, 0.4551611929034268, -1.344073900521517, -3.0971652465259023, -1.6765311791900421, -3.7683228194486564, -1.2858355240836081] : 0.0
0.02312306403211989 : 0.02272540753098558 : [-0.04381603525457711, -2.6419705325227083, -2.809663052682657, -3.2763901957880415, -0.19553887049915986, -0.8818146920955258, -4.709384497761217, -0.33481480032933364, -2.514820749204834, -0.19519832891912858] : 0.0
-0.44194693413053193 : 0.11758393143633465 : [-0.5088860334172289, -0.46829906095982987, -1.415139746551357, -4.608155494979482, -1.3594312236101873, -2.169711559249511, -3.8869286079612633, -2.829630404458367, -2.446025099970843, -1.5654287634569646] : 0.0
-0.6717503759000125 : 1.4515284016517807 : [-0.7692900566969305, -0.2533119022583179, -2.8424604057106766, -3.155589147877911, -1.19518902764006, -0.9195742847062975, -3.2431923505154416, -1.685743073771937, -5.1088574797556525, -4.857411020174583] : 0.0
-0.1050396463369978 : 0.00423529618891294 : [-0.38497898201786646, -2.4723598454731825, -2.224047609953087, -0.4172431010264208, -1.31011040158001, -3.0926813148365895, -2.921501501288986, -0.7195012438667066, -2.5542576147418115, -2.0813704995547644] : 0.0
0.24395099248531835 : 0.005101614136672576 : [-1.790316141196974, -0.6555878096436079, -3.9460223010421407, -3.362096198792411, 0.11919141618479534, -3.172379046531845, -0.8082495863016299, 0.17823064995626553, -1.3150576075534333, -3.8594068898099243] : 0.0
-0.28468547639847563 : 0.023666534175490028 : [-2.342815816930605, -1.1979950885517359, -3.4389566149744444, -1.2777095077977878, -2.1224487749699916, -0.5325093852047607, -3.2110684943053824, -1.0180475868675543, -3.5068878398363994, -0.7562319312308793] : 0.0
0.04507890094119846 : 0.6257968688097341 : [-0.3783898846618958, 0.37164077510646587, -4.142068736554812, -2.838334404594681, -5.041880457996529, -0.20274500786508654, -2.1085459979864485, -0.6688312250836095, -0.9607663958624011, -1.008555960556123] : 0.0
-0.41682194744290707 : 1.8565555259740865 : [-0.48376104672960407, -3.964274250267837, -3.6397239356962676, -1.5591114562561925, -4.431335218925398, -3.2470805939304372, -3.995427967277414, -1.3859228857469754, -1.0899973503092668, -3.028653518811968] : 0.0
-0.6602388419541131 : 0.012962007055968172 : [-2.899132790404998, -0.6203972881528146, -4.886574387409947, -4.38188868663824, -0.7849984182546361, -2.3894910697562812, -2.6842452133316868, -2.074225481649653, -0.19991776259835659, -0.8591707621537987] : 0.0
0.21381669209845994 : 0.8138029802824592 : [-3.4357436348659363, 0.6847831119929539, -2.5057113383244722, -3.10400275972992, -4.633362942601916, -0.20039212267715778, -3.654693240396364, 0.30000239348078317, -1.0754375321522116, -2.3808113674523654] : 0.0
-0.37493954063079765 : 0.22567636067316954 : [-3.3090601552457626, -1.6835869819133915, -0.8654678900319737, -1.5196658459654007, -3.5838134112023283, -1.3342698811862979, -3.3367534236043435, -2.7794502203649563, -0.5901157451828158, -0.9157804061506649] : 0.0
-0.7979213638654084 : 0.010951440440711243 : [-2.2989379071741274, -0.46813333732974716, -4.833601626675611, -3.598897606082277, -3.506234815635503, -1.0457452726716934, -1.5528850072366165, -1.7388986121964514, -1.759908920484794, -1.6789296041592576] : 0.0
-0.8439162348742835 : 0.008495243664847626 : [-3.369884587022771, -1.8355473307425738, -2.00998708732883, -1.1561196895637065, -1.8699253664561999, -2.04784362844238, -3.256859087304152, -0.7319465023428049, -2.5915393636629154, -2.9014393601347206] : 0.0
-0.3639874403688707 : 0.2625337412188215 : [-0.4309265396555677, -3.047236190957154, -3.3105735312089792, -1.403683996802222, -2.835590063722134, -1.205269601988673, -4.751401397094945, -0.21806568888830424, -2.5024940041499564, -2.911239086808235] : 0.0
-0.12197127660609167 : 0.14866090861826464 : [-0.8027420557748024, -0.32531342018243947, -4.565952193240625, -2.046001274726342, -3.8558075390005526, -0.36979518541237666, -4.825511456941379, -1.5978663951515775, -1.505842241908805, -0.31700245164204555] : 0.0
-0.12827445053576197 : 0.2984386318344505 : [-0.24876029801301536, -0.33646024774775474, -4.814430562030382, -1.0743724372268293, -3.014224674483022, -2.3888705940062067, -0.576351530477628, -2.703437687344417, -1.2494221875701492, -0.5448782472884295] : 0.0
0.062058087422548563 : 0.00729941367760271 : [-0.1332424558880314, -3.486789278454773, -2.972332473821497, -3.2502328062123107, -0.06270148887797444, -0.26827294652485145, -1.8587136991213875, -0.5094783375493259, -5.062036319566809, -0.49534967780083683] : 0.0
-0.8052707670517281 : 0.15713075335983007 : [-1.7116002659634173, -1.787939506502534, -2.8783947244482135, -1.3899148894255875, -0.9749344760183138, -1.053094675858013, -2.731314638100269, -0.6565109349155599, -4.580042552431079, -1.118123613783131] : 0.0
-0.11462861379690531 : 0.1858080122859628 : [-0.5068497173749957, -4.056059113873435, -3.7595385161438046, -1.4010052855500938, -2.3031211846931683, -0.8274199676481353, -0.5627056937387713, -0.5074418722654346, -1.4468249001784979, -3.8960792454300077] : 0.0
-0.38930672179759757 : 0.0027060003285418097 : [-2.1216171384916658, -0.45326061601181467, -4.513592970650059, -2.0411959327125775, -2.121962965121039, -1.1889761971182962, -3.9333717080664927, -1.695424389347227, 0.10412918695507045, -1.537266323366934] : 0.0
-0.9396427392379612 : 0.005615061000289264 : [-1.0917503413977108, -3.076433019622465, -2.5319394014789802, -3.2579729261340873, -3.507361467676944, -1.1874666480442462, -1.6150932125926212, -3.3560242244161493, -0.7563352688504639, -1.6179143269275482] : 0.0
0.04081020847458 : 0.0010182736900503642 : [-3.4502758954444555, -0.8073101323105097, -0.45603399049004045, -1.632096028760503, -4.942460745675954, -1.6229160238450298, -0.407266871467286, -3.6339534184382396, -1.2008331502405236, -1.8039861867392086] : 0.0
-0.8414167390761688 : 0.02825695640888526 : [-4.03045716557893, -0.6370184526918037, -2.060093331689154, -2.786291869517286, -2.102743681612173, -2.451950489103213, -3.738526303929638, -0.5149217844260517, -1.64787351498556, -1.1317510395929058] : 0.0
-0.3490641312931072 : 0.17693186402487035 : [-0.9549146964120481, -0.47743507339821756, -2.2657122532170098, -2.40526831111163, -0.47382370759363024, -4.128359745277781, -2.794245001538224, -0.6046283681978881, -0.4526807563363419, -3.657875153522819] : 0.0
