Fitness : Violation : Position : Miscellaneous
1.077925743821238 : 0.016044531105896077 : [4.676722923459546, -2.206460226457681, -1.4833384725908152, 7.398275863708786, -2.7112411936459315, 0.004632893600136967, -2.8038891171863316, -1.7942749080924578, 4.663079048616046, 1.6545786787009042, 6.005987481857384, 3.6042192843117795, -7.832813503928903, -0.1984969487993249, -4.09213796496296, -4.074618159642732, -2.557251547738397, 0.4830916287066286, 2.7849210428295907, -2.904066674710911, 0.32603101167561843, -1.8473738977419631, -2.7455799314235305, -1.0491057694316517, -1.8004740373667731, 1.6282008160551023, 3.3075943707091082, 1.9869149244342246, 1.6188573645190756, -0.4286290555622916] : 0.0
1.083480807949679 : 0.003932073354896093 : [0.6889967124137966, 2.1937488471217037, -4.447641009934834, 0.8007307908417185, 0.8672360387046956, -5.810336536258182, 0.731837729859762, -0.7774588095259904, -2.885715986898342, -6.31986301703431, 5.540599627979007, 0.27402116182698055, -0.2151773517476312, 1.1971523881454296, -0.15507679096438842, 3.983056242906245, 4.513377829156218, 3.1861706277171176, 6.872511945703385, -5.398548096787639, 0.2598446311692235, -1.6953603049739936, 4.343486879414362, 1.5552512670985086, -1.3737777379665745, -5.8783766945716955, 0.5472376186441767, -4.639001944168617, -0.6742475942723618, 1.2280546724979378] : 0.0
1.07385051163686 : 0.39975715026924075 : [-2.211537004635999, 0.8385557471831806, -4.589639133100947, -1.2708078396118578, 5.267501576320761, -1.1949079477868794, 3.2547407445040637, -4.400988031631369, 0.4305282492812381, -3.4798606000439243, 1.6984632221590288, -2.640036663199564, 4.089349661051798, 1.9604021830112675, 0.3293256548064661, 2.950577677326077, 5.1140777260966335, 3.334498647408002, -1.4974799934929799, -4.188414874952781, -0.254426208056437, 2.826882304183255, -0.9182393296954894, 7.06565445098202, -0.3795725123791587, 0.7664630317179473, -0.289110398540144, 2.1559398100215557, -2.1678155923685836, -6.4744946117899485] : 0.0
1.0846927052128708 : 5.907050215402194 : [1.621574898662141, -4.526998252848254, 1.2039285697038704, 2.8984550050642977, 0.7766621008297392, 0.40077938078388664, 4.18450122863854, 2.3140156377950047, 2.524182738212371, -3.0097944459749515, 6.231053440361216, 0.08386934396106362, 3.002399785951919, -4.4216840363784655, 0.5905101408820652, 2.6807673095232345, -1.825609488784286, -3.7866711489384235, 0.8204093443551441, -4.58680250604622, -2.896626705371517, 8.096062263252632, 5.0325750817498704, -4.845880663093021, 2.6067830974981554, -2.0522968985914307, -5.133745856098686, -2.936836343656034, -1.7573144513483179, 1.3228081240448106] : 0.0
1.0784193172411691 : 0.2399784328112835 : [0.08169899170784412, -3.4581202866010243, -4.685884432786861, -3.222762360364589, 3.250712660682552, -3.401806672322014, -1.3799119409373957, -4.539532102088618, 0.4290854280661769, -0.6088655319308254, -0.19517856214979945, 6.445176990517011, -1.8135430646482829, 3.7391182135487933, 0.5696132453429348, 1.1888674652506488, 5.168031496901405, -2.828918420724539, 0.5233648083005591, 0.7177428776795907, -2.1007339258911846, 2.5652009101368565, -5.6960871737460055, 4.533442327276769, 1.4438572534597243, 3.7259850174910674, 1.4599864402528977, -1.2493412581357282, 1.7487321166119887, 1.4940538925089557] : 0.0
1.080341130954864 : 0.03137343422719405 : [2.650687724500806, -0.0070584420662877356, -3.060732556092151, 6.626492099672797, -1.763248377514816, -2.897199370068837, -2.544324468024998, 2.0343661973348786, 4.458356966854311, 5.099495133493046, -3.7828093818924073, -3.2177782791679865, -0.3327383263220065, 1.1886893203644397, -0.1555822668383917, 0.16884161841556633, -2.985232356059468, 3.06453362534553, -2.466789326543727, 2.590124464204109, 8.366767252875125, -6.517836198445542, -2.350597869411293, -0.6481507700104188, -2.021884312948498, 3.872023968545286, 0.7710509371899477, -0.8820244868221621, 2.107958715184486, -1.1876017644472796] : 0.0
1.0812093788682944 : 0.4703127559372886 : [0.3264428991213233, 4.038897065519933, -0.8451669525479417, 3.620839225316976, 2.127534752422738, 2.7921399987744033, 1.4085057250696913, -0.11989496462687921, -0.28175382710099184, 2.3553628650780976, 5.057960683043555, -3.142162501647537, 5.743615681259232, -4.201042748408611, -3.1917963730008023, -7.040458017915775, 1.712150104482784, 4.995871659342423, 0.027547896333453004, -4.864275994862785, -5.884796123090559, -0.09661471480474093, -2.247052338225198, -1.8908203988098236, -2.2399568989042855, 1.5484621713873432, -4.109271013108335, -0.35591469109571783, -4.653120392425001, 3.549505036965421] : 0.0
1.066286304532654 : 0.0027621491762390704 : [0.30012465026119717, -1.8811644019898823, 3.4843657450072794, -0.42286245928449384, 0.780812524041627, 3.8633658987719217, 5.632013797575876, -0.984044285157549, 3.215639654513694, -2.640953578238126, 0.5585755739310031, -1.677253147613999, -2.4781883177868895, -4.373048037789015, 3.9210761676031067, 0.12961432648752158, -2.455571285991549, 0.7689344628363388, -0.1306560522767457, -5.4576900190189015, 4.208697939520361, -1.1926275568572424, 5.494645892423977, -2.1760339690177473, 1.7609447599819708, 2.269231403154727, -5.326686302286743, 1.4421656786716353, -1.3811503560954064, -5.083171187290546] : 0.0
1.0885305028831898 : 1.507129902718675E9 : [2.343302768798573, 1.6297642547848454, -5.535595276827143, -4.253437015449341, -3.477802424138577, 0.7615180350639958, 1.2719880933020722, 0.9683804537218421, -2.9808987074785174, 3.2473827774704254, -3.458789082964092, -1.015103675898813, 1.6070143578971745, -4.689590878452387, -3.056986790729259, 1.5349267084731544, 4.600146664364274, 2.015491121709703, -3.3127486070627508, 1.8754712645636042, -4.001105945497201, 3.1018834829190984, 1.528742822243096, 6.05805110458374, -4.793947429908649, -3.352471151885301, 6.395173821794638, 0.20021206161517036, 2.045446641756145, 2.523898934036631] : 0.0
1.0844979932926155 : 0.12597300515740528 : [0.9627248492421683, 2.0003640901336426, -4.6382126456252735, 2.594027705539084, 0.791404615366075, 0.7914505426487484, -4.838852633706733, 6.248893872075172, 3.7005665592858628, -4.275306498529423, 0.01558907230735862, -4.0293226804001625, -3.8689157015990885, -3.390534921299944, -1.2854648240782462, -2.2038981015500356, 1.0057314139173972, 3.6368316136122747, 0.31424242502495625, -0.7730159393831184, -2.7472825203131883, 0.9548397309006655, 1.3416457557938735, 0.14870141064435494, -2.6850990056482127, 0.04780774116913711, 4.5862409087686835, 3.838686437192717, -9.841630332989173, 3.634758032202727] : 0.0
1.0659785066017031 : 0.1799373937520879 : [4.0953664005271895, -1.7891080805303536, -0.8477769316413468, 0.9724098462789583, 6.080345486563543, 0.5278284055084908, -3.3488014601428953, -0.41587056478974027, 1.2568299547936106, -0.748923056693864, 3.790876782141867, -1.4784061935047992, -0.7674611712212713, 6.297643135195722, -1.3583606898123284, -0.7061578344117736, -0.4771247198406554, 4.1249116913927475, 0.017396056547136895, -5.441581886223465, 0.25546436581491694, -3.257390167493503, 0.36519908378987775, -6.8264145392965645, -2.8894530691464317, 1.9015761069320494, -3.6474912544350193, 3.0455356216290914, 3.1546337169893715, -0.8847539877809466] : 0.0
1.0899909847584817 : 0.09649469464370344 : [4.7703295899896805, 4.024261492789524, 1.5834153454614557, -2.1185078069300642, -0.2431749931576066, 0.8843728064492664, -2.825033362962002, 2.2835581913846354, 0.333882975654924, 1.824108683809774, 0.36390657181939323, -2.5678993666619205, -6.6013377671347735, -4.296320862755279, 6.861362495401689, 2.898829237213719, -4.417475995883073, 2.1524287459747313, -2.7122726350139046, -1.9302013915027163, 7.436785585971533, 2.354664534935422, -1.8371386283147801, -0.7678866009573813, 3.6317802864568427, -0.48144590652832964, -3.66883966535299, -7.269928151557059, 2.507734177831354, -0.1535857652876671] : 0.0
1.077634979802418 : 49.62463948582951 : [-1.0566593799612107, 0.14682752346169714, -0.13334051789133916, 1.1393757555435169, 0.31176683270274363, 0.007939800982260242, -4.730253600289469, 1.3207435022087166, -3.446080965489128, 2.8326715446502675, 4.426649132712377, -3.3078998765644125, -1.819958014071875, 0.6807352406506603, 1.2263465649551, -1.3082948368577543, 3.25496414903408, -2.5125399713457472, 1.280936984467339, 2.247437175822637, -1.0142598603321156, 3.5081026113122027, 7.386718602240246, -2.4579672097096, -0.368928172475802, 5.354849329010769, -3.5164353809827174, 5.622812545490404, -3.417424430400868, -3.0435771116321657] : 0.0
1.0799417089587362 : 1.0425379895430428E8 : [2.5194278742338607, -7.152760352114712, -2.8464232343985914, -2.7178713148559392, -3.7764497336066105, -0.4946722691874412, 3.1604210260217176, 4.273487802695085, -3.4528208480731992, 1.6882962425954302, 2.1877642527015766, 3.677730747581668, 1.812561622416431, 0.3378365753478949, -2.405685574202966, -4.170032224690728, -0.49413531391023513, 3.934776574340468, 4.607332778797609, -1.393670670288544, -2.9056427083764738, 1.1861835537250283, -0.7331734773098519, 0.6017811163040662, 3.288638024263229, -3.544710643083045, -1.5078737548569487, 1.7975669722365248, 2.8094361724707566, -6.871761468479218] : 0.0
1.068344014590363 : 0.04547268439950458 : [2.3298507475898633, 1.924404306852129, 3.455758264366483, -3.590482225959752, -7.736100858684211, 2.4514645130819854, 4.059989481246392, 0.0590345166735089, -1.471052590089915, -5.298966199499639, -0.04579530822091327, -1.1074197094440472, 0.1213819969336507, 4.603444873200081, -2.696668261892259, -1.9359946435605933, -0.8985846633455434, 4.764515417297079, -1.6326520630883259, -0.03775752054065595, -2.326825057979266, 1.95459888840384, -3.289723605042087, 1.2285256332749017, -0.7928337997140815, 0.24400773303970968, 2.5948821479215116, 2.0357669851586913, -0.05671150465311392, -6.742742362256539] : 0.0
1.0785538743935565 : 33.90514168605686 : [2.82211450766113, -1.2350545585483919, -5.675063743002561, -0.7011836603778878, 8.057820708310686, -1.044823874908705, 0.7826034041123606, -4.678369975055538, -3.657962963066682, 0.39690874820861577, 6.079781585662285, 0.7401464657012564, 2.164453189980154, -1.5750457842543497, 0.7499426381334527, -2.396883221886465, 2.8995278559269773, -0.6341887557916088, 6.061200078848547, -3.4693851507346247, 1.7126641174701298, 1.1860690103067988, -7.26940125934189, 1.6189246406211457, -0.2925758196781841, -2.0639782218042355, 1.9781818381798413, 0.6716352014689804, -0.24126704211523897, -2.3291427683517987] : 0.0
1.0801496106109512 : 0.006305285838619112 : [-1.235819636510611, 2.7661261233411785, -8.31282831231439, -1.2022999111062211, 0.9559148782372786, -0.9855474409435496, 6.098617011993548, -7.933395188944219, 0.04957322727290238, -1.6548076556155418, -2.1729701366673875, 0.9317748269815675, 3.971636082055304, -2.059628616151855, 4.259317173111542, -1.4293611648296078, -2.2980705099732694, -1.2796094095869006, 1.3580743222596077, 0.08339723761867557, 1.0757296387144053, -1.2722851209123744, 4.7089650635234985, 1.4742608328235125, 1.9582421380205908, -1.6304807521344515, -0.32151739585763073, -1.0913705679803152, -6.163228613156407, 1.1318090117250863] : 0.0
1.0672714762295448 : 0.10764974826004114 : [2.354554897133493, -1.0607220968516364, -2.6277686162328857, 1.2469850138822915, -0.46875603743752503, 4.1890121906254585, 3.4180034934045715, 7.348391202013217, 3.8026596932105665, -3.5688565207805896, -1.874757975524818, -5.000159880015098, -4.191106570764563, -1.3943668134886282, -0.13568683380317825, 6.52449916469943, -4.431397405742077, 2.21224926087741, 3.0325124242641652, -5.599730901861458, -0.6333447194977406, 2.649143982481574, 3.1390857827880194, -0.22959137242752226, -3.2625215796880647, -2.324072640336583, -1.392059945575851, 1.2703116813696815, -0.121561593569667, 2.0277144290902287] : 0.0
1.0664776275230323 : 144.2227109824433 : [-2.0357284497556467, 6.064982557891929, 0.7790099229218903, 0.9565971154303377, -0.50536522236705, 3.8759128546469617, 0.1848607519078953, -2.555408944832096, 0.968167378714317, -0.04556191676245369, 2.6488455836130442, -5.873247818756498, 3.842059651574587, -0.19461786913859092, 4.008262745649009, 0.791451019123576, -0.2026700101703125, -2.035026896745403, -1.5778324901228231, 3.385287670048313, -3.153686400689409, -2.469881664560079, -5.856522012618052, 1.4398492358239363, -5.634276108004871, -1.9389944752502375, 3.1862075605964346, -0.5697723947839544, -0.8692325077581526, 4.675702957458961] : 0.0
1.0820084371779872 : 0.195551397964161 : [2.3479727709190614, 2.241578329902392, -2.586240518837898, -5.968057968992333, -7.4852128518416166, 2.236009587424352, -2.5469358969189493, -1.214828026484815, 1.4716708600991693, -0.6423869305326289, -2.1875012036835613, 4.727306608359516, -3.7619184096758187, 2.9817029558495354, 3.7613346830895287, -2.1637597930064345, -2.7126764643260004, -1.0574929740973058, 4.475972991596712, 1.6728501312675161, 6.1701746480656325, 0.24985208761271138, -2.885071877779728, -3.30966698047453, -0.924952496653404, -2.1360339615863406, 2.664451069539071, -0.6702131099646516, -0.2506142468785928, 3.3499708502392247] : 0.0
1.0671830294988824 : 19.63946533154493 : [-2.350062562427598, 0.9349632768291478, 1.114545480307413, 0.5951611087628796, -1.3174847540828543, 2.8857116152171765, 8.344137707939552, -5.158832425616101, -1.5005146039827308, 1.4850683226156987, 3.3968823455209503, -3.0301417395987187, -1.1280133967504429, -0.5477880380411451, 2.5151006002022536, -1.1251382636597738, 0.4056364340751547, 0.34196438754973313, 4.657574126713134, -7.217375306344382, -2.903027496977619, -1.223757527571397, 1.1474115879733198, 3.9309985765780997, -0.3201860388846617, 4.50578576551027, 3.8697797970209007, 1.3935020013128583, -1.7678020956273226, -2.3752214327010304] : 0.0
1.083477734965023 : 0.05743176016579277 : [0.3724867334513129, 2.5899636703472173, -2.3152916009896023, -3.2200733895392624, 1.9357587849521813, -0.3612708286516395, -1.3717784047053299, 7.018669785578533, -2.8233495035598164, 3.0918809298115613, -3.363849841815254, 1.2044298057738736, -0.6571175977344543, -1.5766012832091363, -3.982379981225264, -1.5110410707667947, -0.2262289309808886, 1.087102560207481, 1.3528232224740426, -6.447799495760974, -3.9513631066472232, 2.186660916444273, -2.651596761071177, 7.212210828947008, 1.0736533542118796, 0.5000292472872645, 5.615261772688414, 1.6245785068854453, 1.909420285952879, 5.379484845158164] : 0.0
1.080657554052228 : 3758.701659962574 : [-3.7021964862445356, -2.6975610453089813, -2.980780031047626, 2.4663864232102855, 0.9611552701025898, 2.113242952006159, 1.1906986440882052, -3.068338489139844, 7.88882969385223, -4.263938339151393, -0.11710596710387833, 4.58886322430135, -2.303454079583704, 1.148223924515039, 5.48894808234596, 0.6718125799662484, 1.4381632152403325, -2.338536649937513, 2.1537323890035998, 1.9457695865003863, 1.7506151851110465, 0.8737098443211755, -0.7950870090755582, 0.4848183690594814, -6.558155886291557, 0.001537122666285029, -0.45042225510989997, 1.238525871662493, -8.275977653150168, 0.7354597032716637] : 0.0
1.0712731472184087 : 36.48854181691803 : [1.5243956826462481, 2.0469553690510813, -4.256718264132737, 1.1871450672427364, 4.18471588880506, -3.638928435929285, -0.725441770139815, 0.36400258720231804, 0.9877496603333391, -3.271686882562035, 2.219635613105823, 3.1263082173238965, -2.1560074665159368, -4.932764700498172, 0.45046801152154714, 3.69829064105428, -5.795774013266515, 2.326429576574195, -2.9486625707454177, 1.4755490673410274, 2.9510613627895053, 2.5228773840667675, -4.424160494552561, -0.4450388724394867, -5.596346539759452, 6.652672403576966, -0.5202207654609508, 0.44777711827455136, 0.3628432785045652, 3.3290047163543464] : 0.0
1.0662912809126266 : 0.0066363370257402285 : [1.5304195249026216, -1.4417641237503513, -3.9287326426447464, 0.5682517488778988, -1.3864719930574116, 3.1135528303687927, 4.236495703085971, 0.3793809418306582, 2.4611450065453804, 1.1080696484976098, 1.6971670818515072, 5.056049571561495, 2.332449334498858, 3.504732205393844, -2.114885842050363, 4.4387050704741515, -5.220356398950333, -1.9068786963464261, -2.5537216657681006, -3.4776249576834304, -0.26183476639416536, 1.5105043856539289, 0.9018886244442403, 2.727361360376415, -2.778740092385469, -2.463577999401024, -7.726586862279157, -3.159722442498735, 0.2247675630084811, -0.722516352621251] : 0.0
1.076821628866828 : 0.10172897649880852 : [3.8375397306257653, -0.9148941038109415, -0.2986480268057967, 0.9966078282304762, -2.7509152334377505, 0.3522536111023382, -3.0512205426848387, 5.792208995292206, 4.706200767583756, 0.3555218918191645, 4.392988562298852, -5.5098008938112315, 0.12400691112084683, 0.09070963048558589, -4.598472235596451, 5.031753249208635, -3.8291483974865312, 2.819822040712846, -1.182463750966627, 0.3140908019121529, 1.2934738957807435, 5.909541723224108, -3.01788409348852, -2.8397566868318047, -1.625247724937319, 0.2405404537707252, 2.049421933766295, 4.002928355897602, -3.87476659209332, -6.691890859574974] : 0.0
1.076183086403997 : 0.19185750036694182 : [0.11605338480531602, -2.3694609253624095, -2.512351411033234, -4.104529175133395, 0.044084266265076, 2.8544280487931144, -3.074936387707906, 3.147810099888014, 0.6440205248748687, -0.18279190541441892, 3.4994371085935407, 4.820518977175575, 1.7002676318991574, 2.196062841579395, -1.3120327996071852, 6.659458228904983, -4.090364997148619, -2.2255571346733465, 1.994624669117861, 0.9462892669111773, -0.43957484835151384, -1.9345182787756126, -8.216251966452148, -2.8466859677083463, 3.4941542313335647, 0.9271617552896312, -4.671257863807707, 1.3531543993779698, -0.22891566302087063, 0.9080972357960984] : 0.0
1.087896552332131 : 0.49290522490877775 : [5.576203466327034, 6.266973337408398, 1.8498569928262354, 2.611377632385305, 2.833828639601671, 0.22183550679556863, 0.8780837467249252, 6.069068674168695, -5.568970482392355, -1.0477366460305526, -2.979795766032683, -4.995420080887438, -3.9169232749116216, 0.958618136346086, -1.6434680845329748, 2.3317989425813455, -5.568535611241441, -2.752331907145372, 8.012905438973757, -3.3759830805196187, 1.609630132140552, 0.31686205687745694, -2.8169755878851084, -0.9648292305731547, 3.683624835896441, -0.26313437933662787, 1.1958560116165469, 2.842762873906113, -2.185452673354133, -4.475652401198764] : 0.0
1.0786409246201842 : 0.0296397130572994 : [-2.099523334339844, 4.706781842396175, 0.36434557227184294, -0.40487093530072826, 0.37530839341433264, -1.2849486257145095, 2.0294751235815442, 2.602895444451023, 2.311691546655398, -0.40156463559516253, 4.136077813878659, 1.9513898634653533, -2.033166205726052, -4.337625360599853, 4.53191157322286, -1.3690899446130134, -0.17354908881727749, 7.169333944290745, -1.5955662360556788, -1.1729162021055406, -3.40720023430307, 6.708516805410256, -3.1781269633446936, 3.6356368130222125, -5.074506615361232, 2.4321536575617757, -3.424081258129912, -6.1110348514805555, 1.6846613066925773, -3.8977819258349706] : 0.0
1.0667714743860237 : 74.59154576750473 : [-0.7501804910465876, 2.293166991859647, -0.9483628380076996, 7.110219843100274, 3.762685988604776, 1.1966432216688956, -4.935468245432707, -1.9148572837195008, 1.4072812074556944, 0.3237993095046745, -1.6636470322119639, -7.496557634021663, -0.06799741792373992, -0.41399750966334314, 4.351005194350646, 3.7391621110196347, -1.6892618488102253, 3.090639480408148, 0.8162611568727208, -2.496791973523516, -4.980642792087995, 3.1813824561863058, 1.473870567210152, -0.009356110043142296, -5.660011335702944, 2.228063207290055, 1.7951974215001245, -4.277545996186273, -2.385204604382847, -0.5173157137528874] : 0.0
