Fitness : Violation : Position : Miscellaneous
-591.3467312620338 : 7.915886026791116E10 : [-29.97440654071535, 9.139563084324635, -0.35091250753806946, 92.60249788834349, -45.37683391918668, 58.627363678119224, -95.24610439801731, 35.58520424863465, 86.12660777193992, 48.86931628172911, 77.27926371308908, 58.41694458591806, 27.0163617934071, 87.14020638783597, -26.014629446329167, 65.10071809479192, -58.06902122796871, -76.09331707874173, 96.64905361251297, 89.56938887788607, -84.0355625992147, -47.37684872701804, -14.437393989679606, 7.50935648792381, -97.65252405168769, 17.996448001307684, -17.565661918988255, -96.17587641509076, -49.69968515599079, 81.0164729466889] : 0.0
-476.6211014665655 : 2.0799512062046085E10 : [44.008358165129366, -10.829476105520989, 14.088177613710279, 7.345928618335517, -27.025798681157248, -2.967467496905705, 14.51337990417608, -19.50014716985897, 40.51441644913592, -73.6592713472466, 60.14898865036983, 8.941143849798763, -13.24914304425085, -76.04100643871196, -77.22797285206393, -52.06783745421291, 56.89200494591551, -73.43794379310961, -44.727985579018444, -28.024130697948955, -45.394917172754745, 64.17725145875302, 19.808875396162424, 40.55760253388722, 14.567892409907742, -8.876370686755209, 26.370656857311353, 11.229260163247123, -63.29208277097826, -18.403284595135418] : 0.0
-635.6852377912988 : 2.662571574258695E10 : [31.164297503830113, -58.634284932386805, 57.59607446930537, -40.852781482449714, 1.6036242570982862, 53.31396158269058, 67.11678636768319, 19.268943999142728, -65.00889696089406, -14.341735460518748, -60.0539878121185, -59.414943047209746, 51.684256068337476, -18.967161168913425, 53.392409450733595, -24.9921998798506, -38.58480212092996, -34.76206731343168, 29.168140375473374, 58.46235968897994, 28.74537965137834, 63.52608076214142, 79.47149081889448, 8.571197783038897, -19.06979155319924, 80.70976911577387, -42.491207822593395, 74.51910076208173, -17.545486761254164, 64.38306660737584] : 0.0
-513.8737527516734 : 5.26747754406626E10 : [-50.00875033569634, 89.02597759463544, -66.78195576745249, -36.18064157215508, 58.23078201355385, 57.325518030631514, 29.391843232078713, -71.50677438102693, -52.73762389557284, -28.880884644318208, -26.049475211875578, -67.20262811818051, 82.45136238417317, -90.37691005671472, -40.688330244082174, 76.08173239430997, 29.771292988805968, 44.217513352389425, 14.70060909862068, -6.532437455767257, 69.7163176623556, 72.15738467194582, 3.738595733747843, -96.98207609803896, -50.627829918129756, -30.472146931630405, 85.10806816190092, 10.866749508820646, -21.980503123713078, -45.30726037017433] : 0.0
-650.6154258788571 : 5.638019715109128E10 : [-27.31190436101083, -67.55049906301183, 73.50487914857479, 74.40982273844327, 2.244118165983295, 70.31734945467264, 78.51135632282794, 58.85640059556863, -73.51523182202465, -32.05247514829809, -26.784072125962965, 36.368101148716974, 47.81005561205615, -0.3980333304297119, -75.28574512281358, 84.44189169223549, -17.68267099135572, 58.15004083778072, -50.21105749534622, -16.007960775348604, 47.42822827124104, -82.3201934278118, 10.382634437401924, 57.837615668477895, 99.59327964674938, -86.78078406299011, 4.3245504738974745, -85.43583974506029, 34.680224470730195, 87.76856867565465] : 0.0
-545.3818967691784 : 3.851402961959732E10 : [82.21313836675671, -13.826808605973039, 73.86014452540235, -64.21152639614033, -33.0023718423831, 65.35926323224308, -94.89915472472237, -47.953316750674304, -58.13243506781177, 20.5284646265757, -0.4528353779594241, 68.90373540941533, 43.31828971717455, 70.47217369136295, 10.546380059829723, -49.912456117534134, 50.03383317816717, -72.60604051535684, 3.668699520917727, 51.46552539746499, -34.569308053192444, 56.25456871379899, -49.7585026941861, 69.52184747931534, 52.297222945185965, 2.4236300564234554, 14.841290460304222, -36.63681432632207, -72.74470081031183, 78.28186841875599] : 0.0
-456.8011830322309 : 1.850698359246999E10 : [14.07823698408169, -37.52716518648173, 9.007625494001182, 0.729318390551775, -0.5589512292882297, 26.231882600102246, 52.6697243358147, -51.4248659755109, 2.400026694313649, 0.15947637168113715, -55.15948698743763, 61.14291471762995, -58.02859196076179, -49.636920606976545, 27.9211561522207, -85.77304119607167, 42.612894652479035, -15.489849372151628, 36.973949904948086, -67.2866296375813, -75.27092975136588, -18.893072110344796, 57.154798737749175, 10.918106786866083, -0.36102419273455766, -18.924854594859738, 33.75514842944613, -22.679128794370936, 42.09439867532572, 2.2680643221822088] : 0.0
-535.1250647393895 : 4.551084550709344E10 : [32.62493251326893, 90.6383656885256, 80.21859424952032, 71.81601388776329, 72.94184778446552, -43.59463934524064, 44.37838026257285, 50.47812306784087, 24.73361010585063, -58.749704235460065, 27.774281457442058, 70.43367608118368, 58.80243920835119, -67.0854624073985, -61.73665739437493, 8.642232370486624, -51.515594210733774, -92.5749103220274, -2.7082641469179123, 61.361312339923956, 47.36036745779458, -33.80211933612192, -42.24379332681565, -17.542442418235083, -74.01956022607779, 44.271671944353784, 84.81284145368693, -23.798896949937443, 6.377661523389037, -73.26084042056056] : 0.0
-576.2935282582285 : 5.0708855793464745E10 : [0.8528356265191654, 89.7644154566425, -21.848796126118046, 47.49256668863205, 57.477153358361754, 43.147539481056874, 41.68019924793721, -96.16934450018593, -92.92825504518642, -11.885253723297168, -87.29059222759604, -38.832270309370664, -52.08738200293221, -85.01461399044621, 38.31331723506929, 38.77294281188759, -73.51738110370565, -12.100184716147666, -59.53717241473361, 49.129839252535234, -8.55609098097996, 0.9683748711324114, 45.63965017898656, 60.07835726120283, 28.988663391978598, -37.51092512047478, 19.86923102497526, 90.76305899202816, -0.2941373200192885, 25.844021803348078] : 0.0
-459.7452214609677 : 7.192958909983696E9 : [-49.16059771498663, 2.1907845080347563, -15.073247335167212, 3.650890607047849, 18.793027435821607, 44.89660072967595, -38.042384313567226, 28.0451393831685, 22.96551240091475, 35.91042410448196, -31.66908942264252, -34.793474850780726, 2.0942541605612277, 0.2605496199736237, -18.680579988395348, 8.100402979452667, 1.7092585692700162, 42.79860590087746, 55.28940865489176, 16.640029682137126, 76.93822891750304, 12.678057141165265, -29.942445510757093, 23.87218984495014, 6.760691088749535, 43.17220432097402, -20.797881181356583, 15.234098511806259, -0.8721638490469061, -90.86635347314335] : 0.0
-478.56053641816123 : 3.0608093373543682E10 : [-9.658572892088856, -16.40432044988698, -31.259337452251884, 54.8838749228881, 26.562360574126686, -33.58415908933772, 12.675461520632105, -69.03134612889609, -5.751519023761233, -79.4132547863649, 20.05412226550569, 14.75480352246294, 46.808905073911276, 33.58376807874944, 67.98344170322895, 27.250761038653152, -75.82943133321595, -97.19744500043277, 55.62471292663681, -40.715099454669584, 12.041076610501047, 5.284218051656875, -79.0319438667709, -65.28845524530624, -36.22234213110191, 54.78931498316099, -7.372505673164284, -9.444164451713217, 44.719522606334266, 6.270560995832938] : 0.0
-616.2727269342279 : 2.49242320593155E10 : [-2.26550936372044, -26.35938109458852, 76.39687038528123, -13.419457733574237, 5.962178504567987, -4.738085940531059, 36.84246397151711, -72.64483744825016, -30.443544289014913, -81.91004332884147, -54.36209216759563, -11.943214240249532, -26.889317654182896, 26.01658380852174, -5.395523871629072, -5.443147625492056, 72.49806190353381, 56.03310747193481, 19.229855639766743, -51.57546763347103, 66.77176631298474, 36.26229814592445, 62.63531928874282, 45.06750461504731, 57.74617902384303, -15.326569396785345, -39.79709549705369, 56.947945104252476, -65.13831058266504, 33.77473381010954] : 0.0
-645.43974176458 : 4.484635768465422E10 : [-9.924966290329209, -37.94163297180768, -32.617377139689914, 13.02489320773431, -39.81880799859944, 42.94084049386266, 20.12691276297751, 19.702094817855127, -49.174615259912535, 39.88126245962924, -13.905820297093442, -79.55671344790183, -29.44869871143638, -40.020920225816766, -95.49309508646084, 90.19075361489382, -16.854546216672333, -98.86237140224603, 13.845527417071892, 73.8352245891405, -74.40414519131697, -57.84990817950672, -7.420579419325229, 17.238686901428956, -59.243917418310325, -53.79518551285047, -43.318769211730405, 40.105345391820556, 84.18755661558107, 34.400083507943116] : 0.0
-548.1773200006595 : 3.3230623529902946E10 : [-63.07316401471918, 73.27671366922047, -29.465787740017177, 5.695470446687395, 29.956670655723542, 68.39377582261145, -39.599283009562036, -40.80920794898644, -46.95769994402013, 2.3172988320034875, -52.566067287301685, 80.17242677658427, 26.87541308661352, -18.103691011646376, -53.08182647344522, 21.68682608688077, -49.31903868592629, -21.80967386643296, -34.969756037946425, -92.94625399543787, -9.320380930274297, -83.59050774924111, 26.771885802292815, 7.369777960235993, 64.53279310798018, -40.64536648885972, 81.25992540030958, -22.787850043187092, 29.491128358367945, 60.68176193727288] : 0.0
-563.8025108547978 : 3.2665299489735893E10 : [13.384506519000738, -3.7658086844453464, 53.52748039118134, -0.5109758031869944, 83.3827425213855, -46.43281866063787, 44.437529022576285, 59.18749251715079, 15.742953856035264, 1.05209452206401, -37.92631621273962, -25.676333025416064, 3.2060994406501653, -28.763605404734804, -48.06018619976828, 78.04979592407271, -53.52531749732128, -3.7915698093513868, 72.69827949863355, -80.39360077105337, -76.43403945344313, -32.58643676621321, 8.64539190991998, 72.43145291562922, -23.76627877297548, -57.549271521262476, 10.584403402803574, -83.56656643407617, -28.758064266364443, -3.9203464740833454] : 0.0
-520.4358923787744 : 3.816198620897639E10 : [-64.05371132355417, -43.76230704270117, 46.415564295177354, 67.93566944857655, -87.13946612697143, 50.51063189165353, -27.281873511556228, -25.755155107765976, 52.28717376580826, 37.331902910206026, -25.231321660793697, -41.4852339075487, -33.34002989808165, -31.568429113828756, -11.302824408580683, -16.088479289766603, -1.828294266833101, -26.20680651270496, 92.49091477168538, -22.3282228262574, -20.806860487541883, 27.864791541639224, 92.99559557091342, 31.892518172870872, 37.33846846898632, 78.29738080833093, -47.22592392551563, 86.11655460326917, -39.660727533790805, 0.9338577253824312] : 0.0
-635.4860380834987 : 7.577200690236267E10 : [70.62945837577391, -57.47001383885952, -98.73206159851561, 71.49835614240544, 31.82225879737817, -42.611052712762486, -33.946658944892235, -96.139128896974, 27.78669214447787, 3.5795409631487587, -98.47505396737617, 21.79927526796044, 53.106919585985, -77.34516551191805, 38.463759205856405, -7.029601025606766, -34.94571277505894, -25.0923800124298, -21.722695449793036, -19.133664558547395, 19.87848742518368, -7.145349883921597, 66.03939647695177, -66.68231304668235, 71.52568140005832, -97.46122130836864, 98.17672320258549, -95.28867050351624, -80.54038361786162, 4.256632709703709] : 0.0
-588.1275462812796 : 2.8564297861851315E10 : [69.5901880204114, -54.77592950560668, -25.75057751236958, 0.16008413839304225, 74.96143177013556, -61.588139812612106, 38.7677162245107, 8.12676513337821, -26.72660255932753, 68.8215320128376, -63.497680785509196, -33.144435546591275, -43.734963087276306, 52.71941353897584, -28.34434597297905, 22.317567335280827, 13.273099652924202, -16.839311073988185, -42.28068725104167, -7.226766458168925, 23.57186559064202, 40.69708860896074, 3.540283114994608, 47.3031331958614, -88.43718194819783, 7.079135820929565, 71.98694928300367, -71.9333927013387, -68.3305372814246, 67.57829208798495] : 0.0
-474.1493212428928 : 3.1205927110368282E10 : [-6.545307852013089, 5.539381453452812, 53.604294226144496, 28.68559224548796, -11.674912751181097, -43.50851793965376, 2.169778700927999, -23.791817301452, 7.919396377725704, -48.42491328279448, -44.132272830634534, -76.10188819337365, -56.606285004073015, 40.968301344702176, 42.785800050535634, -33.34616288002419, -99.88419171218939, -28.24808965082576, 70.05905792839552, -34.36532261335299, 37.48411041471414, -20.502585469047524, -22.995449986982926, -77.31681297716202, -10.265561197934154, -92.9838089129794, -6.788390463338185, 11.277114247660414, -42.470587510422256, -26.111130495482886] : 0.0
-562.5956952671307 : 6.3274525800027534E10 : [99.22466467238613, -29.94283634561019, 98.24854784991246, 31.373009161630122, 13.69247316220968, 49.1684352907046, 70.95615010737765, 86.0774317459169, 77.01773662217718, 95.61125465273187, -38.20930870552255, -22.02182255927378, -60.29158515793437, -16.914014936557848, -12.265743616824267, 43.95979672825653, -45.19155172617404, 60.28464088601694, 39.90080097706402, 34.761482353135314, -24.404872469448907, 17.123628053555493, -26.029959953964152, 99.9434261448849, 86.91830213094806, 3.475109704210965, -48.776365480400806, 40.94573480194637, -71.78985845692065, -7.682666090236242] : 0.0
-576.6155216855434 : 4.987078903534501E10 : [69.12980807077628, 79.39098817738386, -55.40568702747678, -50.5087404317471, 32.52099500074433, -23.310768665744156, -44.23796013405037, -60.0474732857904, -17.77112224770217, 7.3784264445971, -66.370428486706, 41.01106960251088, -54.09508904080346, -51.01812188814732, -88.09098591951027, 47.15482194360369, 51.9873086863158, -21.22865297640662, -16.313294098902958, -97.02492209432975, -90.303908379837, -50.20280764234874, 80.56101014944787, -34.781223540379386, 34.42476621715697, -85.02598880790626, 72.6628352492999, -46.26781333242651, 47.13035499811039, 2.096390796452894] : 0.0
-590.4921477545 : 6.686730025702574E10 : [1.0653906126845065, -86.87177397665792, 37.355253675668735, 38.51898911791832, -91.86614315896526, 74.83027105021088, 85.64559178272505, 98.94750003420856, -88.16416166510103, -53.50976828857724, 12.897564881543715, -16.839172533169304, 10.79492993274117, 11.459617380111354, -68.05285660208625, 27.514774476887112, -93.68030792134886, -38.13637013547404, 95.10370405126872, 36.006191044141694, 21.175616362672073, 32.54283109010673, 94.12816159348, -66.52578837535597, 41.008367619980376, -27.973828744150183, 10.31836558906042, 26.6788061548545, -39.72783763788896, 1.7293485965059858] : 0.0
-637.7147736440124 : 5.466709103875535E10 : [58.866896307568226, 37.19898418148628, -25.371152135387987, -46.47600706408088, -52.06732568675345, -14.270333923533855, 75.94359141889063, 46.96423023298877, -75.3157706953707, 92.31545232676123, -99.77516617723646, 63.84624586531075, 88.50526139678229, 7.923487624928143, 75.2560511265117, -74.51467531178673, -34.145242225091636, -81.56778236132055, -6.411623644027102, 7.058546246474705, -30.173486599013287, -91.6893557232282, -44.69968181969553, 29.733434942659528, 60.41231518719198, -0.5526540716117836, -15.22043833291768, 21.699318139957995, 30.670128259994698, 26.902861879039435] : 0.0
-494.859138761755 : 2.6486882837484886E10 : [-26.456027278506383, -80.5504209911193, -6.751099476205653, 56.30747372470361, -89.2076370889153, 50.73457940208255, -7.9867144445261005, 1.5762604092291639, 7.2624690532014995, -11.888077247301403, -51.886904775676236, -59.11246005423027, -59.50862829882142, -39.766763341484896, -49.594168494837376, -51.19852845669904, -83.11588639570283, -47.53162495056529, 4.831859820976781, 12.92323043214759, 29.454936145820966, -26.234106408498278, -43.5386002005058, 62.25011272922609, -44.104795062889785, 53.03824913156407, 48.85936732702091, -52.45884944847239, 32.84581265314648, 81.33686361421982] : 0.0
-469.1460403044834 : 7.145113002305711E10 : [-93.7435696310074, 30.67980017038363, -74.24868320286916, -63.70820392382279, -51.19906303442049, -18.232023044592523, 4.292002509677019, 72.12436608568895, 71.59515950323103, 89.4991409283403, -38.947571471271715, -35.75923197599897, -8.698107461651404, 78.18933242143649, 67.23198640228651, 10.929327659559117, 62.00929552402869, 81.59608100489885, -20.443346293356512, -64.31120912077373, 60.88123630388017, -75.67065665498782, 34.371044555064465, -23.575709495592363, 67.17057965496457, 67.85490829048656, 82.61865876551535, 98.86209930475323, -97.60389041591841, 3.717070443225154] : 0.0
-534.2391251435982 : 7.407763109646622E10 : [65.3237148127007, 66.00841998464665, 83.29992442700961, 49.11901405887131, 77.09433471082431, 99.63088030653898, -98.94938975243488, 75.78722961486297, 74.06063198222267, 87.99590556739443, 23.513570404637306, -23.84457630079328, -28.59438789889255, 24.461746582282885, -44.3679476246851, 28.703764443526293, -39.56914848588413, -86.82552027396966, 46.344813177596194, 26.014386162289995, -24.12556012367149, -37.53368337597652, -93.66742260154692, 98.96061241026638, -18.966411230556467, -15.787996729642416, 7.905124276848824, 68.36896577869484, -76.48392292733898, -43.75809213590265] : 0.0
-583.6691571286951 : 4.664460135869572E10 : [23.715327952119885, -48.12718657492178, 15.59976329137929, -83.08612818560128, 49.79657168759647, -7.660261477808518, 18.12888308874315, 71.7974573881692, -86.44285290228288, 70.71136018118978, 36.358225995045956, 6.744310150963166, 4.74574557530984, 18.938408652417053, 69.90919004052017, 5.2816958800468115, -59.36947214059143, 17.697198777573988, 78.6825162565764, -94.71017736454341, -55.842128131496715, -20.51561003509613, -98.00073854120623, -15.211681736121037, 67.6380242021772, 22.69934316949312, -50.954494011277944, -47.533433888207696, 54.564918735829735, 64.82070026143921] : 0.0
-607.113951554295 : 4.679796248622088E10 : [-81.59388920459043, -32.28507021755978, 57.47838086221229, 59.365755023670886, 15.697897595103825, 14.101068595918154, -92.04274910273404, -53.06113116060649, -67.06960296871713, 40.98209945506591, 58.70361311207574, -60.69004431352328, 37.23930409467708, 15.407389408065661, -67.4645185735736, 40.83696990804219, 62.300584866150864, 29.47010425022026, 30.628238465465145, 46.54154245882124, -4.703522855028574, -98.95099170028028, -48.299973848204196, 37.20143631239821, 46.78187052849683, 29.40628113870929, -96.81304879387434, -35.856165271063745, -75.84923544062386, 40.10658033680755] : 0.0
-507.9246746225692 : 1.983786766854068E10 : [-48.134653267073524, 47.93365092544329, 4.181566370139404, 3.936122254945646, -34.61242239022157, 26.997520332216705, 42.111228867332315, 56.11552838878495, -58.779928216474076, -0.9022757187545771, -36.067237519429796, -67.44134178252217, -1.1776843823649064, -47.98530590414786, -89.68922709094733, -10.43220941684634, 15.872988796921806, -22.7408666340229, -26.73853223916717, -65.78268417263071, 36.78514624338507, -5.988107563903981, 43.87544030526612, 40.80303034567173, -62.59098746895701, -63.58035367772941, -16.00905254266239, -58.984121347211854, -26.36914170012178, 71.76591289790086] : 0.0
-620.075231330111 : 2.2929128634987682E10 : [38.68732281425427, 47.83630178704955, -57.588663363843224, 51.83957143136119, 70.15479325580766, -10.984013267979122, 40.706124738659284, 7.624043784060099, -15.132870297748461, 68.37517860458323, 31.676882513996958, 72.82280094078354, 21.57888810597387, -30.20551485610708, -5.442128221405127, 79.70190845718268, -38.60824579539684, -0.48481987271021154, 56.21512374820925, 21.413535664394217, -19.05829429251553, -60.164892377704014, -45.09991742581348, 9.541613234297806, -42.66952515057078, -41.73435482841366, -36.615757000762784, 77.11121119350554, 53.10743242421762, -92.96871865611074] : 0.0
