Fitness : Violation : Position : Miscellaneous
576.3042097392424 : 4.603858776599523E-4 : [-0.9065202935425236, 5.633953671014755, -4.340489629935927, -4.611328302179238, -4.100996462900799, 1.421224879505143, -0.19072102653113188, 1.900450801767776, 3.30062722494692, 0.7192512783395775, 0.5185048099975709, -1.5624704341292972, 0.6513553472788712, -2.1523655504431014, 1.3859875092268754, 2.339147305646358, 5.480201517517261, -1.6879543621782762, -2.6919672423507324, 1.4034267831315037, -5.347642387830167, -2.573879141175242, -0.0010063754552895876, -1.4592589228688895, -1.7774698400673046, -4.405084566204113, 3.514711548791885, 3.6704355202091317, -4.733518250418541, -8.15338160388956] : 0.0
573.248796850893 : 0.5390545227559967 : [-2.781814029686542, 0.28497757316107286, -2.839779691383435, -3.01428270957184, -1.9310517996382477, 0.1669562797004379, -2.3098672580646196, 0.32944663585243605, 3.15957625362188, 3.09361135439808, -7.920919516353598, 1.8805050154623122, 7.951062142029577, 0.09552791908883762, -4.5985517948023595, -0.7668249729599554, 0.43333156694150204, 2.0639639471465916, 3.421299963248108, 3.680991399875713, -4.174599399270446, -5.5043568167749575, -5.5539928529773395, -6.320590567075052, 0.6334009391898898, -2.201932096961346, -8.613816421606094, -2.7980125191461753, 0.8032525547951117, 0.1395582311748047] : 0.0
558.4086602805963 : 0.015119296224140877 : [1.0252769675599436, 3.386360740496278, -0.13667137694719056, 0.14353101259118706, 1.512795139572642, 1.3643390031347757, -0.4454479274507357, -4.801608500782261, 1.2845853115427759, -4.521977834596639, 4.787858650936828, 0.15572755124160897, 0.6279412235497341, -4.911362191363639, -5.981946410324796, -5.590246583567489, -5.675692152316561, -2.511465941843497, 1.7126880699072493, 0.5913785243534395, -3.549360836970295, -3.12033878349825, -4.068105267494646, 4.752757571637488, -1.1112863253410392, -4.17562245767657, -7.373748862276379, -4.956299164555808, 0.6847645403317939, -3.5609304136732343] : 0.0
530.8661096160655 : 1.2748433395849845 : [3.9979674599674038, 2.5919484632522956, -2.6466021211588426, -1.2106378032273672, -2.5999156348287586, 1.011590655017745, -5.136777147865663, 2.3200865517108475, 4.695183822683551, 6.078677929401973, -3.127969953065371, -3.5333274531232033, -4.003409156687552, 0.09094389950573434, -3.0259758971956954, -2.861798341960424, 1.6813161064257693, -3.140845779616525, -1.3521416555066914, 6.5683632945607755, -3.7245434046613215, -7.131445375428137, -7.586609736793215, -4.976507668909083, -5.922377519898367, -3.841873668388085, -2.689441691662391, -0.7595735238093835, -5.017128016807566, 0.04617370108490704] : 0.0
654.8696573358251 : 0.8537402509606619 : [4.026953349000369, -7.146737883065455, 1.4346956840247982, -4.947833750270183, -2.6255461282624983, -4.394830336762734, -2.2572872292393154, -2.9056507425412326, -6.314345635695609, 3.1597763593582795, -8.388911541696004, -5.685703614452319, -4.499645331124149, -3.9750220735110284, -1.6160955613866772, -2.8967197722956444, -3.4817785751898143, -2.117013273947359, -0.31370381505918865, -2.793629280025577, -9.786866166573152, -1.5856665673212658, -4.024808043385355, -2.4627440009078576, -1.743852004359121, 0.30189805293936, 1.299079079752141, 1.9730819137605913, -0.19181029139679273, -1.6298754572450331] : 0.0
638.2741304160222 : 0.2858011060916956 : [-2.8192966216480846, -2.64440485145066, 5.814315802706503, 2.853760931165302, -4.416233694754909, -5.712091801735945, -2.0989000223138876, -0.6922002422968638, -5.003031206718161, -3.352866407374634, 0.6632381011251991, 1.8359870697531484, 4.643301176855321, 1.0646862243569686, 3.7871589338530094, -3.055269755205593, -1.7038930488950323, -4.385773289174985, -9.161363434022388, -2.03314839597593, 0.41063555003881747, 3.112682661720503, 5.827327713610153, 5.244846336056131, -3.821836563857742, -7.768033110384802, -9.17001994174455, -0.2978030102662945, -4.7553601103220124, -3.6709980986685746] : 0.0
435.25201278879933 : 0.007089779188904188 : [-0.23313803970379443, -4.42411439406928, -7.049949313284091, -2.0902173443344356, -0.7858462758204707, -0.9011111394921867, -3.7275604287394133, 2.693159552598596, 4.836404630031951, 3.385467168210574, -2.8823147778000697, -3.800046642085061, 0.7958094596367915, 1.8128972803200707, 1.8373876653158496, 0.1662622626284751, 1.0915027272023394, -1.7885810510529918, -3.380677795393048, 1.41569307863666, -0.5863247810973768, -2.6767705121339103, 2.9499670285879884, -4.920155124694586, -0.018571605911228417, 5.682919809703233, -1.5699804208798858, -3.099887679606402, -4.897777619317609, -8.52889124183157] : 0.0
679.9773532147902 : 0.3903886599786451 : [-1.0067913693932804, -5.586396034927036, -1.2066987017661974, -2.2677410708244894, -3.4725824074159846, -1.5321983592759412, 7.1495756529118095, 4.724722203171848, -7.342133876326474, 0.47393906219418724, -0.5312633080527962, 2.086844450577158, 3.409384734718222, 2.5923928216763583, -2.839124293495774, -3.773249272308612, -6.248098184327406, 3.246305328021612, 5.994932180754186, 7.643739125481961, 6.721431475622461, -5.591857038208879, -5.561671037371676, -4.999235149389129, -5.154803436757893, -0.26484085146099634, -8.279079404317692, -3.71132402502249, -3.1397665300842386, -9.134702485864567] : 0.0
478.6324272354305 : 0.006083993058674982 : [-2.7596907456018207, 0.7634246222336913, 3.3439650250969986, 3.3728169892251727, -1.6189800758827102, 0.9364665048160796, 4.5926432741821, -2.940735078479807, -1.1767056999619259, -8.147748325236842, -3.131132745386959, -2.972993285694798, 0.27262282204639865, -4.807191311672654, -0.6334371933442493, 2.474912680585496, 0.774426704669775, 4.201517550043063, 5.0046836604120575, 0.4416395870443081, -0.16745078083521037, 0.5667665104159196, -5.228618703471287, -2.5392782697055885, 1.687536278628232, 2.8613693288594235, -1.3108564848953654, 1.5943564375901547, 1.9265365991727759, -5.432885420252076] : 0.0
513.504434350033 : 2.1249837576986224 : [1.539691794253359, 2.630853390533073, 7.737378323416236, 5.526828235045491, -1.6699969497528784, -0.034962013107958434, 1.7557893937405842, -4.728023673758699, -9.271203195181055, -5.848146256782899, -5.88944070121412, -0.45103347444554576, -7.7314360362617816, 1.3953396098876016, 0.7541116482022314, -1.7677518637718412, 0.45374017064157535, -3.248400519964339, -8.951841326700139, -3.8478692507942096, 0.7639355836303743, -0.45143289768780903, 0.11547671586264774, 0.7590727400802377, -1.591244662718307, 1.1498622642285015, -4.264229402005777, 1.1427066363268032, -2.6183363513856883, 3.221239171298151] : 0.0
524.4754898384855 : 0.013347591845802734 : [-5.431245715916662, -2.5769936746198856, -2.5116698113354454, -6.2184202175096335, -3.78972606052281, -2.270995976243265, 4.41412187930813, 4.35059762558938, -0.8285008263631726, -2.8127358691069615, -3.137125376362333, -7.320346315530749, -5.412157872187342, -8.247308562263886, -5.446199397356583, -4.601965455960806, -2.684718030486284, 0.18214896746612297, -4.994370917847815, 4.648563230252977, 0.740085508814385, -1.50032073966154, -6.673343591960981, -0.5412701699040143, 0.8583414094978625, 6.739927702205718, 6.221928681749417, 4.149630253665202, 0.7708902902581878, 7.013266960736159] : 0.0
610.6607194863094 : 0.7356694680242546 : [-4.709871971320036, -0.08642321881550252, -9.378651518094287, 0.3094225711739943, 5.772070472604261, 0.050399488123329395, -5.7990350566321, -2.7130070366718555, -0.09962255937759656, 2.517527214191844, -7.044244322363902, -8.908795105429693, -5.5790044854273795, -1.7782939153884563, 0.25108288127369505, -2.0357497554124637, -2.761681711879553, 1.6603218517598002, 5.065322064487341, 2.623302390617277, 1.3695562377555275, 2.810742569043616, 0.8563537806541472, -4.7472134985114245, 0.22890424174849278, 0.34583988874494587, 3.513668779989521, -0.5387897399106123, -2.1206106960038915, -2.9319822639206867] : 0.0
645.2709921133227 : 0.7570199492005539 : [1.3813565180893832, -1.9234224270134996, 4.290513624108277, 0.6190539538565205, -3.778695352653392, -1.9404186679571356, -0.48312516485202267, 6.3074041936769545, 5.349042093064018, 7.9674903569720055, 8.716513503821544, 2.1832510414626265, -5.2503529184249365, -8.66904443632169, -9.111080010223613, -1.3919312693855508, -4.229461253245386, 3.1050725959543666, -2.547250001571375, 1.262258727731401, -2.121544759521025, -0.6028986276514745, 0.08055374358769463, 8.29015237631455, 5.434055130612675, 2.303697823378389, -4.659335705823277, -8.623443471646455, -1.1204997335348272, -7.5256528637584745] : 0.0
498.8322689382122 : 1.1288203129985581 : [0.7113797482033277, 1.9013972785375053, 4.501172991379746, -7.885068532583713, -9.389814969356197, -0.45955590776139443, 0.4805748723525114, -1.0305518674567677, 1.2573018964788925, 0.4959462854606045, -1.7225837452990982, -3.915471485120742, -0.9059716130459066, 2.988839484429205, -0.3484203246352324, -1.3709058035734403, -3.934405653525033, -4.80921862628668, 3.0559786411904426, 5.999010450468048, 2.0095770319974386, 1.6502171140857644, -2.5336875058049624, -3.795596391614408, -0.36473057897625394, 0.675065683850578, 2.58667673806795, 1.923991719036834, -5.3963106702244374, -1.953034278153909] : 0.0
513.0146311335151 : 0.09648154842060751 : [0.6462848548283322, 4.948379551622677, 1.8689276307932818, 1.7712946397167544, 0.22341337010801077, -2.5345811768844873, -3.8730914551211764, 3.375689521702526, -3.701398234664098, -3.48998275173359, -7.0060206205264555, 0.15386504470794882, 0.7595840858643907, -5.13317633914643, -1.6254425505070305, 0.9000753565202775, -1.5388817332656177, 2.0499918926551874, -0.6198400181632229, -2.2684227958695624, -3.8790100785493435, -3.927455182178428, 0.7810312215304953, -2.326264446041437, -9.166615493049392, -1.211453208158547, 0.7824653079894524, 4.0838663849422785, -0.7174865396401433, 4.876787583152252] : 0.0
571.3159299654819 : 0.004487363933558382 : [-1.2086260009888625, 1.37814270385209, 3.2190811710607905, 1.87951792889591, -7.669095569072933, -0.699965527883167, -1.1064913054018168, 5.029410039521676, 0.7287267699089792, 7.072016714050848, -4.596377975806975, -2.12102751104764, -3.4212019500975934, 0.9060416333449144, -0.26457103400976223, 5.140226173037706, 7.133925279242546, 8.44801886858122, 4.14142308061895, -0.8170951526525229, -6.751244768812171, -9.35040573898322, -2.0300055363757292, -0.7536616510192184, -0.2141197470783549, 2.148450279929339, 4.944501560519448, -3.939680538001407, -2.6609614187360835, -5.3295029460846415] : 0.0
557.5311223101062 : 7.797914264803068 : [2.2007904356208066, -2.899078155733567, 2.739706637009051, -6.088298782515241, 0.8182357857391761, 0.9163866122931075, 0.3258798329628089, -0.6577929795183612, -5.081728812959943, -3.3225845090334323, 1.1202792632940533, 8.207195830636717, 1.3302287190795272, 1.4756160779838439, -5.093821741618333, -2.2777975697287887, -2.909531073463791, -0.8277441665302776, 7.836680208403473, 6.357988630213478, 0.12599430545257873, 2.572252887902794, 1.9380399410313633, 3.005601732317837, 2.3970221262554077, -3.523843166717442, -6.117854705335642, -0.9791076466900108, -2.445408356434319, -8.559523732500157] : 0.0
370.4083034518497 : 0.03159725168815397 : [5.501778108900053, 4.35458673225334, 5.128490004480838, -2.5254426844732647, 1.3484813057873013, -1.5362488845623563, -4.666213943355558, -0.7147386657740888, -0.4630706726767926, 3.9010350972628913, -2.267459101418821, -1.44512250127329, -5.897966530497285, 0.7346624617747143, -1.0162843207455357, 2.693924971595542, -1.3785126906529706, -5.521682067579951, -0.04926654532780805, 0.1080310545332388, -4.9228954797809195, -2.2301409278902264, -3.3189332367610715, -3.934428898349012, -3.948692314502283, -6.82368805581444, -7.501411809322047, -0.8928932594799655, -3.0007038230089176, 0.6257687364355533] : 0.0
494.5103868873048 : 0.007009401830552135 : [-0.651727699401262, -2.4994829460252705, -2.974993734921595, -0.36923191325289295, -2.9609600036498396, 0.5586623335101772, 1.8571672123322664, -4.210158743495363, 0.17809627331351674, 4.494338597355041, 3.865532307266561, 1.6669785522288274, 3.025225833411243, 4.50570474789514, -4.519403516447387, -6.014157763107626, -5.0373504808182865, -4.133333030015526, -8.070011874982672, -8.9017099197449, -3.7813505142221837, 0.3401254879448592, 5.170812540219808, -2.415237440415582, 2.2972745856488896, 7.938200932368747, 1.6978839162494976, -3.938691151925749, -8.304911746065287, -5.563631656721023] : 0.0
547.9796383463412 : 0.005085529220889044 : [-7.260489171878087, -1.4209249153076806, -2.1265799617177397, 2.9468385232314454, 0.40692161908869046, -3.2246330451082135, 1.7920558780125133, 2.182056797692013, -3.3147630624215423, 6.666068756663236, -0.2260689770997777, 1.3511013251730555, -2.604999852292151, 2.749867744303681, -3.6509753245173684, -2.8519072085019617, -7.017876322056936, 1.3231928617593418, -1.5713513684991194, -0.15296030129014948, -6.906760652859347, -2.5233915425679823, -2.7508328131365336, -4.079242688892249, -2.778087189550444, -1.6812369046880962, 4.804930787259242, 1.1013522463737333, 3.6423401203065335, -2.496560801183935] : 0.0
597.7579805892018 : 0.06611350324142994 : [3.2038654808102347, -0.5902989290843008, -5.315512194926429, 1.7823997255975463, 0.8182314193449791, 2.9869473704461003, 6.921123400995636, -1.269166542169959, 3.9021133241932726, 0.5743971649382251, -1.6282735990822683, -0.32023674906424704, -5.433894128221851, -3.163733935625916, -2.8756356825753775, 2.713347644511882, -3.396676212216988, -1.766532624247049, 1.2872015358881712, 7.775526771350077, -3.305329231885128, -5.749259694040062, -4.552077849177715, -8.46268930708831, -6.753442694848796, 0.2720309755853343, 2.8656875257227057, 3.041752310104177, -2.0148323640604646, -2.837571376254389] : 0.0
568.4024823768416 : 1.2244252470595722 : [-2.9307430054306414, 0.306423655642945, -5.1753154165748985, 6.972224800100789, 7.18938460054326, 6.516324531712746, 1.5835076446788536, -2.0824487183838403, 0.7337035846533593, 5.046192099166227, 2.6329183285007067, -2.1713687242409256, -5.088301215278948, -4.584921673685954, -8.152171788883338, 3.5752170842697644, -1.6538691160184422, -3.5710519532681086, -3.3487928613234095, -6.011002315011585, -2.543631076102479, 3.952791197235385, 6.394273376506219, 4.463208432219172, -1.2545299025032568, -0.9036710589543917, -2.506784984556654, -1.318734797905085, 2.9013043577079656, -0.17270279772648411] : 0.0
598.0786407408368 : 0.02229072505693397 : [6.7928276488677986, -1.1144979784464986, -2.5701794743440463, 0.37320825565990645, 0.42699672548822765, -0.4663349323480177, -0.6849232700703229, -2.008742042479121, -6.064904693935932, -3.2079915732980755, -1.8927510347160372, -1.9802206147075383, -4.889809928213367, -8.646296472320568, -3.6738823963212277, -1.902606952298346, 0.601608774699613, -3.887501314431827, -1.6153947128342443, -7.119127566341857, -8.13215379404603, -7.16500031017638, -3.5260719487590224, -0.32449561887715095, 4.231031292679845, -4.377173838095897, 0.9382750728610882, -9.02652616473016, 0.43699496120159464, -4.501777460291345] : 0.0
601.561440360815 : 0.819952931203587 : [-1.6205146713537473, 4.2007973373441665, 0.9200495329441578, 2.2993655478021564, 1.8714703496036655, 1.173729542966198, 0.0993375370146321, -2.3420332064713385, -0.6650671971063298, 8.091428274698963, -4.424216066193709, -5.706327392755803, -6.324258613164151, -6.314646682750686, -1.6387353455461433, -3.7211304947829493, -4.9997326332753245, -2.968326911576677, -7.013414999822557, -6.24262943168023, -2.3960004912356343, 0.2828112485717096, -2.9979835373001036, 3.9760959456611733, -4.063616223448751, 0.8718590279686542, -5.995862463983395, -3.1509040524162564, 0.8530325700993466, -5.6478564585287705] : 0.0
495.14154201868 : 0.008097835335388081 : [-0.6872446135722736, -0.8878220794568001, 5.489848681091921, 2.1441433300844386, -1.7113945283144858, -2.8639731590193422, -1.9379473736556863, 2.7135690485010135, -3.5009853813970055, -2.9447475371868164, 1.9171047755997828, 6.1997793570190876, 1.0135775513009238, 2.443154026376681, -3.227312168422444, 2.096084768043366, -2.1524674796915244, 1.9817510801174323, 5.2716625543759505, -0.9759168717166613, -0.22857218726903739, -9.69534942344548, -5.286670808161909, -2.504656772560611, -3.2556025471166423, -3.3403454175898037, -8.146056913184834, -5.148431832008219, 4.770783510563804, -0.044303054442514256] : 0.0
494.255795264482 : 0.002894207689283057 : [2.214223589241356, 1.1953444922153873, -2.917785112198851, -1.3679445664340886, -7.812495176092661, -2.8097649208792967, 1.0273323859054742, -3.15081312965738, -0.7555050685385749, 2.051696119117958, -3.6478088274184604, 0.6067172118942203, -0.7632602455693753, 5.059139399915264, 4.416198107067244, 4.223269444129102, 6.7123146791754555, -0.1445998099725032, -5.9552865938282995, 2.464284729702435, -1.2739752999429745, -1.5123029494386802, 1.1642696908537606, 0.8356327082337258, -1.672161185310832, -4.468024210201256, -1.1733740896041436, -5.499903926389226, 0.49320408204238575, 5.426871070859265] : 0.0
542.5470736875726 : 0.25854296775723107 : [-0.715699489348575, 0.4373724721457055, -3.169691904885368, 0.8799482659549289, -4.011903509654531, -2.66390168928734, -0.4956717667379973, -5.754284543399617, 3.9813198803321326, 3.15964450717076, -8.683405629279513, -3.52258742917482, -4.390281985583366, -0.35217425680467596, -1.0604440490312896, 4.636839952683239, 1.9542845830906204, 6.2682381770905735, 6.642087343211986, 0.5653519945969103, -3.7776947183412597, -5.966654637961931, 2.4752861152071164, 1.6781318752815584, 3.7859820915560274, 3.537158943667985, -2.1375882288514685, -2.7734614461615648, -5.078540550506103, -7.569106801710426] : 0.0
419.17095813091817 : 4.5576140882695455 : [-0.2334409776390416, -8.677928877584904, -7.826809051180977, -3.3960366448979613, 2.0522866213099036, -0.6285452211173741, -2.000921467884325, -2.362471649024082, -2.663979460374964, -1.9488525082920845, 3.6709969951980046, 3.685872660654631, 0.7844546263953927, 4.847059219039171, 1.6562628357978468, 5.550560174401298, 2.962306131529168, 5.568108789561204, 0.4803560049045274, -4.760581969752213, -0.4005162031076841, -4.488044619601469, -2.4094700721872986, -2.326971672248988, -2.933093568192926, -0.4651307523664734, -3.5108266502619916, -0.03634973122149887, -0.693578172451754, -9.317531711788948] : 0.0
639.8023048099682 : 0.004156000840991177 : [-3.345785530434133, -1.7682591063074717, -0.8556760854672856, 0.9393348521469215, -7.661187060544309, -3.043666836436809, -8.84069492630198, -3.134213038543802, -0.5143395494223325, -3.8638361796720364, -4.5997815600534855, -4.907377910792079, -8.880115473239725, 8.327465496226463, -1.5029932674128998, 1.0153935907296545, -2.717678788789181, -7.363298696265642, -1.6978892303397892, -2.1094409240246867, -5.8622140434844185, 0.2576429331903154, 0.7699249680995135, 0.04178191570485312, -1.7043739284740713, 1.2763998355298354, 0.6389224323495467, 1.6980823787533192, -2.0679706487150096, -3.9624060736261764] : 0.0
577.1029976576679 : 0.08193370267863288 : [-4.235121437784292, -4.247091871316887, -6.466044615786647, 2.9447401643244118, 2.6989551233688527, 5.765411785575056, -3.027617617744819, -4.5779561730557825, -1.1731857051656132, 4.244255111564912, 1.2582205781638078, 2.520148231100927, -7.754488024979738, -2.961035593351134, -5.954228895467205, 2.4955254859968123, 8.081990608154749, 3.486963469272598, 0.23059994518552496, -3.6005397453867305, -2.643676256356944, -2.0522300525216104, -5.154112640915574, -0.9679902359139287, -0.5993268600062231, 5.578146441676448, 3.988234501801572, -1.4076308850196044, -4.722070067838199, -6.045901357709868] : 0.0
