Fitness : Violation : Position : Miscellaneous
142.3133865390908 : 0.0 : [-2.1297868565202887, 46.47861810065428, -31.191731598159436, -8.646664772603017, -22.684984996139733, -18.7995330777703, 3.8494222209806837, 17.753979594274163, -38.017589154376815, -21.82236677394187, 24.395791607280778, -26.503865220238467, 0.21229869890826353, -32.525634449874914, -20.214608363776314, 16.47051818211399, 33.58940824170793, -32.69005908682732, -13.630130793308965, 24.82566473893259, -45.99089381902587, 35.385938882394534, -19.68496253523432, 33.732457221750025, -38.70297782573411, 18.37601046527142, -0.19792422944739385, -13.497962690955418, 14.261247353027716, -40.89546884403896] : 0.0
3654.8074634505733 : 0.0 : [-1.498134872663835, 46.52459651607154, -31.633139059024803, -10.385382338286345, -22.00306653495348, -17.647415850898895, 6.096166093485152, 17.975663874414273, -37.60918359218438, -21.273163231101144, 24.553114598218052, -26.3821926437303, 0.1042353288427258, -31.93673093070136, -20.024818648527727, 15.587946148709552, 34.74332076428483, -33.67541693680408, -13.653093103893188, 23.249141259668292, -44.663773810113305, 36.36343997076178, -19.343485277424982, 34.29376421616219, -38.2637954125547, 17.63626043055229, 0.22130950560062113, -11.316354247354404, 20.20057355416342, -1.8275570628210787] : 0.0
114.65656739023272 : 0.0 : [-2.2624694483885652, 46.988056039263554, -31.074518852244644, -8.405911830527746, -22.89036276553077, -18.800741767316676, 4.406070870315023, 17.94794218056885, -37.98120493789444, -21.98984586398627, 24.591116301539387, -26.29910502666536, 0.32600211510505467, -32.31305864974739, -20.148643483623417, 16.291471285720917, 33.90386267480659, -32.64847642536638, -13.700009764560301, 24.669387013061925, -46.12215420529598, 35.22562579277779, -19.233077444077786, 33.95429377854552, -38.48416526649916, 17.99160162965346, -0.49762290471314863, -13.599297867184891, 14.051824395688037, -41.609273827159534] : 0.0
1399.01410741622 : 0.0 : [-3.180822759104513, 47.2777146398893, -31.291455712803476, -9.089735541557394, -22.97803180752703, -19.545503827094315, 5.241168806702667, 17.83086474860028, -37.67225231647323, -22.42323535006925, 24.930640780111446, -26.00031409615992, 1.5005811086337106, -31.74817526624153, -18.85157285278404, 17.272384838588696, 33.22751714102323, -32.63652961881921, -13.831771201620615, 25.089101872222027, -46.29698062962019, 35.056962105033946, -18.959930924994723, 34.23897659661665, -38.657941221318225, 18.34201488039072, 0.06419648744486517, -14.935935834162976, 15.613469336327856, -38.546538462915166] : 0.0
150.40853523012035 : 0.0 : [-1.9766928496462635, 46.75586271091902, -31.24804736145454, -8.688391241432196, -22.554623459206198, -19.055449289819038, 4.415663563881618, 17.18491868340137, -37.78954908201173, -21.375531635016618, 24.323001589067424, -26.45045356649768, -0.19978320030850352, -32.16548994559268, -19.987484955563396, 16.409945859620663, 33.89037728920087, -32.543058479917924, -13.809371581535274, 24.57432296458844, -45.9537662358091, 35.409655020135986, -19.476702473549086, 34.380310241246534, -38.300858300784995, 18.411329182115516, -0.32567003339803613, -13.602886595380701, 14.057294581326852, -41.60143062732313] : 0.0
219.50653071332368 : 0.0 : [-3.157075028013644, 47.00680027832239, -31.3648140397003, -8.70250554059432, -23.198622296542364, -18.494695052934006, 4.93441749335136, 18.08128325528319, -37.52589239724145, -21.768828777677296, 24.684921504733765, -26.641155837282923, -0.2222605967097199, -32.501241408154215, -20.392429417325744, 15.609914435434806, 34.03131335883656, -32.25304402128508, -13.582551592790285, 24.615271778518157, -45.79620328769123, 35.580221067528875, -19.639194448645352, 33.90025402110242, -38.62953047126166, 18.385599380677554, -0.417659186970098, -13.329751378252986, 14.455130955353408, -41.1605862372503] : 0.0
203.71900797260952 : 0.0 : [-1.858187174632795, 46.930830033663895, -31.446562850643762, -8.6013567135, -23.217314010473828, -18.873192399241574, 3.9164569931847053, 17.604137118900816, -37.86870504360577, -21.665238454500326, 24.424093127136683, -26.316685851448717, -0.244439570887444, -32.19643613439743, -20.112616641925825, 16.079270922582936, 33.63035526184714, -33.041765068080885, -13.499639556683324, 25.29364508152012, -45.89170261469195, 35.35080386671311, -19.28410828965515, 33.62310431063267, -38.52756155626212, 18.257697257096403, -0.26856701200448035, -13.482411862855681, 13.599102037735083, -41.09955412089316] : 0.0
251.71987631525988 : 0.0 : [-2.4119749640011263, 46.749270161606866, -31.404139139805622, -8.747899230405025, -22.055217550793003, -18.578603761092904, 4.50139935456064, 17.76993561116509, -37.92764619306721, -21.74509521472537, 24.57933631296988, -26.860023195210047, 0.4203129730823134, -32.36216201552487, -20.237646432927093, 16.100721196134742, 33.51734731556132, -33.08010672684182, -14.059273518218998, 24.797792271681836, -45.76053935096574, 35.78551092798361, -19.17959377165987, 33.64084223168305, -38.32985066185285, 19.232220723862348, 0.3646517728758223, -13.102474664964015, 14.468727902132125, -41.43829709828229] : 0.0
500.7446288472896 : 0.0 : [-1.6366183023583656, 47.35610998709123, -30.997571616329004, -8.577353690008195, -21.88670243206712, -18.564645170941954, 3.9452338455760887, 18.12000976659416, -37.77843054633671, -21.98455002038503, 24.878064231770907, -26.64316709790993, 0.08205923373944679, -32.74148175652931, -19.966616104076113, 16.145661814662525, 34.66262429636867, -31.893894709782536, -13.577493887068178, 24.22860960111342, -45.30451970501841, 35.85359266329077, -19.221634230702747, 33.606734092109924, -38.3736655813902, 18.496186641703517, -0.029771021782978524, -13.816302354933644, 14.7901056221964, -40.82667711568877] : 0.0
110.73336592022281 : 0.0 : [-2.102589090915562, 46.552214051738645, -31.04553447416272, -8.468789627315626, -22.806132393852103, -18.670161476435403, 4.190660847307034, 18.000916759738192, -37.58427994370896, -21.304922799045663, 24.317318475756657, -26.283357058150436, 0.08370053397673666, -32.52594977500014, -20.25082287035397, 16.067002664927568, 33.8156647549104, -32.97560234012832, -13.935132583886068, 24.421734386359905, -46.22997232667739, 35.35435022722527, -19.334148278616674, 33.92455770095179, -38.64893649997855, 18.30196403910593, -0.5330237855095981, -13.35975005047678, 14.074899957951075, -41.25193280627509] : 0.0
421.8578190814154 : 0.0 : [-1.3119957662028405, 47.26682264153345, -30.761769932087283, -8.427534212196235, -23.46415814989009, -18.08715301728656, 4.588403423616092, 17.77089404605568, -37.66169146757382, -21.659914396514647, 24.38346909035726, -26.363411318387342, 0.08471251251249923, -32.3580750083201, -20.737678412475613, 16.056967213242835, 33.65212935397088, -32.439003609867044, -13.430101029294073, 24.16607092804227, -45.812504036447976, 34.928666678666005, -19.01796391220373, 33.74887059697211, -38.52264129204567, 18.255483743966508, -0.7620004672243191, -13.438591930544545, 14.302393763669905, -40.4030040884235] : 0.0
490.4139223339959 : 0.0 : [-1.4880436886371284, 47.540853105026, -30.787932454007105, -8.178314637085137, -23.215377829850567, -18.353855101003468, 4.797923968710466, 18.36265629704365, -37.69365461468981, -21.492289439357428, 24.82059223650938, -26.352467932733475, 0.6247606180211784, -31.96625252426719, -19.860886641146703, 16.41452669150061, 33.74494049994013, -33.16016848719522, -14.466200069511217, 25.169668229520713, -46.07733875072566, 34.97203907028441, -18.985021984178616, 34.3177855390714, -39.138575162421695, 18.03416441904415, -0.712941950000413, -13.288722379704382, 14.111210077653052, -40.64026811079594] : 0.0
409.61870817525266 : 0.0 : [-2.9090183187310137, 47.01234725078484, -31.271067913921737, -7.68545842947376, -22.072400542832987, -18.30133559049537, 4.614272245986091, 17.58433593492809, -37.41721008061507, -21.23650909106896, 24.628132137856774, -26.370069662009595, 0.4948365206751262, -31.69816298464759, -19.71129191313748, 16.869764848754624, 33.538974758086, -32.608706889048975, -13.869346610242104, 25.032097582967364, -46.2718257464542, 35.670214342659534, -18.808188144940367, 33.970704784223706, -38.2749724102866, 18.596020793612475, 0.03472382401881219, -13.273883580606105, 14.326074900558307, -41.617569498546516] : 0.0
1559.2958200294777 : 0.0 : [-1.3025731019786368, 47.354714522237586, -31.233193887065575, -8.056455078150048, -21.685781794561144, -18.213604612605998, 4.219133511753761, 17.563997721652136, -38.83805394508664, -21.20521199176153, 24.852122309922244, -26.466944553195034, 0.3454312007410243, -32.85229427070367, -19.130627500190833, 16.069222949517954, 34.68624716649201, -32.070066124573586, -14.232239702826057, 24.727305205928168, -46.27379693431946, 36.11741753981123, -18.19998327381663, 33.26264195306479, -38.389439552174, 18.91352213788563, 0.8830934636055194, -12.246745546695518, 15.180804317327048, -39.42031622572541] : 0.0
491.6113169918322 : 0.0 : [-1.6643541796340502, 46.38547809290426, -31.26116211872419, -9.146491881706098, -22.04576691715686, -18.46632697937086, 5.170939240351984, 18.299979123563826, -37.37043168473374, -21.56636864424179, 24.651783785335706, -26.708127296644946, 0.1781776496805979, -32.28628140539422, -20.288398703398986, 15.914903113663824, 34.06244917013444, -32.49863089785254, -13.493229715785944, 24.998869133125627, -46.907446001763915, 35.6279539468689, -19.03053217466769, 34.457954551292545, -38.91389849235908, 18.315765332210788, -0.7218091362307912, -13.798287446867864, 13.4990939931573, -41.30119858146883] : 0.0
139.51512778833984 : 0.0 : [-2.057002768894244, 47.10282133926948, -31.160626319381542, -8.429027122455771, -22.430284121360014, -18.981672288332724, 4.4134468957048085, 17.554025886378156, -37.93333784773008, -21.781639566168657, 24.491063826348956, -26.37567584324373, 0.27448357547941915, -32.792098554129986, -20.018069713346357, 16.209407164242123, 33.29722792849333, -32.45291018065089, -13.745812048468437, 24.852642857500253, -45.94588233148336, 35.532859541822106, -19.439291979039425, 33.93376844208141, -38.581914787403804, 18.65748430803372, -0.0140638861188888, -13.612002502441495, 14.282141860707071, -41.41154036423089] : 0.0
340.68318247521546 : 0.0 : [-1.6752410155496293, 47.19360140540128, -30.719150062163102, -7.853777899254917, -22.470489467378883, -18.797421268427115, 4.351270527234854, 17.44299786221034, -37.55603075563438, -21.492641545314296, 24.408613235861225, -26.006639020223012, 0.012847220876155974, -32.96891461139225, -20.424044306949394, 16.423844111907954, 33.71019655741705, -33.05102409577903, -13.427257393838213, 25.14072950910828, -45.37630661247189, 35.890376967179876, -19.761236869207387, 34.526832751725365, -38.3850419984479, 18.002075328633694, -0.30506601763466196, -13.71393797903233, 14.695784772399364, -40.943616341350676] : 0.0
375.3205136321127 : 0.0 : [-2.812146094415392, 46.34750150521097, -31.94316662818637, -8.821680078473436, -22.694987288891358, -18.62304702017166, 4.120216629206347, 17.501205273728438, -37.59630220389976, -21.798097783969325, 25.074118749005134, -26.816763368870017, -0.11425197352341265, -32.58224558900709, -20.747277433998846, 15.889880643033688, 33.750566055584386, -32.47101836007839, -13.634325454205484, 25.051509407390068, -45.547626883892896, 35.89621919297066, -18.738513604153653, 33.95187342104488, -37.999874814574646, 18.61587007935489, -0.12099069052529549, -13.75743059157447, 14.054463560239128, -41.0237845506377] : 0.0
114.14793454800501 : 0.0 : [-2.95696049437232, 47.09099291565451, -31.118665077655947, -8.522342142027664, -22.61209771100514, -18.742725435585985, 4.532371829950878, 17.601716256527972, -37.69090213555228, -21.818441162776473, 24.454852633459073, -26.380847876876615, 0.2801004472807964, -32.52283757408861, -20.520818752828816, 16.23778777631336, 34.03088648414443, -32.82859176082441, -14.136394672316491, 24.595398801899528, -46.10587858613911, 35.322888277571714, -19.155633500762217, 33.969860050517, -38.70251754715884, 18.23956044997578, 0.01959989702899559, -13.536016795170603, 13.971754109519647, -41.65075775330398] : 0.0
1298.866726820779 : 0.0 : [-1.8369465900183286, 45.841652923384515, -30.450399502733, -8.532324460130113, -22.08979077560049, -18.872685766151523, 4.8113937469538595, 18.13351297944029, -38.41370105057351, -22.350078799635078, 25.056556752626385, -27.46008697611923, 1.1412688024883701, -31.265589333257974, -20.094946500042, 16.352765829986428, 33.92431885701657, -32.4669270246948, -14.453013224568796, 23.791879003731466, -45.442248756961675, 35.01553861790498, -18.921656008152738, 34.51029934176078, -37.92141429082147, 18.56457397779031, -0.7697868113120794, -13.905638435464951, 14.794147416245474, -39.88732835373723] : 0.0
249.7616008055089 : 0.0 : [-3.052833471932782, 47.02129985603422, -30.907786113839673, -8.449035960970546, -22.50125845697648, -19.158303743870448, 4.562686100271007, 17.89746635087148, -37.97985329099448, -22.14990976722506, 25.03335362261148, -26.084405101945862, -0.053603020322274264, -32.837045467562056, -20.05555115497031, 16.602806875478798, 33.903663157197556, -33.10401648290198, -13.971930450448893, 24.11214746195121, -46.620829758363385, 35.361379837019015, -19.105723231476397, 33.977089746594814, -38.46669688647589, 18.351449305423486, -0.014443228364784733, -13.055048405604994, 14.822574166121344, -40.53455760570614] : 0.0
160.94679724640508 : 0.0 : [-2.325469915360658, 46.677513612950165, -30.959453688789242, -8.977926744135441, -22.865281111860078, -18.81466810629091, 4.3730648546741895, 17.531877356999903, -38.1606615790187, -21.566702497510054, 24.388862538577158, -26.516364759605615, 0.14296457560714393, -32.64242868084059, -20.092261956167807, 16.33231516998756, 33.85479019234358, -32.416249483004954, -13.67036366594213, 24.77811562958402, -46.394953680859295, 35.3937899195957, -19.474043712617707, 33.59568995184924, -38.42263497154981, 18.2232102772049, 0.08624109648599826, -13.6927681654325, 14.216559441285941, -41.606226269378936] : 0.0
247.18266915581455 : 0.0 : [-3.0963809640969693, 46.47521053713299, -31.44505050216929, -8.249589380146112, -22.725403470339867, -18.713860581494174, 4.492036811182337, 18.588470654226903, -37.613167813416325, -21.789597743148377, 24.55462971051619, -26.658017327841677, 0.021554739745733964, -32.069138400221334, -20.196425073282633, 16.275057374085936, 33.5674361433026, -32.296448749725755, -13.776952853591595, 24.333803614733792, -46.05218853792819, 35.502725790876305, -19.557695854847836, 33.842368926806685, -38.701692664661124, 18.479253750910686, -0.3351047141180943, -13.652129811645606, 14.102553699007904, -41.27163821315587] : 0.0
368.89015670047246 : 0.0 : [-3.0402312329711343, 46.8537273198141, -30.8304307184653, -8.064256600959583, -22.106427254899, -18.130911913661794, 4.933523329180156, 17.61507058981874, -37.86957249219046, -21.319930359191158, 24.783272133964594, -26.360128580887192, 0.29710833073318843, -32.941986356008655, -20.201531496171132, 17.063570128854764, 34.22218157484738, -33.35538587365421, -13.599337865030092, 24.41481333991394, -46.17545857513519, 35.11385804727171, -18.827440787834384, 33.913346699174, -38.537640401600136, 18.02899791310091, -0.5197163590141444, -13.675838746196732, 13.736149118231447, -41.34228032306383] : 0.0
1041.130571289783 : 0.0 : [-3.8340200315719084, 47.45171175958982, -32.06773105025253, -7.859811795199318, -21.733539331346012, -18.720599498434254, 5.4748219114684, 18.781076943373627, -37.450472158739224, -21.468604065469037, 24.91462687456724, -26.24748685270262, -0.5837813756424473, -32.69118881997745, -20.73009985398881, 16.03178925995855, 34.15216828085317, -32.80947433851678, -14.70676345476779, 24.837430962880415, -46.749686195584815, 35.49669257347644, -19.381029687312804, 34.02337861803326, -38.05967099836437, 18.813521042694475, 0.3906535425427795, -12.325578435058482, 15.181580586226822, -40.14545705814303] : 0.0
147.64081944108437 : 0.0 : [-2.8469748650225974, 46.85728598832367, -30.98146632541043, -8.51533201114249, -22.772818651923124, -19.06609714435624, 4.269974151338706, 17.838379373246198, -37.72712622244818, -21.640967661770063, 24.40891314839935, -26.027380763271314, 0.44928282486705406, -32.27119622958694, -19.89549299882895, 16.492905468008757, 33.641594099913966, -32.93571554834938, -14.024220275648794, 24.271598691558722, -46.16183588826431, 35.062133585261265, -19.080661385450412, 34.283238373140186, -37.922720969117165, 18.659025273600918, -0.12618483396083285, -13.416876011653013, 14.09316414923871, -41.714712852432676] : 0.0
324.86411280603943 : 0.0 : [-2.6260697036528065, 46.920609823240596, -31.2941553248275, -8.84597292407072, -22.931259572257524, -18.87716366869531, 4.289955284096558, 17.828735937576873, -37.577368265613494, -21.152233656424944, 24.746053447486418, -26.384998435959332, 0.1350156994018175, -32.48765965576809, -19.58397192244047, 16.74017717398142, 34.350311040826014, -32.6531545539496, -13.991283733528542, 25.111477599464315, -45.58597279194957, 35.89771684110227, -18.567468821833483, 34.227493678882865, -38.84443237956003, 18.658882743361517, 0.4154548836126622, -13.124616251758178, 13.898572093954929, -41.05136320917305] : 0.0
190.10903867733114 : 0.0 : [-2.2666003982965934, 46.93080307532299, -31.244624438808287, -8.501142896693295, -22.834560322346213, -19.1143408885767, 4.263033675405692, 17.54029129947101, -37.70940057054632, -21.34485834594164, 24.573955241235048, -26.006806559696336, 0.23076587054882683, -32.643561755383985, -20.290122443304856, 15.995071042305643, 33.96508996015151, -33.078166460406806, -14.287367766702587, 24.265988010774603, -46.09356609541894, 35.64533335294993, -19.431462087594202, 33.9413505391852, -38.464694861854255, 18.23437257741456, -0.27630181949041, -13.195758043746974, 14.560730128203737, -41.11551626397052] : 0.0
393.22608540154727 : 0.0 : [-2.9970951367908167, 45.958409366395955, -31.203352866092594, -8.78544352880035, -22.5269861244702, -18.49099286390545, 4.480229040608971, 18.023204746196615, -37.27972163029692, -21.40100851868317, 24.166604037149497, -26.0597061939833, 0.2821846450110572, -32.55769185557604, -19.678034739559614, 16.263946000547783, 33.559618759550226, -33.1833440082561, -13.550170749370686, 24.569568018948914, -45.91626247905462, 35.68533421835905, -19.482080584527722, 33.75215032846879, -38.014679678437076, 18.64793542172056, -0.7558405995064867, -12.868412294524404, 14.570855620478062, -41.6179644267924] : 0.0
103.43634478593906 : 0.0 : [-1.6326385894524462, 47.03009904027327, -31.20893520307528, -8.719955358966327, -22.651280341286324, -18.91380929796685, 4.687236462073516, 17.702417885352865, -38.04405545857843, -21.51951712091642, 24.49939777277764, -26.400725923101906, 0.13751858796319152, -32.540541027995715, -20.35748743558053, 16.374340214394472, 34.10500758561472, -32.942397685188915, -13.901013636202597, 24.596909177981907, -46.02817011895113, 35.16917541674141, -19.469243647730792, 34.07454965947549, -38.45493626999931, 18.222566294527688, -0.28965000394839935, -13.572107007131073, 14.1796436302961, -41.43275494537449] : 0.0
