Fitness : Violation : Position : Miscellaneous
-141.81076297520806 : 349.2429884792898 : [442.5628467915691, -145.45411085460535, 240.49711867620186, -456.88674625516865, 272.80169530758985, -234.70195737669133, -473.22792272774336, -489.081074860818, -463.53289951952274, 488.15950950821343, 309.6270756817561, -81.80407109059308, -229.63572202871822, -233.7617565229425, 231.59258334754975, -95.495156868886, 46.97050976973851, -317.283507946443, -218.0631518109625, 275.81500763959104, -468.1895090755162, -386.49858401136726, 207.25430259878635, 142.30304642998385, -97.947777626924, -410.049805789223, -415.0039624080285, -8.227861466070124, -145.36197829056607, -238.03529754885943] : 0.0
-127.14275715441035 : 220.68031148361362 : [17.867029328126705, 52.25954305273687, 278.62369878119364, -218.51198797568952, -33.11065961155687, -471.1437689685034, 144.07138162470048, 187.65644712594434, 127.23347636567661, 420.12573695978426, 493.34976123171964, 91.67455859459207, 488.659460314545, -495.0026634043569, 175.15814485322443, -319.5195252610127, 474.61833667792166, -257.6807271603032, -137.1581215968123, 306.52011779399203, 18.098077267149677, -73.7624744278339, -148.43634685631312, -186.84436822866584, 98.60145686477672, 167.08614931294997, 60.198700642587596, 416.6638985803291, 46.853941444326466, 148.47753261846265] : 0.0
-112.6766949738457 : 290.10201291886176 : [-212.13166714502808, -344.8733667797269, -397.9204008442049, 274.6692567354527, 346.0790578835889, -484.5971892273512, 394.9795502655543, 318.2305907857086, -212.64812481433523, 171.78657505647993, 466.27321401714596, 242.93570415850317, -185.31364305383198, 491.0014618756019, 432.39619388439996, -126.3638205934846, 163.1636366859284, -499.16130468816834, -134.99599917732118, 305.77096243027006, 417.3552091287967, 334.27292723744915, -134.94332132406328, 79.94000580971658, -68.66289626716781, -24.580995491718397, 197.80274690561055, -272.70933551796827, 465.46145923756853, 245.9297920240731] : 0.0
-107.27116557153428 : 439.00764679155026 : [-479.54984680069015, 165.41120905576508, -462.95718978936475, 428.7711478835605, 89.86312451468461, -475.7046872364343, 415.5593588107007, 411.8646120793544, -207.16546327579778, -481.53638162901, 323.3435863675727, -9.106011907571997, 434.165061682824, 39.074899082108914, -360.8936648472504, -336.4685717756503, -496.30337823042146, 305.57782746153816, 436.8887967154641, 269.59052765481647, 444.70094799215485, -191.33113371276045, -343.6131189564844, -406.4312087189392, -383.0440976931888, -403.64732554402747, -358.68112218063095, -198.3593242754311, 70.99540377092626, 337.2174406495402] : 0.0
-114.82690517281057 : 231.3209250622633 : [225.37879178712063, -296.5248242638846, 489.17371493134215, 65.23307693223444, 290.66477303854253, 70.47675325073601, -491.8703024752659, 234.71285580858165, -221.91940822384288, 217.46698630100684, -10.608542292694091, -238.44040973523988, -381.70746406079104, 467.74680463368406, 413.78132077807425, -12.405099629706811, 307.5570174735376, -234.3254615175135, 92.6293944628255, 263.1942832840171, -261.48780744077476, 170.02232973188137, -186.07015796383448, 168.4524978443603, 282.56584063604794, -50.15048342241859, -445.6010379121428, 78.96220506376864, 351.23176229326054, 224.3931975971239] : 0.0
-122.95375386219717 : 253.21838408024345 : [468.1181404790128, -251.85182559921793, -209.070396871982, -219.26922859183776, -242.85236848559074, -238.1649231898964, -15.477486737849802, -274.50646236935364, 282.75903244870216, 307.8832773296177, -195.6920234652579, -68.00417700583395, -287.7353744938366, 70.42346208712465, -136.72810894513088, 121.90029700965339, -229.94671336137066, 34.99223068327693, -7.027213692299065, -182.99573685308587, -460.35799606125374, 483.48627728169254, -250.9193835358776, -310.5781274545801, 496.6786185911449, 169.6559196597339, -58.36230053950195, 467.60521029548966, 494.1694356500889, 29.27855906002793] : 0.0
-106.73833647441901 : 274.00431931784226 : [145.10639579669845, 89.13930020714892, -457.2757375613384, 271.038958620765, -48.91115014032357, -200.75891518739877, 456.1062690724541, -293.0938780832537, -113.6963425201752, 175.12647625454872, -453.2782824303724, 273.75459847475946, 37.75974388376051, 220.46610611007281, 425.8713853670896, 432.15975559968984, -214.8392647714699, -269.4245145834133, -334.35809275733027, -369.2914332528385, -27.97414147279743, 211.5045337296371, -272.9369378488494, -65.60405524894136, 184.7010137181267, 68.00352148166925, -379.35665018094954, 201.67276164192253, 475.3982683271804, -274.1705246673239] : 0.0
-119.04885539995716 : 274.8840127275149 : [-227.99631641198823, 5.605909599101395, 488.79700474551805, -252.4660104281573, -474.97561032592495, 37.68321275573026, 42.26247678790148, 457.77994623014206, 67.97075411263154, -29.430122323342204, -35.70466366933346, -93.92197403996647, -63.64983228707836, 307.6874127720739, -277.124167061254, -44.74114654809554, -131.11877398059534, 350.9383234902675, 226.81585198483413, 94.04032592096806, 482.67724312625745, -454.9010469890197, 260.8980594558004, 476.7101918367197, -135.7865791699042, -388.59021134673554, -241.54312288785815, -297.17765987760805, -64.46167256947075, -286.5724431896043] : 0.0
-132.52122548236213 : 355.9744721308864 : [-230.96630483880193, -245.22641634229592, 480.5964767372175, 306.43958268949564, -196.891252989056, 260.1575365123357, 159.0479915216056, -148.28212459173653, -381.68123463609305, 453.3605509849764, -439.13200967821155, -243.0321719123841, 26.233049149006774, 104.02918605528623, -347.1986121789729, 405.28365797849074, 492.0015031123489, -448.2663649071962, -282.4988939552989, 334.85832082770895, 69.63963631789716, 483.6815182741767, 226.58459958995797, -470.14580776894934, -472.63257391969273, -244.12288783984167, 348.5014728293809, 221.6583031106729, 211.386075958758, -391.63439108872467] : 0.0
-109.66199096939654 : 159.7016232233219 : [-192.0084104571216, 424.0257004393261, 18.679283811952274, -36.058776624654286, 5.292745260729739, 473.6649974140177, 269.4274896345536, -147.38430774830618, -238.06406122211064, -199.51130580436714, 294.679228214987, 109.08242311626938, 128.31109096183755, -19.01556144672149, 375.8581093550925, 76.2161360422284, -14.473200984701137, 134.14767406444446, -90.15053349028766, 287.3177115907033, 393.42799593786356, 259.3990970527637, 418.0344449465316, 140.49895609339697, 261.5114986534811, 94.66130855265817, 173.1190271082023, 67.77465511616457, 487.6179289134558, -89.30517619971926] : 0.0
-113.10910578732403 : 196.87596763761522 : [1.9306106167466055, -287.2167155425991, 298.9887901640128, 100.11440782671198, -163.98701050216926, 52.180929512126355, -250.4298849980785, 236.34086033262614, 201.89719216858714, -291.8097852870664, -22.439059916058795, -294.9251189674512, -230.48942456200564, 498.3781413020196, -300.38263875937525, -235.122910058241, 225.6951931403131, 43.85868768282734, 70.71780712914969, 56.91645532509196, 2.9702164294258466, -10.627682930169641, -492.5330453906987, -422.8990242207741, -23.742007415709395, 281.11744683319534, -237.17094853744396, 156.1380051980983, 84.67234874456963, 385.97648032402185] : 0.0
-113.72339571450208 : 212.72293031501113 : [-289.39839391619364, 26.20987315606294, -58.4287681553449, 271.39018879957325, 217.50594810959544, 26.07675974898848, -406.81457970561536, 193.2424318045846, -213.88776640945062, -55.65927645695215, 13.529839099201865, -288.70363732077067, 468.0198282643147, -184.5047357301832, -135.6445630124997, 431.44399323724554, -269.0684033696825, -230.19382814523283, -313.7106151265095, -10.112278991855874, -59.6513591719072, 311.39715069851013, -321.6216885062885, -16.433653810252352, -144.4119975819617, 264.5289897369156, -435.9000399482039, 251.71478452411316, 100.53451782316967, -287.5941357285526] : 0.0
-144.4144080940412 : 309.2306284534909 : [-473.12514460509664, 421.0871638792105, 327.72189291901554, 13.555702283170831, -231.74640805464082, 314.1267365687156, -495.4208807143347, 398.13585860422177, -223.54866659814996, -265.3777762053427, 449.78275598453735, -269.88047203037274, 189.65678567624786, -110.11193533264668, 106.98126245915063, 131.85927330635246, -343.109727070355, 199.09281561741227, -29.90818375701673, 96.40142208587241, 218.35554918264904, 262.5639786744673, 48.484436764716264, -213.45949306085532, -479.4292880658399, -455.70441254557534, -213.0186495054752, -466.175503878309, 100.31673644553177, -71.38263740779013] : 0.0
-105.20851807190758 : 174.42045021944458 : [485.1269450083286, -51.3655006390649, 248.87762309154502, -207.2840770181551, 351.80114627677943, 465.9260969025687, -2.9721704912653877, 215.5217883316318, 330.914214385892, 37.352629462904495, -237.99911818404954, 192.51539979511972, 222.8518672179883, 272.52904985199956, 199.6058447742612, 1.775566228383724, 199.98150931856406, 202.2742955665035, 394.92698562505194, -168.8354465959561, -257.1692775428966, 1.8546938118453795, -95.70778348873398, -240.01637880753267, 104.22671715828321, -214.52995970494337, 141.53008138330642, -218.36206253391686, 392.6617321182065, 126.98135417588743] : 0.0
-148.86254358612567 : 264.881554960013 : [-55.977672020726914, 423.396237851515, -56.93363755922633, -203.41781008385604, -216.2747739577424, -278.0433082349416, -4.503424628364599, -162.553439065644, 104.86763449835337, -456.3557795148273, -425.6650669745439, -236.78883042580833, 371.95373252699085, 489.37949065469627, -17.614554273342577, 407.49590823097026, 242.39365849989906, -83.48923280237739, -319.3202713435156, -210.92131123789412, 217.00235323360496, 128.6335104957518, 183.94461108187602, 110.31548649063757, 32.49938583547498, 253.22033215204488, -204.611234021666, -472.2980127612415, 441.5717400582521, 305.2187906212854] : 0.0
-138.96069150675672 : 360.6725432622612 : [323.7972483883419, 437.41156081349664, 479.431082953649, 35.74703858478756, 201.33367694193043, 91.5622377147505, 119.75314464879887, -261.3705310835046, 319.99938510801246, -497.88973663142235, -190.91379563067778, 483.74959824314635, 376.7798304469137, 484.0167614833125, 13.2074443297671, -299.77630810715806, 399.827647958988, -221.85629867836445, 73.30206560404986, 488.6767325782637, 431.4213425119302, 323.51006370270613, 456.14510173087615, -457.0143359367698, -338.948471838969, 119.60638886924357, -490.27624655744785, 71.51991588787735, 219.11449523254862, -392.7351711338379] : 0.0
-135.59575351568867 : 299.46027210017706 : [-189.05075587895993, -322.2181281372649, 74.11584780849535, -429.6004366840803, 332.59892159471417, 197.36086487063972, 117.25936703439356, -270.58784894619146, 24.421761600080117, -493.53363820101737, 296.13849296978265, 431.5047346501956, -457.19242370022715, 81.39122114335248, 132.0496674984995, 241.52823828513715, -291.72602929486646, 70.55341919291209, -134.3748941351907, -130.8352631095513, 416.1658269155247, 495.88993067457557, -140.9971922306127, 140.04016720454263, 339.0196462404957, 241.68136524030479, -499.01900795773867, 419.3217268805705, -498.32153706352136, -77.12107410247228] : 0.0
-127.31576906035225 : 325.17289267291454 : [-28.260133699784717, 10.1647854998658, 254.61786671701603, -439.2771083403211, -97.84769996917332, -157.37276910945542, -495.94713293865516, 60.97221667951385, 251.42529512605216, 475.2191542742761, 399.5700277411961, -494.72655135129764, -190.86147010718554, -414.55782656107726, 401.8775331861259, 265.779462337959, -252.31873965511298, -239.03017329020514, 22.38051662261279, 295.5513944903103, 274.81059101999307, 490.82010216090754, -280.63703839988, -131.10161269803865, -205.3326917183164, 381.83329182774185, -239.36735417459133, 273.6008132267161, 428.3291973641698, 467.5573597531161] : 0.0
-129.1375916868793 : 235.14879027783994 : [-198.29408620118096, -261.8233647195739, -168.7422457198686, 292.69220055211366, -182.26741562614055, 86.66630311355894, -233.41978452625546, -74.59804270616732, -68.77650003013201, 37.92595269310699, -210.48484860869286, 1.819758029414146, 7.547066452270692, -71.5910874854394, -332.1521978188783, -278.33065695154005, 427.4942069943937, -64.29762994410925, -484.71303198889996, -108.91141972579142, -151.90521727660152, 307.9299761154464, 454.21561425382606, -39.71456030538553, -474.4870949481671, 275.49412758087783, -173.9044227920969, -244.38667146075343, 430.70528651982573, 349.1540360351079] : 0.0
-134.5761238627402 : 200.92366319732616 : [-100.59750779585877, 407.8208924021891, 246.541932578824, 489.01540823825394, 285.32468812667497, -190.20122745809684, -264.5401251429536, 463.6726652575818, 31.432978500757642, -211.1950870752157, 493.8567621846631, 224.0844459790311, 107.99238710007596, -20.730541161592356, -147.2167616593795, -80.58676048689817, -73.8201169720711, 34.43646193433662, -7.778298526412421, -212.2351967614121, -62.94166946458546, 50.374893016746086, 108.64910980624126, 252.64203415885052, -260.3688325793689, -462.33009760807755, 305.9030399932053, -296.96768192965123, -106.94556577764655, -239.5968001873959] : 0.0
-133.47546266568824 : 230.2543196111089 : [-209.4550745421492, -305.5213066961934, -54.86420483227752, -497.0254529307584, 219.80685839048905, -263.8040099178585, -174.33587195969034, -296.81798085025235, -60.55742007297249, 253.6644930946901, -172.43512927004872, 424.1247780984123, 67.15387039255948, 177.10821784817398, 174.1712162940961, -99.76601198086988, -48.08830578738695, -57.04266172823931, 234.6364936582965, -216.18981671973017, -104.78001189379123, -426.17695109320874, -71.3451772068842, -287.79543328739385, 474.7420101905659, 189.99197445942846, 9.402902676753385, 230.43518273620447, 421.54956896040034, -260.3343720302502] : 0.0
-112.60038461622112 : 128.85737490221925 : [268.6375414643652, -144.55485921328864, -42.28388555189744, 264.31137018586344, 466.94039304555605, -73.34643927517101, 100.31102326962895, -99.47964155198648, 476.69595167377776, -16.415020737077953, 127.5369415750509, 108.43999440007988, -94.60720792336198, 8.981534713018092, -271.2439415101127, -115.0654192940277, 437.2184593576726, -292.5750255437795, -51.48206916814402, 320.34027142900356, 196.94244291653195, 53.155507913924055, 48.32644634274244, -239.80592931074438, -247.72375727512522, -31.778778378658117, -55.84791389758644, 205.2903513888198, -69.09680377485473, -99.24880027002351] : 0.0
-108.06521685554694 : 165.01486815936371 : [-47.274977221175476, -131.67415832973975, -199.68077582532518, -55.61108868353804, 227.82153866781763, 42.94326151579338, 172.5366063839183, 3.5165668086519304, 289.26957109818306, -74.8396825767172, 69.83612746275655, -110.17367343359965, -305.3735989270228, 22.046616464440575, -499.8523804017331, 218.77753399992838, 0.4440324092990977, 417.11203808970924, 422.714329947432, 3.9434162766780645, -244.165670955282, -206.51669682634284, 134.39041409892926, 262.01352698941434, -259.77165235016423, 126.49305688777844, 494.99415442642976, 122.00128934190357, -270.93882844981266, 100.09769877610432] : 0.0
-133.07021425019656 : 295.4207481317034 : [77.90923724365791, -156.37602595479927, -235.86769943998598, -416.39183815897616, 352.90878522502237, -237.91742531903247, -239.52903243954157, 394.9179779041706, -35.776850973451054, 447.17029660214075, 275.2198044243057, 226.13170639754514, 264.8844417109396, -38.17421179369572, 423.35787927152154, 266.74288944774855, 271.0720393301872, -454.3273804741431, 468.872021006724, -61.05903853323446, -313.65220549469177, -458.12595262596574, -48.10658225120255, 284.8917410220264, 194.27781316125936, -387.5348999594184, 287.74277064694246, 25.405797375953398, 462.9706358637826, -40.73388136014725] : 0.0
-116.03537908708721 : 129.68099679494296 : [477.7001413423094, 24.515060824252515, -38.84589786849273, 491.60816221183234, 183.16482057637435, 94.24566049607947, 278.30363433621665, -295.4237648500181, -233.75696418871166, 231.3230400542604, -48.624239989912326, -269.4573050778038, 292.8925724314922, 450.356660833817, 57.28701812338555, 57.66931004659658, 191.54845247133602, -250.69695701645327, -94.68660378735139, -39.502366338038314, 80.86640228153843, 115.96472538995445, 143.77027989147732, -50.500632954306475, 137.21327370983272, 78.07433515421154, 181.597771401149, 261.22034475688383, 239.04839803870212, 231.10324905155798] : 0.0
-128.64709137146625 : 283.19408855768717 : [145.21528467960115, 328.8366818651666, 472.1290950863447, 40.78374665424241, -193.0765467087947, 153.89136113793444, -116.70919248904636, -336.8032543881476, 36.46541562126333, 96.79680371818745, -51.990410833513295, 73.77547257136132, -251.74138593377248, 244.6592549308233, -317.2450076866937, 158.14796946078025, 237.20289408168134, 224.55701708005364, 401.0085527429938, -424.48742736337334, -498.27182374917277, -482.1958053280062, 481.4906209592382, -196.64928642159953, 173.5604581896257, -469.46612826085965, 324.0067435052762, 297.4358302400651, -37.74274498485792, 238.66062904926912] : 0.0
-126.5883284204805 : 330.15901298600147 : [467.6386674617777, -371.5562232612444, -297.48755610745604, -224.0764054479343, 286.7366932792172, 448.41647573275156, -229.99528381169898, -4.85570753998411, -290.25690825676213, 485.1320480935266, 1.815232940891235, 460.0223373747001, 42.76359147632343, 80.93636889815696, 120.51935345506831, -14.764786445911625, 282.77705069918204, 463.8382814486647, -416.1229773626157, 205.4407199948115, -288.52454910365884, -480.9852020056632, 333.5502697453818, 94.48234773542208, 265.052685822852, 463.1338636428203, -446.939294146575, 109.59565451309368, -468.4652594570707, -83.113088330241] : 0.0
-135.80660548297882 : 320.15471488581153 : [-85.5077901587614, -59.47906326518242, 305.4330047879191, -488.38580742860324, -33.06387495022034, -184.65856855433395, -464.0301844020815, -191.4574457971951, -58.47809491339933, -490.96510136175846, -488.3476312225391, 456.17634793485945, -263.31888442307906, -408.3098894695883, -94.57907929504614, -297.6083343033742, 470.37962388399694, 380.3659527842508, -327.2129484125145, -434.5673056613708, 47.28612749928533, -74.13221122737325, -290.40593941019955, 105.03871165941555, 121.40272069569542, 284.4885596847133, 190.1407420967241, -209.06282322620007, 39.59118387863771, -73.8327408245602] : 0.0
-134.38380140124227 : 334.30959222309264 : [-232.51682521051652, 119.12429450456762, 456.4752472636461, -67.97318757296131, 470.1339939761899, -182.69540323381926, -478.93816325725925, -267.71675577257133, -477.77025855463927, 420.6807189604101, -11.803662172977909, -317.26279693645387, 186.33030493556168, 248.34724869561478, -115.75098833240293, -90.15789773316442, 157.6399482602452, 419.15581470432176, -124.68444327406189, -445.00740713339206, 330.8023235477657, -451.60831765036056, -402.3503426223375, -435.5099067646569, -254.75249491545136, 284.6611289124462, 150.18282587337353, 442.5370605443268, 2.5779161383107976, -168.6925485977302] : 0.0
-105.22019871564176 : 176.950342148621 : [-92.61397904567082, 33.05292101390732, -422.9137165347467, -80.34941500398872, 150.1646120517022, 447.5567120376118, -255.92368101770813, -275.13667609298966, -91.69982673854574, -269.6333826690417, 191.8909743949652, -111.49645799534586, -42.01857081295009, 152.5320135833722, -217.0942935773745, -286.24200626085656, 206.45622446393145, 99.03702756923573, 467.3588356665533, 24.295059247438076, -274.01306640324344, 151.80110515491873, -80.83740815549686, 294.72517515082615, -78.90686208395317, -240.5846268644849, 89.60791980332, 214.79437052430876, 497.7179651701794, -13.559595838958558] : 0.0
