Fitness : Violation : Position : Miscellaneous
0.5521567678805094 : 0.1836789565655447 : [0.5281286371121294, 4.543831374455888, -6.729835150113594, 7.739439389460249, 0.2320628895035579, 0.20290807068355332, 0.9432808464759488, -1.8099946388801413, -7.429941263912664, 0.9291804939914408] : 0.0
0.11336549020302733 : 0.12034119688157145 : [3.5935233779581583, 0.6512411559064137, -6.282485838093819, 0.8597067189950218, 0.9087082063661183, 0.6803246384709678, 0.8166438607802489, 0.3277850291609612, 1.1751774046171402, -0.13894547104359167] : 0.0
0.7025033723895516 : 0.1528960187632358 : [3.5819389573829583, 0.33484864437418627, -4.424149003116154, 1.4535375563245942, 0.8044169103195489, -0.8525141424064682, -0.878678396816456, -9.60382544800698, 8.636573181373157, -0.08986085247605446] : 0.0
0.6706127577958394 : 34.14328771908359 : [-2.2948299471106015, -4.140186780580155, -0.38310117934404464, 0.3689244564168636, 7.1260584582126345, 2.4759912357919265, 8.578202223115245, 2.5608412620538417, -0.31994271818310827, -0.3652213236659884] : 0.0
0.6871729994708471 : 0.9114856229615439 : [0.6373547395424051, -8.053825743544687, -5.220788674321335, 2.8476150623214402, 0.6979785533764282, 8.49631135683949, 1.0093443785491596, 1.657409112258514, 2.5662932369343037, -0.5816613031665057] : 0.0
0.6268163379496838 : 31.43548724444766 : [-3.4552115804557104, 0.524478879884402, 5.258308870937675, 7.813653887956854, -7.507988074193963, 0.39143093166787857, 9.783326327842975, 9.874816399523269, 0.6528122116047117, -2.920228951358247] : 0.0
0.6530615771119408 : 113.9359131953634 : [-3.0205808368408444, 0.7714361607755964, -5.701185483884894, 0.565353005517041, 0.4139324739517858, -9.269494969222926, 7.972945909659799, 9.049388942724576, 1.4824532594231394, -8.398464326878116] : 0.0
0.5742990626081754 : 0.12192000972436697 : [-3.0485997746315814, 0.6947133513934622, 5.559808890103184, -0.07675503906335202, -1.284478742993758, 1.097960460098391, 1.1541006380382897, -0.6104708474030014, 2.43694439422508, -0.4120050202546688] : 0.0
0.48791946859142643 : 5.161947467113848E-4 : [6.8013794247777195, -3.795631031490039, -0.590661714438788, -6.52182733468487, 0.6621393506128133, 0.8539235489563222, 2.517543949974046, -0.2435141474706195, 0.41783524945331907, 1.387004911076825] : 0.0
0.5262458858922606 : 0.444159294791197 : [-0.13621086736599075, 0.6045937959977653, 5.930516992770601, 0.36000440423987645, -7.745363630407601, 0.006583247860570074, -0.6428014913866544, 0.8190598875889079, 0.4249454865713358, -0.0898243590866532] : 0.0
0.7145960612592656 : 3.8671535182977093 : [3.9718030972490808, 8.638561261808293, -4.7529460371896315, 1.3892233616141731, 0.24911259002583686, 0.3935698894782371, 1.9953881295833564, 1.928747284148518, 3.12338480238589, 0.568960525031116] : 0.0
0.581074218013016 : 1.7454623249168786 : [6.577720069112036, -7.619769815025972, -0.21142595827114175, 1.2867872878343438, 0.6540386587319356, -7.425563761230041, 8.033585511636193, 2.109885366626767, 1.5686640263494431, -1.9697997869745278] : 0.0
0.5865244297784352 : 0.061338498039855915 : [-3.497481996808201, 1.2557556972240032, -0.15978553591872302, 5.819569420516663, 0.06457059946619581, -0.4731023167753565, 0.8167728075353509, 0.22216231997603697, 0.3698764507066352, -0.11757009324486112] : 0.0
0.5615428215513125 : 0.15920767655804824 : [-5.503886674351387, 9.187755880420735, -0.7267425185114385, 1.323051096793343, 0.30646070743712417, 5.993109142408326, -6.361348653115626, 0.4012344381667039, 0.641416345288563, 0.8249474845943172] : 0.0
0.46022481849680563 : 0.15863263940469724 : [-6.089637202673117, 4.3128746394189275, -6.814122284024867, 1.0011929832715376, 6.538440904270434, 0.1764111923963636, -7.907393088653154, 0.6429149118535362, 2.180962381311212, -0.9671411693099783] : 0.0
0.2993824391278882 : 0.1979544929723659 : [0.46501766916212506, 0.356367834610992, 5.2827540220185005, -5.144404574440053, 6.66883574407997, -0.40178848255079025, 0.9739354376171414, 0.2572283489715348, -0.5253716964582003, -9.01601593267611] : 0.0
0.6012555207572343 : 0.2544309997370515 : [-0.14097879785877587, -0.9586391224422655, -1.007974003449667, 0.9993732112793724, 1.1413741345439714, 0.5221371798467893, 0.7548885728742394, 0.43868488303824726, 1.6695409193744186, -0.2681890870878285] : 0.0
0.6585329424679099 : 0.1452948964914526 : [6.254146741537001, 0.11173198466609069, -6.531033085118871, 1.6937406561501258, 0.43637320173470906, -0.16649703762277634, -1.62580868431756, 0.23263171046268075, 8.776282545844941, -0.27431498577504065] : 0.0
0.4492211070021599 : 6.408575088335555 : [0.4010163069246908, 4.3776603805117835, -0.7065288288136113, 6.925165351814097, -0.24910301094974052, 6.1412082932100525, 9.61180968468106, 0.5441459448379656, 0.9205050244860069, -0.4644910617532281] : 0.0
0.6363782134613669 : 27.633279481440226 : [0.7131781369180819, 0.06390276940897044, -6.386023627758513, -5.761911983635906, 0.9878456532513882, 1.788587658911051, -0.7264389902081061, -0.27894659948280953, -1.3595370893606447, 1.0107729285995317] : 0.0
0.6322878566777905 : 0.46081923877042225 : [3.9337380774143975, 4.99846066061062, -6.067629077567943, 1.1123938592811606, -1.676010582848844, -9.024647894030341, 0.9590135052416389, 0.37542584824327857, 0.18698184982274585, 0.17884140624714884] : 0.0
0.3643341772745552 : 0.3082959949668241 : [3.248743065558944, -3.691327050617908, 4.0891424536552, -4.481430094016313, 0.7846835617646875, 0.7440375851928454, 2.1083174400445923, 0.29877875236885165, 0.5463723208405415, -0.051697608215848706] : 0.0
0.497608120418234 : 0.08130280728393546 : [0.49990031898724796, 0.6607663367876013, 6.473405066066957, -4.791659839247734, -0.019780620534915805, 0.6848232021875065, 0.741045714252211, -0.2112307189789968, -0.007768567925165115, 1.2170283360998373] : 0.0
0.7848895742197864 : 0.7692061769139895 : [-2.1360927922330886, -7.097350274128736, -0.3815420119587891, 0.950212536063578, 0.5109411449224739, 1.2367706771789355, 8.295786805418526, -1.5282993433596364, 0.19095043455780392, 1.8140220343133362] : 0.0
0.6438320768187462 : 0.1904805808997196 : [-5.781584560072064, 4.736264499878105, -1.65694962081067, -5.446125207973559, 6.45744312398722, 0.26711377379800894, 7.215538467753587, -0.06469309717008769, -0.9571202747825039, -1.1093166184868872] : 0.0
0.4815767679130819 : 0.07542144776240878 : [0.4966517689862464, 0.16008858645680846, -0.7521041292372308, 0.7160559450049971, 0.829363455437472, -0.5536803062422126, 3.142589544328499, 0.3747598105649028, -0.7208031524703404, -0.6408836472372863] : 0.0
0.449019113365682 : 0.4023432952364683 : [3.663741583270285, 0.4654029773533832, -5.862748366728815, 0.853406459481671, 2.2219611930646836, 0.5565206156222741, 1.9902911438961888, -0.13069763131387124, 0.7643660944240529, -1.439187522913361] : 0.0
0.5457440115103431 : 0.06296143376679822 : [0.09831280440371215, -3.5040551586150466, -0.3880073319315187, 0.5165583409015788, 2.162724432484184, 0.9128473379480404, 2.317705816925277, 9.745795778744991, 1.3676097168401973, -0.9279658212142303] : 0.0
0.5899823221783462 : 0.21270540491951895 : [0.01653687282358085, -4.154734291905055, 3.947908699108324, 0.5521592815736578, 7.311019427462375, 2.3688318149084817, -7.011943495936095, 0.06870174173204902, -0.9659325246073873, -0.676061452001153] : 0.0
0.6799151510180468 : 0.050922378991297666 : [3.465696039392621, -4.001704047421674, 1.0823565687213894, 2.4760317884343612, 0.05370107670508917, 0.7975875015819405, 1.0658605479312655, 0.6477775450130039, -1.6975572437783932, -0.10905465628840327] : 0.0
