Fitness : Violation : Position : Miscellaneous
24.70192813207345 : 0.0 : [-31.803049776493037, -39.705076572247464, -46.32769607760891, -42.70139244212433, -29.070285503661722, -39.57242741541033, -12.296131622332272, -12.7100158859243, -44.34114675243427, -32.46187100660445, -36.566934654020386, -46.49359687768637, -5.172443754349016, -27.966970513339554, -47.30226583554567, -46.98809541153761, -30.465800628223555, -5.329008073920637, -44.65144361813209, -23.437810854431028, -26.875855058266886, -25.205183983300657, -31.38866699625251, -32.18015837888901, -10.84628677014437, -17.718398900255615, -45.32981870921474, -34.10927614460302, -8.16025191977964, -5.608122089330427] : 0.0
25.320319137582388 : 0.0 : [-31.848391752165533, -39.77957738810957, -46.45352668740327, -42.85917832049432, -29.21025633648557, -39.6193705811846, -12.303144726077209, -12.697536747069838, -44.32530307102508, -32.44463086425293, -36.55619706788272, -46.49519490366761, -5.174736759827156, -27.94905870558928, -47.28959785100477, -46.9903128867304, -30.466728138601887, -5.323720301775672, -44.651213338876296, -23.430962122496645, -26.878391283122163, -25.20136067264216, -31.39856532423481, -32.15694407938551, -10.84591179308633, -17.712810177833266, -45.34779628352132, -34.101703188737034, -8.166068819072736, -5.607176801445463] : 0.0
24.415121184544965 : 0.0 : [-31.79763569216398, -39.68108450945871, -46.29676430895036, -42.654287443637536, -29.03309686286094, -39.55120928276759, -12.29520494175057, -12.705570732059254, -44.342513034014786, -32.44836484974493, -36.56959437678041, -46.48847845200571, -5.167781294386369, -27.962924558604012, -47.290876225423204, -46.98841723183631, -30.466145379738773, -5.330268389873984, -44.647566582707654, -23.435124457335846, -26.881255364581747, -25.202940442482372, -31.382229019338986, -32.15998598887686, -10.850482348523155, -17.71665020183265, -45.338214853745434, -34.09786432841302, -8.16224234483858, -5.606449377562187] : 0.0
24.622622360725376 : 0.0 : [-31.784663104091976, -39.662185584195306, -46.28842475886853, -42.66801138104007, -29.03918618384072, -39.55274778621038, -12.303515457824593, -12.697332154881085, -44.33585237792475, -32.45392524724177, -36.57146587483294, -46.49270255352211, -5.162696086502068, -27.96846929008317, -47.29030388617125, -46.98036293729355, -30.476288247853994, -5.322037364799989, -44.661371440965844, -23.41969861735455, -26.878955416200018, -25.224971675980456, -31.367786709060844, -32.15234821243039, -10.84920613629743, -17.71273487744789, -45.34266248899159, -34.10938667339641, -8.168660906880294, -5.59718672253811] : 0.0
25.4285029971004 : 0.0 : [-31.8540234559508, -39.78405347798065, -46.45788610634409, -42.89016322060009, -29.22316699509185, -39.62238518491826, -12.299393952695947, -12.710126037499457, -44.33598133574651, -32.454966949053635, -36.56548500569129, -46.482513530659766, -5.16691820850447, -27.956676226883946, -47.29844199360604, -46.98056653538477, -30.4701216548302, -5.326865012321228, -44.651731609082375, -23.441772175080978, -26.88061753271818, -25.2177445927486, -31.38712882120003, -32.15227660370494, -10.831209710465611, -17.72154778398087, -45.33537087285531, -34.106739848253056, -8.162642684277827, -5.604281801495947] : 0.0
24.9582176795426 : 0.0 : [-31.833759452195572, -39.74312646882057, -46.396773244094796, -42.7870268267359, -29.146735052024226, -39.60815503442281, -12.30708625599246, -12.711824294345046, -44.33851399296932, -32.45273739066727, -36.567029174259915, -46.48475547888463, -5.166539958410391, -27.963865404555335, -47.30126773695801, -46.9868029151052, -30.468474921640105, -5.332830515428835, -44.64602320039386, -23.432666902168023, -26.877253354643816, -25.210728430274152, -31.390865306408465, -32.1636481256054, -10.849682907911706, -17.713870613107513, -45.34251047798124, -34.09752105250173, -8.167724623721304, -5.601731127746437] : 0.0
24.785192316175777 : 0.0 : [-31.806559857656726, -39.67273244527498, -46.29583649374792, -42.66933497755727, -29.040635758823605, -39.584200134704645, -12.301619384417155, -12.691693410309544, -44.3317365209601, -32.43855338770742, -36.56940436063303, -46.483931311300566, -5.166247015069599, -27.9682635550665, -47.29301547032441, -46.98219751440158, -30.470835843730292, -5.327589745734599, -44.64590219749221, -23.443859823214822, -26.876098760793624, -25.220362040586867, -31.385331763222432, -32.16110366392296, -10.85297692816698, -17.718808093710052, -45.32659050781862, -34.106183727490176, -8.170612466992642, -5.593160686007167] : 0.0
24.32553357241606 : 0.0 : [-31.775595380572426, -39.66194103168712, -46.26507627886591, -42.61304981410539, -28.98686810723904, -39.520201907079084, -12.286530446193416, -12.711657534534606, -44.34091743486534, -32.447187613483976, -36.57325313180857, -46.502600371408555, -5.161663942149218, -27.976820058865584, -47.30409021342024, -46.99374154267018, -30.46391718124769, -5.332455519941064, -44.658668801349535, -23.424630019504534, -26.882409585606446, -25.225224332299316, -31.39204710871872, -32.16368814426311, -10.861106243820279, -17.72185920867234, -45.34225288330181, -34.101282917522695, -8.17277704800402, -5.600646366551321] : 0.0
24.7016075865959 : 0.0 : [-31.793325250874886, -39.65590625252562, -46.276730432133306, -42.631958822877834, -29.022755705223457, -39.5738122419457, -12.310804559692677, -12.69776672579425, -44.31981177304135, -32.451735595191366, -36.57334763762227, -46.490720093686384, -5.174862344382831, -27.964349808033212, -47.30143635496954, -46.99459062519721, -30.468298492256867, -5.310622927426345, -44.64747661552316, -23.430339958831972, -26.881535250665557, -25.197622170864, -31.382389144622202, -32.16060041157105, -10.841041371356052, -17.70890394360473, -45.35432717305785, -34.08689410879409, -8.166853341218653, -5.609244575437332] : 0.0
24.519118595799192 : 0.0 : [-31.80484106380255, -39.68443959712515, -46.30294347148131, -42.65572876463746, -29.01283007083486, -39.534850481614825, -12.291977427675132, -12.709806571465819, -44.33390965272707, -32.450176163242915, -36.563359389189344, -46.49313249748057, -5.1596831130989065, -27.959634795029846, -47.30628674529204, -46.98142362012169, -30.456028545771417, -5.336514786135956, -44.65497059309692, -23.419207782309055, -26.894093886833964, -25.19695635813399, -31.388507606541776, -32.15451185710709, -10.846776352625392, -17.716295045181774, -45.34531409057508, -34.09885864818099, -8.167022798005208, -5.59160357744724] : 0.0
25.09346178455825 : 0.0 : [-31.82801172433617, -39.75248000713985, -46.41068106853773, -42.802024283996545, -29.182971021640256, -39.615327966883044, -12.297392660478728, -12.702257150714171, -44.34244227060306, -32.446879135319776, -36.5677799194322, -46.480334010945384, -5.172643102595939, -27.967504400041328, -47.29696919667725, -46.989598938840004, -30.456904635379153, -5.333087300634183, -44.655519229201616, -23.428724041196944, -26.881996765938318, -25.213616075210886, -31.386158546144266, -32.15972393334654, -10.841431228288064, -17.714695775110698, -45.335242220579616, -34.096318150862174, -8.162892516443401, -5.6000548067189655] : 0.0
25.49552530573337 : 0.0 : [-31.842074122126323, -39.76126956917372, -46.44605459417174, -42.84958869828487, -29.216236956000607, -39.62705040913174, -12.309155758199235, -12.723961028344142, -44.338362793122066, -32.44026716202444, -36.547426588633655, -46.478323331815204, -5.175162921945931, -27.959534425419648, -47.31086998834651, -46.98461870587422, -30.457622496805662, -5.327613090890914, -44.65314872275148, -23.429739980154075, -26.89178019398232, -25.23436162104964, -31.367163012685822, -32.171942534202515, -10.870812217027602, -17.719240809112677, -45.34761224556216, -34.1007904163179, -8.171989683718953, -5.608937307165897] : 0.0
25.041602352781965 : 0.0 : [-31.83095261576122, -39.74046990454084, -46.392790045046056, -42.788042631143654, -29.15870541310671, -39.62690901647453, -12.306709499202132, -12.702838601871974, -44.336100472619506, -32.445326531465, -36.56999815474934, -46.4894813015746, -5.164952587766083, -27.962639120831593, -47.29258971404993, -46.99244579540541, -30.470918102722763, -5.325344380617073, -44.639360278119625, -23.426653383869933, -26.874161160007127, -25.20253013542046, -31.387205389940185, -32.169887911294325, -10.844869625495576, -17.713973578160008, -45.34796285863729, -34.099671092395425, -8.158358489712448, -5.6016855927995675] : 0.0
24.776603022102094 : 0.0 : [-31.810397404374267, -39.713633555838925, -46.35319226717288, -42.72152417036213, -29.088978747523157, -39.59106602268956, -12.313615404827154, -12.702371231928495, -44.337341098886924, -32.44763972900631, -36.565692148021824, -46.485947504620825, -5.164969158269282, -27.952567936744543, -47.306050078338814, -46.98057294559192, -30.469648876503076, -5.323784767525529, -44.652936464752976, -23.43223784442579, -26.89460606748883, -25.206803602733665, -31.384288292750384, -32.157202997224985, -10.848923507384576, -17.714529616315716, -45.34485298157905, -34.08886110096901, -8.169193339110763, -5.593368916320177] : 0.0
24.97223799351836 : 0.0 : [-31.825444779015385, -39.73049322705481, -46.37224769442331, -42.75517331133872, -29.122773935314797, -39.60494748761338, -12.305826558542321, -12.698280710967833, -44.32415154076948, -32.445413051828595, -36.573256791759746, -46.499665375352556, -5.1750896982479135, -27.970124709062826, -47.295705675627, -46.97614765250121, -30.470926288970844, -5.334170362489834, -44.66042543466442, -23.42169120711725, -26.883034645162876, -25.222332466423918, -31.38986497977967, -32.15372458625114, -10.854368348374347, -17.705669876638673, -45.348918234684355, -34.11286599560414, -8.168506743075104, -5.600840455112614] : 0.0
24.834297465093613 : 0.0 : [-31.815327057205735, -39.71118315357077, -46.35329150816804, -42.73954177647424, -29.114892679682605, -39.60078726781873, -12.3021285865883, -12.70393964254934, -44.327865181808136, -32.45329098204505, -36.56272056557674, -46.49401462596228, -5.170111504073439, -27.955342002417577, -47.304673014564536, -46.978983050685905, -30.468870989831306, -5.325399120219474, -44.65289648259691, -23.442563312171572, -26.880545162834224, -25.213033503628267, -31.388667148154866, -32.159449143491486, -10.848800074865533, -17.729783735698575, -45.35578875676906, -34.096523361208924, -8.168713107834034, -5.609076624317579] : 0.0
24.62077124634536 : 0.0 : [-31.795874392438286, -39.675180911620345, -46.29554797747573, -42.65197137273537, -29.042601680340844, -39.56770268356205, -12.306543468703826, -12.709510791138335, -44.34193224750524, -32.456550199414906, -36.588492739167016, -46.48766969209713, -5.162069468407266, -27.95938646660248, -47.3025848248094, -46.986146355977596, -30.478640268615763, -5.329014627597358, -44.651077127896826, -23.425164695533553, -26.897769658128404, -25.20041026943319, -31.389387393230926, -32.16349347031448, -10.847673062861833, -17.72237511665494, -45.353555546103976, -34.11555679198783, -8.156974189699572, -5.609793300221846] : 0.0
24.88947945588624 : 0.0 : [-31.81244336375937, -39.716706513184896, -46.352340234124185, -42.747997933644534, -29.12409790507465, -39.60843022082098, -12.306453660903044, -12.7150107256323, -44.33573796453193, -32.44469991784247, -36.576290379644576, -46.48075829234064, -5.163817720405955, -27.963648496849117, -47.29187562639545, -46.98359725768597, -30.46749510030192, -5.32724012547647, -44.64689225727241, -23.42692437436031, -26.862001344186563, -25.20212484298483, -31.380296778100618, -32.15815550734547, -10.841441605908521, -17.715174049897637, -45.34585834798064, -34.09782867607599, -8.165092650387344, -5.6049907542181705] : 0.0
24.052770818609076 : 0.0 : [-31.779213555242436, -39.651792958826675, -46.24367468179619, -42.56996688158024, -28.92067738674406, -39.464712705913996, -12.280258162580807, -12.718183808568195, -44.34063201031869, -32.454972419416, -36.55831952692536, -46.48279118480427, -5.154778768933371, -27.96213644408548, -47.2979445373217, -46.99044282255085, -30.480369207221386, -5.3363910409069675, -44.651845386451754, -23.42554160220723, -26.88454400157992, -25.213617903971155, -31.38560380863874, -32.15450610008551, -10.850379008716672, -17.72607679753561, -45.33675175559796, -34.09326794613279, -8.16362983144501, -5.603346754693259] : 0.0
25.032135704408155 : 0.0 : [-31.824157657577068, -39.74477508240817, -46.387144265173255, -42.77550544078504, -29.147640736353445, -39.60767472346372, -12.317373214844002, -12.698831431463221, -44.3326811549493, -32.449429461695175, -36.5559090265718, -46.48918095307087, -5.171189737865297, -27.965150543222293, -47.30080947005096, -46.98261548455248, -30.456213932931636, -5.326311280834181, -44.650224040911596, -23.42429450825824, -26.884769311218903, -25.197416007994967, -31.38791434453652, -32.16121804126179, -10.850574234978634, -17.708279295249277, -45.33742546847607, -34.09594790999185, -8.171039141115665, -5.609381456221779] : 0.0
25.19350398577516 : 0.0 : [-31.84821867992227, -39.76272076760566, -46.434138158152464, -42.83990700629069, -29.196875581373625, -39.62387406424085, -12.303666389052424, -12.706151547808375, -44.337771439010695, -32.44470594014432, -36.57006501652167, -46.48799060019391, -5.168473700209505, -27.962242835704643, -47.29384003820664, -46.98196252805512, -30.471919663110953, -5.317580352629359, -44.64580733146944, -23.441429148008595, -26.887793924866067, -25.211086713180414, -31.385549033646296, -32.16131805896292, -10.840829117190612, -17.714493697377552, -45.34396913975071, -34.09645462580889, -8.163910121562886, -5.599444709736915] : 0.0
24.87230841860201 : 0.0 : [-31.81833177878906, -39.72133406581353, -46.35704051442249, -42.74099840649326, -29.123785892934606, -39.59836020845783, -12.304068375681599, -12.712169556500239, -44.3389406223983, -32.44609416221176, -36.554183332862394, -46.48689298473281, -5.163746554776791, -27.968924641587446, -47.30112953823034, -46.981083036097715, -30.470105515308553, -5.3147987812074495, -44.650495865396714, -23.437036852152318, -26.871614393493623, -25.22523866787708, -31.38471303506334, -32.15802224555442, -10.854445864296938, -17.715869533584808, -45.352140353149196, -34.08704421370739, -8.161705328791427, -5.602344734748338] : 0.0
24.470138177250334 : 0.0 : [-31.791855992987117, -39.68286417414116, -46.30287235875876, -42.66431526671185, -29.045772324491253, -39.55853924737953, -12.2952273145018, -12.711713490943467, -44.33054627277674, -32.442030717507414, -36.56509320522106, -46.48026166292622, -5.163001392000662, -27.960600279416113, -47.29898196885895, -46.99451169162163, -30.470864505778845, -5.326286560710669, -44.65502068186242, -23.429407356159743, -26.886700995528585, -25.204240495052197, -31.37721420296366, -32.152113892923666, -10.856016581029728, -17.72280385466096, -45.343191540856395, -34.100250143167344, -8.165609054905294, -5.59946296085972] : 0.0
24.860490708697554 : 0.0 : [-31.79769248402124, -39.690935983332864, -46.297568450402224, -42.68313556520539, -29.081103117374525, -39.59492161004939, -12.294854501054534, -12.727961967712021, -44.33631488297183, -32.45659332879957, -36.56855464157407, -46.48980241216954, -5.156307968157575, -27.960830611152666, -47.296654145249434, -46.98466669930361, -30.465787765554005, -5.323625130398806, -44.633510998234165, -23.437908428318792, -26.870220133482285, -25.20960455710348, -31.384607527995215, -32.15410497883137, -10.853913080418877, -17.71280697983507, -45.33686753823669, -34.10077851000179, -8.16363376789662, -5.595757438901904] : 0.0
24.772218833390934 : 0.0 : [-31.808873928458276, -39.70177532893898, -46.333838552468364, -42.72151743045464, -29.101663667449216, -39.59487881930083, -12.29800647181299, -12.714696110246297, -44.32786992769003, -32.45431195632827, -36.56058343836705, -46.4901788128213, -5.17009169887459, -27.97309764411907, -47.30604035859717, -46.98462334425053, -30.466479240202396, -5.322134507176942, -44.65268200316774, -23.430481831004517, -26.890498526919032, -25.202756562615157, -31.38480176319381, -32.16269120379083, -10.862830006638735, -17.702982131422946, -45.34323694962343, -34.09170553961351, -8.159902750965927, -5.602026795582723] : 0.0
24.718450285654015 : 0.0 : [-31.80956779288774, -39.70892434270548, -46.32791302081989, -42.702850474529356, -29.080513672653073, -39.58666891276843, -12.297573924955278, -12.704794463670268, -44.34590839015547, -32.446706026986455, -36.56738903908388, -46.48682314700207, -5.1725610464688, -27.96890634033739, -47.2991589088446, -46.97691100326112, -30.468709723350027, -5.32497554733807, -44.65755711058973, -23.423906405012275, -26.89343068456673, -25.215203857581237, -31.390941763297945, -32.14933086361812, -10.84761240553005, -17.707044812311203, -45.343714883951606, -34.102442812861625, -8.172275189220732, -5.600535391102641] : 0.0
24.894032299425668 : 0.0 : [-31.827433029051782, -39.73164348733825, -46.37036900609098, -42.747521242190004, -29.117523703757946, -39.606636399134956, -12.303038369806963, -12.719796698603957, -44.32895052063216, -32.44830111708369, -36.57389218451436, -46.48792444197341, -5.161964531720551, -27.958832392601117, -47.30055220030072, -46.98514284235465, -30.468241812562113, -5.317507352654381, -44.64754316634438, -23.426641628042006, -26.87996864209942, -25.2038452274177, -31.390567730241884, -32.164102912995595, -10.848289999054922, -17.719690497540356, -45.339246833818706, -34.09930708817559, -8.16108856656352, -5.596563256229556] : 0.0
24.486256161434802 : 0.0 : [-31.794719480245064, -39.67689572581246, -46.291378502328115, -42.6642312896232, -29.02809494619757, -39.551424916938664, -12.301920283673496, -12.701633115259833, -44.33934199697474, -32.45058737204971, -36.56959122099991, -46.49332031456269, -5.169214325971689, -27.95592061214087, -47.30207016074192, -46.98667002646206, -30.477070777521526, -5.318471779573907, -44.64634220685866, -23.434740651592413, -26.894882674358588, -25.20710301497725, -31.386570368312405, -32.1618999146976, -10.845602299899376, -17.72138316178925, -45.34137764810168, -34.09547311366522, -8.171230738666903, -5.598679008143957] : 0.0
24.89625380045013 : 0.0 : [-31.79665522542075, -39.695811650497184, -46.31130733617724, -42.68772299989163, -29.088264850453882, -39.61069387983065, -12.294610954294669, -12.703436649450612, -44.32963300663827, -32.45190478790241, -36.5521519726988, -46.48397113650076, -5.16194218278091, -27.972728690334712, -47.29079602661436, -46.99360493511396, -30.48181450434881, -5.321115726616583, -44.67140693889475, -23.43234205734342, -26.88110023263772, -25.203154454538744, -31.385568174240575, -32.166394808343945, -10.850051713994741, -17.717493526485875, -45.349979800334644, -34.10411776075388, -8.162383899313582, -5.602464494987122] : 0.0
24.438127733994044 : 0.0 : [-31.77910487372244, -39.67099267398256, -46.27464888350277, -42.61114727410756, -28.986370249295355, -39.5389560184054, -12.30112987772528, -12.704273709362443, -44.33952190299509, -32.438654217922966, -36.56284096857395, -46.49390902191361, -5.169611554953153, -27.959386983703105, -47.300553004132546, -47.000537441031305, -30.475536040266462, -5.327232194435556, -44.659277734861654, -23.426661819086593, -26.877791459199706, -25.218384883403502, -31.404168264607556, -32.15440529312366, -10.848385168062777, -17.71457193398831, -45.33470125081106, -34.09895492966959, -8.164318447338854, -5.616760220184782] : 0.0
