Fitness : Violation : Position : Miscellaneous
24.906607454386457 : 1.9097943598959934 : [-41.12623941196714, -35.88868925131336, -49.00653260225209, 93.96032113793969, 30.881033489081148, 98.73810975116513, 29.782437481724656, -32.031230951184426, -47.209162304113036, 26.269873602560757, -3.0931464622147162, 21.25458222791986, -43.86966728288322, 88.8975807270845, -7.726099813272917, 96.87361170348508, 48.499744028338455, 22.22161358791479, -82.36046931100512, -21.144359444053833, 35.713674688810485, 43.394364049916696, -16.97670433191716, -50.66242475458202, 97.38412134628123, -0.8577984630494402, 60.720253351132676, -85.00697999048612, -36.38742209299956, -6.156030096865527] : 0.0
24.51426960429295 : 2.004887985622217 : [-41.09856921415003, -35.839187724127584, -48.92916902913892, 94.07507493330115, 30.992960037383053, 98.77894476708201, 29.77888770291004, -32.02985179918552, -47.203204362039116, 26.270496555310473, -3.0832779567366613, 21.26753903106674, -43.86951439376122, 88.905469255253, -7.712298579616767, 96.88346392243714, 48.50803837257672, 22.222316616868206, -82.35595736927345, -21.134322824133594, 35.69665416052806, 43.38229916264393, -16.976023433921352, -50.66928305088917, 97.38984009413554, -0.8617919300631183, 60.72665231579228, -85.00468786326073, -36.39060284545053, -6.15611386735214] : 0.0
24.572347904799493 : 2.010797458065712 : [-41.10060104051442, -35.8488715390917, -48.94879572007454, 94.04504545707732, 30.979346011656347, 98.78546932129973, 29.784752776360328, -32.0255793584558, -47.20026796778425, 26.261581075732686, -3.0882671287924905, 21.252789110505866, -43.87002810473314, 88.8884354535994, -7.715873754023706, 96.86619263303777, 48.51055632525512, 22.22669921141169, -82.3571855388175, -21.144541200015084, 35.709131024894546, 43.38680794303086, -16.97180411244745, -50.66031205925199, 97.38282082118121, -0.8612492424006246, 60.72238863121197, -85.01874545815608, -36.39259696806528, -6.154242815273473] : 0.0
25.022759841115235 : 1.85813140252114 : [-41.1455798112749, -35.89889051453714, -49.01661961910941, 93.9508318681207, 30.869077189459468, 98.72643147108917, 29.782843475809592, -32.028411954224026, -47.19290588618766, 26.275457112182174, -3.0915442137852525, 21.266375869466938, -43.861485697962145, 88.89735731485405, -7.723905161239326, 96.87413135324717, 48.49866123775452, 22.213802596482147, -82.36149384449219, -21.1430816906739, 35.712116327112376, 43.392584895421194, -16.974128872122566, -50.670383983113396, 97.38455575021362, -0.8605559949169836, 60.717264151149266, -85.01127591042837, -36.397854801105645, -6.1531615126167285] : 0.0
24.608570902055074 : 2.0063282855368727 : [-41.11317418129208, -35.862223527204556, -48.94669931222571, 94.0557019166774, 30.974712299036888, 98.78113110985572, 29.79314585996528, -32.034641239766614, -47.194426620232406, 26.26047886018685, -3.0908970876917214, 21.255832439337944, -43.86740291979203, 88.90448669133039, -7.718762121822557, 96.87119930232402, 48.512221443208304, 22.228597111182722, -82.36174728940723, -21.13892390196665, 35.696424452503024, 43.388293862470064, -16.97020910115041, -50.662194417986456, 97.39259624900433, -0.8508809849861737, 60.70973239412944, -85.0067428650506, -36.39012883841471, -6.159263981658399] : 0.0
24.821838746006932 : 1.933024271358789 : [-41.11899716050219, -35.86381872551776, -48.96093024548972, 94.01239172055493, 30.930370962729533, 98.73998848618064, 29.781498416945595, -32.03189056265241, -47.197548246653206, 26.266679703996957, -3.0846057717575692, 21.257430937979038, -43.875977496446914, 88.89755782809146, -7.728583048843879, 96.86284962648178, 48.503857032579155, 22.2206394439997, -82.3682655627416, -21.14557908959238, 35.71057429254327, 43.395277725415895, -16.968156694321845, -50.66264891703023, 97.39326384857233, -0.8520791650325438, 60.71237477697089, -85.00132710880669, -36.40531962758776, -6.153808226385497] : 0.0
24.21779164991076 : 2.1242604622092816 : [-41.103556724829446, -35.82953777200526, -48.87514084092079, 94.15741532968244, 31.093438170215553, 98.85058127187196, 29.813924275875205, -32.035707372658116, -47.19826787975697, 26.268846102654752, -3.0922014180169843, 21.256630859176937, -43.87767879817108, 88.89624787963547, -7.713711435043127, 96.87432355286819, 48.50362098735132, 22.211448669421323, -82.35012174077235, -21.146111862091935, 35.70495053840877, 43.39228050471306, -16.982697138095446, -50.668405084901075, 97.37264091677304, -0.8593822682670302, 60.725377685179154, -85.01368734764112, -36.393138270870374, -6.16413187793976] : 0.0
25.089245631822408 : 1.916990901410137 : [-41.15069980908677, -35.909291582076435, -49.0368315816269, 93.9211469980306, 30.844829775352373, 98.7237907610612, 29.781128631754378, -32.02927964543262, -47.189045541305134, 26.27007398008801, -3.0842207985836927, 21.269742689127213, -43.88028924129214, 88.89920743361752, -7.732118305266936, 96.88249082055421, 48.49762816098568, 22.222512936910043, -82.35517780774586, -21.14344529902963, 35.705690672937216, 43.385596072114225, -16.975318707629604, -50.66928793338772, 97.38745432504652, -0.8611641395162678, 60.721352089044714, -85.0101669140483, -36.39473731126931, -6.145701263750364] : 0.0
25.236870914267737 : 1.863908992869388 : [-41.15793215500395, -35.935841730639396, -49.07331058395626, 93.88358454986395, 30.829376819021654, 98.71836517152599, 29.797788926725588, -32.03443273661065, -47.20504257370278, 26.271936553254747, -3.086552475277981, 21.260968590749478, -43.876296716959175, 88.90222468993183, -7.714009633378806, 96.87758105712678, 48.50565225159964, 22.217034330290993, -82.3634556207358, -21.143635226060077, 35.70620582470797, 43.399886708959784, -16.973540726286302, -50.66395687437934, 97.37970955916171, -0.856869345071068, 60.72790880875402, -85.01572521474728, -36.39169031579986, -6.161329654289604] : 0.0
25.06518104588474 : 1.8647053261149191 : [-41.1472086675001, -35.90539238957925, -49.02913523203814, 93.93327839015166, 30.861621755639902, 98.72680280949066, 29.777199606105242, -32.03121562253448, -47.195800472357654, 26.274536149040774, -3.0951916435555944, 21.25684966599005, -43.868188177367344, 88.90055492871261, -7.716375278355269, 96.87184249325423, 48.50756088449877, 22.21947013667063, -82.35576984103133, -21.14426696684531, 35.71440333388574, 43.383806063541684, -16.965078527180285, -50.669095740477914, 97.37863274554128, -0.863714957888706, 60.70995757861018, -85.003957403252, -36.40083282920521, -6.158250595574375] : 0.0
25.465541845721095 : 1.8458476178001548 : [-41.16423048321084, -35.96444866724083, -49.10835743318133, 93.83956703542815, 30.797307058136397, 98.69937864815813, 29.792121283540475, -32.03738842204234, -47.18841892806796, 26.27034152922494, -3.0872874180796708, 21.265475093383124, -43.86762186707344, 88.89584079689405, -7.717073272282686, 96.88357583832257, 48.511978131141255, 22.214823162354968, -82.361251811122, -21.147615856524965, 35.703883670952564, 43.384445279651786, -16.97504507485328, -50.667637756338806, 97.39333823784641, -0.8603408730557098, 60.73568571351623, -85.00840346599924, -36.39739173351647, -6.14824290259041] : 0.0
25.270534892984948 : 1.8361979274098352 : [-41.15824626307104, -35.92869280929374, -49.05427016212863, 93.89763897563904, 30.823834357275405, 98.71032179395121, 29.78842451248861, -32.03130890304044, -47.19460479777339, 26.270508601680273, -3.090441194120361, 21.258743984975418, -43.861727685445445, 88.90703597736089, -7.724285606664759, 96.86703215395934, 48.50360940663369, 22.228297724944554, -82.35285795627325, -21.13352366988399, 35.70897701098673, 43.40244065651129, -16.968238842059094, -50.663832469042376, 97.38713976206151, -0.8674903837849505, 60.72523872801295, -85.01795371151567, -36.385777821566904, -6.14535079451095] : 0.0
24.871934574531842 : 1.9425302267348001 : [-41.1330679309741, -35.8899897578516, -49.005775361759355, 93.97636539030806, 30.903814621155647, 98.73381226914526, 29.788193469746254, -32.02558439308818, -47.20786915423054, 26.268173108093162, -3.08117197676688, 21.25890338556446, -43.874169243386454, 88.90262262352257, -7.714096193580212, 96.87451776244876, 48.50228376916287, 22.22535768638046, -82.35204685307647, -21.134712583593476, 35.71438577878074, 43.38993831818138, -16.970084081642753, -50.66740115580363, 97.37947422320464, -0.8624121957667923, 60.71980815862533, -85.00554255422796, -36.38805105901612, -6.143025337612423] : 0.0
25.171741104466665 : 1.8529876922435535 : [-41.14551002011243, -35.91443781731377, -49.051188698265136, 93.9047914417794, 30.828961950570726, 98.72336005431751, 29.784603710599413, -32.02187662601699, -47.20917399608389, 26.271817116889135, -3.088426030558126, 21.265386243180334, -43.864346919220964, 88.89788652350231, -7.716817663799294, 96.86654483074652, 48.50416266498071, 22.23329578401101, -82.35366761763237, -21.1398715551937, 35.7035675717332, 43.387759035303915, -16.976649990923818, -50.65971904797936, 97.39045813310189, -0.8666225332843043, 60.723992093671654, -85.00547097747818, -36.393185523784794, -6.155239370028488] : 0.0
24.623208513970525 : 1.959777149046077 : [-41.09670526233961, -35.82226318952846, -48.8854996953479, 94.10895908337176, 31.013811532475927, 98.7824019050326, 29.78843009686485, -32.02276856075909, -47.19195669366532, 26.272803800781503, -3.09464772562157, 21.26242153824721, -43.850539532592535, 88.91034917044868, -7.726436766263165, 96.87804645963693, 48.50664731655725, 22.20934949016565, -82.35824016613402, -21.1416037063835, 35.70369130126696, 43.38785635009564, -16.96949506634649, -50.663639043133045, 97.38601183244276, -0.8604386772280591, 60.71345155938212, -85.00788293382863, -36.39957513035574, -6.154380835921402] : 0.0
24.359791794688967 : 2.035534240788979 : [-41.098722876025825, -35.82729646264811, -48.9020475536482, 94.11781917411491, 31.032166534711425, 98.81096175174005, 29.788617964998863, -32.02273606968781, -47.20345980785215, 26.276594940828314, -3.0944949335225505, 21.2544156145643, -43.875549008624745, 88.89794242221387, -7.717738774100735, 96.86964579478146, 48.50532534768402, 22.222789374222035, -82.3665610055621, -21.143331369588385, 35.70934208701642, 43.38238680231359, -16.97802002761415, -50.672523989960254, 97.38388269597283, -0.8661284812775063, 60.72207532643924, -85.00759516831953, -36.40929386696468, -6.158128187109072] : 0.0
24.665458626703998 : 1.9997821565175558 : [-41.11732162464086, -35.86597887651001, -48.95367034580511, 94.03057919386008, 30.954220464888955, 98.77068294849481, 29.791165837718694, -32.02029539359933, -47.19184113121618, 26.271412694743304, -3.0916853405087936, 21.252306676672838, -43.87163083683174, 88.87879764575862, -7.715549889157627, 96.88279440212918, 48.49875441075909, 22.216316080668303, -82.36180280578395, -21.13968673063528, 35.70503382826421, 43.39711426401833, -16.97432419010599, -50.675696210562286, 97.3812925104431, -0.8599059583063954, 60.71586023766715, -85.01443243631587, -36.40183267414565, -6.146708228812469] : 0.0
24.319072558460903 : 2.1128352156290577 : [-41.09374505228233, -35.81859539475762, -48.88351260087108, 94.14692387224903, 31.06579679601454, 98.85027941800581, 29.791734647203832, -32.04378650356012, -47.20546506936834, 26.27015257837442, -3.0779753351943175, 21.259898035672727, -43.86502357026835, 88.89537779140568, -7.710811011356389, 96.88491448313917, 48.516594712178204, 22.22581648877588, -82.36271489922738, -21.15105696010672, 35.71611655383276, 43.394025575043656, -16.985112618538867, -50.65848521945273, 97.38696937924031, -0.8758279136120535, 60.71214249566529, -84.99266371935096, -36.3995948126305, -6.143060766065241] : 0.0
24.82105846634304 : 1.9613825789641846 : [-41.12764025353923, -35.88668939952004, -48.99258329944624, 93.98164284290696, 30.907714829023725, 98.74436136444834, 29.79109829768901, -32.02795572854741, -47.20370676444013, 26.267208634520085, -3.080681625075063, 21.25412595806066, -43.86514168036729, 88.89967065274269, -7.716283371384239, 96.87758643587546, 48.503162268095025, 22.216150183376552, -82.35956833357432, -21.141182282328934, 35.70431959864863, 43.38999918811994, -16.97089600961284, -50.66847583998789, 97.38961891435295, -0.8537708965589004, 60.72193396356242, -85.01158660223648, -36.375638838817984, -6.1588073341295075] : 0.0
25.07720626929113 : 1.8609450842334552 : [-41.13817633702256, -35.90784236196427, -49.03345516013928, 93.93190611365694, 30.84876097279949, 98.7283332353077, 29.773927908476757, -32.03487665640144, -47.20145376532703, 26.27231477923229, -3.08544313703051, 21.26031513334268, -43.86684362347964, 88.89924522651208, -7.718300237172005, 96.88283980244739, 48.50181274931077, 22.219617757080268, -82.3560348583666, -21.140620750991264, 35.71180263397335, 43.39515417930249, -16.971041416095932, -50.673037571554964, 97.38744478065092, -0.8624462798079633, 60.7234591592115, -85.00512952843212, -36.39918434184541, -6.1571541051495835] : 0.0
24.57872397217925 : 2.0093027029111363 : [-41.10642366981989, -35.84716857502046, -48.944508267963016, 94.04821045178088, 30.970847248507194, 98.76458716284665, 29.781195917703194, -32.01651701654705, -47.19514873504605, 26.277968878068602, -3.091712614387652, 21.260760355540974, -43.87782840093628, 88.89039450058704, -7.7276069596137456, 96.88618508281266, 48.50935875421724, 22.218394433421295, -82.3543426869515, -21.148583625728993, 35.709765420945686, 43.389302205037914, -16.978554414071507, -50.67237248948104, 97.38271081258043, -0.8666125594596745, 60.718743012722655, -85.01579323274785, -36.39231044610228, -6.151672883181394] : 0.0
25.158590292483197 : 1.873976066831075 : [-41.14988247556566, -35.91577303824586, -49.05345277372538, 93.91602105111477, 30.84802010933993, 98.71566359434192, 29.776072466229934, -32.03753244574889, -47.19724244055132, 26.265590679863735, -3.081709392443135, 21.259111010840435, -43.85970523661828, 88.90442241600985, -7.731590467407115, 96.87936117406073, 48.51160585787127, 22.21694589241613, -82.3505444677527, -21.13920876920576, 35.70344830289508, 43.38925456496081, -16.96625106896329, -50.66389896646433, 97.38146306788958, -0.8632266954979768, 60.71564713720358, -85.00448771747378, -36.39127213306925, -6.146963680854784] : 0.0
25.05048312198727 : 1.907226416550708 : [-41.14002913330869, -35.91039891411, -49.047782845487255, 93.92256776463003, 30.863227231349967, 98.72809803888114, 29.781020854375576, -32.02961738542986, -47.20162593967416, 26.274911151573747, -3.0814660749802165, 21.266162056464335, -43.86620296003947, 88.89358806579483, -7.713126330809332, 96.87521174555742, 48.50824933338077, 22.223376780596112, -82.35414849603, -21.146454979080662, 35.707091738090064, 43.38691271412495, -16.97459830063402, -50.674918954779606, 97.38584520382771, -0.8533623587990937, 60.7196265316782, -85.01415770750859, -36.39246048341864, -6.152279102795653] : 0.0
24.622226093452216 : 1.9401954451493664 : [-41.11028169427104, -35.860313133126134, -48.95245968942996, 94.0441683612855, 30.9737856747485, 98.7715320906081, 29.7855003846443, -32.023356256696886, -47.19513547830138, 26.26698122248962, -3.0845838706617155, 21.265046190047308, -43.86330625941615, 88.90401785672088, -7.722489207051696, 96.87998396790437, 48.50352420700411, 22.215850407040683, -82.3620784236357, -21.143764256678118, 35.7026526660286, 43.39215943321679, -16.966219762431002, -50.659157692705634, 97.38151391211869, -0.8628255672672345, 60.71878400960709, -85.01120141501029, -36.39589808503038, -6.1573108517718325] : 0.0
24.772991359410838 : 1.9989229960825041 : [-41.13025803989758, -35.878839989697425, -48.986327710220124, 94.00448688130581, 30.934669405788952, 98.7580358534322, 29.789414179449107, -32.028360520913544, -47.20100416906624, 26.277580210617714, -3.082254002702318, 21.26337294256721, -43.86816470391763, 88.91279016780075, -7.727611020905796, 96.87629832617013, 48.50975568756949, 22.225898153309714, -82.35633004470762, -21.15467760192391, 35.70272547284628, 43.385151841321985, -16.968269211971105, -50.68397936533067, 97.38660679664761, -0.8600831674931517, 60.72605935866139, -85.01678844697678, -36.388203508360064, -6.153111345274109] : 0.0
24.844227266121987 : 1.9290997094562985 : [-41.12556836140248, -35.87096427018107, -48.97692311672069, 93.99391325727524, 30.91268110788765, 98.72708156364698, 29.78684279137599, -32.02121272432463, -47.199456965171606, 26.266931764210682, -3.0861648237558352, 21.259212026513236, -43.878575913313384, 88.90014112633705, -7.713136033435377, 96.87627113507682, 48.511611604980686, 22.21865795171121, -82.35531501023154, -21.140309709752934, 35.70936619946697, 43.393098463315084, -16.974291338812, -50.66522487965764, 97.38780009619717, -0.8518268641654452, 60.72373634353339, -85.00865678881343, -36.39803804449832, -6.152821668750727] : 0.0
24.627878237539704 : 2.0142602667406178 : [-41.11722620171395, -35.858048180791485, -48.953870937058994, 94.03597171450771, 30.965282509532628, 98.75966030188809, 29.785299434811726, -32.02638026498445, -47.198171113245564, 26.281351410876148, -3.0818644942918834, 21.263797130259142, -43.866257623015684, 88.89580936917018, -7.7144906270977005, 96.86913851744777, 48.51062840671198, 22.2282005459339, -82.35836233451818, -21.146460508036043, 35.706589730862724, 43.372088113802576, -16.96895901572087, -50.67289679840833, 97.38459535935826, -0.8586069056056438, 60.72996947029977, -85.01179207559927, -36.38700011473368, -6.154247274509311] : 0.0
24.77083288774119 : 1.9510305114720934 : [-41.12850892139285, -35.872852556094486, -48.96513198291217, 94.01976535331528, 30.92760359049832, 98.75245883903042, 29.788839063633084, -32.027944140778025, -47.211339277235496, 26.267604422535612, -3.090594671135448, 21.269671278695142, -43.86420337297172, 88.89400437779551, -7.724817187666416, 96.87659355910866, 48.499972613450936, 22.22616595567406, -82.3630042201479, -21.149256996007242, 35.71524241717707, 43.39246262226852, -16.96847709682114, -50.66853894727349, 97.38051883260827, -0.8624172324802161, 60.72350495915895, -85.0120737923089, -36.3964620780375, -6.139987947240225] : 0.0
25.078942757674916 : 1.8842930282077763 : [-41.12733683421975, -35.88374050650366, -48.97728538352078, 93.97272416767123, 30.882110695990118, 98.71776641513756, 29.784889232442026, -32.02432949645352, -47.18935016238963, 26.27225148298382, -3.098009572658947, 21.263469019616288, -43.86456371664977, 88.90094533339055, -7.7231367163707985, 96.8787928420719, 48.502324602323796, 22.21790653970131, -82.35679599467493, -21.143168555967527, 35.70611794630436, 43.3833083327459, -16.974097874742526, -50.66084499625093, 97.38773248645545, -0.8502626999451355, 60.72584059061242, -85.00748845326247, -36.3959014602911, -6.152402818423556] : 0.0
24.442275197060653 : 2.0343480895916644 : [-41.10837517631491, -35.839255765842495, -48.92402075109392, 94.0693370073115, 30.997235112428584, 98.80460670687161, 29.7877931134679, -32.028535360403964, -47.19997057570888, 26.274502110993346, -3.088760966986726, 21.266389204766515, -43.86688310577106, 88.89469458709158, -7.7209042582962075, 96.86643243983119, 48.51182520959355, 22.221165706553883, -82.36784637328483, -21.140543411601385, 35.70125884523496, 43.38723425312071, -16.967969239705543, -50.66218011851309, 97.37882133883306, -0.8601617267410973, 60.71287540656816, -85.01148846878677, -36.39452093036909, -6.15215768208037] : 0.0
