Fitness : Violation : Position : Miscellaneous
8265.866934287185 : 178.58600775700586 : [348.6351859242606, 95.02311919913916, 418.7307958633612, 417.7456846657453, 640.3979505368148, 0.42812363401418996] : 0.0
8244.976336313646 : 234.49703781331857 : [356.4400901061716, 96.61148113459225, 417.7770504426654, 418.50948217361315, -211.7438708963939, 0.4562019028419529] : 0.0
8251.094219223569 : 188.77709469979868 : [333.2155873316389, 94.26224191712613, 418.58678351083614, 417.59050247614306, 197.63525818509146, 0.449175935298078] : 0.0
8256.198464256211 : 182.98598570888532 : [370.78245034935014, 98.09472452704841, 410.9356940208438, 419.26598783981933, -16.512892417999552, 0.45502143758440533] : 0.0
8250.640789392924 : 198.7472476198136 : [368.21958831000836, 91.54830029649115, 413.5794530409985, 415.5941807555807, 261.4718234571877, 0.4784607458606369] : 0.0
8237.085411889886 : 202.30952125159618 : [370.1071582536992, 98.08920794887204, 419.71296210143385, 416.8081241067398, 361.37009732159567, 0.47623728441002355] : 0.0
8241.831664856843 : 202.13749189284772 : [357.00588551647445, 93.6985580826607, 413.1381105185775, 417.39932413213177, 311.62085923196815, 0.48846080191396024] : 0.0
8242.214517357246 : 195.99136861816444 : [368.4510576176913, 85.67858033916865, 415.4595410663441, 418.76988187990514, 312.11297818172255, 0.4670948474630201] : 0.0
8225.959037489914 : 208.28163742121728 : [394.9027176901998, 98.58140327629533, 415.7372641444863, 419.8123982366111, 326.95186836399273, 0.49891830596071857] : 0.0
8262.226299656988 : 176.30051764322153 : [317.9426864924306, 97.3043461259176, 418.5425664649325, 419.47818335048936, 134.4997822653348, 0.4259951015755439] : 0.0
8227.105950883933 : 206.34638156534976 : [334.05227370239083, 99.22966297086467, 419.0006339261874, 418.73403284012556, 277.16465503012535, 0.4875742911153918] : 0.0
8246.066299623952 : 193.4865647634249 : [350.41319340602155, 92.53029323856495, 413.3255292133927, 418.3825057674746, 266.59202231875764, 0.46990470984084365] : 0.0
8234.876890481439 : 212.65857300857334 : [378.7624044214093, 63.763881144270286, 417.1481733179352, 417.56265911343905, 131.53477866601028, 0.4859153588197086] : 0.0
8244.84510180518 : 188.32694098668193 : [394.2526210026845, 99.43512294563712, 415.2727560767639, 419.4223653816001, 359.5807546864055, 0.459066763483183] : 0.0
8236.633254175189 : 195.057751723543 : [363.06743373072504, 98.00745496579711, 416.1355500282646, 419.58889016378424, 225.4067368227146, 0.47047406367877787] : 0.0
8222.498388536469 : 214.2955819341436 : [392.1433880847609, 98.60693775332774, 417.99997372312515, 419.0859884367026, 777.8834104232236, 0.5058451950969217] : 0.0
8259.065182187278 : 304.46122639620984 : [348.3544836822123, 90.14934524273468, 419.518765705048, 416.6237365329902, -524.5836554066061, 0.4402386879103815] : 0.0
8260.5915040603 : 190.09779686898668 : [345.427010002391, 72.69996203168662, 416.0888845100867, 416.711586617189, 256.29242461604997, 0.44559065728024333] : 0.0
8241.810292508764 : 211.13837969586115 : [390.1224566404194, 94.73865545245484, 418.0283250276309, 414.2298056122555, 934.7591454899588, 0.4952772164259159] : 0.0
8240.963420123348 : 200.00717753122257 : [378.53110926618314, 82.02795818536907, 416.6559163958537, 417.96661801513187, 467.7135239407075, 0.4705086807139113] : 0.0
8251.066005945102 : 186.45450331956133 : [303.6777674395573, 91.9047816485135, 414.2784833220112, 419.1470544911548, 476.40092047057055, 0.45324548147460064] : 0.0
8241.86462848169 : 191.5977135876745 : [394.41444589200785, 98.3489414614984, 418.46446252581956, 418.7629193052583, 340.6902977263928, 0.458028176004731] : 0.0
8261.674714771816 : 188.1401114690465 : [357.0273082444136, 96.34285760915245, 411.1026029549855, 415.67928087203745, 945.3813022555822, 0.4641786570536834] : 0.0
8244.392780492966 : 207.11508763545754 : [301.62308675022774, 97.79678059091671, 416.9209093314609, 416.5865383027635, -69.70616428973861, 0.4719986312286889] : 0.0
8246.80274056242 : 191.31272262153598 : [318.0351285615292, 97.5643660326547, 413.6375242906769, 418.3689495489718, 416.8454675930264, 0.46731081263029534] : 0.0
8245.41964656702 : 230.67191623627656 : [316.34678202888097, 93.65373927812368, 411.42885165712914, 419.90551625175283, -166.595465990273, 0.46941207069678226] : 0.0
8234.921377244314 : 195.48938034860964 : [306.8583250287968, 92.5970689244383, 419.25723097041464, 419.76969942478354, 576.877791778606, 0.46188638754080846] : 0.0
8231.756351613596 : 208.11472430804187 : [318.7770243667293, 97.01012774287778, 419.8953517250885, 416.9849123053983, -23.054187325659598, 0.48726976983225545] : 0.0
8260.687782443712 : 184.81650500666575 : [382.97229376929664, 90.16861317576186, 409.71111731520074, 417.98792949415633, 282.35702185068266, 0.45811055178043786] : 0.0
8245.525702889381 : 204.23214130941273 : [347.9502277011833, 77.94475277531376, 417.1838179892293, 415.7297682574354, 127.78136411671005, 0.4748830306370724] : 0.0
