Fitness : Violation : Position : Miscellaneous
24.494798921839056 : 2.0012251731241495 : [-41.099283781170165, -35.8390363300129, -48.91794057514063, 94.09084767430238, 31.00242201853669, 98.79351020427256, 29.788706162432675, -32.028621811390714, -47.211298200165544, 26.28570496242118, -3.0929273332589586, 21.248818942697746, -43.86231296273155, 88.90193477912106, -7.713456770641956, 96.88094509573938, 48.50143165120333, 22.217272991012386, -82.3587970820245, -21.144339253258508, 35.70709551600068, 43.39002929199306, -16.967707323827515, -50.663828772750804, 97.37711617048225, -0.8576762408251195, 60.715450307454866, -84.99780008600924, -36.39600559057587, -6.157824883571355] : 0.0
24.689378166670473 : 1.9683512731043538 : [-41.120810214893176, -35.86972871442903, -48.956919207406685, 94.03340734122617, 30.94341559750943, 98.75658325689139, 29.786566845779333, -32.025142586600026, -47.18982990625767, 26.276117991847872, -3.0886431165758643, 21.253060211516853, -43.86769671085538, 88.89492357975797, -7.718783402132864, 96.87559791823656, 48.50652923471985, 22.2239956334032, -82.34774591098109, -21.149518424986198, 35.705088817020034, 43.392692117845975, -16.971713957082315, -50.66063720289534, 97.384082727248, -0.8696929004177368, 60.72272258569298, -85.01056541484323, -36.39658629267389, -6.152872608460308] : 0.0
24.80099307895673 : 1.932130848717951 : [-41.121030895018514, -35.86978441889114, -48.980863449590174, 93.99549360314359, 30.914268626211566, 98.74629644208088, 29.77879794931215, -32.03123161059352, -47.204436293534755, 26.269871196423342, -3.0849181746644208, 21.265487969510836, -43.86386884342807, 88.890167639556, -7.722476836301042, 96.87347611133131, 48.50427835198322, 22.224479332896124, -82.35670544329119, -21.138918430328744, 35.712474947947, 43.38703208483179, -16.976471792604478, -50.664906295464036, 97.37531345232514, -0.8515509226304709, 60.71512892156593, -85.02241435607968, -36.399483531153386, -6.146234327017337] : 0.0
25.000605406341016 : 1.9237531626108832 : [-41.14057659713761, -35.90676365050077, -49.027018861482915, 93.95214755556341, 30.88996964603944, 98.73735721315573, 29.77698828983013, -32.03374160810783, -47.19315564631522, 26.27346184793922, -3.088080136047365, 21.261822332422607, -43.869456223513986, 88.90228170590463, -7.710004465512218, 96.87354531434508, 48.50840614134207, 22.204224260189914, -82.35850250864945, -21.150706484007422, 35.7029000838573, 43.39077711903432, -16.977654266195074, -50.66177622843539, 97.38216856001463, -0.8595280288700923, 60.71662901935884, -85.01363699095813, -36.39084253075977, -6.14442160279625] : 0.0
25.015309811470363 : 1.9020701601479817 : [-41.13669042731202, -35.8879733680693, -49.00466672817037, 93.94181949970508, 30.874519116721373, 98.72896985560419, 29.78071484753323, -32.03607413221978, -47.200633318330254, 26.27111036675789, -3.0911890543162475, 21.263261631059475, -43.871540833321944, 88.9011912018912, -7.721837934071768, 96.87186776886958, 48.505277544420785, 22.218769800852037, -82.35068109037466, -21.155107171567554, 35.711339258095975, 43.39774169275449, -16.978805629553502, -50.67095762720844, 97.39524567208579, -0.8612828537725158, 60.721145803177706, -85.01265280580458, -36.3940409904603, -6.150818980428349] : 0.0
24.770093424686596 : 1.9649828504995814 : [-41.130079585799876, -35.88152762210766, -48.98071232590441, 94.00024764120498, 30.921303655719313, 98.7445051862391, 29.77717112378059, -32.02695390282917, -47.19528251281781, 26.275400044033677, -3.0897838965140596, 21.254217153025845, -43.86899794919265, 88.90259491838628, -7.727145760927627, 96.87357824281953, 48.50647150390337, 22.218257502007727, -82.35881574513371, -21.1431357562846, 35.69937040853931, 43.3874557611491, -16.968251243575054, -50.66621743831951, 97.38365423547123, -0.8648019942540053, 60.71092673890435, -85.00340341318261, -36.39206593167673, -6.144517479528008] : 0.0
26.90364045815348 : 1.5367845536524825 : [-41.334259458172085, -36.20917141370158, -49.41786653330388, 93.58258574865188, 30.68501253173612, 98.70553404568355, 29.785744003241533, -32.025824570198985, -47.19093723074609, 26.264626979533364, -3.0765955757127337, 21.26038358497077, -43.85906432707901, 88.90949967005236, -7.7124471642032955, 96.87304596443614, 48.518912835047516, 22.209409336772303, -82.34735185656515, -21.111858387765125, 35.68363263203314, 43.3816955837447, -16.98108840419766, -50.6733543420095, 97.39165942114923, -0.8483595095301368, 60.7199117412858, -85.00213788665985, -36.40266148497303, -6.146601548226535] : 0.0
24.974640610372212 : 1.980788954900106 : [-41.1196180873186, -35.87490625720207, -48.99969343567239, 93.96071724951173, 30.868208666575597, 98.7187466231768, 29.781461562840235, -32.027241953294904, -47.20124302920827, 26.275486167652982, -3.09247828544739, 21.254813972968236, -43.881289653716124, 88.90009447011461, -7.718837753226802, 96.87680845404876, 48.504609432892586, 22.221884258892583, -82.34361466109303, -21.146096320376824, 35.70413086070765, 43.39323119919946, -16.974117464661322, -50.683644801386585, 97.38275873750038, -0.8605037848349946, 60.719914437693134, -85.00788053969434, -36.38720183553281, -6.1497579987274325] : 0.0
25.718757081906826 : 1.749715339905786 : [-41.19787024946652, -36.01091264593648, -49.19043476930027, 93.74504879076783, 30.759100364694067, 98.70407734569494, 29.779360261375025, -32.028521540152205, -47.2081167600811, 26.26969029404445, -3.090470520125047, 21.2623656113744, -43.86954484991474, 88.8998506494818, -7.719290649091002, 96.88114317186933, 48.50160026301023, 22.216379033540804, -82.35988958354142, -21.144386044300425, 35.70541109791618, 43.39235524114377, -16.973531083799045, -50.67132475294729, 97.38938253492624, -0.8636278365898491, 60.721682765055604, -85.00950377388787, -36.38865854083874, -6.146848362583908] : 0.0
103.50289351532949 : 25.495450147486324 : [-41.569497201000374, -36.52244090928784, -49.56226937938703, 93.46321293685703, 30.696111758523806, 98.69280924595127, 29.882054473977433, -31.974775499739877, -47.206684296584626, 26.3109951111521, -3.0946422211095586, 21.276085875981572, -43.84276315916185, 88.91057804307701, -7.721265809755858, 96.92616569014012, 48.539503220189744, 22.22933051215015, -82.42836288788453, -21.224323109402732, 35.787874758470174, 43.89822362026203, -16.27029851008449, -49.794054063961646, 98.40957855119659, 0.2470451177233241, 62.10304220036274, -83.03178363470099, -32.532547230884035, 8.78582563897602] : 0.0
24.778702744239204 : 1.964873033145519 : [-41.12473719581188, -35.86041490926844, -48.963377762946905, 94.02259628656779, 30.92224144815963, 98.75034816776491, 29.79166185475862, -32.03775830915817, -47.196613209982786, 26.264872757207286, -3.087282204265189, 21.262782570665454, -43.865738180392476, 88.89138986697235, -7.720608208023828, 96.87986094978429, 48.51078650586598, 22.21346383637005, -82.35052448689271, -21.14466365209699, 35.717979671357924, 43.389949638599774, -16.967919038798122, -50.668133926420055, 97.38595319682582, -0.8704606734984125, 60.72322332721417, -85.01169971146024, -36.39504995380182, -6.153188107092898] : 0.0
24.709839971157315 : 1.9872488570281992 : [-41.11133135092285, -35.863255571149594, -48.97203255995322, 93.99724427341678, 30.92085133201686, 98.75848548589101, 29.787743443128953, -32.02091129044847, -47.20424562656898, 26.265707056852065, -3.08633798020336, 21.260525069560966, -43.8670993631816, 88.89448540810787, -7.7170652466727745, 96.8745964920784, 48.505316432602434, 22.2155235411069, -82.35863137967866, -21.148693695027244, 35.70047093266629, 43.388674350581354, -16.976963773642776, -50.66955189940077, 97.3844248887154, -0.8637464212292385, 60.719135573049854, -85.00647426811005, -36.39705996052863, -6.145306911588795] : 0.0
25.07609854497472 : 1.8918517906429344 : [-41.14717123833245, -35.908286335180655, -49.036830259299705, 93.92275218439181, 30.86400254891707, 98.71912147346389, 29.797269188382035, -32.02265501664602, -47.195439722161844, 26.26796009324127, -3.0859093775751827, 21.25936312417353, -43.87051731846908, 88.90191262227705, -7.722052515735347, 96.87394149381217, 48.50795766547235, 22.220489597489372, -82.35867177506299, -21.132178044616328, 35.7057458165425, 43.38213607896357, -16.976405670858902, -50.667646826741965, 97.3947164101408, -0.86617935097414, 60.724528387948936, -85.00521700823509, -36.39300359441688, -6.1549137758405585] : 0.0
24.78538933504005 : 1.9215802391493977 : [-41.13015091995486, -35.87752777650073, -48.978567412146944, 94.01491825482827, 30.93679574699804, 98.74693457626346, 29.786371303827437, -32.02521738648166, -47.19399284526713, 26.270617782169882, -3.0843303724413254, 21.263116255736477, -43.87168157178844, 88.90407748846995, -7.728921331651122, 96.87542050613025, 48.50580268392214, 22.221476926351816, -82.35740309895226, -21.148217780749647, 35.718070667474315, 43.39550293887557, -16.97450194639972, -50.665589847397584, 97.38519475030824, -0.8582815994858422, 60.71746232522415, -85.00960769734996, -36.39559248125103, -6.155391939090016] : 0.0
24.94507105694182 : 1.9277639888599996 : [-41.14189683642817, -35.90156490161201, -49.02065015025346, 93.93944957846193, 30.86938264541254, 98.73660686164648, 29.78154061728078, -32.028935834669355, -47.20699610537629, 26.27166116688418, -3.083122379228342, 21.25991796839474, -43.870815041591094, 88.89994028653024, -7.72455887387604, 96.88239849025408, 48.50985307828538, 22.22309365715431, -82.36273546187142, -21.14316273758182, 35.70471427522658, 43.38956494660107, -16.977014821008797, -50.66944002938306, 97.38366743097464, -0.86739039295001, 60.72139316803109, -85.00341959516676, -36.39681468600192, -6.148819733882086] : 0.0
24.498687960722837 : 2.004697466216564 : [-41.100502265299625, -35.83335017658547, -48.915159566462975, 94.09578406592419, 30.999992568975856, 98.80533263749066, 29.784571875102955, -32.03593811247485, -47.20245165854977, 26.275943403889645, -3.0978495610462957, 21.264180571730673, -43.872165410412975, 88.90322194539885, -7.719762689388633, 96.88535893092629, 48.504393272262824, 22.223472088461563, -82.35001680901942, -21.140517889398904, 35.71138276271728, 43.387906953665244, -16.979656368504457, -50.67199611038112, 97.3945832582315, -0.856503859700907, 60.724012065513215, -85.00405661570504, -36.39292799325318, -6.164235139918431] : 0.0
24.83062945473547 : 1.9660259847145203 : [-41.1303707412802, -35.88419602560173, -48.99731660598634, 93.98223796432046, 30.896731991736786, 98.73333695970433, 29.78772004499515, -32.02805313514628, -47.19758977177953, 26.263348114358365, -3.0836471782031905, 21.258542015018712, -43.86788084847788, 88.89524622979896, -7.7283787601339995, 96.87092693176463, 48.507134377113374, 22.219953066406, -82.34589478639123, -21.140256645324648, 35.70134727260538, 43.38459260014882, -16.97402645429716, -50.66706784725118, 97.38509587211374, -0.8599568173193494, 60.72717503709475, -85.01334404424837, -36.390133760996264, -6.147069372877806] : 0.0
24.73212194403163 : 1.99046059224698 : [-41.12000280588177, -35.86946024538227, -48.97074508514382, 94.0092019616554, 30.93219488370898, 98.7417118830856, 29.792266223282414, -32.0180048641077, -47.20654118065028, 26.272212340139667, -3.0857091301099397, 21.260280422578855, -43.86900742536504, 88.8920949130686, -7.7140188926229065, 96.87419043226977, 48.507063653138324, 22.22455872005345, -82.37300587016799, -21.144841354088125, 35.70375234359333, 43.389314194564605, -16.971450772356224, -50.665464832957696, 97.38790950235389, -0.8614165930008115, 60.717547850697805, -85.01123223475565, -36.38271889568034, -6.1454627216486415] : 0.0
24.865033698537317 : 1.9610454452808217 : [-41.13140005020131, -35.882259027644366, -48.98682321640901, 93.98200611477833, 30.898493891311738, 98.7329289109167, 29.792307225076172, -32.02147641347951, -47.2056266433205, 26.273042420217607, -3.093289461520163, 21.26580962853995, -43.878391070306634, 88.88762893966413, -7.717159421282876, 96.8716130806371, 48.50028822243233, 22.214832897512814, -82.35515567254905, -21.14763325317532, 35.70585460358158, 43.39010028130786, -16.982970943318115, -50.666134611164516, 97.38051877593594, -0.8701932682246312, 60.7078844591951, -85.01130990618537, -36.388731974982846, -6.151722295395143] : 0.0
24.913598443275372 : 1.913422277118511 : [-41.12817158527659, -35.87546408362599, -48.99725739548221, 93.97827689510264, 30.89715842252001, 98.7391585982303, 29.790151841535632, -32.02837513987454, -47.20586360596274, 26.273693978195247, -3.084430861456776, 21.26420437417602, -43.86408868453539, 88.8924451480058, -7.718473393760112, 96.86747028731476, 48.5027346659544, 22.22241065599984, -82.34727509711027, -21.140171630749784, 35.70192877323588, 43.39384247811924, -16.965981162432854, -50.677011122273925, 97.37811203635121, -0.8627091391837289, 60.72225359187925, -85.00643352331102, -36.40943590939118, -6.156051997445444] : 0.0
25.919987687075977 : 1.7336106646627774 : [-41.207549317431756, -36.012581264597344, -49.20366124296384, 93.72483027944948, 30.72553269154487, 98.7083568964556, 29.785029039750547, -32.029579027356895, -47.21084205726041, 26.27377166571636, -3.0900982620451556, 21.253493999592724, -43.863077773037304, 88.89806633376139, -7.7242013595489585, 96.85876042897166, 48.50573078977209, 22.21633138447136, -82.36195682476344, -21.132002452648504, 35.71836902212926, 43.40085640958833, -16.96879502151164, -50.67912116500381, 97.38394659080092, -0.8574546593364327, 60.72269303643464, -85.01075760275188, -36.38308528203891, -6.153516434322132] : 0.0
25.556138005818863 : 1.8421995190987794 : [-41.16421360459706, -35.96962319301443, -49.12893087801554, 93.8405159506006, 30.795357597848742, 98.70858485261198, 29.767885271150455, -32.02821315414822, -47.192655200952984, 26.274433409665157, -3.0850459618870207, 21.25754125029276, -43.870407707380984, 88.897570049297, -7.718271237424684, 96.86812107924018, 48.514378240995114, 22.22672548473582, -82.35401264973588, -21.15150611135718, 35.708340750120676, 43.38716410035346, -16.9635413787965, -50.67467641899833, 97.39298412628042, -0.8695932208917564, 60.72126013578051, -84.99638449068988, -36.39464818317032, -6.148764345194021] : 0.0
24.52290605545181 : 2.026784846362578 : [-41.090119380304046, -35.83634276479809, -48.91902450314719, 94.0746585514773, 30.99264152720698, 98.7922337335032, 29.785002930529174, -32.016889039582196, -47.19841962690114, 26.266942519011412, -3.0943420901561796, 21.263553175258377, -43.87489617616533, 88.90246547545783, -7.710449465083963, 96.87504141317295, 48.506161520173094, 22.21377356914386, -82.3488129495552, -21.15317518952662, 35.70117425878502, 43.381531309659266, -16.983194044271137, -50.661652308539956, 97.38878517676982, -0.8591205741716688, 60.71412235434407, -85.01158864964594, -36.391262590277826, -6.155139090848554] : 0.0
24.86354980874347 : 1.9628187469453466 : [-41.128954625117785, -35.881226683337985, -49.00227185512292, 93.97467153202334, 30.902603969727885, 98.74205635617905, 29.78938036269786, -32.02953469962081, -47.202900269842864, 26.275920531630362, -3.0853470294385277, 21.259099975498362, -43.881070561040254, 88.89322904632388, -7.725083315472688, 96.87448889749169, 48.514856136081086, 22.227624766256366, -82.35398438532135, -21.13417921671268, 35.718768527117604, 43.39130972355714, -16.966979955987735, -50.67758147395576, 97.38928627032195, -0.8724010121266477, 60.71911961748509, -85.00936529326566, -36.39590833549656, -6.153430324386028] : 0.0
24.901085728589813 : 1.9419549622186236 : [-41.12954558799713, -35.89131318121343, -49.007150654128296, 93.96850599435493, 30.888934796982376, 98.73187365367664, 29.788226296195198, -32.03129745693293, -47.195967909874874, 26.276696612398112, -3.0849740086799304, 21.267216461738347, -43.87262153311182, 88.90385005089117, -7.725085060559825, 96.87147646716134, 48.51283423857954, 22.21824512500818, -82.35563152566505, -21.134661206030934, 35.70860358125149, 43.383445700117505, -16.980974227888453, -50.66616049056655, 97.38531472732959, -0.8545897530633425, 60.71332244397619, -85.0207180558046, -36.387600088654175, -6.153280014518572] : 0.0
24.471686984934536 : 2.0201846536760284 : [-41.10309280471915, -35.842647250402266, -48.930367261387374, 94.06953113293582, 30.99205358296558, 98.78940958922692, 29.79063856996015, -32.03247799996342, -47.20387424122085, 26.26994334426599, -3.0821015626802843, 21.262904136322213, -43.87019847841093, 88.8990597537397, -7.73460861304546, 96.87610079672719, 48.504533484465256, 22.21506257379575, -82.3508680203261, -21.134793895934607, 35.711884357614124, 43.38590234886013, -16.961716974189667, -50.67026982430077, 97.37731327896158, -0.8685407774977391, 60.714174391076384, -85.01638526342514, -36.397153880409164, -6.152410466569493] : 0.0
25.05741739528793 : 1.8601337770263275 : [-41.141303756111974, -35.90646041214764, -49.02911424157193, 93.93218065055038, 30.863987219904594, 98.72481439305966, 29.783867577215723, -32.026003621958196, -47.19851613900333, 26.275201169415077, -3.092743423095871, 21.26674670664093, -43.86339922529658, 88.89974113465921, -7.7241393362527955, 96.87848949175847, 48.50856986177911, 22.214700489524727, -82.37125061081322, -21.145243557239873, 35.710950265666725, 43.39071053132882, -16.972658762741258, -50.65998916357078, 97.38224465982086, -0.87104792340626, 60.719750844381785, -85.01001706383315, -36.386177738375665, -6.159519558140767] : 0.0
24.814350303265428 : 1.9467195757106477 : [-41.11521857374078, -35.87253257155828, -48.976847181335486, 93.99361784338797, 30.922013219389036, 98.73436484151094, 29.776040468578223, -32.03321836680546, -47.2046636109796, 26.26263692275402, -3.087065162351144, 21.255921532922557, -43.86519621878682, 88.90026340159056, -7.727885058010521, 96.87384897268329, 48.508359418749905, 22.217060951406115, -82.3575472560428, -21.14382606367011, 35.707983662575096, 43.38678214439047, -16.96722709317897, -50.66851571981492, 97.38285232566336, -0.8675485305242564, 60.710873304198955, -85.00857910341065, -36.388641585094724, -6.149238344365881] : 0.0
25.138360576586052 : 1.9002771841278951 : [-41.14372457439558, -35.9212636147438, -49.05572297332073, 93.89989031565004, 30.844418175849558, 98.71893757032528, 29.788644758110806, -32.02330924886826, -47.202079690268505, 26.273401215275047, -3.0980463983700526, 21.25875473542237, -43.869529750958826, 88.8956936029841, -7.713695503719563, 96.87874494179113, 48.50504116278914, 22.227242488016245, -82.35501565912381, -21.150379275328355, 35.71332267759283, 43.38540680738922, -16.96931057980356, -50.661747443463504, 97.37681859573325, -0.856445542527136, 60.71629188628313, -85.00367408810679, -36.38279901081057, -6.146071905793735] : 0.0
24.7934849170792 : 1.9594023123696003 : [-41.115061135345755, -35.84223994558968, -48.928609479807946, 94.05821056665637, 30.968593195661136, 98.74621029807257, 29.775159994162493, -32.030897556631245, -47.198073456784954, 26.2631280852212, -3.088371775552023, 21.247939597419077, -43.8744619520633, 88.91233003981773, -7.706387783572683, 96.86837938075864, 48.50691009780243, 22.212996769589267, -82.35807479490785, -21.138228990543503, 35.717315187271744, 43.38849605970579, -16.961426442790028, -50.67391174121537, 97.39034527393582, -0.8665175241194802, 60.715398356827436, -85.00893693653595, -36.39248286421955, -6.151186676165059] : 0.0
