Fitness : Violation : Position : Miscellaneous
-579.4872064034491 : 2.7564352722559833 : [-586.848032903038, -571.911951562836, -592.0035540528629, -597.7736544697718, -579.5467223728663, -594.9517482263053, -588.9827340497906, -575.3598557855441, -596.2990822617367, -598.7716446839706] : 0.0
-578.3776308143473 : 0.5818851958163975 : [-583.5201493493275, -571.3808033933117, -595.1027574049555, -599.4438819516002, -578.618430904243, -598.4223727094667, -587.5684931725082, -574.5038359225737, -598.8287205037963, -590.7541675195442] : 0.0
-579.8755201367272 : 3.422137312226379 : [-591.709308762861, -574.2151492943682, -598.8395103906348, -599.8427236577185, -581.7334716589717, -598.4531326871446, -590.8327644022734, -575.6546465973928, -596.3490120154904, -596.6785526189615] : 0.0
-578.9280434069935 : 1.7503394276927315 : [-584.9791325753936, -571.5345791832925, -599.6679014393576, -599.4457631362485, -578.9875593764107, -597.341701244229, -591.6353569760032, -575.1701156818949, -596.6668448102861, -586.2147426755218] : 0.0
-578.9465825936152 : 4.004727653267257 : [-594.3302655511277, -571.492480653533, -597.4147619826988, -593.6312219738529, -579.0684562331885, -589.1680355367873, -592.4629044650908, -574.7257090542807, -598.0286491456518, -588.2178992830743] : 0.0
-579.1850295801607 : 1.7803798830748194 : [-585.1453476616048, -571.551562532601, -595.2013415842682, -599.6541014819815, -579.3166054778321, -599.6916925586581, -590.3009405588663, -575.1201278573981, -599.8080446456729, -591.3241522404144] : 0.0
-579.492754231486 : 1.9064779529487534 : [-583.7407904486288, -572.0222902553961, -598.6030145967177, -599.6842387243989, -580.058361489022, -595.806882363114, -588.9592965381887, -575.2718806921515, -599.6342848519503, -589.9938424334005] : 0.0
-579.2192530374559 : 3.5073425399079623 : [-595.2183581479183, -571.8032470912667, -595.0798366907748, -599.7794158698501, -579.2787690068731, -598.0340605782335, -588.6093099774016, -580.1084757251205, -599.9886690958209, -585.3173974971894] : 0.0
-579.8818494227038 : 4.206105823849208 : [-594.8208382520183, -573.147362406331, -596.0285206027512, -599.8758522722892, -580.0648021583485, -598.1102787442219, -592.4546220085736, -575.6609758833694, -596.579147377723, -596.7457026160705] : 0.0
-578.5930270663603 : 0.5832508148266935 : [-581.6067529418958, -571.12069230803, -599.6107476392702, -599.7928670054889, -578.6525430357774, -599.2737529002056, -588.6454478089329, -574.5198230545449, -599.9435160970293, -585.5453736606628] : 0.0
-578.8783113871076 : 1.6240323107176273 : [-588.8298751175813, -571.4672778226752, -595.8442794854534, -599.8175737262595, -578.9630137237582, -596.7631056031341, -588.0691737452685, -575.3050468156757, -599.2249640796921, -590.1482820996554] : 0.0
-578.7504612472574 : 1.6294111550255088 : [-591.4966549237056, -571.7810068145736, -599.7726089829782, -598.9981955059358, -578.8099772166745, -597.6925889072468, -589.1172233559619, -574.7055187575145, -599.462524863866, -585.1034823429571] : 0.0
-581.2159480205241 : 4.719225351571873 : [-594.1534502127777, -575.7293993957469, -595.6588538338815, -596.8827833067364, -581.2754639899413, -597.6839834028674, -590.4313670703348, -577.2974175691993, -597.6316370970956, -598.8229103747813] : 0.0
-578.6380036717119 : 1.2075217304070014 : [-586.5555657436587, -571.4630290293428, -599.2845697513135, -599.150029537177, -578.771179893021, -598.3480580835694, -589.2292534988749, -574.4171301323775, -595.8194233945758, -586.0099236980956] : 0.0
-579.080400132328 : 1.9858911558604124 : [-588.3466064715168, -571.4469330847683, -598.3541007619258, -598.6153980202963, -579.1875990684222, -599.491959214872, -588.6967118259374, -577.1679060611988, -595.6138476390927, -590.425543036091] : 0.0
-578.7416720486392 : 1.1417844739579657 : [-584.6489885929814, -571.6397805727023, -594.890734876737, -599.0386959273102, -578.8387761113333, -598.6527310624433, -589.7787473289811, -574.5207985093048, -598.7531540352151, -593.3351106127634] : 0.0
-578.7473557433461 : 0.5573936729135834 : [-581.1147181067765, -571.3352199049303, -595.5499298768141, -599.881635046672, -578.8068717127633, -597.6281325933223, -588.017646392697, -574.530893554339, -599.4355976022157, -591.0812012401418] : 0.0
-579.5864049272511 : 3.428114107229762 : [-585.8767354016911, -572.2566573446286, -593.302415382471, -599.911278271149, -579.6459208966683, -597.2553658306654, -588.8135332767982, -576.5537667910103, -593.364296752311, -594.8677113267843] : 0.0
-579.7567924005955 : 6.661017505334718 : [-586.5615691125104, -572.8827359268067, -591.2050284032811, -596.7694345442305, -579.8163083700126, -591.0558678148636, -590.1127790935546, -576.707841659523, -588.1350174936883, -597.1385887699237] : 0.0
-578.723950445042 : 3.0478613776555443 : [-599.1639224494422, -572.1315461850136, -592.9927424904868, -598.0307721499637, -578.7834664144591, -595.1587543255359, -588.4866391554824, -576.4996705809516, -598.1233474388158, -586.3469099235404] : 0.0
-579.3830593398754 : 6.973093972132377 : [-583.4679526638726, -571.9265317518837, -597.5196077902317, -597.6361517049058, -579.4425753092926, -596.6887307553197, -591.532616134471, -579.7580672360984, -594.7783605861139, -579.6204136962258] : 0.0
-578.8536315464792 : 1.1522889144344632 : [-588.534865707643, -571.3767746827248, -598.7604052557244, -599.4645524049622, -579.1427594533128, -597.1338744334026, -588.384077835638, -574.6327580071447, -599.9905703912985, -587.1890951889454] : 0.0
-579.3836666077252 : 1.717185350271076 : [-581.4719171572481, -571.898018582832, -599.7286324877723, -599.1317450266736, -579.4431825771424, -598.4654743930726, -588.6869185534168, -575.9609757396657, -598.7726634293851, -591.9796726204829] : 0.0
-579.0723052439885 : 2.481050478397913 : [-593.2128829410367, -571.5809448628504, -598.0205228595231, -598.981786010894, -579.5147548163122, -598.7794041497833, -588.2631676021493, -575.4955316175851, -599.8988775794213, -583.6321250370397] : 0.0
-578.8764136664239 : 1.0868245042071922 : [-585.1490766431655, -571.2429466188642, -597.6158207198022, -599.5951465038047, -578.942478247108, -599.3957724059746, -588.3548052191175, -574.8235188212752, -599.7263300590653, -586.950216517519] : 0.0
-579.0919089930168 : 2.247744812222918 : [-585.765725844857, -571.5782998218547, -596.8358347161195, -597.9988712822019, -580.3441767960026, -594.5301567423157, -588.9954344440796, -574.8710354536823, -599.5221039201653, -595.0113803795862] : 0.0
-580.5314330322674 : 5.319224343699625 : [-594.8381899650882, -574.0262339201394, -589.1704004814678, -597.522805264073, -580.6660718144658, -593.2070633073804, -590.3912611483413, -576.310559492933, -599.9119538876404, -595.3621434389985] : 0.0
-579.8060699829491 : 9.913736970347514 : [-591.3283658767425, -579.1010488601523, -587.7291698346519, -598.6626196205838, -582.062698696946, -591.5389310457264, -592.9527613451562, -575.5851964436147, -594.4811036519238, -594.6863361336934] : 0.0
-579.2138068242265 : 3.9852332493614155 : [-591.2732233865424, -574.3153401782273, -597.7250979463369, -599.4323558340795, -579.2733227936436, -599.8105167662236, -595.3075894475464, -575.376563482536, -591.6273681605112, -587.9235594842064] : 0.0
-579.4524760320377 : 4.2641487206805175 : [-589.9206713355946, -571.9511397506326, -593.9652245838555, -598.9289319479892, -580.9165357416468, -598.5141494085809, -588.6433383901986, -577.0333398733044, -598.1451171005177, -594.5767158848032] : 0.0
