Fitness : Violation : Position : Miscellaneous
1.0620301963159235 : 0.19874368916750967 : [0.13019359788772444, 2.435920545307984, -2.8444928111606824, -1.9542780016175376, -0.3825779931509845, -1.3714029245147383, -0.7518848058650289, -0.10576738689194176, 5.036817868629594, 4.526490731617211, -3.8502676812937167, 0.4066547659293256, -2.6581248027235906, 0.15386810805877316, 0.9689410114505757, 0.5085011775972634, -0.9253424743514627, 1.0957933953590597, 3.2644864443871264, -4.645736582119041, 3.7557913439349786, 5.9274643757091425, -0.9289312595510673, -4.557948337226399, 1.2462457909244422, -1.2504251445377534, 0.7729362824235979, 1.7298637543196707, -7.762758434952445, 0.47904892307501346] : 0.0
1.0525948808142298 : 26.957035075035915 : [4.338167597101297, -5.677132599814892, 5.440478397931657, 1.6331350003294536, -1.3330677914563616, 1.110784106424529, -1.5579255058589467, -2.2969381629769785, 1.3077260041785772, 2.7417853258197606, 8.115848741454618, -1.8361236140759196, 0.41670771356476033, 0.7470383336417834, 1.5176489425449702, 2.2318942686351617, -0.11567742420085592, 1.8446021865286328, 0.5386371183630722, 1.6515152744816395, -2.1294355195902726, 1.5048341758971215, -4.487399286274072, 3.232283954357582, -1.0893102394930054, -0.1668984725381799, 0.7363420895368862, -0.8871171063861003, -0.12149725200280102, 1.8447476859390202] : 0.0
1.0649203809667245 : 140.91893532323454 : [-0.5126302690603723, 0.2724070372074747, -3.9415720482775285, -8.099372664071256, -0.7701538013873899, 1.3168527941513044, 4.308194016987121, 2.1378456644631463, 0.2630324539060828, 0.650999589766267, -3.473158919412481, 0.6319594055776578, 0.22882831034789586, 1.6077027249810607, -5.426914245101045, -0.35632507012879033, -1.3187749220056828, 2.754944804443779, 1.476406443412425, -0.3554364089553106, -2.2319265599558578, -3.4636192847526477, -0.6192275493150601, -4.375743719448159, -3.9511931389938963, 3.94906144432973, -1.8166849389597972, -1.1632387248539504, 0.5570572883562206, -5.589550474142594] : 0.0
1.0577259027078867 : 0.32289537927406564 : [-3.577936118227579, -1.0475838064427418, -0.25674773499096837, 0.7558272217238315, 0.7432618217585363, -1.945894500098401, 0.8677326884839776, 2.1583291220553216, 3.9647377292827994, 4.185596692214103, -1.6830194592029146, 0.986786522519659, -2.1803169719493734, -4.267960567105896, 4.398995151663205, -0.33014307185459746, 0.020669519859980667, -1.093085428208073, 3.6184558632768904, -2.6773099934167974, -0.07140794401919215, 2.899839542547197, -7.8972005579670395, -0.599751353607719, -1.4442226456687548, 2.9770994493748346, 2.886147746883096, -3.5554660859770038, -3.538432447453477, 3.047551928797387] : 0.0
1.0625780082548175 : 3.34158151819645 : [1.481316478402166, 0.4467340530605597, 2.4996027826826053, 1.2631799526089549, -3.437667561257394, 4.113158427050649, -3.5515015035696575, -1.2832009518312564, -1.3832996535372906, -2.095364864595115, 2.8686149220256327, 4.770192628189022, -2.7869796605121113, -1.539794486680864, -0.4034949915068058, -1.4300936534116013, 0.7562311945101956, 6.7665807642909765, 0.510325439092764, 0.7687899153255064, 1.7165568471264532, -1.48042175719505, -5.395087952245591, 1.2444922804254221, 0.11526454780310758, 2.741231474649412, 6.372376284473988, 0.5947015703845756, -3.222419754058267, 0.801270349802405] : 0.0
1.0463878294342184 : 11.27989823791682 : [-3.3662158176131967, -1.551997832897879, 3.1805931027247234, 1.9620882334338277, 2.1066904548631546, 0.28122317011410125, 1.427729444378989, 1.1245348907774928, 2.004202309204071, -2.10164026785983, 0.23696858664804132, -0.8793491940002952, 3.1317326040307396, 4.320367948460742, 3.7080057474939996, 2.913580829696466, 2.095918711940543, 0.3338211803383384, -0.45694951238463144, -3.1794854846215928, 4.262499467456873, 3.743546053419351, -0.9044444594228018, -0.5050060030809447, -2.307910936630689, 2.0069829282831875, 3.4575734880596354, -0.35877501767563413, -5.466367576610514, 2.0990474681018627] : 0.0
1.0558785109705744 : 0.6763886537472825 : [-1.2445394943240937, 6.097242252774937, -3.6491735850216394, -1.2404360197951783, 2.089297464746002, -4.19800868172362, 3.324823986059231, 2.142237624148443, 4.234320980070644, -3.684628915707558, -0.28384361139973846, 1.9806186972389526, -0.21697045928095715, -1.5341666342277902, -2.1797906636695665, 4.190467426195629, -2.246450762765761, -5.212286208620658, 4.531122992287328, -3.722249201076603, -0.937579201224513, 0.24934536889278425, -0.6544344582384762, 0.6753230488646764, 1.9593557180725174, -2.2776901108182703, 1.9488843761317045, -1.4218394045233675, 2.564096293443357, -0.8461668631444916] : 0.0
1.0608418253325527 : 0.2720072469494221 : [-1.3012549238942677, -2.1846772156274676, -3.05125539294797, -1.6655279439385913, 5.160885537848469, 2.3726311787716177, -1.6703814612745838, -3.830309292173032, 3.9927511034150083, -0.080317632061783, 0.37853521666615086, -1.3233228506168249, -2.415519126117427, 0.1746826161107733, 2.173518557650366, -1.1770302472088732, -1.3007552643368125, -1.31279597150114, 0.29085276401676374, -0.39916414264121247, 3.5876664057478362, -3.177697626733854, 7.372010827848574, 4.290666716279871, 3.1199528300675277, 1.0472224626260636, 2.505462199215697, -2.800101521003426, -1.0021739957659461, -0.4537583224700481] : 0.0
1.0618821905851425 : 1.5328654398676855 : [3.170964354447296, 1.0699584867288858, -0.7284306377798935, -6.297956312186086, -1.0164612368949486, -0.39111677677858125, -1.12527850786639, 1.1019469120711634, 0.14607513319664922, -4.214343540048969, 2.219390370391025, -0.9969206265333286, -5.899200988710998, 0.8253202616626967, -1.2527119513554723, 3.1577438234275133, 3.420294589542411, 3.347980081548563, -5.112146071794708, -1.1967825045142353, 1.5954234636881592, -0.5933005889992101, 1.3879526473001196, -4.353585242342828, -0.24251068078220417, 0.05010789062171561, 4.116101265361391, -2.766890620461319, 4.283441987271713, 0.8583560042011058] : 0.0
1.0625016558258882 : 0.08160789598442486 : [2.94113975437145, 0.12706682338772124, -0.7497834834108072, 4.967425037454367, -2.575709673796106, -3.237947216569402, 5.529852239880366, 0.5145669863999296, -2.015328651787766, 5.8623393587442445, 6.282286812479028, -0.5595888001948706, 1.0679828195471932, -0.558386184480848, 4.89001316598534, 1.1239684133543788, -1.1002588622390483, -1.1586603714791943, -3.5974395390509954, -3.5182780593899987, 1.8175042914478252, 0.19874416478621038, -2.2412388865979938, 1.3027604183240022, -0.7841961097274357, -1.8642787428148644, -3.5872003970984245, 1.8381825665216143, -2.1619295281462647, -3.644936971670001] : 0.0
1.0526673520399232 : 4.471758617724118 : [3.784807704263371, -1.8939591513289749, -6.038763063687137, 0.04363287642410496, 1.5790991291711287, -1.288018512573819, -4.847295406434704, 0.23746113722665907, 4.49400898516798, 1.4444451442071875, 2.0939731260472, -2.123655266646387, -2.0731634105175276, 2.2341442659673425, 0.05259833804597491, 2.8558895833166753, 0.1384858316948423, 0.44872515154292714, 0.30397724211439847, -1.1067738669443408, -2.9293547352013434, -0.15523634737300784, -0.4959357373278799, -1.678217567844011, 5.95303149521696, 1.456473513649688, 0.7686242627170565, 4.435446693186288, -2.569061250713988, -0.2631690874576469] : 0.0
1.0597018631190744 : 1.7887436452933856 : [3.8131104174466053, -4.544226659981714, -4.9733722363561235, 0.4398794977311795, 2.505283028748437, 2.362425359364569, 1.9454128369871064, -3.436418174815297, 0.8023669590833555, -0.5201941019677201, 4.748755776394093, -2.2448666996000526, -0.46069225698699645, 2.6666294242965796, 0.32373897728295487, 4.434010671281273, -6.827517224156547, 1.2168912356202162, 0.4470920233082021, 1.6500781622453382, 1.485804959354226, -0.29792607733511645, 1.3353961256174742, 2.614856173171842, -1.1863091394237664, -0.045824720309998845, -1.7503266185975077, 0.7039022675027748, -6.2066797065322366, -2.8124932515876298] : 0.0
1.0579206487784993 : 0.06113047943070615 : [-5.4871802103710134, -1.2617830324467225, -2.1201425099782276, -0.6625242229993896, -0.5548493151152869, 5.10967903534572, 3.4026463834017804, 0.744397259191385, 2.6924251329830735, 2.569082203799023, 0.21258180695458329, 1.3068982377454375, -0.7879143896522951, 1.8494487469858767, -1.3559390605322457, 1.4180056941514312, 2.5240567983475146, -2.6040112650733604, -3.4048380645766594, -0.9181642285381244, -0.4002968738140429, -5.464447903200796, 5.546962554645322, 1.751678192126974, -0.41043201624291825, -1.912022999535579, 1.1868190607254676, -2.383184610991451, 2.0878648713743386, -3.4777222571184994] : 0.0
1.052912826036968 : 0.13548636522799237 : [-1.9818477861235548, 7.1944680895779065, -2.205657301053889, -1.2820850973065925, 0.21110487775963716, 2.2023028178488167, 0.759973575117753, 1.0763185892105982, -2.3854537112102427, -0.127437964336662, 1.3229660116619546, 1.081446280095907, -1.8928995206823034, -5.766494265628688, 1.764896732259102, 4.376818659478017, -0.20346091102439967, 1.0655018177940594, -0.9763586770584787, 1.069414417032835, 1.340891425104707, 3.7899431358929228, -2.586892587939033, 2.002724346112079, -2.798627489416986, 1.5751223054062153, -3.229743309527752, -5.264139006932682, 2.2024672488092016, -0.10049844314504153] : 0.0
1.0460597602601962 : 9.509337410718263 : [0.4398768533195765, 0.8936919986108602, -0.03441671901573493, -0.04784875299813285, -2.111185987205384, 3.839577495557952, 7.36988667912145, 1.9532615762350225, 0.7557042816330384, 2.0070316831270256, 1.0024115693571334, 1.112889375508196, -0.13794543128481074, -0.4947040530542346, 2.4767417560141323, -2.001538178252635, -1.7165427261869484, 1.1898358828580275, 2.022590420782463, -1.1218903021559288, -0.13024343626998114, 1.614512887150017, 1.3513769062740237, -0.3687231834427674, -0.3503647386599833, -6.5118256103341885, 6.278172437867888, 1.786926859347481, 0.5094022566155827, 0.6994801385044238] : 0.0
1.068047482274285 : 2.348309100478154 : [-2.5477182366852684, -0.6208170599812926, -6.36399780422591, 4.226888734153667, -0.7808590167174767, 1.6687204647303986, 4.078714037451881, 4.311981921428477, 3.097971363348342, 1.767774235512192, -0.022912156686412555, -0.8949982077357372, -4.092878715540463, -4.554610930842619, 4.0865187168716695, -0.750236266508995, -0.7085324670216453, 4.169435499947447, -1.6482416368682165, -4.706974959284981, 0.11031261045038576, 1.4338896762657956, -0.9753884902127063, -1.2408563591592094, -2.257575220338783, 3.099320825209951, -1.6884439363633208, -0.7344988609421956, -8.005055055919168, 3.0419782211121285] : 0.0
1.0621447466365237 : 0.1683848495490572 : [-0.8121584143635632, -3.527667642071564, 2.8199187642008203, 0.6845683001732654, -1.678218499635059, -7.46093470759987, 1.2091249470458252, 4.077306847517807, 2.2332385858975736, 2.990795998286159, -2.130223630249435, -4.866693790758298, 3.680630729662502, -4.217222290741093, 5.617266669862291, -2.4982144037605734, -0.7463272379971454, 4.230816860133947, 0.15859688322432808, 1.1230826576544066, -0.13961787024298733, 2.8696076083329034, -0.7810751193104148, -2.5288144096240766, -0.350070381057876, -1.5221562341058164, 1.616432857765175, -1.4081649512661538, -0.4300507359467911, -2.320815755689358] : 0.0
1.06657132946364 : 0.13521518069279653 : [-1.2340115824350253, 3.65969871229698, -4.64748179945482, 0.9214566283976442, 0.8685794655152148, -3.8513239768352783, 3.1821279354734076, -0.7313821482997653, -0.10213765359536375, 7.4068891382987365, -2.2666011532269774, 1.421985849653296, -1.9114167787432623, -0.21322800767013117, 4.043095110917099, -3.354729777823675, 4.939264722062699, -0.9943465575956061, -0.22296634828461315, -3.266817650003283, 0.1888531979236685, 3.724937832218614, -5.033160489643491, 0.47527758166205825, 1.2786169136582402, -0.023260082121925763, -3.0551870647223804, 2.49626879788225, 2.4047621084069704, -1.3646456885431337] : 0.0
1.0654919019891747 : 30.464246123380704 : [1.9633263217381227, -2.3561531517026535, -1.9259066547460586, 1.535242370834502, 4.705103587842142, 0.7460574851035151, 1.200598521896585, -0.2777065652798343, 2.341408652983468, -0.39973642113166763, 4.705861384382217, -9.079753393039214, -1.168863639114682, -1.8768999895691765, 0.1399352144455812, 5.215558404217591, 3.900413790592682, 2.195235208260904, 1.8299172077670598, 0.20577646927480853, 5.33729127522347, -1.4422694942058012, -3.663272912853109, 1.2623684866796678, 0.5079464118014112, -0.3097460966124528, -3.439984984427588, -5.057737690339414, -1.6140613160192112, 1.1312571191599712] : 0.0
1.0571535726866579 : 122.37397622174467 : [-2.88480346792404, 2.829113986035958, 1.4196131318632315, 5.078995310667878, -2.620128134707719, 0.2672667959274615, -1.9320706181860752, 1.531836485094077, 1.208114963624283, 1.116085204008022, -0.20820879976591752, -0.8868323989236171, 1.193752809533266, 7.753404656425713, -6.551571341890726, -1.349037547992403, 1.5122757389607413, 4.258853381213131, -0.041769061462908486, -2.3599036109917977, 0.5769718693652459, 2.162211917174016, 0.7390387466925756, -3.3114164388335925, -3.14297354515615, -0.8118070477208796, 3.80415515507969, -2.688310402424464, 0.5427132015362537, 1.5293572077894504] : 0.0
1.0676749447622524 : 0.15992200098957476 : [-3.7022498144375233, 3.142804679975642, 2.297372014589043, 1.1800481857849845, 2.5442375198509986, 6.3392687439231015, 0.9880739795151008, -1.407589304454404, -2.949860855659913, 5.065698636184246, -1.8899269416747186, -3.8980070471438744, 0.13381749126796816, 3.3934422942941094, -2.3475273424373198, 0.6561573127801779, 2.4622603151819464, 0.4719355012372164, -2.3341574791565756, -0.917089010710193, 3.8152484152236896, 1.023210526772931, -4.527576101338205, -3.603604442031296, 2.1878306465388495, -0.5131624138756141, -0.11592572085636421, 3.0431796861765026, -6.399545094578569, -2.7146240641688357] : 0.0
1.065018108317926 : 0.07408449615342771 : [-4.211075913104357, 1.1597947451877524, -1.2024374970580867, -0.846897685683837, -1.5639756654731245, -0.6845190426384251, -2.396930424113581, 1.8659670009426255, -1.1489715244540948, -1.761551806446826, 2.304581496407036, -1.014058458585632, 1.174620695900828, -0.4031788126511128, 1.8671317534423517, 4.728808646768271, 7.411285525631716, 4.881204586121452, 2.149263601837609, -1.2334454179746346, -2.537837723091428, -1.4076909096768127, -1.0446356794137768, -1.2878285506400409, -0.1258962158989947, -2.1956632353948473, 6.86824528396637, -4.708289267103709, 0.027328692379416708, 4.608024273779467] : 0.0
1.0684048440790466 : 0.1051410411309851 : [-1.0960298955983803, -1.9021790379871084, 0.19549903382494271, -1.3165743050697332, 1.9695000939102967, 2.5719433703850205, 8.536273012084193, -4.9167804099241454, -1.6367780640165501, 3.1745161822427073, 1.6529996881224038, -4.400353099732801, -6.367631277572097, 0.6199914113275617, 2.796252778602062, -1.449093877764602, 0.7841103820680599, -0.05660852291031171, 0.3341063360054797, 1.5651166240933887, 1.5558109551596773, 0.4300678733462611, -4.718622130070684, 3.431276590734694, -2.4081765565861306, 5.793834037790254, 0.7971007193159664, -0.172633943330892, 0.7315896740212575, -2.7783106257389987] : 0.0
1.0691566818552387 : 0.9484220068510032 : [2.2530586841382454, 3.7161531917263484, -4.95350080512248, 1.6007018450541488, 1.7615195590507227, 4.048848397826127, -0.24825402511760464, -5.8164127827745515, 3.309925504239875, -0.43308883786826724, 0.1658852149333807, 1.2705951745327675, -2.286002198424497, -5.985413147728052, -0.5843944821558029, 0.7314195645065329, -2.734240140439229, 2.704119014408645, 3.411538471845973, -3.9904733722994052, 5.224200107890873, -2.325067619918161, -0.2986597958172492, 2.901033706046574, -0.32943378153448455, -0.8134797127413522, -3.5063433033098397, -5.253184573084143, -2.4070407101340905, 3.4663872815836463] : 0.0
1.072651595259475 : 5.170206562997428 : [4.996551992581939, 2.3339363072934973, 0.20213328617160364, -6.075026756297781, 2.218005511578561, 4.385382593196066, -2.504533992975142, 0.24771871195502992, 2.403133778682455, 1.1908733031044265, -5.603207765410499, -1.32078866741795, 0.42977570525427566, 2.0532574900895364, -2.499463951186322, -5.5121330592782805, -2.3961117315244826, 1.5193718335298452, 1.1645878870451896, -1.0026439559143947, 6.335025787131437, 0.45580067239445743, -3.62289142337789, -4.710261164721443, -2.998491571809664, 0.276161400127823, -1.7930121305466975, 1.2427964408887582, -2.82408776344322, -2.2962118189925254] : 0.0
1.0569932148098102 : 0.0011692005386538806 : [2.469081772535709, 2.5408629687323225, 1.8510041231332088, -3.142924597359876, 2.4177431769321465, 6.633888939760023, -1.9624771498106601, 1.3449879910675988, 4.328547031432674, -0.7565624550742234, 0.20828788208543658, -6.157235141569572, -0.47191319740380777, -2.2224241914898273, -2.461472575142329, 0.4284414138136612, -0.6537382201599825, 1.859196729925487, 4.071563763280267, -6.546711394812177, 1.1048342346448705, -0.06722829428585886, -3.9879814729169234, -1.313494571437504, -4.242893249709265, 0.2427356593820278, 1.7668317397064475, 1.706456300675186, -2.0513422067081555, 2.390547728762744] : 0.0
1.0500863479424323 : 0.4486244102788477 : [1.2235682480305172, 1.9856305941570758, -3.2089195820127996, -0.9795978860063584, -0.10105194728530487, -3.2323243806603963, -0.21031224542668525, 0.620607687219755, 4.692034025760287, -0.5001467784921294, -1.0637377853325014, -0.8837258626491507, 2.832976770291345, -2.978298853825094, -0.1355394360285274, 0.2680782821892784, 2.371715534049344, -3.245483942669626, -4.9625686154160356, -2.788110255577349, 1.0185588189744559, 3.8892006597167033, 1.210562957397919, -0.587289899777208, 5.572566929386909, 0.299720732282323, -1.50939524029843, 1.8012878093732039, 2.642623229704969, -2.218825969964369] : 0.0
1.0718458344997428 : 0.5118969985917148 : [2.5933610874355675, -5.168833687127368, -0.02721070841129558, 1.1156796471728776, -0.4730932894043034, 2.762421317897884, 6.8560053508650105, 1.0239700103777947, 4.184061958550404, -1.935840400110064, -2.798614237907876, -6.8083558278724645, -1.4492343072618035, 2.6978889070971435, 6.709598885133147, 2.735513973561694, -2.2552532853955256, -4.927575795532272, -1.6099703722951153, -0.7480866286688581, 2.6407116597369678, -0.38213863031727424, -2.927227712909862, 0.9794460792196851, 0.07334135728104396, 0.04107717045435244, -3.2968668105957164, 3.0289454163532556, -2.681600265065029, 1.2361605621733558] : 0.0
1.0607849064859582 : 0.11492345346213093 : [-1.3859810105990276, -0.3101360767437921, -1.5325085198831738, 1.1915914209048744, 2.3187389220772046, -5.751431499576002, -1.6438122095172796, 0.23525322951009597, 2.5582123225809816, -0.10609366844261658, 0.3831531391380245, -1.3772343089426484, -2.64409630906405, 1.3109827083583223, 3.3737316456534048, -5.266918844998601, 0.362859947581915, -3.4487163558378935, -0.47882527413040354, 3.427688049328199, -0.9612402220186131, -1.4918881089349476, 2.971248789834253, -2.638627297140335, 2.6311483728243967, -1.5131090490392074, 7.121674092969021, 3.486217826355729, -0.5522693071655937, -0.7582928095656682] : 0.0
1.05779990079407 : 0.27388617543463367 : [-2.9778817093417964, -3.6558715454055704, -1.8682385275073994, 3.0257280804284523, 2.4949763512884977, 0.8830359833464168, -2.6968700945397783, 6.387728661763129, -2.094347790604942, 1.4696388942144867, 3.5791797735145914, 2.3163965284121186, 0.5879511066400771, -0.3550032111560857, 0.32664834592939984, 0.4396979933346783, -5.303061505376532, -1.303828559656512, -1.2479301406768921, 2.4831544952594, 3.4429045824265465, 1.5454360356127568, 1.0774845974796872, -2.6045834415086686, -3.9294326873988226, -4.44384604510664, 1.5879387361322324, -1.1556878123931082, 3.3964948605889007, -0.7891636524832346] : 0.0
