Fitness : Violation : Position : Miscellaneous
-2.39373445551059 : 3.1498004158680906 : [710.1769593220306, 76.76765103803785, 7.082665635053133, 242.12372240922008, 42.63116758344732] : 0.0
-2.3277400749162886 : 3.8631736393475093 : [798.6903074990919, 69.99154946791408, 0.4574386259208312, 232.9147023043945, 60.83559907641421] : 0.0
-2.0528731375045814 : 1.2880651061242947 : [724.448690722485, 78.58212732990539, 47.46922991172474, 251.15093005259243, 52.47740275349294] : 0.0
-2.297257997368108 : 3.1538672938049515 : [719.9054416997853, 79.80896827625516, 9.528515815133247, 223.7724331381513, 47.99324559411822] : 0.0
-2.49798952062331 : 3.3568201448119734 : [714.7936284018991, 72.91825013561386, 7.2143476458199265, 234.47057433762564, 63.43333186530125] : 0.0
-2.3133134737422423 : 3.1269845486305203 : [748.6700223360274, 68.62013536965075, 24.335410130141376, 215.92674729908637, 33.072662766043166] : 0.0
-2.3220794424416353 : 1.5634179655373455 : [722.8114882048039, 69.11480366600736, 51.00418252999483, 233.22075451894784, 66.39500060530976] : 0.0
-2.081638458951381 : 1.704775513660624 : [759.7587531694562, 74.55822176656434, 44.84291705904069, 234.24823651512554, 56.80016742446675] : 0.0
-2.1889887342851635 : 1.850696688121983 : [748.9142341037771, 72.17891238492128, 42.12579744093787, 237.4420608097414, 54.8690406261252] : 0.0
-2.2868856933054884 : 3.2603480014657067 : [726.9057361601954, 77.8177065979826, 2.5806158050971995, 256.1479544235534, 46.84283596179801] : 0.0
-2.390537994999537 : 2.827903587790146 : [744.6870024089403, 69.31482446924093, 25.046238308851308, 226.58770556771847, 69.44789580706632] : 0.0
-2.345240410722375 : 2.483761614799356 : [712.4253166007825, 74.10703334262797, 26.008732457935462, 232.9686461684266, 25.38355566569583] : 0.0
-2.279657023475608 : 2.280508366936486 : [707.2327354193487, 79.27136413424319, 24.918184971300718, 238.76837021491446, 67.35642085130982] : 0.0
-2.3566555614745317 : 2.785056039786287 : [757.5655812952787, 68.65144465856959, 22.305851815937814, 247.612788012389, 83.94088150839747] : 0.0
-2.275626707840347 : 3.605960460603852 : [779.6841684698284, 70.3980003385024, 1.194699509995072, 266.56847253754887, 72.36621765998422] : 0.0
-2.3179167391851894 : 2.6317266690770937 : [715.3001889866507, 75.3165462755279, 19.01308117734258, 249.4439204613527, 41.64388984635769] : 0.0
-2.377747341895797 : 2.889912457289554 : [738.1663827603033, 70.95951650557225, 23.237238993012834, 223.91981517869084, 74.87535994837481] : 0.0
-2.3803476369343235 : 3.236653451278676 : [752.2648237382334, 69.18331817346503, 11.293383505183265, 250.45925982597515, 42.865946583495486] : 0.0
-2.352443334330349 : 3.3467977237694804 : [716.7127382021629, 80.81922438807507, 1.9019825950096738, 230.57327403793192, 68.48281668920625] : 0.0
-2.179741118729648 : 1.35244848798196 : [734.4837139087381, 68.8771012246389, 52.559330504106896, 264.8361655299905, 70.17941861587185] : 0.0
-2.274410142986465 : 3.1102123415888805 : [739.8678823273988, 73.68446017237574, 9.163328689151992, 262.7031745975672, 47.74470038520042] : 0.0
-2.141633852940922 : 1.1614721193853872 : [731.9588098765967, 70.24988706031291, 68.99766622453751, 224.6811859260131, 37.06533587307644] : 0.0
-2.1589203261940195 : 1.3418487192348605 : [728.2995136825087, 72.62527211614488, 59.14809887332117, 225.92757724302137, 48.875431100488555] : 0.0
-2.2946468545410728 : 3.4058782698753034 : [744.6577096848373, 77.14596739715356, 5.5955319329632465, 227.3062077943874, 55.93605472124041] : 0.0
-2.092293817776984 : 1.7692632440450349 : [735.1328690536556, 79.85809155147771, 40.10086372534707, 227.42791098957986, 83.43329536062812] : 0.0
-2.5189333861476015 : 3.359399325823376 : [723.6356762454011, 70.49420490843427, 9.634674184629054, 233.2962229700123, 71.06788644135789] : 0.0
-2.386218238632058 : 172.40894940243143 : [715.5499810329846, 71.56784518631105, 3.864134039531965, 279.6261802940355, 68.95021814954922] : 0.0
-2.2945394407906177 : 2.1940330889720983 : [714.213258738807, 74.11023655914848, 36.359937967357624, 221.71996872043266, 53.30209799261937] : 0.0
-2.1256173276738246 : 2.602915464186438 : [750.2594867436446, 79.40373693165355, 18.047128693568176, 247.5285846718601, 69.59608979744394] : 0.0
-2.161563042666173 : 2.0914712059276948 : [712.247563565611, 83.29440859525836, 25.244139052010496, 243.66332188763784, 68.32730438011455] : 0.0
