Fitness : Violation : Position : Miscellaneous
2.9846920054157543E13 : 0.0 : [166.0704864294488, -312.7497571341253, 124.2001987623267, -187.04142550706035, 345.24271270224403, 289.2852028131801, -59.10132984140327, -327.73063307620976, -29.71969475597234, -95.92208196839204, 395.9108792927146, -215.86076843182204, -412.2836815477305, -285.6737917430265, 83.10604676666512, 102.63910312818592, -96.93203139963327, -166.13102293594028, -483.346751732597, -396.67097780746417, -75.46313297957305, 350.2580301109672, -256.27060999017897, -223.63182449349574, 435.50649973172654, 255.91335282550665, -448.6166456117945, -434.76795299048007, 193.77921894019255, 74.97749736219845] : 0.0
2.9607523453672793E13 : 0.0 : [-106.84418220326614, 227.27144552885747, -319.4894833106853, -120.08261616393071, -576.2237296972778, -123.35550136537775, -407.17540070145174, -32.412822230927304, -354.55644257483533, 303.28196331706755, -429.8806797369127, -343.0151482750579, 252.2128608718549, -69.20664905510819, 427.37064873157436, -75.84726630627, 260.976771915275, -27.970068591933455, 18.783846806225625, -322.04803286060485, -69.34179033095518, -139.55236053880958, 85.05635241692318, 114.02800266364147, 181.62791491594095, 344.7618290901704, -453.72763287901057, -22.95336964882989, 65.69437700057719, 593.375955022846] : 0.0
2.588732490596036E13 : 0.0 : [168.501255120927, 512.2269563831954, 158.83880794394173, -32.653756193836784, -277.0144183091574, -109.90623337402323, -241.71136726148015, -58.15254920683894, -373.672164443845, -172.09152605774196, -87.5001673800243, -258.8705796368845, 282.43937660412206, -497.9233366649281, -183.5203870925709, 50.56716868686422, -54.73614604105924, -204.66112365668647, 186.37290754034717, 215.171999974139, 142.19450849849972, -77.22572015038912, -97.42642653925978, -360.9388280208269, -230.5160181085705, 427.6955558517305, 293.44598433078465, 238.4321818680442, -274.06727944109855, 557.1442386748777] : 0.0
2.4518478389062676E13 : 0.0 : [-441.0172170605878, -157.5462220789193, 4.3119342354183345, -215.36092213435546, -206.28986754009492, 436.5048552729432, 8.30132559580818, -104.35352763649394, 235.03970349055652, -408.8401411732942, 17.546297941412206, 2.5600674113368456, -223.1574871751824, 185.16142313700664, -257.6376754488632, -270.62061813612615, 119.16829181613042, -367.3098622353216, 362.10998311570563, -314.3987774899416, 149.69915431300274, 104.69615679150496, -381.5588230311131, -138.58099993907194, -281.0650978359896, 374.42562569839424, -77.98827265790766, 385.762750729411, 120.79396206207014, 921.6906406263829] : 0.0
2.4943066828791836E13 : 0.0 : [-48.767316844851024, -325.67537765739814, 312.61181532355727, -54.7551084411416, 78.51112491260898, 461.8729119155249, -378.6652126312555, -360.11107112042214, -534.5475739510391, 18.893454260183177, -31.686901507802787, -220.48454142994564, 219.36106463816776, -124.61826831761778, -249.87001951771302, -136.7658530631714, -6.782233299856642, 321.91403468115664, 58.48251069658066, -247.79691474298033, -190.5020698428878, -162.24608754341307, -85.58827344936421, 98.86478560005634, -307.82124444666226, 406.7380955714542, -119.12534132876222, -328.45669878054423, -250.21420033078115, -417.0623328969975] : 0.0
1.9477792221153137E13 : 0.0 : [-107.77239717246924, 510.5989830952632, 263.2263269007171, -380.2831565674413, -166.91477328943705, -290.15832536066694, 103.44398326740057, -259.71848658367173, 174.471803836052, -34.56064777676363, -24.964872741171632, -251.1212870333487, -84.12990640983358, 29.9979381619749, 231.7120968188416, -90.11278854696297, 1.2448819598548084, 303.8428708736094, -190.64511102087357, -49.50312130288336, -125.97051346247105, -61.498925608927266, -453.2069472695592, -221.99337114804487, -149.73117262787537, 324.46468153103314, -40.66129554994586, 232.32069696837604, 111.97717428692343, -108.04563780090648] : 0.0
1.7692449718905496E13 : 0.0 : [154.32757956315697, 381.1637295372958, -92.1400141373228, -311.3108933437186, 95.93583737814878, -242.24806090041804, 35.43194875439606, -236.15106490160557, -476.22802913676355, 41.482846853468516, -330.79916181820033, -199.8198438502399, 286.60770750998506, -377.27905072474675, -388.3313290022053, -27.64124522026168, -237.0003959214368, 147.11507928411442, -410.7687190560518, -2.5105984823224503, -170.9036669471443, -3.7799942238781057, -147.33384467943753, 330.15075636142285, 329.578068149667, -23.604030051488564, 209.07313514331207, -134.0622017381926, 6.971760913987566, -80.15965912773004] : 0.0
2.9400302945923895E13 : 0.0 : [282.21860555587705, 197.60405972638176, 295.0171684933873, 35.222296694800946, -209.21329615512622, -534.8905762070286, 496.27351585850477, 256.72822459600616, -217.19429771067968, -308.80342467605294, -312.5353451003401, -165.00002937968384, 384.19143810769464, -105.14727412744439, 56.40303275471295, -133.39027477749465, 250.43426600451062, -293.62973214508077, -429.56413269314993, -117.68855076861712, -455.1400083672056, -141.76360909669026, -33.868998095227965, -204.85592350742596, -53.313454532424714, -358.8392367767994, -222.8345815200597, 291.9674429888612, 212.18794014984238, -446.8041433194109] : 0.0
1.9626663599533758E13 : 0.0 : [14.212535274873773, 149.88870663933835, 38.75465728941913, 15.233914677304654, -454.33459307007837, 30.76317280315493, -5.649414377286291, -106.56609594092895, -111.32860684314373, -195.2207831512486, 229.0010035718642, -329.0799471688162, -99.25573932428128, -30.708402445290517, -412.90532356498534, 112.52800545601107, -243.48276197076444, 361.4006923332457, -198.78220626385388, -184.4929267785804, -61.23227481292503, -223.56316181531972, 116.22202769457749, 325.40142026539786, 102.18419881259001, 63.5193181658596, -129.76175379468236, 238.81405544548323, 532.8101904291527, -712.4202636878656] : 0.0
2.5475047865120727E13 : 0.0 : [457.6758324136481, 330.2343864053936, -427.89153457629635, 60.305745083245085, -82.75417126591017, -151.69037898868794, -443.8409274435924, 184.651389023473, -199.30130120710174, 108.92400017651357, -469.36412781501593, 226.47460690904444, -468.0246874452397, -334.0417842724653, -243.47427281766647, -38.23671982493482, -81.05711593072112, 10.021830295249117, -37.638816970619814, 202.99367093282086, -58.91807521961658, 88.21802900049556, 303.9141065678083, 62.065331653228014, 110.55538459318446, 259.88625858118667, -215.99184902011302, 90.34528045131566, -16.118585354532712, -502.6259615522057] : 0.0
1.4740967386480031E13 : 0.0 : [-104.98880366348675, 167.5510561212626, 197.4794889492574, 182.82058172329658, -307.9504006562521, 107.10363549974687, -189.70649021344306, -45.89620605292231, 248.2223805844037, -21.83739975784573, 20.403194131258516, 208.3261893807043, 129.47116423405552, 104.48317958496773, 378.88355221517895, -114.00424864963873, -110.88856905011795, -253.34323431558698, 161.0562360625174, 128.14576214732494, -167.35833052073423, 353.2140968068271, -419.78963293762513, -419.8150116692407, -43.958215390347675, -119.1689987453064, 93.84361813702472, 15.169358572497401, 332.9272718574952, -408.38790038944614] : 0.0
3.295780175510745E13 : 0.0 : [322.4029464159312, -150.73564877655582, 45.288336734767654, -50.122452441513815, -98.45246864133912, 235.40080737004638, -74.72305342169344, 234.48753874334477, 437.47581120071663, 315.9478567720503, 18.99486702773393, 382.31413849905147, -245.90730492723932, 131.572303443323, -522.5026641200823, 325.0701151580537, 208.40134711653852, 271.0029320284784, -440.1587663860107, -200.35060606250676, -116.17856800677603, 31.642937998015583, -214.52856838289512, -302.20172108557114, 91.07977597444888, -263.3143408275946, 243.07258524043812, -524.2112116788089, -373.37982233793224, -647.1562970186039] : 0.0
2.727950830562998E13 : 0.0 : [194.22686753151623, 96.91776272640607, -201.10241906030421, -307.1174282344212, -161.37957208414832, 93.11777313840139, -385.4362374960617, 156.4317915885511, -250.612909686183, 313.84548158906415, 409.2351261695848, -188.2820857631624, -528.9034018617774, 295.9287853561325, -360.52804875182323, -251.0557172172691, 257.9671413053226, 376.7477810496024, -61.84960328029888, 225.36365608940298, 279.61122716799565, 175.46151165493262, -168.99840968340092, -234.06384326163098, -332.1423814481622, -419.80122669414584, 136.53477102916014, -103.52233695865863, 287.5068668515063, 42.51619631085299] : 0.0
2.7800936696666965E13 : 0.0 : [299.8770254067209, -241.35107658449454, 137.6806620674588, -48.20089199746059, -69.11177219100125, -249.0278145343827, 58.194534082480914, -72.97040186908583, -61.090573771072826, -218.63535600625744, -257.2978300346721, -113.44385750466554, -23.465780193694712, -0.9651665886036938, 57.26777436404029, -58.694979349117176, -380.0589597016757, -10.925877978806966, 362.87567450212606, -355.0898690837901, -520.9861307905828, -526.1669985245397, -221.5525825487229, 236.50995160051133, -155.6603605377053, 262.8670131648475, 462.38101600866764, 14.720398988908187, -19.143105677724975, -93.30096119572784] : 0.0
2.1447765594416977E13 : 0.0 : [193.31715774599704, 264.2632422375425, -202.51623355441012, 236.15195493830754, 48.92860896732759, -134.063637377139, -142.62182897469535, 472.1553799808908, 114.83773868301213, 304.4305579151036, -35.11062751694163, 260.8223145889981, 228.77324441888152, 380.6425597296207, -127.64676752045274, 292.2212174010332, -17.90878972722396, 56.40334808321222, 134.5016834568164, 131.69205685441705, 163.16711128790826, 239.460196510733, -476.57295365596053, 255.36941127245476, -378.6606775181029, -108.16724752151606, -79.86933776651313, 38.155698050628246, -223.13381409705107, -94.05279428296797] : 0.0
2.5535517448930594E13 : 0.0 : [-262.3256105446125, -81.15593814335075, 48.520698020336, 32.780995653542675, -423.7395051056942, 324.40757879730467, 146.48180323552347, -245.3095623327917, 108.90633712299888, -188.7724611559712, -143.08468961168523, 40.13330493663659, -199.58045530919335, -456.9747672539136, -432.5160641923765, -466.87311075646346, 438.0167181557282, -143.34414823572058, 201.00204998224393, -271.96616489609045, 116.08975304003673, 356.38715502351295, 155.04326274235683, 49.14034520945114, 415.84041232835295, 206.71010945047917, 153.44810073192053, 80.76428416192715, 180.2923798835986, 280.9696432398895] : 0.0
2.823809814324442E13 : 0.0 : [-0.7090798737877009, 173.09570624227416, -264.8367786529045, -149.90555289892168, 166.61580650900646, 22.716054273340177, -178.0506283729683, -176.03122311105133, 54.17365745351543, -156.58813661158524, -253.59932479267874, -416.53098277435606, -270.7110345129872, -96.21437929260617, 449.6499705739892, -131.98246416068707, 285.5651200815804, 568.5244560321246, -468.1529000579309, -63.45332570480946, 200.36313301099014, -208.7304861848969, 294.6119875247768, -40.864620397613464, 326.57202493629745, 257.5135082212267, 135.5470458886051, -135.5452105550416, 197.27016146407504, 24.37523835983282] : 0.0
1.3920639441027605E13 : 0.0 : [-190.72937735075857, 61.827617557143924, 171.90429403681065, 269.9920503508231, -234.79377525615655, 266.9568163293909, 29.49219278519621, -370.0183616488784, 338.27203131620087, 436.8771661491721, -58.63405989536757, 29.10426093487561, -180.90030127211213, 20.552796149550275, -309.6887450613623, -245.4359889694499, -227.4167015054388, 221.03143216241605, 171.26808276316976, -19.61578187052072, -200.69374207823085, -235.49428465522197, 268.1499768604405, -160.53823543583408, -47.14998860586809, -67.92827895234639, -42.884378426535605, -257.0215297848167, -236.3706567860062, 619.997404082879] : 0.0
2.732148396802321E13 : 0.0 : [80.09517068384162, 70.19180447282423, -106.19658868171649, 299.7170954040131, 204.0019751972791, 320.53649696585046, 44.462744141605455, -235.3519490136793, 266.05231340422415, -440.0265866538989, 420.66354786275855, 364.8975951235135, -416.7674137086927, -244.12501346768468, 297.9147891308154, -321.9603229741992, 41.67208068111714, -24.908447024845287, -247.07426177009398, 477.7870408766648, -72.70450125362117, 58.78017939184679, -187.39063476085417, -311.03549005980096, 191.14795392338834, 105.84258449611838, 140.7920192453637, 186.44134835421943, -44.81762984195615, -158.89563345800076] : 0.0
2.1931833067922727E13 : 0.0 : [53.36215061615739, 159.24457034970166, 119.78277968781387, 267.83150170876934, -228.74014195278818, 254.59045343215803, -45.20484512599752, 300.88764119942505, 62.26638462627227, -112.96820196524186, 402.27324144644, 181.45916262959986, -54.45094286094215, 283.9490783523547, -168.102653061786, 79.94838160199652, 180.42666507462258, 83.49889822870568, -245.10022071811983, 473.4810972539316, -26.903573457653465, 51.67626351189034, 159.96838317299296, -120.04661470376527, -71.13423520025057, -487.3802481066244, 350.18030492728155, 18.451194085560587, -39.805630680009244, -134.72025327798315] : 0.0
2.474573941753487E13 : 0.0 : [-186.3719747511056, -392.30360098466826, 228.1925931898202, -284.1032251612487, 75.41782167635299, -11.09623914759888, 86.92818273042077, -279.97432976815344, -362.82798012689756, -107.33922569729671, -222.40979254263942, 213.64773916244314, 362.4562996750798, -244.83951796402135, -211.25263273603582, -237.65434255818462, -362.51590035884476, 620.1781775266354, 99.87497252113934, 270.8815052240071, -46.53618125624648, -134.96047512185459, -81.11001900918569, -194.2782901415372, 168.99528119912225, 225.12402668872295, -160.25497997131953, 0.3729916871187555, 50.19600407223126, 576.9235731721951] : 0.0
1.5130608394232646E13 : 0.0 : [-326.11012640276, 270.83190425523446, 174.14000226034494, -5.83358531705511, -40.40493483975982, 85.63697761725126, 287.40557080493863, -277.0254139208449, -203.6827643978645, -94.81939116612244, -175.77828351809265, 178.25645655115974, 94.54274952980145, -87.95150478222905, 138.5604483748708, -51.473144634975256, 6.475252614915636, 105.42038082556459, -112.79022753546332, 157.3077536759063, 18.77029086084312, -37.24453609268587, 109.07391418873317, 296.3370295798282, 245.4896979942158, -215.29342067443991, -300.0996773515282, 64.59194682972861, 540.8049780813312, 231.28894088735072] : 0.0
2.9511041659046246E13 : 0.0 : [-312.9993274867824, 42.65136860275322, -179.22626347459445, -248.34274248392367, -206.1148448765591, -361.53772766524594, 255.05500288432106, -349.1979784869437, -44.269099935946244, -428.8050386951433, -282.66078110498773, 269.049427635337, 454.0398762413879, -61.86434375991698, 143.1854418584538, 36.0812506050258, -76.40089228117897, 588.749201977602, 80.25060997580658, 233.5734936816297, -22.384827796477595, 128.67235857363625, -294.08028785920027, 106.36421485584587, 311.2918340478298, 386.9245449571673, 20.938136714884052, -94.4788420285438, 162.65859168952045, 203.02590715939928] : 0.0
2.7872952942188582E13 : 0.0 : [-294.0637936150692, 209.18249206995299, 345.8749503882394, 47.20969554104903, -276.82017300372775, 176.91111600456577, -222.59825690946795, -267.546632266178, -156.7330909585109, -180.1245977058657, 13.822569147106208, -416.7376829745825, 351.2129317614099, -97.42076542388789, -429.3480033635252, 441.5145056253995, 252.57899131876803, -512.919459138552, -147.61004909911674, -154.40284395012998, -422.8609236888173, -289.77417708577326, 46.63544671222303, 252.25279536100766, 67.79787031259548, -85.33114878558757, 114.44749447647399, -248.62959428969944, -311.34473396809847, 277.1652647881866] : 0.0
2.6142589843130426E13 : 0.0 : [173.54794114899016, 84.13602559302842, -155.93625342166285, -378.1135066697116, -187.6810812239051, -261.1386785317188, -264.3603501695268, -339.6118501391863, -165.67878227861956, 320.9105539778814, -476.3062429513337, -147.5334673649164, -251.25584719600414, 281.4325409946999, 240.8521018353251, 98.30207326779221, 46.66841268911911, 493.3850334445055, -314.51122394929615, 80.41073487854578, 116.31992795867541, -551.6227147741271, 247.30613210946876, -6.407600764577182, -53.63856949880852, -191.77900886303593, -170.14862991882998, -216.68546708813804, -210.05546360809893, -373.1813243544146] : 0.0
3.232013948040632E13 : 0.0 : [-104.60809393867669, 106.6214189933709, -209.33544352437718, 133.79223141445175, -61.60705009867334, -528.664679689666, 106.69463477165294, -18.11863494095317, -586.5623228866883, -289.71879163564154, 84.94289556986553, 430.9146854741485, 238.448102273941, -236.1277077930064, -95.8169451544685, -264.7918794613922, -379.695777379521, 85.69864572471117, -481.7678536728224, 9.252750582377388, 11.621470253332404, -409.4806556547298, -152.30579882486, -7.583832870718723, -439.018280422845, -213.88638401534587, 160.93578377351753, -166.3708134714551, 210.29678544704373, 312.5746813071121] : 0.0
3.5496750872626414E13 : 0.0 : [-380.4399988745072, -67.56026482053576, -318.52866316240124, -286.0601767300019, 568.2929063174564, -10.00898141569894, -83.15184881315801, 345.5336405609123, -22.462756381127065, -233.5624663072511, -144.96396367319753, 452.83935325217624, 361.2014215777995, -148.84374986880033, -238.35480121343483, 38.86418035802542, -19.224902023169136, 57.1193555997901, -8.598166857736828, -181.02024849200893, -385.9536702413558, 3.7933255710082108, 448.06432080791234, 56.88934158406414, -289.77924723950883, 372.40721003400927, 211.00190325789293, -176.10833019531412, 85.2185975298575, 357.7757445212183] : 0.0
2.432056709330046E13 : 0.0 : [427.1235553980655, -118.59147837517929, 258.2819088544366, -232.13696187022694, -244.49198053220817, -12.454798113041846, 166.9665115977039, 16.235955641207795, 295.18135774521534, -157.2273374796777, -364.07847208194755, -318.6538597310027, 53.442032671014715, 159.0360996518482, -130.370488934525, -151.24166836071015, 238.98818133162462, -79.84847551905261, 274.43041010247794, 83.59369860749828, -248.0831949188868, -379.99984861941493, 72.2050236920588, 273.30035684454003, -312.3528640293997, 231.74622563255434, 480.0919711493501, -291.5415844240855, -373.08032558722255, 928.7662785743914] : 0.0
3.4681176829762246E13 : 0.0 : [124.46075653071352, 243.04706864504902, 277.27614080418516, -205.50568957845013, -228.68432306513898, -4.2304508260311735, -390.67417122645026, 14.723973639285802, 379.07135415249786, -371.5554092939034, 84.82810774990025, 311.3776287563452, -19.65110655253507, 45.606995285434024, -466.1405185738246, 184.1879461443931, 279.91470960389427, -337.54589815367507, 154.47508650374093, -227.8205698985845, 265.6809091303397, 141.82755598397983, 97.60051423001805, 89.34899972340708, -28.15154202795094, 177.61793361584228, -41.38343465235289, -579.5378287547287, -550.5125137352246, -290.13929461911533] : 0.0
1.8310083302155215E13 : 0.0 : [-105.90475692576727, 142.879565771498, 96.7775321399229, 123.57983142557714, 287.9284770058051, -476.2293625681795, -289.6960429484542, 106.64103246029926, -122.05198417225056, -5.0383361127006765, -176.79416241577442, -225.89455620235867, -103.64986910939409, 88.00800393157317, 154.14318310236285, 197.09143193308324, -235.12561398212515, -347.83370787676154, -265.0588084091672, -7.357128243589074, 229.78530567169187, 206.01603117867322, 15.490112146429738, 392.89703156066463, -98.38848710081959, 467.15118550618564, 180.9244962144859, -298.3709171129178, -160.0879443692134, 598.595962861462] : 0.0
