Fitness : Violation : Position : Miscellaneous
-0.7472807624424651 : 7.346205237221959E-4 : [3.163511045259172, 2.983463280999815, 3.0657145595661275, 2.8968575978021227, 1.3710867296305222, 0.4638769056077105, 0.4313323227399605, 0.2673559971769983, 0.3449203681574403, 0.4006307849152238] : 0.0
-0.7471899046085521 : 0.0 : [3.146225148367335, 2.9898770848039686, 3.0571844679422897, 2.901537142072337, 1.379990106069435, 0.46004918322939065, 0.4374250789114214, 0.27691728317868014, 0.3228813756080684, 0.4110498920758058] : 0.0
-0.7471238095606434 : 0.0 : [3.145519808183322, 2.989362640486899, 3.0475692445509255, 2.8733182708278595, 1.390699332532709, 0.45615025006999654, 0.43016777906745474, 0.28204759023784776, 0.3401520894253508, 0.40169885700093344] : 0.0
-0.7471206066443398 : 0.0 : [3.152207127370911, 2.9695352185027386, 3.061545698792136, 2.890930736242513, 1.3605626449570902, 0.4621626823940652, 0.4431707388326894, 0.275509003267745, 0.32685419098872504, 0.4080823662447505] : 0.0
-0.7471255750770868 : 0.0 : [3.1610815511959274, 2.996418814141314, 3.0659368505485003, 2.898031009548519, 1.38043777692551, 0.44419722897577296, 0.43963040524524666, 0.27514798240809735, 0.3463772633788831, 0.39988904564218886] : 0.0
-0.7470813657266931 : 1.1687856426961796E-4 : [3.1629144741931405, 2.987885451612521, 3.064210932414392, 2.8705203927194947, 1.3765998750776953, 0.4728210220771887, 0.4352451916853165, 0.28339010788024144, 0.32531347506196095, 0.39460725877736935] : 0.0
-0.7470857936677067 : 0.0 : [3.161436219242593, 2.9967209441062574, 3.0569593229493823, 2.8794250712696905, 1.3847297632852877, 0.46505406633034396, 0.42755583004735565, 0.2873964062158306, 0.3354941297859171, 0.3926197267119239] : 0.0
-0.7471979011923205 : 0.0 : [3.162621975398165, 2.9844409414309903, 3.0704643408897807, 2.8840148573079794, 1.3650087791441594, 0.4537393041613613, 0.4336761251417339, 0.2801488956147308, 0.32869580310330093, 0.41462143955432745] : 0.0
-0.7471784428111368 : 0.0 : [3.150134860064879, 2.9823569696255987, 3.0680736223115765, 2.8831376455799047, 1.3619035730804057, 0.4672212220045353, 0.438617516193348, 0.27702011958869205, 0.3335139090014091, 0.39819512339806773] : 0.0
-0.7472145707837891 : 3.150431518122443E-4 : [3.1639945045216837, 2.9770890809322172, 3.0557921506719934, 2.8801847118427393, 1.3762264996248015, 0.45294123944374637, 0.42866329371658995, 0.27359413691062207, 0.34351921535591895, 0.41182779973674755] : 0.0
-0.7472331159449012 : 3.3904528591699457E-5 : [3.156023432559356, 2.9784744995710777, 3.0667869398706484, 2.8762387970325944, 1.3845867667419232, 0.4629373473711668, 0.43236313207841837, 0.2732566616947004, 0.3351229945982392, 0.4053428403182684] : 0.0
-0.747166164545567 : 1.4733249967091577E-4 : [3.165913838189584, 2.994898808213751, 3.067613355756629, 2.9008058301435717, 1.4065439968404705, 0.4499397087284205, 0.4391034220194575, 0.27176435548836575, 0.32925145469795714, 0.40721261633292116] : 0.0
-0.7471585114771636 : 0.0 : [3.160404045558795, 2.9895331779672487, 3.0770143304022266, 2.883163159797081, 1.3885118699749834, 0.4541862328193317, 0.4248914530691679, 0.27480783877981785, 0.34090951847625334, 0.4094032241493944] : 0.0
-0.7472021838461631 : 0.0 : [3.160939163828356, 2.992337985007597, 3.0590011789078764, 2.9053215735545224, 1.380672598214399, 0.45314006474307583, 0.4279771806639118, 0.2768227279217703, 0.33979222752175464, 0.4072433085372835] : 0.0
-0.747183333247928 : 1.6727952226402998E-4 : [3.1556033185689367, 2.991962809027351, 3.056289054142404, 2.885796493242805, 1.38140679629491, 0.456316430816082, 0.42457807582291246, 0.2750542083133942, 0.32970869710872835, 0.4225302646983944] : 0.0
-0.7472168841117509 : 1.5274397354270164E-4 : [3.1556124324301322, 3.0001547228622014, 3.051290296537911, 2.878311718798935, 1.3892941528490519, 0.4541642200360466, 0.4358602987242951, 0.2685056587115231, 0.33237738102187925, 0.41565806735584143] : 0.0
-0.7471109327611203 : 1.868523055901794E-4 : [3.135571580453014, 3.0021420546514883, 3.0675027291534342, 2.8952191457474057, 1.3666792528508824, 0.4528082956477656, 0.4364727016178275, 0.26405301500942313, 0.3354187138046346, 0.4214987930831922] : 0.0
-0.7471365647209843 : 0.0 : [3.160257392133423, 2.9948391232798572, 3.0535057379700805, 2.886170538068355, 1.3609284685313288, 0.45744083980039296, 0.4378159116620838, 0.2841038227809048, 0.3319640368781774, 0.40222318887967445] : 0.0
-0.7472218093759179 : 4.7411366716060277E-4 : [3.1623262027787393, 3.0007249197207115, 3.076756567454122, 2.8749208745171257, 1.38048065517498, 0.4578315055392985, 0.428304040496453, 0.2784398892405615, 0.33851187423179535, 0.4021604951532834] : 0.0
-0.7403368245901019 : 0.0 : [3.1602713626192336, 2.9815698945666504, 3.06075742225669, 2.8799563325516058, 0.2941609753968163, 1.4905600403323045, 0.42882013309436073, 0.27539154428443147, 0.3317010879723378, 0.41988190944385484] : 0.0
-0.7471962895320812 : 0.0 : [3.147871770020863, 2.982938872574448, 3.0499044777940174, 2.8847076244907273, 1.3625309666373346, 0.4567706496143608, 0.4432076625943165, 0.2783510635010377, 0.33216759474353375, 0.4055312304508911] : 0.0
-0.747193037402557 : 1.5694023323037376E-4 : [3.1686953340376705, 2.993472664953794, 3.0668380829837423, 2.886497687120811, 1.3786151708003214, 0.46456848197934886, 0.42977661736007633, 0.2791665632732956, 0.3225409239973226, 0.410242579751532] : 0.0
-0.7472603796962257 : 1.8824194317040854E-4 : [3.15380856202253, 2.984497657440202, 3.0738182231758726, 2.8946764518012644, 1.3689775607089487, 0.45954606853391144, 0.445077866663534, 0.2715974203420958, 0.33028816303487907, 0.40288795776106123] : 0.0
-0.7471021139928532 : 1.9022273240437704E-4 : [3.168659708981752, 2.9934664280999224, 3.054207536978181, 2.9003884769228345, 1.3466960405990802, 0.46364214880382915, 0.4335277651825426, 0.2713071249609762, 0.3305050805143752, 0.4145939107601837] : 0.0
-0.7471990201106056 : 1.2476306797404302E-5 : [3.164261883000541, 3.00276639423976, 3.0727321626026622, 2.89030065089372, 1.3607415158739962, 0.4568739216215872, 0.43846872351498595, 0.2747146262002319, 0.33683443183461315, 0.4017616928475971] : 0.0
-0.7471289584558438 : 1.6433829131801136E-4 : [3.166323806711138, 2.9927708598815244, 3.04605449996684, 2.886090260744773, 1.3881942594158625, 0.4712081389665478, 0.4366683351955899, 0.2603286255142825, 0.33673122340152767, 0.4022312610664974] : 0.0
-0.7471664788291793 : 0.0 : [3.142296131920881, 2.979355048503815, 3.0647616157722806, 2.8803953405992635, 1.3884286341823382, 0.46023330902618964, 0.44503116949690336, 0.27141151246854867, 0.326189092000918, 0.40690268992311596] : 0.0
-0.7471463292038283 : 0.0 : [3.1470001798300746, 2.985589113017868, 3.052777482418583, 2.88904231206837, 1.3630131467658648, 0.4611374647245433, 0.43879532881389394, 0.2748206332900471, 0.33294382813117185, 0.4076806997136092] : 0.0
-0.747087687857808 : 2.598990149550451E-4 : [3.165072802057828, 2.983332053276878, 3.0855330664304237, 2.879011975321391, 1.405982885873067, 0.4545531576510533, 0.430401336830426, 0.2682198742231276, 0.33738244483222857, 0.4086083334502978] : 0.0
-0.7471507275418683 : 6.598931902246363E-5 : [3.146230432832943, 2.9739596413104503, 3.0573841826313752, 2.8884549310901533, 1.377174696102488, 0.4594465986100972, 0.4277467012277013, 0.2665402697498745, 0.3467289301093691, 0.4115702211811371] : 0.0
