Fitness : Violation : Position : Miscellaneous
-14.634481625564845 : 14.111730348894959 : [2.4228226311648036, 5.476795961367628, 8.347195324667751, 5.007866110058782, 1.8402446213418837, 1.3438695005437744, 0.1305141728937757, 9.964496841136123, 9.689463921643112, 6.174370857311672] : 0.0
-13.752524906482797 : 17.162006936300784 : [2.179156625261491, 5.333203383239389, 8.813951265625477, 5.690250834107118, 1.9723720513169218, 0.730466352977268, -0.14091128611920203, 9.990587281261789, 9.963954834466943, 6.275317021542315] : 0.0
-12.830968001069863 : 11.068703994396012 : [2.5062529297203135, 4.656643444503727, 8.748960687000348, 5.235981146949566, 1.660184855015274, 0.9738742466407408, -0.23395284745501455, 9.998836370689252, 9.615022635251718, 7.977653991415429] : 0.0
-13.550769800120719 : 13.873561449437005 : [2.171096465727249, 4.884405557354655, 8.725985167507279, 4.804945846929137, 2.01010140129127, 1.3132686444827906, -0.2020015958612035, 9.970375728595648, 9.980210535933775, 7.492255040198382] : 0.0
-14.948526704180246 : 14.517718235066997 : [2.6570504568016116, 5.453249227851876, 7.790179686196418, 5.066964119378367, 2.5312999922668658, 0.8456349716712458, -0.01947842829336771, 9.946308760124039, 9.680493002614147, 7.261270374386468] : 0.0
-14.23179908468449 : 17.726586363795377 : [2.4683143794911615, 5.807222636631089, 8.977066160404474, 4.474188423390091, 2.0134708518014954, 1.453405325742186, 0.48187280945538136, 9.933494992897508, 9.575234127907763, 8.033980457486301] : 0.0
-13.71768854641126 : 12.474660100088451 : [2.0551671582453133, 4.914972098913636, 8.946076924722032, 5.170272666888517, 1.7479739990540868, 1.1986547590514494, 0.037904690740008934, 9.986967519023043, 9.760184400840568, 7.182705223073358] : 0.0
-13.726647320728134 : 11.462838570123392 : [2.1511634654203653, 4.854444806027633, 8.900941051109395, 5.155394876246626, 2.173284736475307, 1.3973809384196492, 0.06586559861848329, 9.98314517363237, 9.351757270636785, 7.145010814661504] : 0.0
-14.242735120658857 : 11.836290577839277 : [2.2556180918196787, 4.698297401041451, 8.881808460911177, 5.24275003678572, 2.280980447509695, 1.3209299655316582, 0.13404044735807413, 9.9885797151668, 9.668139018806434, 7.263366852316586] : 0.0
-14.453994391984722 : 14.018226570906965 : [2.3042452831680142, 4.945480353661813, 9.087774323179852, 5.392402179228972, 2.3025894608153994, 1.2048095631114588, -0.150561256034869, 9.95267354303291, 9.307363737542367, 7.027782425034719] : 0.0
-13.066993419351512 : 19.338003071740587 : [2.0683607599343805, 5.63845670990821, 8.74170202904047, 5.409379252649281, 3.3115755043756967, 1.1420534713269248, 0.6167114935699706, 9.912504059919044, 9.547349017972307, 7.625772827517092] : 0.0
-13.848871342158077 : 12.25086212447123 : [2.012884166365213, 5.153902122109704, 8.72691444727364, 5.029860489569302, 1.8372238443946625, 1.3324193000248097, -0.10298454615037911, 9.982291267829144, 9.657791988897037, 7.2657010508144175] : 0.0
-13.234954623436401 : 12.187216061341163 : [2.019737636814031, 5.148018953540661, 8.59198790422511, 5.093213510321194, 1.5814521417632426, 1.3112903910983982, -0.11886643345119496, 9.996343364492851, 9.814382865628485, 7.128117244111605] : 0.0
-14.036678794058489 : 15.975230239212607 : [2.5001324446155646, 5.024201605497407, 8.718918357190223, 5.204988965324422, 2.040888786007111, 0.5773208488678344, -0.5063001177697267, 9.948105100708968, 9.785562538398857, 6.695927832212873] : 0.0
-16.81969582212156 : 22.06326811043408 : [2.5305331749674296, 6.503700394222153, 8.594367172846082, 4.641602712158333, 2.2369237450633834, 0.9763978561200051, 0.381729667463031, 9.982742031591952, 9.145111395467477, 7.021853849490401] : 0.0
-16.446086707289986 : 18.5833996903836 : [2.590055506403419, 5.332400368859465, 8.904465400456235, 5.522712934390713, 2.2116743575680253, 0.8395765167420906, -0.3627675943539789, 9.964177922663637, 9.864308782901004, 6.912566412073436] : 0.0
-12.658322242039539 : 14.131965990106565 : [2.008627838170167, 5.377631312488905, 8.825929018626535, 5.155666301005095, 1.2452271653981135, 1.3409046058126926, 0.28031672285363046, 9.96338350254361, 9.879207243950027, 7.135234996253213] : 0.0
-14.49997091380623 : 13.123879367009604 : [2.2719869895283384, 4.823614839783681, 8.864063090088443, 4.951114101803304, 2.15357772330955, 1.1524523469153243, 0.04489193532988332, 9.952213384756067, 9.81270232686604, 7.518891430618178] : 0.0
-14.605932558323723 : 13.598838994253809 : [2.1420503651014196, 5.19223204461162, 8.820271050361033, 4.960113064311306, 1.960528395752555, 1.434016644103426, -0.10540687191102438, 9.964800063869102, 9.593217896271565, 6.786753159538691] : 0.0
-13.251871529820662 : 11.779650412916249 : [2.1780130050643347, 4.89155393868597, 8.887699586337229, 5.408090771977892, 1.7499114680375878, 1.319930367652177, 0.23500956051306926, 9.993841135952492, 9.730902457928764, 6.955233042477063] : 0.0
-13.249063118635682 : 12.376638758908186 : [2.1057632810728, 4.731137845825894, 8.824849744052914, 5.118253912334204, 1.9145957422774393, 1.4062774109317575, 0.028268504990648147, 9.996997862685003, 9.8290750983775, 6.684390527959414] : 0.0
-14.332651343959867 : 15.87267396248139 : [3.0118143416812315, 5.243559172385449, 8.457498661178056, 4.952488279962539, 2.7024213993799924, 1.4918059450645043, -0.16420089799070503, 9.934622046946805, 8.725224104934856, 6.716514718353624] : 0.0
-14.845481072911959 : 19.06693435994758 : [2.563774173972322, 4.879787295622906, 9.138808995409114, 4.565187323962087, 2.3304932745271683, 0.9515673257384558, -0.44293601891155987, 9.972761350608112, 9.728875153811348, 6.126686291751527] : 0.0
-14.67401205841876 : 10.966125033954079 : [2.34132726824971, 5.080040130473811, 8.591901889488092, 5.0427893321735855, 1.842741757562532, 1.018145488765698, 0.08620025544003493, 9.999875308174753, 9.370030930646704, 7.199911915619372] : 0.0
-14.364150435020939 : 14.667607980750011 : [2.4057981166125444, 4.538472690509029, 9.03771900799688, 5.066684156811256, 2.39208116220933, 0.5337032104090608, 0.20509162106377463, 9.958691819883096, 9.81819749637231, 6.883984972633496] : 0.0
-14.091178092489045 : 12.790674402464337 : [2.4757681542898564, 5.007814954906014, 8.405115306358674, 5.0278865786720655, 1.7243098062893742, 1.2017188429144618, -0.03131941065735194, 9.986796093492918, 9.782138391235303, 6.260171157992218] : 0.0
-13.935013737144615 : 20.366663889367203 : [2.591432514721253, 6.292997859738071, 8.639907504155016, 5.286795529567783, 2.0073154885971993, 0.08701045697719834, 0.4472715065879413, 9.883755454015011, 9.347328369055319, 6.953416309117928] : 0.0
-15.67931590725859 : 16.59519788196264 : [2.4053185852156145, 5.058093668603846, 9.190620662927603, 4.66849749223884, 2.0720393009332616, 0.9840886055606082, -0.26697873419872886, 9.985172840341335, 9.753383753487626, 7.8631412036519714] : 0.0
-14.526137585749268 : 12.806667625654374 : [2.2701842675819255, 5.185308897971805, 8.715851803378257, 4.750442164630038, 1.9385140132290466, 1.315537027719627, 0.17786821132527486, 9.973405493723886, 9.49167104551031, 6.6362363729062395] : 0.0
-13.832101384264746 : 14.691379873112883 : [2.3461701450456616, 5.3179576021489545, 8.595469183692705, 4.737770950376381, 1.9969509253994124, 1.0686805876827037, -0.14987552445270147, 9.890167834211578, 9.574774838102378, 6.307007492256156] : 0.0
