Fitness : Violation : Position : Miscellaneous
-6.260774222446143 : 157754.48826668446 : [-45.764345904129485, -34.94052022317599, -15.290397476296945, -22.4179493934192, -6.402510827941686, -17.84265964358874, 2.0136680805857416, 1.5025705624615497, -16.73363945925788, -46.18892978703446] : 0.0
-0.8111885153441376 : 244.78199125677978 : [-25.95119830693094, -22.647081318780558, -12.41015642777851, -18.67041597913689, -13.694786554793907, 8.337327853579058, 7.984556093188801, 7.674243154594189, -5.13806875365037, -12.395100639738462] : 0.0
-1.2097671210073795 : 158.27921431907563 : [-26.906303589358714, -27.280244452601316, -17.461663716791296, -25.29232566114957, -15.501218297787092, 7.550787633510149, 7.585977487525559, 7.388270221250108, -4.98506990578408, 0.6188060096093668] : 0.0
-1.1126531116437248 : 805.2708767532285 : [-29.264655239249848, -15.405212483201407, -43.76979370650632, -48.92361829047567, -15.756630559181556, 4.839542439818649, 5.19415613650742, 4.52968094931545, -4.359175939088701, 4.627383801430533] : 0.0
-0.6326260657685907 : 1700.7864391486771 : [-15.282729120098251, -47.84601686575736, -29.265631037058377, -47.767247095699545, -21.014994544993954, 8.466252930181561, 7.311645105512454, 9.054720265654957, -9.621417742265416, -14.820647204529264] : 0.0
-0.6709608313633844 : 2112494.778495434 : [-32.48091541152441, -40.02424786482126, -14.703326852009013, -41.29101783968244, -44.46931915628254, 8.78371467671478, -13.593168172452266, -42.772942625855194, -27.868076165685462, -43.36971819688793] : 0.0
-1.1540702011118857 : 169.84791215642286 : [-30.675317435322302, -20.375036037813626, -22.97401050604691, -36.111779610094636, -22.511811814198726, 7.31458831164929, 6.224579046118646, 8.134249018626484, -4.4005930285568615, -5.73952552503971] : 0.0
-0.768470905351947 : 56.852449796892294 : [-14.05074326298215, -5.402441553375162, -15.352984404547307, -23.105553831802354, -20.297372660287493, 8.22743531375079, 8.027273703180992, 7.902267412740089, -5.700872642549015, 5.758888449749868] : 0.0
-1.5051265179026978 : 930.6907355266403 : [-20.272910258878802, -7.35419912980189, -8.570954376008523, -15.282501664118769, -1.6468631233982407, 5.158592085271165, 3.468205433052873, 3.9541741233630834, -5.2146654244408985, -12.004783021620696] : 0.0
-1.5733646392062033 : 854.0207022847128 : [-17.4484391796951, -9.671278287215063, -13.04296981726913, -18.904481465733284, -4.650170233581129, 5.1338366752682365, 7.222379969326735, 3.0919908549235764, -6.119826148383891, -8.944153691102866] : 0.0
-0.5702028017305167 : 158.34234380481684 : [-13.740619396823558, -2.453669146889478, -18.16609355173066, -11.043135720398714, -1.2035324941163683, 8.203012193567274, 5.498565979611959, 8.526515515947942, -3.8167256291754925, -4.436987093686815] : 0.0
-2.4250767978883383 : 15398.589577625771 : [-38.54684808260082, -26.806718585199615, -22.462897901146448, -8.5386890748475, -15.755569450601959, 7.029598710189826, 0.6312073638590192, -5.242111314853243, -9.221611419769886, 2.925605277334263] : 0.0
-0.13326359757869177 : 51.90156406235515 : [0.4229849580646783, 3.5789872617987655, -2.63250818917792, -12.609499009055245, -11.186002601152904, 9.299975655762697, 8.662481010954247, 9.12288529299066, -5.715143881705819, 2.0934762012057444] : 0.0
-2.461282263711464 : 563.581152488399 : [-34.547168844786896, -7.4619955101602535, -18.61803291206943, -10.473677772149644, -8.49238768060994, 6.135069895449014, 5.78312602478993, 7.226064067712084, -8.575964805675504, 3.2539804354169384] : 0.0
0.003260116811844682 : 264.5566724738006 : [-30.77064773560496, -11.70416571346988, -20.038833425291465, -19.053016259012487, -7.2758093120422185, 7.240212971861096, 8.799004725344783, 8.115545727036334, -5.690556803431068, -12.152197430291327] : 0.0
-3.048939005378279 : 113950.9302278255 : [-23.569577807381737, -48.37312844930234, -22.221143909799117, -8.638237735708685, -8.93974078154044, -11.495200658560703, -4.642241548756118, -8.514686755504911, -19.026890703721342, -42.13822282040811] : 0.0
-0.6015840336379608 : 67.92035757057374 : [-7.674770077824116, -4.245841066344364, -15.66412165017816, -20.994635397587736, -21.06733571203928, 7.5533842633315045, 6.897694236241855, 7.438973841244809, -3.8481068610829365, 0.9789043079302786] : 0.0
-0.9829854886128739 : 372.8786998834537 : [-32.905186345358835, -0.7412219193080904, -5.624068127182289, -23.987529577606555, -14.818484892988415, 7.876664221571793, 5.619640317025809, 8.704360842810674, -5.5025870705351245, -3.58976937464071] : 0.0
-4.098833402337429 : 772716.7035358432 : [-23.050191867652902, 1.161320737997774, -46.754764832724184, -31.494892367180938, -17.5581111772019, -4.6556149276477115, 4.41551187844664, -32.00109717679736, -8.547006347208733, -29.915146690724647] : 0.0
-0.7095408251503375 : 192.02162102427394 : [-18.364059965316518, -2.2859796445866847, -23.355604089693482, -24.42507248432355, -11.097135726590857, 6.479390203733175, 7.774508103055083, 6.272593765955289, -3.9560636525953132, 5.600222149976432] : 0.0
-2.880159499097426 : 47207.90698229559 : [-13.567910593703076, -24.07932811804995, -47.58693996831078, -17.05335461321961, -10.86960639392823, -2.5573788928322774, -6.806406110291922, -7.685703495459929, -6.126682326542402, -8.42129839744612] : 0.0
-0.16456400996131748 : 181.56634241378217 : [-32.15509119390875, -17.637185491691476, -27.67297997983094, -35.46246506441969, -22.42713747765138, 7.983879935537033, 8.631180598571621, 9.227311420941277, -6.1658826411105565, -4.1220407382777084] : 0.0
-0.7108914433533116 : 57.4745515552286 : [-12.383453195172276, -12.17247783022221, -13.476053331099484, -12.574862182643468, -10.666826153005056, 8.552460073261724, 6.330484861511935, 8.976454888070236, -4.023309368363502, 3.5807966616147375] : 0.0
-3.7543217359046217 : 173881.02977644483 : [-7.704746579026002, -35.823140464758595, -6.18700715530499, -26.289712089518424, -49.44008060531424, -18.44220095826601, 5.041422872628317, -4.155602834133017, -16.564347783609122, -9.765144745306308] : 0.0
-0.30118235579016517 : 18.481015517425295 : [-1.8827947071612452, 1.0987141732552566, -3.053175675899734, -5.890481086120571, -3.701635390514511, 9.138154170646702, 7.524046497651042, 8.371120656520505, -4.870192364001276, 5.694211230794874] : 0.0
-0.4149019686476034 : 71.6562085000869 : [-5.867397951356782, -1.649080337960414, -17.66030645126892, -15.860121358017508, -13.082768617870794, 7.4479871184146225, 6.168735900091485, 9.272444362775945, -3.910687001123867, 5.479843006725716] : 0.0
-1.7136540302023082 : 15143.193854936197 : [-15.770703168574988, -21.71299740396843, -45.87151963632758, -14.050246056576482, -13.494040968260673, 1.5061537467128296, -6.174519468750078, 7.97369230122124, -5.998747140945714, -25.29989615500461] : 0.0
-2.1811632776226357 : 3175.1924140841725 : [-20.07944110304012, -18.022840701750166, -8.354761259277922, -23.796772976220414, -9.431699456882164, 7.273512230455529, 2.8251896802450203, 5.20849354940481, -12.755768156594023, -0.36560143511553633] : 0.0
-2.702525726133811 : 728.8633671423175 : [-35.2243701179065, -41.20175431346216, -20.184841526178523, -34.937301632269616, -9.762607211498871, 6.3992249454316, 5.256223578672403, 4.685500912545734, -5.949048553578787, 3.399974720486462] : 0.0
-1.5979033985621824 : 1883544.1438149158 : [-36.38877006878599, -24.25155645178091, -4.394350234911926, -15.904426653710757, -28.848013800267193, -41.376698405794855, -15.468130899970902, -14.642266656661995, -4.844426226007158, -40.400848836792534] : 0.0
