Fitness : Violation : Position : Miscellaneous
23.59899430907221 : 20.669168541029343 : [-41.08138243437556, -35.77564526033196, -48.79890329444734, 94.29254762577757, 31.26430199839849, 99.059909230973, 29.91403416990778, -32.01070843050709, -47.19598190923992, 26.27333538830142, -3.0936260845680135, 21.244829732773866, -43.88573259578348, 88.88948462129329, -7.726439069148178, 96.89559183811897, 48.5223988808078, 22.232898092106154, -82.34540839836534, -21.14597730188825, 35.7063434967445, 43.375604848724215, -16.985857482113204, -50.672826689681, 97.38759492133649, -0.8487567404182783, 60.714982146800864, -85.00132861226385, -36.399274629395386, -6.162919513921631] : 0.0
24.534841668098675 : 21.494258927066944 : [-41.108122708432894, -35.842449648708325, -48.93012358172265, 94.06923430907692, 30.986453614697957, 98.79985591964416, 29.805417945457002, -32.0304928276564, -47.20004414643142, 26.28463385196666, -3.072298030989583, 21.26409825500197, -43.870787832932805, 88.89829278304416, -7.7142525016135375, 96.89207839104249, 48.515508259490744, 22.23291536765679, -82.36452700415417, -21.154464896666155, 35.714364448249036, 43.38828140569346, -16.9601493468706, -50.665017295384075, 97.37761290252854, -0.859797924935024, 60.72913247234992, -84.99828544215217, -36.386485374934615, -6.135954698761489] : 0.0
22.992935286185997 : 20.283150563223295 : [-41.06661812845198, -35.75468916990457, -48.77465327900571, 94.32549061907942, 31.343802183812066, 99.13277502865277, 29.987282865210332, -31.979367894512038, -47.18919310004745, 26.280360982343037, -3.078657822169412, 21.261330361300256, -43.886638254618944, 88.91310532124355, -7.7211513397607945, 96.87604412468748, 48.516102193897865, 22.229140797416946, -82.35179590467817, -21.142592090553325, 35.708192802555615, 43.38077789833284, -16.967358470268003, -50.65832284888279, 97.37626162571556, -0.8582968939419046, 60.71476517395084, -85.01405084679693, -36.38762416189469, -6.140061900056594] : 0.0
23.939080005362033 : 21.066517206095398 : [-41.08520786571643, -35.802166282496046, -48.86181674569954, 94.1732813016254, 31.133131505946473, 98.89962423746118, 29.84321820000749, -32.02662480296138, -47.19181275561651, 26.280971370173802, -3.0730021997467607, 21.2560251460676, -43.868562560359884, 88.9044524292068, -7.7162123669206455, 96.87252300592078, 48.51504038704543, 22.227665725814337, -82.34404997772056, -21.136058229379813, 35.707400602215394, 43.38484118631135, -16.97429083010357, -50.67327381380267, 97.38814070368161, -0.8668500034892858, 60.727561303487484, -85.00569759620143, -36.38623987546948, -6.143146460273247] : 0.0
23.90022854354227 : 21.097650203112735 : [-41.088619527718436, -35.80644832297447, -48.86640728468555, 94.18325131443319, 31.1441420941307, 98.91011438135699, 29.832660832943763, -32.02797700925473, -47.202796759966354, 26.284609229383786, -3.0877308273896826, 21.25474246466768, -43.870127564945236, 88.8975348919181, -7.716624948566183, 96.8734981061914, 48.51357692518852, 22.22164788492476, -82.36303721002155, -21.146767051193326, 35.71375155733361, 43.3896384751233, -16.971396697822662, -50.67149727286524, 97.38953286211472, -0.8520413021389674, 60.73295926168383, -85.01120893549601, -36.38633494258879, -6.143860054980186] : 0.0
105.36846508368312 : 16.572857613056442 : [-41.52666421845289, -36.43335971569743, -49.57128764021428, 93.63781999759536, 30.735074390455225, 98.82517419199876, 29.802002215353525, -32.03193754489577, -47.183931430254404, 26.24251185924455, -3.1749741223812684, 21.274017028842675, -43.837713489262484, 88.87489060136394, -7.724859405499606, 96.88498210252911, 48.43887136629867, 22.210262623728518, -82.30587390641868, -21.237434996647927, 35.79918206995018, 43.688184043697966, -16.31695704826867, -49.784150096765046, 98.38484087148265, 0.21681985117540412, 62.094388991861564, -83.15073433773416, -32.836881759558, 6.451853992690735] : 0.0
23.608704691367375 : 20.834001113410594 : [-41.073027500888486, -35.78308091268977, -48.825788218441964, 94.2367018161653, 31.201913345160065, 98.95875779634632, 29.865922348874644, -32.023222064618636, -47.19262337564343, 26.286036161739524, -3.0863262810890575, 21.257436058877055, -43.86625189775499, 88.8899497569367, -7.714767045281185, 96.88093669184727, 48.518857582158496, 22.224493955520824, -82.3537039806593, -21.140533364317292, 35.707575751053334, 43.380495688485475, -16.973734825794686, -50.67221510457882, 97.38576016417267, -0.85246915776601, 60.72223121743363, -85.00491787830089, -36.37658598608127, -6.138358008500717] : 0.0
23.395237547481248 : 20.54657971229741 : [-41.078781414827155, -35.778182345490805, -48.801917843406784, 94.28626459926812, 31.285401093326943, 99.06230398971974, 29.908258372738906, -31.9950452294827, -47.198923043134386, 26.281188651801997, -3.0858866804337293, 21.26767176984667, -43.87617026942783, 88.9123940026316, -7.730754201949518, 96.87965836061298, 48.51941141026349, 22.228747757871815, -82.35976157626901, -21.134392526026716, 35.703225232130016, 43.39104164300623, -16.97633641222179, -50.659831210346006, 97.37933633237306, -0.8593708667652415, 60.727483755849455, -85.00323316679035, -36.38833128393252, -6.15083541950156] : 0.0
22.856152252817594 : 20.03021075307048 : [-41.06924451912714, -35.74846461514874, -48.76118318761591, 94.3571580742851, 31.405363086125945, 99.22069745722062, 30.062409952204476, -31.97091049166542, -47.184227917568066, 26.273421212645236, -3.084449611350899, 21.26850750839274, -43.857147833773254, 88.89038415560205, -7.72391699917457, 96.87926310891484, 48.50884147032231, 22.21822077623353, -82.36041693188176, -21.154935767838026, 35.699468775612104, 43.39280208365051, -16.96009824417213, -50.6586724794345, 97.37975260301563, -0.8453011298886658, 60.72032671782133, -84.99406647202981, -36.3764875592836, -6.161954470313525] : 0.0
22.030139325073645 : 19.204579485563045 : [-41.05249858532885, -35.743845480146774, -48.722930403518745, 94.43686225310867, 31.545752414952617, 99.41977167296093, 30.283931989153395, -31.7978170207695, -47.15812920197085, 26.285313306428534, -3.083615405476894, 21.265960465124884, -43.86191600094725, 88.90422983695623, -7.713755968192595, 96.89098050661653, 48.52437168323927, 22.231990015894667, -82.35189277281526, -21.151742822229778, 35.696776627007, 43.39541263612376, -16.96255266300765, -50.680512601967536, 97.38364234248775, -0.8606599897311699, 60.73825118044364, -85.00789210935181, -36.38076843611094, -6.13635023663711] : 0.0
23.567892870954942 : 20.803795071931464 : [-41.079924114709755, -35.787251616301454, -48.81800402131726, 94.24288638831635, 31.222680585766085, 98.97530867902327, 29.87209410646279, -32.017875132077876, -47.18810226425292, 26.280376460173237, -3.0797986370228996, 21.264490864297578, -43.87818193388328, 88.89534650745188, -7.717180452863159, 96.88356039858881, 48.50616860569122, 22.222777960791596, -82.3479341016978, -21.136417730961526, 35.70869660621384, 43.38283666348489, -16.97500054377367, -50.67499035615392, 97.38225259726627, -0.8688090685820737, 60.7205291276605, -85.00400818147887, -36.37705683032367, -6.1392692513457865] : 0.0
23.398319389161788 : 20.66265852360918 : [-41.07608977290268, -35.77971670643058, -48.81100008947329, 94.26757898049799, 31.249823537563245, 99.02176422026662, 29.89786545453711, -32.02113310465171, -47.19300998427913, 26.272468792767434, -3.0859928782038386, 21.2711647019375, -43.87632506690122, 88.9001689413949, -7.717632670353477, 96.87513578682069, 48.516269936172826, 22.23085791824043, -82.3517774322185, -21.140460671318003, 35.71395816045012, 43.38461450190057, -16.969090261207, -50.669062158447005, 97.37841334588431, -0.862791355032652, 60.73078961109307, -85.00761483166089, -36.37885261377039, -6.143437676464387] : 0.0
24.33111853719361 : 21.283544147938905 : [-41.09735575663993, -35.81353074128409, -48.87854500096213, 94.13738278240285, 31.05141847887806, 98.84383172349438, 29.806110311695384, -32.032127434056505, -47.194830932046884, 26.274459642157055, -3.0957068071448988, 21.27096060150561, -43.87551685300046, 88.90000280756543, -7.710046823768597, 96.87685264309545, 48.51067903904874, 22.22787910161459, -82.35298152551792, -21.137421640329187, 35.70443151328545, 43.40117643797068, -16.985640331834393, -50.66539615723797, 97.38714120724725, -0.8501210869681533, 60.73383270671603, -85.00341087810621, -36.387866328956676, -6.126191802783552] : 0.0
23.41462578482565 : 20.657379024442125 : [-41.0675577508408, -35.78015817955625, -48.801851624631226, 94.27828240484916, 31.259570143065638, 99.03367245579803, 29.888324963036894, -32.017637142529864, -47.204837254578074, 26.27296515074064, -3.071649489199112, 21.25312936507571, -43.86976632749085, 88.89298494987855, -7.723779974636573, 96.87273781214955, 48.510630982744956, 22.23445117656432, -82.35273596946115, -21.139909603355534, 35.71604529921595, 43.38620240067431, -16.96819657943708, -50.667730066152835, 97.38602082750262, -0.8472996488198382, 60.72282765219052, -85.01549150092295, -36.39347537211721, -6.136399578622357] : 0.0
23.456390634146366 : 20.629535578491648 : [-41.07666064551903, -35.78078897858537, -48.798670894907445, 94.29011543808934, 31.2741462549375, 99.02770381078889, 29.906565552911225, -32.00753855990722, -47.19311642951131, 26.26883227883298, -3.084523538709421, 21.265028328717243, -43.889079905838145, 88.89977022740072, -7.710106932408973, 96.87905965908652, 48.51818033202826, 22.219595979996637, -82.35679105466662, -21.13657963576528, 35.71000371261644, 43.38445165927842, -16.97657464898309, -50.66691835518479, 97.39183348425914, -0.8468508246762438, 60.71335975703111, -85.02545603037193, -36.38007564192762, -6.142088183398002] : 0.0
27.65562097864146 : 23.095648809268653 : [-41.23427940544049, -36.05471156584008, -49.30362885407871, 93.61739965559455, 30.7016402804766, 98.72218253476109, 29.817735432408057, -32.05961281960764, -47.218578646312864, 26.307525118619854, -3.096231868904654, 21.236932198472243, -43.87973861072439, 88.90800899198756, -7.726397875528912, 96.87133922905372, 48.51144922328844, 22.23889650969167, -82.3742653687686, -21.161252806869715, 35.69707354305877, 43.41569312376902, -17.00615188602894, -50.65476744258522, 97.33911590299104, -0.8746513963432524, 60.71754589751102, -85.01043814541656, -36.39648627479751, -6.10934166359817] : 0.0
23.490212456736906 : 20.75049059380134 : [-41.07989324198144, -35.780288614453134, -48.80914999968707, 94.26403956491059, 31.241147813604364, 98.99783365904601, 29.87640088042334, -32.018995326440844, -47.191831025527804, 26.281771763806827, -3.081901342080082, 21.26796106514663, -43.86214587379476, 88.89708261588387, -7.721551927094371, 96.87618493856203, 48.52213762349253, 22.21930724226459, -82.35300044108433, -21.14414342384855, 35.69155500274924, 43.38744046944822, -16.974646481293796, -50.673087817184914, 97.38661086486059, -0.8631388269875955, 60.713631373979084, -84.99894640438772, -36.38103363042991, -6.1492823689641245] : 0.0
22.854658575667322 : 20.195281720156125 : [-41.05808159667242, -35.75024017836998, -48.76191463577845, 94.34367155653108, 31.3692489741238, 99.15870862754926, 30.013986337649488, -31.978021828324408, -47.18876986779671, 26.26784124004552, -3.083297182459562, 21.26909777896425, -43.864371888652016, 88.89085013104324, -7.714075387166357, 96.88081351198088, 48.51125773071103, 22.2394922732243, -82.35737801015084, -21.141880184214763, 35.700692679596386, 43.38584389699338, -16.974722612639084, -50.669968847714635, 97.3735437220792, -0.8763231226011963, 60.727362862235225, -85.00508889340617, -36.37523422914491, -6.141563444537805] : 0.0
22.897815716154092 : 20.182180252987052 : [-41.06482760728849, -35.75787172339662, -48.768190962524486, 94.33795111325476, 31.374923199573445, 99.17878372112881, 30.019966666799533, -31.99351327650654, -47.206113942529846, 26.284729641597018, -3.088142852162359, 21.269125520183373, -43.862392424457596, 88.89424217170443, -7.70810681621257, 96.88397434262649, 48.51049569694984, 22.22688328212418, -82.36271310504557, -21.143691422576154, 35.70454781588711, 43.38482820679279, -16.9711051584059, -50.66535890317813, 97.3717131213591, -0.8567147850932364, 60.7344271431097, -85.00230596684219, -36.385197101055454, -6.148809893667714] : 0.0
23.24498179775107 : 20.44590673464456 : [-41.080654834987655, -35.764202695128326, -48.78111292303756, 94.32171654899864, 31.335285673391507, 99.12786980565215, 29.967544440271997, -32.01338662952247, -47.20338303568226, 26.292442029918405, -3.0732556943273095, 21.24950326098117, -43.875113433999246, 88.89013454063812, -7.712824107091546, 96.86996241810651, 48.49588882853042, 22.23106755763468, -82.36139516581063, -21.158400985691635, 35.69784123378666, 43.39160660420483, -16.988053337879407, -50.684730249841564, 97.39187235445883, -0.8495182585722436, 60.72954772315545, -85.00676742644404, -36.383001495316435, -6.154905025646228] : 0.0
22.998785457547122 : 20.327805428981854 : [-41.056907240013246, -35.7577764412961, -48.76794492844022, 94.32936871667425, 31.36147257636228, 99.15355775223065, 29.991563209229575, -31.998337996254136, -47.19294182464657, 26.264127182275345, -3.1005532255069843, 21.255024272537696, -43.87333964310579, 88.89171114940251, -7.72947316728791, 96.88316400998659, 48.50474992534082, 22.206489764074917, -82.34694306638505, -21.142216111474987, 35.71579625197469, 43.374709161172284, -16.963474647103098, -50.67094175389792, 97.37865994588988, -0.8553447461188944, 60.727363746164194, -85.00711000736256, -36.36806762617307, -6.153099735291695] : 0.0
22.754511457138253 : 19.93452032240866 : [-41.05968745853367, -35.74339315248958, -48.7402935255336, 94.384932188169, 31.41924204321287, 99.24587061552037, 30.078257605873155, -31.971584416410835, -47.19998598111021, 26.29267017765078, -3.069371025952634, 21.248838247042286, -43.874611178747536, 88.89638627417966, -7.70564912289484, 96.87545621593615, 48.51004738871181, 22.215873364543008, -82.35895350862353, -21.13801014182358, 35.69796661949463, 43.38550442564407, -16.974862128196047, -50.67830839718927, 97.39705875885221, -0.8502554870533531, 60.73695641927127, -84.9962830698231, -36.37321867175601, -6.150506352243305] : 0.0
22.95172527684049 : 20.313699142959678 : [-41.064539006943704, -35.75809859676353, -48.772700236314066, 94.33192893110902, 31.361593065734436, 99.1458146840875, 29.98660719726285, -31.9951680021496, -47.19157235059096, 26.260490555783324, -3.0971053339724106, 21.2607890350328, -43.88002503605797, 88.90069285238084, -7.715956414694878, 96.87398916025978, 48.52181802246304, 22.218986366155193, -82.3473193818249, -21.14796554994173, 35.70715489624165, 43.383898651943895, -16.972451127072528, -50.69144342358507, 97.38052540532739, -0.8533434912582056, 60.728377131283736, -85.00270892471652, -36.381467137391034, -6.133972451841096] : 0.0
23.354853607188108 : 20.610276888880477 : [-41.074740212983855, -35.76595671417449, -48.787739593072985, 94.29052930295853, 31.28038197352195, 99.05393374776546, 29.905470617618185, -32.026322843440276, -47.1936056548844, 26.273667524089767, -3.086446893530347, 21.2447046123519, -43.873380607897246, 88.89800255782303, -7.718015110213155, 96.88383193457798, 48.50038062593917, 22.21377287818377, -82.368357821871, -21.147013770278193, 35.70957489569069, 43.39357175259239, -16.972358510242863, -50.66158031105524, 97.38583197233976, -0.8479081862384124, 60.716673515319535, -85.00600368559773, -36.372393519353125, -6.1333797236888685] : 0.0
23.198325709099393 : 20.39044398595294 : [-41.064723690624454, -35.75806118155917, -48.78216243169429, 94.29910260436964, 31.321229343776857, 99.10265003959483, 29.951639063383723, -32.003209637899495, -47.20837497273516, 26.279087343708667, -3.07264835135196, 21.258535853640367, -43.88626668045528, 88.89355525569901, -7.709563373433392, 96.87152157733681, 48.52173414784059, 22.225453201685074, -82.36012954896304, -21.14426634571565, 35.70419909152108, 43.38367902944494, -16.964587349020633, -50.67488567340814, 97.39996597722073, -0.8486822936825084, 60.727757005034384, -84.99788262914657, -36.373948466959625, -6.141047863378722] : 0.0
24.205881034547936 : 21.293135976304125 : [-41.09639142945646, -35.8246390136696, -48.887671340460855, 94.1328392002306, 31.06891379585852, 98.86535133738639, 29.812621499159935, -32.02827071858903, -47.19877726561961, 26.26632991337614, -3.08320018449888, 21.26897283891922, -43.873683497250525, 88.89645342544235, -7.701973155471446, 96.87490306669898, 48.50801434278653, 22.22957890807431, -82.34818022372637, -21.130774763961846, 35.70857282112649, 43.39264219047915, -16.971617952640933, -50.673305696237136, 97.37485289599968, -0.8605060375170144, 60.725052569028946, -85.02104563363224, -36.37982205570489, -6.142199846280835] : 0.0
22.62391124403594 : 19.761138276390856 : [-41.06101579423177, -35.73976063693474, -48.74613663893268, 94.39712783143705, 31.453500991894646, 99.28266372195714, 30.103816821869536, -31.933727029968892, -47.17112256759446, 26.27958805353029, -3.0782655601684468, 21.254168365364425, -43.86371960691786, 88.89815744637528, -7.7108591533870765, 96.88291464576238, 48.50782823384717, 22.236609110106578, -82.36688794860844, -21.138468460281093, 35.70662475394056, 43.39839537185895, -16.955094961768147, -50.660130958698915, 97.39600201292126, -0.8683831326471622, 60.720269057566014, -85.00744406199499, -36.38171220817701, -6.150794250545535] : 0.0
23.079866990146193 : 20.380478588801047 : [-41.068041292378126, -35.76643019326473, -48.7767314266895, 94.31185292891806, 31.327290325283293, 99.11317145453144, 29.961575116417933, -31.985302471914796, -47.18141633061937, 26.27509422512332, -3.07223856790238, 21.2567259604128, -43.883103394587295, 88.8925748567878, -7.708292463292507, 96.87909907323237, 48.50593184875376, 22.21464898917656, -82.34602021931275, -21.146110649449728, 35.70346443143512, 43.394895893564915, -16.974483280744288, -50.67387481486175, 97.37941471086681, -0.8591716074167394, 60.724140066193385, -85.01333980312295, -36.37652301194633, -6.146574847677982] : 0.0
24.153901427469766 : 21.084974631832058 : [-41.084937862322555, -35.79620758656441, -48.85142604091063, 94.17546222003284, 31.129155021922838, 98.87951759911783, 29.8315734949931, -32.01924460941612, -47.18921141199681, 26.282911928841223, -3.07743856145139, 21.266231788826282, -43.87728550410385, 88.87727943697281, -7.732871212702866, 96.87881971899252, 48.51652163703133, 22.213368694797666, -82.35172880164652, -21.13777707650404, 35.72355639970206, 43.37363543251511, -16.97285845488036, -50.67028933447601, 97.38083344921557, -0.857972900740697, 60.73629116786361, -85.00056947238363, -36.36317162169183, -6.132398310266036] : 0.0
23.16000362693271 : 20.520818709460602 : [-41.07014058614502, -35.768147156242456, -48.79421199658789, 94.2916044987677, 31.298056088796976, 99.08454452646114, 29.937966511574732, -32.00806517513429, -47.1973407497229, 26.268008175785877, -3.074899884828867, 21.26277903820927, -43.87537262703687, 88.89179737051451, -7.7108862689879505, 96.876441616012, 48.51485137905297, 22.224768440424423, -82.35309704557702, -21.144901808091, 35.70186469069928, 43.38932143960261, -16.98352437216103, -50.68367068146165, 97.38129901456297, -0.8571373003330691, 60.72540879535097, -85.00463104672087, -36.377306265349524, -6.14232319122147] : 0.0
