Fitness : Violation : Position : Miscellaneous
23.39709520648568 : 158044.09261873103 : [-18.541964956774663, -20.221101494880557, 19.003685108946105, -15.396975711643028, -2.7470822394741186, -12.633761585417224, 14.298710341100058, 33.08444153790923, 13.969644695152638, 3.690021401690231, 13.380102423932293, -8.56022746586148, 19.360910558290108, 23.371274536455378, 21.876706428455627, -18.029184124509342, -5.084430245322782, -10.540139762858193, -1.1922332305653214, 9.748484851155013, 7.890585134257918, -30.14163320596375, 8.392454208616904, -15.290417450029858, 12.011608740294317, -9.145610375722596, -1.4733633368813566, 1.401133619788375, 0.8660539363047983, 12.825942935398029] : 0.0
30.66085510663188 : 2088170.8297745204 : [-20.209787434508264, -6.5012237419126, -36.14261567250003, -14.133013841296421, -19.471569189495803, -11.027290269716119, 3.564985216764662, 26.12001294513834, 26.589993203142754, 30.518509737433952, -2.482739942209257, -7.72370002111669, -46.998606475384136, 3.9458126841719583, 0.604246085251221, -17.516425088621688, 12.894027867382519, 29.90450009887301, 15.559802543198145, 20.41505728736302, 32.28735958448058, 26.14500299388959, -16.029181387061584, 17.6328359047974, 16.437176262235383, -12.443825123600384, -10.680464670325067, -45.7313444493104, 10.478823789271726, 20.45085884299992] : 0.0
28.40066191253724 : 409473.3266685178 : [-5.227222655367441, -6.496489652633953, -6.98912580031233, -6.0750197934231025, 4.231477307788016, -26.372439276393923, 0.021193782504452585, -5.444724631545093, 10.95657992564943, 2.492919254929836, -3.2715297146787563, 17.22910703252326, 28.959256137818027, 35.59575829789139, 5.1726873650936795, 20.324826688150292, 0.6267559964000462, 24.372586517517057, 12.862979348276138, 8.52659410482972, 0.8290356317446097, -12.576895968458818, 6.728927423599672, 1.8743669123588287, -12.070019338024533, 3.7938334419768154, -28.032289111607653, -23.825626519261007, 30.538622884934398, -15.831628026899267] : 0.0
21.523774132170686 : 367758.6049193983 : [-2.230366346082911, -11.852066999759739, -8.288811473081552, -24.09338032450075, -3.006245643452907, 18.239021807682, -5.984854829006366, 24.809597587745692, -2.1931162164261195, 3.7149254757675028, -26.4703362201128, -4.546597117390952, -15.949691218045995, 13.066441546049619, 9.54296075492707, 0.20728725309849239, -16.842607519006243, -0.33116046796823184, -37.73433129030058, 7.435820711666288, -1.5407665649108946, 17.007922019428396, 14.230737384373068, -1.2535229030882924, 2.127927753082765, -14.487212391324665, -31.937232253988835, -3.040871450997919, -13.654390480082604, 4.101321891570201] : 0.0
19.51146208720201 : 208162.00103112267 : [-6.391112121673041, 20.283765510843732, -3.7757695565318974, -1.3013514245954596, -18.64850243955655, 8.893011897526023, 28.307206695734948, 20.71152288290763, 11.90595937987138, 20.55794738153476, 6.464729680207013, -0.9019491110309161, -9.462575853002118, 16.592046481166054, 14.289936674485343, -0.029275698265919914, -16.514968329025418, -12.988169549580705, 5.110838417086331, -26.186132208419288, 16.331044257529605, -11.558331627605636, 26.39974226137516, -16.19870503557526, -7.580531563376791, -11.494436362825168, -26.511173767617223, -5.808304497638208, 9.456084892971068, -33.4824972713713] : 0.0
23.272194805821698 : 209924.1557166833 : [2.4799025445485996, 17.911377670556433, -38.71316755491145, -30.926197807353294, -20.34428163904375, -49.50666292847784, -19.227249988326875, -36.825750313749964, 5.052714422955354, -2.046310541346962, 17.24051641760876, -23.04875874390896, -32.41062987750537, -12.858566044527375, 20.86748761389245, 9.138332916994642, 15.631289336559227, 0.26480182864528956, -15.326770427049484, 6.609670008835941, 11.418167254979394, -5.963998244638908, 15.265693510075295, -5.349035294935497, 32.71860681321455, -24.50949830991879, -31.68062378052684, 11.314229812667605, 13.237177933276953, -23.854587310829988] : 0.0
25.726571313526197 : 511828.5461203357 : [-1.9490492456612465, -10.788270356031425, -23.434095492859527, 9.857404131725518, 17.822517527788776, 29.55887506009134, 23.6130105942889, 35.150657764223084, 21.998447271591097, -11.75397572573577, 4.67578986233626, -8.292468111588057, -14.48090246036478, -8.558757297675237, 20.804039457412365, 0.4948046015413752, 23.459833848051282, 29.12592857022321, -2.4856298618503714, 6.980055817363503, -14.10046956609662, -14.878363243110872, 10.863252340707582, -24.58973509611019, -0.2588865585401354, 5.322722978808908, -1.5448436616476897, -24.278197061469676, -19.600136925243994, 17.744863360948344] : 0.0
23.24943764190217 : 170888.0835160696 : [10.116246417512327, 9.80979593705824, -12.721754900100336, -9.043865532777929, 3.6628093142524465, -0.7308254421827645, 21.28518593367321, 14.503527483182154, 19.28266241892866, 23.149705384044143, -12.478787970375727, 16.708545128646662, -9.766837985787795, -3.7992839973395434, 2.240375807750082, 7.680625425686415, -22.122847098317717, -6.905457949507627, -2.622935677238468, 9.242673636942495, 29.312923678967323, 0.10893166991438719, -2.1675356680928477, 2.154398723886075, 5.530214607011633, 1.5796014270837322, 7.764663846237633, 4.774961546766473, -7.067583613499368, -13.965267187394033] : 0.0
22.396867860669296 : 161505.67367158085 : [17.198190192466424, -8.894324182701041, -11.987950519785267, -7.528376122327725, 6.129529866632254, 14.56341011343013, 12.750522921873795, 32.084214192092844, -7.3256703771447995, 15.314049831202984, -21.545594314917118, -27.64599132680436, 2.9047391155150137, -1.2497999582781674, -8.456320417228902, -16.314231675684987, 19.813110439945447, 24.338537872108287, 4.448981237989846, -6.822861738214346, 24.64104334225592, 6.196989166337325, 5.946100284238169, -22.31871694013315, 10.42904799598686, -6.379700493738651, -26.734580994336696, -2.295269522273159, 8.35436780055619, -2.511428607006529] : 0.0
26.475505868575997 : 584785.8074468982 : [10.001077381159602, -14.196394603327903, -32.491784153464764, -10.819479450265348, 13.020787212504422, 15.299391400267275, 4.001098461112692, 4.355573192728482, -13.655132993995792, 4.599281123335823, 10.979004869669446, -15.458103535216363, 11.17501897195084, 16.903613322992083, 15.561037038724663, -3.106877320082056, -2.807842138756861, -8.632450413546987, -28.471387747622927, -16.689618520606402, 31.803743874828925, -31.15651948905679, 12.569872714395537, 17.485242093900332, 28.28069989863493, -12.400297170844453, -26.80975137891621, 8.371447882399906, 33.71261550339039, 0.7109539011640784] : 0.0
25.573153891922363 : 219526.26353362008 : [19.46742046391858, 5.019445060019127, 23.058162274324445, -10.372748535175806, -23.44688537969207, -39.495164321364975, 4.78816357690971, 9.196520823869434, 4.785739855552308, 32.22055386349998, -12.834483296182684, 22.595262100433153, 6.734086568616284, 3.8312980338403904, 15.946549365839362, 2.6519106950174987, 11.489652108090201, -18.05479484066006, -11.61783993045492, -2.14080153331912, 1.7067615758868868, -18.54956941236869, 16.775254085288502, -22.80289320939368, -6.726039426163971, 16.59133789161163, -7.281711560226588, -1.4745617029266462, -6.19269157714583, 22.248454926784625] : 0.0
28.160164287843834 : 496960.9748396467 : [-26.33761617702005, 33.1686157719672, 26.465553916104657, 5.7388033071546625, -7.134939982029433, -20.045411491732562, 29.940492308838678, 22.019940256939222, 11.92838029090382, -13.777855618364587, -20.072332802717625, -14.610864980042479, 16.442235163649016, 10.04297709531862, 12.912273442696424, -1.0257828440408119, -4.91684942232725, -4.784358078404254, 11.493887602031588, -16.833670974154735, -7.094787596173262, -13.25566021999131, 19.06972631295791, -38.95067937481489, -5.860531361182687, -13.710680125278621, 18.01532792812963, -6.0314981248314865, 30.31279208070777, 13.560643312134282] : 0.0
21.442479394386734 : 207905.08394282722 : [20.5721033982623, 19.530620714212372, 6.460511866728453, -28.012667912240925, -4.984240752450298, 11.667969316725085, 12.612822920133809, -4.808982223301659, -17.755082726657868, 9.05514093956014, 22.87696962422276, -8.103784680403756, -12.901316187873668, 13.746698527448501, 20.274581250104145, -27.14169208445776, -21.52621642422191, 14.588118382318862, -6.422591202746318, 5.346137974747441, 9.177447785659473, -14.948464379662141, 20.407059213474426, -18.12348035088772, -9.348932563628718, 8.04885830689658, -2.7052744089454634, -9.432613541437288, 15.360125802976471, -2.2282096638804774] : 0.0
27.288325143589145 : 460184.58894535375 : [7.652342003182831, 2.8129091246694493, -6.93975297794546, 8.91127460782026, 1.184913759114039, -16.28516887281175, 3.4069246425418527, 23.103305613813486, -8.478275661749466, 32.10796309564144, -23.736703961952557, -2.848151326554313, -47.82969949235789, 13.694149358508621, 4.961141750703309, -11.458074209475042, 19.4534196433854, -9.095315305975392, 18.09076036003495, -8.993074266745376, -1.7184698023424847, -9.857431661422178, 9.305293428557, 18.29806136891348, -10.132463221674612, -16.9390078370567, 9.55800609197684, 1.3364439996399504, 26.525423988248917, -10.992039269147334] : 0.0
26.550653328998735 : 1056284.270728481 : [-21.996297616843165, -42.96821551804848, -37.88396485247965, 5.277153659357936, -21.849547471377146, 25.911955683573236, -7.33110583773648, -22.037516060521632, -24.104129223410162, 20.853793726133656, 10.049292246153476, 5.646556770645898, -6.207550822625597, -11.915093477802007, -8.38312543651962, -20.418466487127475, -35.846553590993324, 33.031183326263815, -40.490637738535774, -6.9409234632539345, -16.668902754928453, 2.1234039491562555, 15.240219080663223, -39.87727388511754, 12.116061235406018, 10.676643172438451, -5.371715430122105, -10.904692369134672, 20.148271595358835, 3.0780442551146265] : 0.0
23.486637673753822 : 147536.4224478123 : [-21.257479954100305, 18.480984889246514, -15.377478454858796, 9.09915762081365, -12.969985430913056, -3.1349683534324395, 21.65598093345249, 10.890541540395965, -17.858055311162083, -19.538274169923003, -7.521164789568751, -11.97011442758648, 19.188966816355652, 11.388419286603877, 9.398775680890655, -6.563724035717254, -13.572586337382107, 24.95637293000507, -5.527156031686874, 19.9578946288185, 18.18062352963884, -13.561816041125578, 7.285562391655235, 5.126735751242508, -4.5295604786178245, -0.7458331190693848, -2.9767261155390354, 17.15282995091548, 9.602172916797631, -19.3308754895003] : 0.0
22.845912725584288 : 185261.87246040377 : [18.852961947124072, 1.2349185247948995, 2.8379440777861973, -21.0701976832357, -8.804699576254247, -1.1451652860292398, -15.404198532012575, -1.8804080659231348, -19.30132491351405, 11.737881605332301, 11.477549974410888, 22.339381510497486, -10.047597981252224, 12.207508098031283, -13.33861168380325, 9.265194850100695, 1.0783683312158772, 16.91288220924062, -16.658985425756672, -8.280609264938668, 19.5061495540271, -10.983158737986273, 18.546562265652128, -19.83736222763985, 26.246263649021472, 12.746986026242313, 10.526415709463405, 14.304312021199218, -14.684141749203494, -15.257037372300385] : 0.0
21.826647253584923 : 460639.4611059892 : [-12.26417750485034, -11.299157303763753, -17.19025520151589, -19.449755351348898, -0.5660463176422592, 8.60749639433894, 9.674896664211662, 0.9164062454878774, 6.262055280833302, 16.20747580498118, 21.45652762357581, 17.633287097314806, -10.927672549367369, -2.4150495348148837, 17.620001172645104, 7.722584090539803, -20.11508182778731, -26.206294661795372, -8.57160458335185, -10.319075308006125, 7.206215476647596, 17.030560516784185, 0.14101248419601062, 1.8003865197797992, 31.273059260977774, -4.388412047357429, -19.438484952622737, -15.24762547050955, 16.612734176412097, 5.577655598960241] : 0.0
25.988197399941956 : 816991.7533726535 : [12.837334521957436, 3.420019792607903, -9.029570668693507, -28.515769619585456, -3.786314353123018, 35.44287290802012, 32.732464775661946, 29.102377911175015, 2.4650072305555266, 31.45256139215349, 12.415142284226615, -11.006171086828003, -5.905218215484259, 33.85898508515564, -5.264195172034253, -14.2212681043904, -9.55599409820408, -16.29253818169306, -26.94390713568096, 2.496024148469724, 8.708243301375315, -35.43472691716038, -3.62645182192761, -15.19535069318686, 27.597294760169458, -13.559061044019849, -36.69162679769348, -27.530521140384337, 33.85683208529505, 17.847506137417277] : 0.0
28.20167812069207 : 303171.7243813901 : [29.021880474419973, 24.566079366366214, 19.128846111565775, 10.522613821768225, 24.72361855320387, -14.985679395228559, 8.235260124439538, -10.89977426822076, -24.788783489622322, -26.684802936663267, -7.823975392935207, 12.470077732078128, 27.61223755128143, 19.811806589995246, 4.365391884505252, 0.06361699446042213, -5.565181093777536, 4.937150892866438, -14.806888990703193, -5.133634683536961, -16.01784212092964, -33.52706908576875, 29.012215656964006, -19.09498876088319, 15.721111007475008, -13.130486923495255, -20.60103750078239, 4.515548927298751, -0.8953192489748822, 19.245885172491462] : 0.0
27.950523606195564 : 413345.14726047555 : [2.0562274859876766, 10.869823824910007, 15.451907467055804, 3.6675263890962952, 7.540800467785488, -1.589168378355815, 29.078847393036753, 17.504503069250234, 2.9895093807206763, -24.888548086231268, -19.876829768438707, 0.01812617057398036, 15.854404830840135, 1.4419273241675619, -0.30540843281481855, 0.30199680238316695, -8.565841713256662, 30.912461279332145, -24.785438401277723, 23.64788134563368, 9.401080756761491, -15.872628393117445, 10.74315746464093, -11.79585107630847, -3.0570700565314524, -5.1261195547944105, -24.14570033151752, 30.028161981123432, 17.13581954979692, 8.853097133979158] : 0.0
27.356497968298815 : 506279.80291833816 : [9.366516023120269, 11.452808626283062, 18.825108185838282, -18.50634249496809, -45.106132159699456, -3.2586712599270173, 14.995491641112533, 19.574648263250666, -24.49221561917058, 30.01515504776573, 14.752009221236918, 8.734016996374109, -2.6130801060086455, 35.276440391819456, -16.981967462368072, -20.17016823293084, -10.01437851759539, 6.216353074027463, 9.404862891906806, 22.77053318306939, -0.6835729806939952, -13.483562891044425, 34.155049937698934, -0.6235211723530476, 1.7317635717664572, -3.1967323456512364, -38.43684206117057, -7.40079403818433, -2.991361485727833, -0.9842598038687811] : 0.0
26.93588590923362 : 374181.718292922 : [-15.957787551256192, 32.19604004956882, -16.6188528909371, -12.897488296458526, -3.3089232375665247, 20.28027338201955, 7.494135213135014, 33.61541573084547, 17.751636229331993, 8.387739561688733, 16.356491369006392, -16.35628231537986, 2.7901476533051124, 10.06951793719972, 12.87908429412732, -18.23237013318065, 4.572289356007431, 8.832776186656623, 1.1531168948531514, -35.0365271223564, -7.362147348471699, 9.560389359963608, 25.568841424187493, 6.1824913839664495, -4.0955933137831355, -14.039293697141886, -10.673139680524695, -3.125528085568563, -10.534625712120688, -3.919628744888631] : 0.0
27.442674001074376 : 355006.55838442396 : [5.731066811676817, -5.915965574348824, -6.819914920445584, 20.357306634278864, 27.300937395578835, 31.237874170981016, 26.70112598443112, 36.719526648943514, -40.21034519380855, -23.42736252530685, -21.798757098787092, -10.04042336041837, -19.529035742307293, -16.523286331201476, -19.082874541232954, -4.338721185129643, -6.1209340438481235, 4.786857598691428, -28.485967759484897, 5.652455827503015, 33.34367377965829, 0.5088209227669553, 0.7695037594007701, -29.096365753184916, -10.996719200646744, 10.367022653056601, 4.729142619265318, 14.422520337714756, 31.10845228440347, 24.50684297021733] : 0.0
25.95552787758157 : 358145.2829329329 : [-47.5831524955748, -2.134187318251481, -8.848607789229277, -3.0003769953259862, -20.980565162387677, 26.37249702972209, 1.5832099520511917, 16.276687246033497, 11.830561198701062, 32.60292784915919, 11.296496202966114, 17.959610696908964, -9.757833189059522, -2.56493997728578, -7.093773794627975, -15.526856834243421, 15.190034584346348, -6.003200279543931, 3.1028152246518097, 10.756101161641826, 30.85574470922136, 7.828082885438953, -10.246816744027228, -9.634394581748797, -5.462743460929188, -28.30823475541274, -26.166509142478738, 26.02082000214119, 23.04120292291595, 3.9529009940333015] : 0.0
26.327045342429244 : 156596.29049015694 : [-0.4002640274417371, 9.215696611016213, -6.072931919767139, -27.273979881938228, 8.901556785704441, 28.9492606723028, -4.7623689330213175, 19.975720256975787, -2.728891231274261, -7.290971296779379, 18.32925111193382, 9.090935163820578, 26.88563956771003, 12.87330741393778, 4.498653635718253, -24.277107321619596, 8.020108256586177, -13.827412304815558, -10.14263230076057, 13.592048562140832, -7.487532726829219, -14.407231941726769, -5.496507545607773, -15.520351839413284, 7.987981917855155, -6.866008628286194, -14.775873787765788, -0.2094437705772627, 7.769056310172928, 13.474196516669988] : 0.0
25.862836370454612 : 316496.3115482726 : [2.326044391774971, -12.385676925741858, -8.331884480212247, 20.273537640124207, 10.611839782465694, 14.710005216993837, 1.073783160548639, 31.567475616748197, 1.0451905270359916, -2.8327834514648282, -20.785142468425732, -17.21561185186829, 17.166702359628466, 21.23361888914541, -24.460872875501174, -1.5057757422175193, 20.168550562230465, 30.43989553953201, -20.13535470914266, 13.459432555201747, -10.915153409021741, -10.7126098346943, -9.643339285452205, -3.126731097098798, -8.968720632436277, 4.314312231558223, -1.5829208232664067, -8.50505673393725, -15.1224633724823, 19.005269934500614] : 0.0
24.617319448312422 : 508800.2029388962 : [23.481697833634758, 26.19259477976947, 22.922709076573245, -0.5544484628727495, -16.505066676403295, 0.36744062854649684, -1.124229820863718, 15.628268603071426, -20.35423071752058, 18.241835053241168, 20.210247947155345, 9.949167234073402, -12.541728675934959, -15.549344825374328, -21.863345827145334, -1.8238202266712769, 15.713478878323581, 26.531103908012106, -37.861003200488305, -13.817730764273652, 28.622156526948576, -15.550712102388683, -16.98125931636863, -17.665284341552365, 31.594439523204596, -23.9012346237592, -7.283685534736605, -5.881899966321697, -3.9285372750933636, 18.13460921460532] : 0.0
26.112628670638134 : 325836.2832351418 : [22.27381560057006, 28.616505509902517, -11.28410635770543, -18.434202976925953, 10.815622917571574, 16.08072474751087, -1.2727100262437236, 10.371190335261447, -34.231904675814, -19.21125103566863, -7.8853398692778125, -3.5828192962478997, 26.67122289591892, 22.112587866159988, -7.640805648312768, -14.491308594715237, 17.56324623053316, 31.696077047929574, 9.933767733862329, -9.131086328453343, 27.79822037855638, -5.863321051799527, -3.418839020429962, -2.3743345221665457, 11.80301110539868, -10.04380480137061, 15.298751101727486, -7.896485951778585, -0.6017622308278359, -35.726985903502054] : 0.0
28.04762557515264 : 462987.9314564507 : [-35.37416899932749, -7.712722975975545, 0.647311560691854, -5.995655015700692, -3.5785278312898665, 6.7509636288607435, -7.753206672367401, -7.469540171872376, -17.736697429768377, 29.48758341595233, 28.872842277343036, 9.877809142939256, 23.467908145207588, -12.195561953911534, 29.43134157782621, 14.204139806794174, 4.305958102014975, -26.601579010676353, -14.135859757041061, -9.198587324722133, 15.594877555750525, 17.14775030030485, -1.576519246676284, -26.886576659784424, -3.8484343331869866, 1.3416898162628126, -14.295477225656281, 19.821416376852085, 25.04981418385899, -19.467270620487373] : 0.0
