Fitness : Violation : Position : Miscellaneous
2.4701522423755076E-31 : 7.30003873781471 : [-1.8662062209771657, 1.9207222045300796, 2.96667018191607, 3.1475791131352002, 2.105572798007518] : 0.0
1.920093586939857E-15 : 4.180329138967559 : [-1.607194037609367, -1.4917193177981618, -2.631485314875171, -2.4492063756375084, -2.1930256237482197] : 0.0
1.407958933098304E-17 : 4.978552697933253 : [-1.7252238309638543, -1.2779398851863155, -2.539551902651366, -2.6977622829865, -2.568829553504756] : 0.0
3.252549887909542E-7 : 3.107760807745636 : [-2.089592701327059, 2.253678421242972, 1.335093105670131, 1.6151438253799943, 1.4710762838287403] : 0.0
3.7908992025104544E-8 : 4.647984716147913 : [1.1930937708392846, 1.2657262487842464, -2.6086762354964614, 1.7031782878468738, 2.5468217264090756] : 0.0
1.004045408139488E-8 : 5.61409275883551 : [-0.874155055161649, 1.8413747288928297, 2.214226726427449, 1.8531244491671899, 2.788387677198105] : 0.0
2.1378607608306995E-4 : 3.4543172400934665 : [-1.605121966486685, 0.4724160171527382, 2.644599375157979, -1.447605458737071, -2.9109948265959735] : 0.0
4.363040089128811E-7 : 4.045790286337836 : [1.798791341402512, -1.77224733446547, 2.8503747656287652, -2.438329869423664, -0.6609789895719902] : 0.0
9.178561252973263E-7 : 2.5205058104972515 : [-1.9005475440504531, 1.5137705925124911, 0.9070726754023006, 2.530768282172083, 2.104843490863442] : 0.0
3.977817834938944E-7 : 5.131770013071988 : [0.9958554586083099, -0.8675799434624902, 3.1300852901072487, -1.7832387859762922, -3.055964284539888] : 0.0
9.847137576792993E-10 : 13.649560672467468 : [-0.8287723560179239, -1.6000309609835304, 2.3895761033881655, 2.5773221536001056, -2.5393799553851473] : 0.0
3.624768682241506E-8 : 2.5099070456242587 : [-1.7215669985517796, -1.6292480892122803, -2.527387718779778, -2.024516255911886, -1.1937856250927112] : 0.0
1.0650987872272672E-17 : 11.17533001102755 : [-1.92173762763878, 2.027084030680337, -2.1500105334016792, 1.8169494407360705, -2.5681184284938787] : 0.0
9.917964716117644E-38 : 14.225867300113665 : [2.204398192578423, 2.2100470692982634, -2.459365500850219, -2.8717763134133407, -2.476248048721644] : 0.0
6.006751809480877E-13 : 3.6359985339812524 : [2.2039969352147812, -2.207141649244168, 2.123506690370592, -1.929039705961161, -1.4122098750295085] : 0.0
2.6070197588661062E-8 : 16.435726980422967 : [-1.0809274679338086, 1.320629881807962, -1.6063269893871936, -2.4028428982301686, 3.169339346174824] : 0.0
5.79940436228784E-5 : 1.2462030139595204 : [-1.3471823138375045, -1.213472152369917, -2.1801478127656897, 1.4346523026831337, 1.907858085781978] : 0.0
5.1352376659123274E-14 : 5.266430696757449 : [-1.5046033468202455, 1.8274652224891001, 3.0223270996516245, 1.9156580245077366, 1.9221698401466316] : 0.0
4.038484788118045E-7 : 2.764832377869657 : [-1.548408287244468, -2.1549281490045855, -2.4757019227558232, 0.8493727218036675, 2.0982563121192426] : 0.0
5.609438751159902E-20 : 5.930087612636544 : [-1.4708224920592765, -1.7407325433687446, -3.138607967626099, -1.7836501902536397, -3.0926568305554483] : 0.0
3.246284826045255E-17 : 6.446286494110311 : [-1.4975163348206981, 2.0595234604475916, 1.959981471481747, -2.3736286927047328, -2.646042179477033] : 0.0
6.915761914286046E-24 : 6.024833716875491 : [-1.8832654458382867, 1.5114338359576722, 3.121466300672764, -2.123013259756352, -2.8271262800453867] : 0.0
1.4808996184249518E-5 : 2.2499310883760812 : [-2.228088557071096, -1.0619497732296972, -2.6691941040756024, 1.3818054835571298, 1.2742424284624838] : 0.0
4.597946360805515E-6 : 7.512047384638457 : [-1.28866110615741, -1.2941833242491478, 2.3818312738678094, -0.968616398045915, 3.1941186628173153] : 0.0
2.1819266971561058E-8 : 3.8475898097543344 : [2.1397439102740075, -1.7618216299134983, 1.5247705847581239, 1.8885220704046963, 1.6250244734627008] : 0.0
5.569429124306952E-6 : 2.57181249556785 : [-1.144247887850721, -1.5673513526676248, -2.7706642930287786, 1.0766663647769719, 2.2613608534324987] : 0.0
1.5005985784876833E-10 : 4.788012357152975 : [-2.158614407402199, -1.0325806016045473, -2.7504904268793324, 1.1868505466227497, 3.1087596247428] : 0.0
2.7510686877602375E-15 : 5.126709546535324 : [-2.2160108905558364, 2.1206154064165297, 0.981219339485425, -3.060007770190066, -2.3761262013640945] : 0.0
1.2409067869724845E-7 : 3.5135330983908353 : [-0.698944911882591, -1.9241653983674105, -1.884379368447652, 2.2678512863349707, 2.7668805113139916] : 0.0
7.10836276346205E-15 : 4.243462560372869 : [1.9355237847544302, -2.074733860364333, 2.236232664588801, -2.8359259522639237, -1.2792193836587344] : 0.0
