Raw 7D
64.89059284883908
46.20447781179221
40.571650335918754
41.289304113332726
29.15570406025499
32.6968792920682
45.842123843878625
45.49433062346023
38.872028351095864
55.417600530440865
52.0903809608955
45.6660289996152
47.13911067489414
44.80991791622372
56.95332522418681
29.819174519279812
41.29917608687871
29.59917392156411
44.07462602817089
47.67479556161361
46.644486791731424
31.612773865162634
46.08017664076334
56.339491006855084
49.39778019472713
42.53404529400706
39.919025282965706
44.33909870158466
40.95776992739124
54.78875799477868
