Raw 7D
0.09585714285714286
0.09742857142857143
0.10257142857142858
0.095
0.09671428571428571
0.10085714285714285
0.10428571428571429
0.10257142857142858
0.10971428571428571
0.09728571428571428
0.09871428571428571
0.09957142857142857
0.10114285714285715
0.09885714285714285
0.104
0.09671428571428571
0.09985714285714285
0.099
0.10185714285714285
0.09857142857142857
0.10014285714285714
0.10271428571428572
0.10242857142857142
0.09585714285714286
0.09885714285714285
0.10214285714285715
0.10742857142857143
0.103
0.10042857142857142
0.09685714285714286
