# FVC 2D Coordinates
-00.0001 00.4312
-00.0995 00.0155
-00.0826 00.0000
-00.0620 00.0000
-00.1347 00.0000
-00.0475 00.0000
-00.4535 00.3798
-00.0435 00.0000
-00.0430 00.0000
-00.0867 00.0745
-00.0026 00.0000
-00.0027 00.0000
-00.0038 00.0000
-00.0018 00.0000
-00.0883 00.0000
-00.0040 01.6930
-00.0872 00.0000
-00.0145 00.1096
-00.0138 00.0000
-00.0343 00.8212
-00.0462 01.2083
-00.0982 00.0000
-00.2348 00.0000
-00.0069 00.0000
-00.0175 00.0000
-00.0336 00.0000
-00.0567 00.0000
-00.0313 01.3943
-00.0001 00.0000
-00.0158 00.0000
-00.0000 00.0000
-00.0010 00.0000
-00.0572 00.0000
-00.0309 00.0000
-00.0013 00.0000
-00.0126 00.0000
-00.0326 00.0000
-00.0753 00.0000
-00.0590 00.0000
-00.0380 00.0000
-00.0075 00.0000
-00.2118 00.0000
-00.0316 00.0000
-00.0026 00.2168
-00.0002 00.0000
-00.0017 00.0000
-00.0000 00.7000
-00.0315 00.0000
-00.0367 00.0000
-00.0000 00.0000
-00.0002 00.4349
-00.0148 00.0000
-00.0560 00.0000
-00.0370 00.1395
-00.0780 00.0000
-00.0426 00.3475
-00.0067 00.0000
-00.0000 00.0000
-00.0771 00.0000
-00.0050 00.0000
-00.0001 00.0000
-00.0602 00.0000
-00.0598 00.0000
-00.0388 00.0000
-00.0004 00.0000
-00.0183 00.0000
-00.0362 01.3918
-00.0952 00.0307
-00.0000 00.3539
-00.0534 01.0446
-00.0107 00.0000
-00.0037 00.0000
-00.0502 00.0000
-00.0117 00.0000
-00.0709 00.0000
-00.0207 00.0000
-00.0694 00.0000
-00.0003 01.8393
-00.0014 00.0000
-00.0746 00.0000
-00.0000 00.0000
-00.0725 00.0000
-00.0512 00.9367
-00.0928 00.0011
-00.2732 00.3599
-00.0088 00.0000
-00.0005 00.0000
-00.0545 00.0588
-00.0533 00.0000
-00.0880 00.0000
-00.0162 00.0000
-00.0014 00.0000
-00.2046 00.0000
-00.0438 00.0000
-00.0133 00.0000
-00.0073 00.0000
-00.0421 00.8992
-00.0077 00.1172
-00.0262 00.0000
-00.0248 00.0000
-00.0490 00.0000
-00.0010 00.0000
-00.0028 00.0000
-00.0235 00.0000
-00.0004 00.0000
-00.0462 00.0000
-00.0038 00.0000
-00.2300 00.3445
-00.0216 00.0000
-00.0001 00.0000
-00.0115 00.0000
-00.0432 00.0000
-00.0220 00.0000
-00.0206 00.0000
-00.0000 00.0000
-00.0000 00.0000
-00.0004 00.0000
-00.0007 00.0000
-00.0004 00.0000
-00.0096 00.0000
-00.0235 00.0000
-00.0007 00.0000
-00.0000 00.0000
-00.0278 00.0000
-00.0027 00.0000
-00.1014 00.0000
-00.0250 00.0000
-00.0386 00.0000
-00.1035 00.0000
-00.0002 01.5445
-00.0516 00.0000
-00.0319 00.0000
-00.0555 00.0000
-00.0136 00.0000
-00.0296 00.0000
-00.0170 00.0000
-00.0001 00.0000
-00.0026 00.0000
-00.0556 00.0000
-00.0033 00.7141
-00.0444 00.0000
-00.0167 00.0000
-00.2039 00.0000
-00.0811 00.0000
-00.0855 00.0000
-00.0006 01.1684
-00.0056 00.0000
-00.0215 00.0000
-00.0004 00.0000
-00.0782 00.0000
-00.0359 01.1159
-00.0030 00.0000
-00.0089 00.0000
-00.0756 00.0000
-00.0111 00.0000
-00.0064 00.0000
-00.0026 00.0000
-00.0096 00.0000
-00.0000 01.9330
-00.0196 00.0000
-00.0818 00.0000
-00.0013 00.0000
-00.0037 00.0000
-00.0000 00.0000
-00.0094 00.1191
-00.0015 01.7361
-00.0618 00.0000
-00.1457 00.0000
-00.0000 00.0000
-00.1477 00.0000
-00.0458 00.0000
-00.0041 00.0000
-00.0126 00.0000
-00.0010 00.0000
-00.0035 00.0000
-00.0050 00.0000
-00.0008 00.2703
-00.0000 00.0000
-00.0641 00.0000
-00.0091 00.0000
-00.0193 00.0000
-00.0011 00.0000
-00.0000 00.0000
-00.0314 00.0000
-00.0013 00.0000
-00.0126 00.0000
-00.0228 00.0000
-00.0578 00.0000
-00.0006 01.5690
-00.0252 00.0000
-00.0113 00.0000
-00.0066 00.0000
-00.0154 00.0000
-00.0126 00.0000
-00.0199 00.0000
-00.0569 00.0000
-00.0000 00.0000
-00.0056 00.0000
-00.0004 00.0000
-00.0002 00.2307
-00.0089 00.0000
-00.0147 00.0000
-00.0001 00.0000
-00.0235 00.0000
-00.1223 00.0000
-00.0970 00.0000
-00.0053 00.0000
-00.0005 00.1390
-00.0068 00.0000
-00.0415 00.0000
-00.0186 00.0000
-00.0062 00.0000
-00.0003 00.0000
-00.0024 00.0000
-00.0231 00.0000
-00.0277 00.0000
-00.0720 00.0000
-00.0378 00.0000
-00.0000 00.0000
-00.0263 00.0000
-00.0598 00.0000
-00.0839 00.0000
-00.0012 00.0000
-00.0008 00.0000
-00.0218 00.0000
-00.0227 00.0000
-00.0035 00.0000
-00.0004 00.0000
-00.0579 00.0000
-00.0031 00.0000
-00.0507 00.0000
-00.0000 00.0000
-00.0041 00.0000
-00.0459 00.0000
-00.0098 00.0000
-00.0244 00.0000
-00.0272 00.0000
-00.0006 00.0000
-00.0017 00.0000
-00.0232 00.0000
-00.0191 01.6333
-00.0026 00.0000
-00.0039 00.0000
-00.0021 00.0000
-00.0059 02.2646
-00.0222 00.0000
-00.0006 00.0000
-00.0430 00.0000
-00.0766 00.0000
-00.0328 00.0000
-00.0010 00.0000
-00.0276 00.0000
-00.0001 00.0000
-00.0002 00.0000
-00.1052 00.0000
-00.0270 00.0000
-00.0017 00.0000
-00.0879 00.0000
-00.0153 00.0194
-00.0074 00.0000
-00.0326 00.0000
-00.2918 00.0834
-00.0089 00.7148
-00.0948 00.0000
-00.0003 00.0000
-00.0005 00.3073
-00.0001 00.0000
-00.0013 00.0000
-00.0012 00.0000
-00.0876 00.0000
-00.0047 00.0000
-00.0223 00.0000
-00.0009 00.0000
-00.0521 00.0000
-00.0066 00.0000
-00.0500 00.0000
-00.0492 00.0000
-00.0274 00.0000
-00.0573 00.0000
-00.0164 00.0000
-00.0320 00.0000
-00.0005 00.0000
-00.0003 00.0000
-00.0475 00.0000
-00.0544 00.0000
-00.0274 01.2536
-00.0002 00.0163
-00.0024 00.0000
-00.0117 00.0000
-00.0138 00.0000
-00.0127 01.1372
-00.0250 00.0000
-00.0039 00.0000
-00.0010 00.0000
-00.0000 00.2763
-00.0001 00.0000
-00.0198 00.0000
-00.2364 00.0000
-00.0008 00.0000
-00.0190 00.0000
-00.0003 00.0000
-00.0536 01.3305
-00.0424 00.0000
-00.0619 00.0000
-00.0027 00.0000
-00.0016 00.2690
-00.0201 00.0000
-00.0010 00.0000
-00.0082 00.0829
-00.0004 00.0000
-00.0064 00.0000
-00.0059 01.7630
-00.0000 00.0000
-00.0154 00.0000
-00.1051 00.0000
-00.0051 00.0000
-00.0003 00.0000
-00.0715 00.0000
-00.0892 00.0028
-00.0005 00.0000
-00.0002 00.0000
-00.0664 00.0000
-00.0005 00.0000
-00.0000 00.3266
-00.0033 00.0000
-00.0304 00.0000
-00.1452 00.0000
-00.0036 00.0000
-00.0046 00.0000
-00.0937 00.0000
-00.0097 00.0000
-00.0071 00.1857
-00.0098 00.0000
-00.0267 00.0000
-00.0283 00.0000
-00.0228 01.5412
-00.0214 00.0000
-00.0329 00.9657
-00.0030 00.0000
-00.0000 02.2314
-00.0000 00.2344
-00.0215 00.0000
-00.0637 01.1269
-00.0014 00.0000
-00.0160 00.0000
-00.0062 00.0000
-00.0010 00.0000
-00.0000 00.4956
-00.0091 00.0000
-00.0730 00.0000
-00.0000 00.0000
-00.0378 00.0000
-00.0001 00.0000
-00.0296 00.0000
-00.0005 00.0000
-00.0871 00.0000
-00.0729 00.0000
-00.0259 00.0000
-00.0439 00.0000
-00.0305 00.0000
-00.0196 01.6166
-00.0047 00.0000
-00.0001 00.0000
-00.0017 00.9302
-00.0333 00.0000
-00.0801 00.0000
-00.0500 00.0000
-00.0940 00.0000
-00.0335 00.0000
-00.0161 01.3672
-00.0021 00.0000
-00.0380 01.4047
-00.0027 00.0000
-00.0003 00.0000
-00.0199 00.0877
-00.0529 00.0000
-00.0668 00.0000
-00.0001 00.0000
-00.0238 00.0000
-00.0003 00.0000
-00.1212 00.0000
-00.0026 00.0000
-00.0171 00.0000
-00.0025 00.0000
-00.2634 00.0000
-00.0018 00.0000
-00.0621 00.0000
-00.0114 00.1206
-00.0189 00.0000
-00.0018 00.3221
-00.0563 00.9908
-00.1519 00.0000
-00.0398 00.0000
-00.0058 00.8313
-00.0084 00.0000
-00.0241 00.0000
-00.0532 00.9239
-00.0020 00.0000
-00.0207 00.6823
-00.0071 00.0000
-00.0009 00.0000
-00.0194 00.0000
-00.0001 00.3713
-00.0132 00.0000
-00.0003 00.2077
-00.0001 00.3879
-00.0005 00.0000
-00.0026 00.0000
-00.0498 00.0000
-00.0000 00.0000
-00.0380 01.1914
-00.0583 00.0000
-00.0781 00.0000
-00.0737 00.0000
-00.0150 00.3250
-00.2567 00.0542
-00.0130 00.0542
-00.0004 00.0000
-00.0002 00.0000
-00.0513 00.0000
-00.0492 00.0000
-00.0652 00.0000
-00.0488 00.0000
-00.0278 00.0000
-00.0636 00.0000
-00.0001 00.0000
-00.0862 00.0000
-00.1132 00.0000
-00.0081 00.0000
-00.0684 00.0000
-00.0774 00.0000
-00.0644 01.0537
-00.0026 00.0000
-00.0016 00.4922
-00.0501 00.0000
-00.0696 00.0000
-00.0260 00.0000
-00.0000 00.0000
-00.0738 00.0000
-00.0574 00.0000
-00.0009 01.0074
-00.0576 00.0000
-00.0004 00.0000
-00.0051 00.0000
-00.0720 00.0000
-00.0117 00.0000
-00.0000 00.0000
-00.0001 00.0000
-00.0463 01.1721
-00.0796 00.0000
-00.0174 00.0000
-00.0013 00.0000
-00.0003 00.0000
-00.0061 00.0000
-00.0605 00.0000
-00.0148 00.0000
-00.0001 00.8048
-00.0005 00.0000
-00.0043 00.0000
-00.1531 00.0000
-00.0345 00.0000
-00.0774 00.1596
-00.0009 00.0000
-00.2631 00.2200
-00.0368 00.0240
-00.0100 00.0000
-00.0281 00.0000
-00.0001 00.0000
-00.1017 00.0000
-00.0035 00.0000
-00.0004 00.0133
-00.0289 00.0000
-00.0017 00.0000
-00.0949 00.0000
-00.0172 00.0000
-00.0056 00.0000
-00.0354 00.0000
-00.0050 00.0000
-00.0003 00.9446
-00.0124 00.0000
-00.0758 00.0000
-00.0001 00.0000
-00.0869 00.0000
-00.0010 00.4237
-00.3294 00.3217
-00.0004 00.4277
-00.0001 00.0000
-00.0210 00.7245
-00.0021 00.7763
-00.0025 00.0000
-00.0269 00.0000
-00.0007 00.0000
-00.0812 00.0748
-00.0300 00.0000
-00.0028 00.0000
-00.0063 00.3450
-00.0007 00.0000
-00.1187 00.0000
-00.0020 00.0000
-00.0563 00.0000
-00.0646 00.0000
-00.4596 00.3770
-00.0347 00.0000
-00.0722 00.0000
-00.0944 00.0000
-00.0736 00.0000
-00.0707 00.0000
-00.4100 00.2962
-00.0128 00.0000
-00.0124 00.0000
-00.0422 00.0000
-00.0065 00.8993
-00.0584 00.0000
-00.0001 00.0000
-00.0002 00.0000
-00.0180 00.0000
-00.2794 00.3539
-00.0138 00.0000
-00.0077 00.0000
-00.0346 00.0000
-00.0547 00.2190
-00.0000 02.1705
-00.1084 00.0000
-00.4262 00.3128
-00.0432 00.9506
-00.0006 00.0000
-00.5416 00.2797
-00.0000 00.0000
-00.0011 00.0000
-00.0024 00.0000
-00.0198 00.0000
-00.0001 00.0000
-00.0593 00.0000
-00.0225 00.0000
-00.0643 00.0000
-00.0058 00.0883
-00.0380 00.0000
-00.0202 00.0000
-00.0135 00.0000
-00.0440 00.0000
-00.0000 00.0000
-00.0520 00.0000
-00.0312 00.0000
-00.0915 00.0000
-00.0310 00.0000
-00.0384 00.0000
-00.0000 00.0000
-00.0112 00.0000
-00.0142 00.0000
-00.0283 00.0000
-00.0031 00.0000
-00.1045 00.0000
-00.0806 00.0000
-00.0189 00.0000
-00.0563 00.0000
-00.0045 00.0000
-00.0022 00.0000
-00.0285 00.0000
-00.0483 00.0000
-00.0567 00.0000
-00.0049 00.0000
-00.0478 00.0000
-00.0520 00.0000
-00.0003 00.0000
-00.0180 00.0000
-00.0228 00.0000
-00.0001 00.0000
-00.0126 00.5787
-00.0013 00.0000
-00.0411 00.0000
-00.0117 00.0000
-00.0357 00.0000
-00.0511 00.0000
-00.0007 00.0000
-00.0044 00.4917
-00.0099 00.1684
-00.0074 00.0000
-00.0195 01.6141
-00.0083 00.0000
-00.0104 01.7095
-00.0313 00.0000
-00.0995 00.0000
-00.0688 00.0000
-00.0218 00.0000
-00.0509 00.0000
-00.0020 00.0000
-00.0000 00.0000
-00.0137 00.0000
-00.0911 00.0000
-00.0660 00.0000
-00.0646 00.0000
-00.1168 00.0000
-00.0057 00.0000
-00.0002 00.3274
-00.0404 00.0000
-00.0312 00.0000
-00.0316 00.0000
-00.0180 00.0000
-00.0002 00.0000
-00.0144 00.0000
-00.0519 00.0000
-00.0029 00.0000
-00.0553 01.0545
-00.0985 00.0000
-00.0408 00.0000
-00.0179 00.0000
-00.0231 00.0000
-00.0001 00.0000
-00.0107 00.0000
-00.0580 00.0000
-00.0011 00.0000
-00.0136 00.0000
-00.0117 00.0000
-00.0499 00.0000
-00.0029 00.0000
-00.0491 00.0000
-00.0929 00.0000
-00.0544 01.0522
-00.0014 00.0000
-00.0359 00.0000
-00.0007 00.0000
-00.0003 01.8905
-00.0089 00.0000
-00.0030 00.0000
-00.0143 00.0000
-00.0001 00.0000
-00.0574 00.0000
-00.0055 00.0000
-00.0673 01.1465
-00.0355 00.0000
-00.0749 00.0000
-00.0744 00.0000
-00.0005 00.0000
-00.0001 00.0000
-00.0166 00.0000
-00.0277 00.0000
-00.0067 00.0000
-00.0902 00.0000
-00.0268 00.0000
-00.0071 00.0000
-00.1120 00.0000
-00.0312 00.0000
-00.0231 00.0000
-00.0019 00.0000
-00.0738 00.0000
-00.4612 00.3613
-00.0480 00.0000
-00.0008 00.0000
-00.0000 00.0000
-00.0260 00.0000
-00.0099 00.0000
-00.0587 01.0061
-00.0077 00.5372
-00.0394 00.0000
-00.0001 00.3857
-00.0038 00.0000
-00.0527 00.0000
-00.0247 00.0000
-00.0001 00.0000
-00.0094 00.0000
-00.0027 00.0000
-00.0003 00.0000
-00.0009 00.0000
-00.0011 00.0000
-00.0002 00.9761
-00.0269 00.0000
-00.0658 00.0000
-00.0072 00.0000
-00.0100 00.6478
-00.0456 00.0000
-00.0061 00.0000
-00.0645 00.0000
-00.0003 00.0000
-00.0045 00.0000
-00.0006 00.0000
-00.0548 00.0000
-00.0013 00.0000
-00.0017 02.1883
-00.0008 00.0000
-00.0537 00.0000
-00.0103 00.0000
-00.0021 00.0000
-00.0567 00.0000
-00.0600 00.0000
-00.0228 00.0000
-00.0049 00.2212
-00.0020 00.0000
-00.0766 00.0000
-00.0029 00.0000
-00.0524 00.0000
-00.1187 00.0000
-00.0692 00.0000
-00.0063 00.0000
-00.0000 00.0000
-00.0844 00.0000
-00.0098 00.0000
-00.0380 00.0000
-00.0129 00.0000
-00.0015 00.0000
-00.0631 00.0000
-00.0958 00.0000
-00.0742 00.0000
-00.0199 00.0186
-00.0021 00.0000
-00.0203 00.0000
-00.0005 00.4078
-00.0135 00.0932
-00.0001 00.0000
-00.0303 00.0000
-00.0036 00.0000
-00.0005 00.0000
-00.0005 00.0000
-00.0022 00.0000
-00.1056 00.0000
-00.0374 00.0000
-00.0173 00.0000
-00.1226 00.0000
-00.0001 00.0000
-00.0081 00.0000
-00.0007 00.0000
-00.0020 00.0000
-00.0090 00.0000
-00.0857 00.0000
-00.0282 00.0000
-00.0001 00.0000
-00.0164 00.0000
-00.0066 00.0000
-00.0145 00.0000
-00.0059 00.0000
-00.0747 00.0000
-00.0772 00.0000
-00.0000 00.0000
-00.2306 00.0000
-00.0000 00.4805
-00.2278 00.0000
-00.0539 00.0000
-00.0875 00.0000
-00.0016 00.8338
-00.0224 00.0000
-00.0688 00.0000
-00.0195 00.0000
-00.0758 00.0000
-00.0009 00.0000
-00.0347 00.0000
-00.0385 00.0000
-00.1352 00.0000
-00.0389 00.0000
-00.0016 00.0000
-00.0299 00.0000
-00.0119 00.0000
-00.0149 00.0000
-00.0097 00.0000
-00.0643 00.0000
-00.0201 00.0000
-00.0000 00.3901
-00.0103 00.0313
-00.0144 00.0000
-00.0076 00.0000
-00.0116 00.0000
-00.0019 00.0000
-00.0001 00.0000
-00.1573 00.0000
-00.0002 00.4286
-00.0005 00.0000
-00.0489 00.0000
-00.0216 00.0000
-00.0678 00.0000
-00.0080 00.0000
-00.0016 00.0000
-00.0000 00.0000
-00.0018 00.0000
-00.0044 00.0000
-00.0462 00.0000
-00.0355 01.0743
-00.0134 00.0000
-00.0395 00.0000
-00.0001 01.7696
-00.1485 00.0000
-00.0804 00.0000
-00.0000 02.0990
-00.0729 00.0000
-00.0041 00.0000
-00.1459 00.0000
-00.0139 00.0000
-00.0240 00.0000
-00.0000 00.0000
-00.0004 00.0000
-00.0530 00.0000
-00.0228 00.0000
-00.0617 00.0000
-00.0448 00.0000
-00.0026 00.0000
-00.0000 00.0000
-00.0167 00.0000
-00.0646 00.0000
-00.0293 00.0000
-00.0590 00.0000
-00.0491 00.0000
-00.0621 00.0000
-00.3436 00.0000
-00.0832 00.0000
-00.0546 00.0000
-00.0050 01.1123
-00.0102 00.0000
-00.0083 00.0000
-00.0054 00.0000
-00.0013 00.0000
-00.0522 00.0000
-00.0058 00.0000
-00.1802 00.0000
-00.0132 00.0000
-00.0002 00.0000
-00.0000 00.0000
-00.0271 00.0000
-00.0058 00.0000
-00.0011 00.0000
-00.0007 00.0000
-00.0338 00.0000
-00.0034 00.0000
-00.0400 00.0000
-00.0025 00.0000
-00.0008 00.0000
-00.0000 00.0000
-00.0089 00.0000
-00.0056 00.1419
-00.0006 00.3088
-00.0285 00.0000
-00.0221 00.6859
-00.0214 00.0000
-00.1065 00.0000
-00.0001 00.0000
-00.3974 00.1865
-00.0500 01.1477
-00.1550 00.0000
-00.0215 00.0000
-00.0039 00.5466
-00.0255 00.0000
-00.0054 00.0000
-00.0648 00.0000
-00.0005 00.0000
-00.0224 00.0000
-00.0004 00.0000
-00.0012 00.4187
-00.0575 00.0000
-00.0007 00.0034
-00.0051 00.4541
-00.0445 00.0000
-00.0000 00.0000
-00.0454 00.8586
-00.0012 00.0000
-00.0632 00.0000
-00.0037 00.0000
-00.0018 00.0000
-00.0064 01.6204
-00.1123 00.0000
-00.0021 00.0000
-00.0035 00.6537
-00.0002 00.0000
-00.0011 00.0000
-00.0253 00.0000
-00.0054 00.0000
-00.0823 00.2772
-00.0148 00.0000
-00.0057 00.0000
-00.0007 00.0000
-00.0307 00.0000
-00.0037 00.0000
-00.1004 00.0000
-00.0001 00.0000
-00.0664 00.0000
-00.0165 00.0000
-00.0222 00.0000
-00.0068 00.0000
-00.0875 00.0000
-00.0618 00.0000
-00.0205 00.0000
-00.0063 00.0000
-00.0326 01.2382
-00.0836 00.1669
-00.0905 00.0000
-00.0078 00.0000
-00.0065 00.0000
-00.0475 00.0000
-00.0010 00.0000
-00.0000 00.0000
-00.0505 00.0000
-00.0254 00.0000
-00.0014 00.4395
-00.2023 00.0042
-00.0113 00.0000
-00.4231 00.1045
-00.0241 00.2604
-00.0452 01.1130
-00.0043 00.0000
-00.0000 00.0000
-00.0711 00.0000
-00.0007 01.7721
-00.0002 00.0000
-00.0000 00.0000
-00.0472 00.0000
-00.0010 00.0000
-00.0533 00.0000
-00.0370 00.0000
-00.0098 00.0000
-00.0005 00.0000
-00.0002 00.0000
-00.0220 00.7640
-00.0103 00.0000
-00.0001 00.0000
-00.0054 00.0000
-00.0188 00.8738
-00.0297 00.0000
-00.0632 00.0000
-00.0040 00.0000
-00.0003 01.7727
-00.0198 00.0000
-00.0780 00.0000
-00.0014 00.0000
-00.0803 00.0000
-00.0107 00.0000
-00.1419 00.0000
-00.0062 00.7266
-00.1728 00.0000
-00.1477 00.1405
-00.0007 00.0000
-00.0344 00.0000
-00.0003 00.0000
-00.0028 00.0000
-00.0011 00.0000
-00.0003 00.0000
-00.0064 00.0000
-00.0244 00.0000
-00.0001 01.9908
-00.0114 00.0000
-00.0000 00.0000
-00.0429 00.0000
-00.0057 00.0000
-00.0089 00.0000
-00.0576 00.0000
-00.0328 00.0000
-00.0016 00.0000
-00.0638 01.1425
-00.0055 00.0000
-00.0323 00.0000
-00.0829 00.0000
-00.0215 00.0000
-00.0044 00.0000
-00.0467 00.0000
-00.0036 00.0000
-00.0012 00.2865
-00.0328 00.0000
-00.0558 01.3156
-00.0195 00.0000
-00.0005 00.0000
-00.0037 00.0000
-00.0015 00.0000
-00.0052 00.0000
-00.0102 00.0000
-00.0594 00.0000
-00.0056 00.0000
-00.0342 00.0000
-00.0136 00.0000
-00.0780 00.0000
-00.0000 00.0000
-00.0051 00.0000
-00.0082 00.0000
-00.0002 00.0000
-00.0064 00.0000
-00.0329 00.0000
-00.0456 00.8978
-00.0003 00.0000
-00.0422 00.0000
-00.0763 00.0000
-00.0000 00.0000
-00.0218 01.3230
-00.0000 00.1804
-00.0070 00.0000
-00.0001 01.2962
-00.0154 00.0000
-00.0416 00.0000
-00.0497 00.0000
-00.0591 00.0000
-00.0638 00.0000
-00.0052 00.0000
-00.0143 00.0000
-00.0000 00.0000
-00.0119 01.2947
-00.0086 00.0000
-00.0120 00.0000
-00.0225 00.0000
-00.0327 00.0000
-00.0024 00.0000
-00.0847 00.0000
-00.4023 00.3724
-00.2065 00.1671
-00.0548 01.0397
-00.0189 00.0000
-00.0550 00.0000
-00.0002 00.0000
-00.0140 00.0000
-00.0287 00.0000
-00.0001 00.0000
-00.0105 00.0000
-00.0142 00.5920
-00.0000 00.0000
-00.0308 00.0000
-00.0507 00.0000
-00.0002 00.0000
-00.0026 00.0000
-00.0095 00.0000
-00.0514 00.0000
-00.0000 00.3781
-00.0097 00.0000
-00.0082 00.0000
-00.0145 00.0000
-00.0042 00.8022
-00.0007 00.0000
-00.1103 00.0000
-00.0296 00.0000
-00.0006 00.0000
-00.0001 00.0000
-00.0416 00.0000
-00.0050 00.0000
-00.0513 00.0000
-00.0000 00.0000
-00.0326 00.0000
-00.0704 00.0000
-00.0667 00.0000
-00.0000 00.0000
-00.0013 00.0765
-00.0008 00.0000
-00.0397 00.0000
-00.0001 00.0000
-00.0001 00.0000
-00.0359 00.0000
-00.0529 00.0000
-00.0038 00.0000
-00.0553 00.0000
-00.0415 00.0000
-00.0022 02.1827
-00.0581 00.0000
-00.1097 00.0000
-00.0763 00.0000
-00.0443 00.0000
-00.0003 00.0000
-00.0296 00.0000
-00.0388 00.0000
-00.0236 00.0000
-00.0002 00.0000
-00.0026 00.0000
-00.0226 00.0000
-00.0002 00.0000
-00.0042 00.4825
-00.0222 00.0000
-00.0353 00.0000
-00.0000 00.0000
-00.0661 00.0000
-00.0019 00.7898
-00.0234 00.0000
-00.0363 00.2636
-00.0636 00.0000
-00.0327 00.0000
-00.0057 00.7899
-00.0028 00.0000
-00.0315 00.0000
-00.0148 00.0000
-00.1322 00.0000
-00.0029 00.1974
-00.0009 00.1076
-00.0042 00.0000
-00.0508 00.0000
-00.0847 00.0000
-00.0158 00.0000
-00.0110 00.0932
-00.0023 00.4685
-00.0222 00.0000
-00.0001 00.0000
-00.0091 00.0000
-00.0527 00.0000
-00.0169 00.3607
-00.0071 00.0000
-00.0239 01.5988
-00.0070 00.0000
-00.0019 01.6820
-00.0419 00.0000
-00.0014 00.0000
-00.0034 00.8300
-00.0332 00.0000
-00.0382 00.0000
-00.0086 00.0906
-00.0106 00.0000
-00.0398 00.0000
-00.0021 00.0000
-00.0002 00.0000
-00.0826 00.0000
-00.0129 00.0000
-00.2396 00.0000
-00.0081 00.0000
-00.0068 00.0000
-00.0810 00.0000
-00.0788 00.2984
-00.1788 00.0000
-00.0011 00.0000
-00.0284 00.0000
-00.0722 00.0000
-00.0009 00.0000
-00.0781 00.0000
-00.0015 00.0000
-00.0711 00.0000
-00.0180 00.0000
-00.0137 00.0000
-00.0033 00.0000
-00.0002 00.0000
-00.0618 00.0000
-00.0549 00.0000
-00.0801 00.0000
-00.0000 00.0000
-00.0011 00.0000
-00.0005 01.1639
-00.1056 00.0000
-00.0051 00.5012
-00.0104 00.0000
-00.0911 00.0000
-00.0613 00.0000
-00.0116 00.0000
-00.0290 01.4680
-00.0066 00.0000
-00.0269 00.0000
-00.2130 00.0000
-00.0122 00.0000
-00.0490 00.0000
-00.0000 00.0000
-00.0000 00.0000
-00.0067 00.0000
-00.0196 00.0000
-00.0330 00.0000
-00.0081 00.5681
-00.0001 00.0000
-00.0045 00.0000
-00.2114 00.0000
-00.0303 00.0000
-00.0394 00.0000
-00.0438 00.0000
-00.0001 00.0000
-00.0000 00.0000
-00.0181 00.0000
-00.0002 00.0000
-00.0432 01.3784
-00.0000 00.0000
-00.0003 00.0000
-00.0594 00.0000
-00.0075 00.0000
-00.0001 00.4200
-00.0063 00.0000
-00.0232 00.0000
-00.0023 00.4692
-00.0029 00.0000
-00.0016 00.0000
-00.0122 00.0000
-00.0199 00.0000
-00.0640 00.0000
-00.0678 00.0000
-00.0035 00.0000
-00.0440 00.0000
-00.0442 00.0000
-00.0001 00.0000
-00.1432 00.0000
-00.1428 00.0000
-00.0110 00.0000
-00.0008 00.0000
-00.0024 00.0000
-00.0016 00.0000
-00.0105 00.0000
-00.0030 00.0000
-00.0152 00.0000
-00.0538 00.0000
-00.0014 00.0550
-00.0026 00.0000
-00.0003 00.0000
-00.0002 00.0000
-00.0032 00.0000
-00.0063 00.0000
-00.0006 00.0000
-00.0210 00.0000
-00.0158 00.0000
-00.0197 00.0000
-00.0000 00.0314
-00.0106 00.0000
-00.0185 00.0901
-00.0004 00.0000
-00.0697 00.0000
-00.0032 00.0000
-00.0551 00.0000
-00.0131 00.0000
-00.0391 00.0000
-00.0099 00.2750
-00.0349 00.0000
-00.0018 00.0000
-00.0498 00.0000
-00.0117 00.0000
-00.0465 00.3732
-00.0107 00.6226
-00.0000 00.0000
-00.0526 00.0000
-00.0000 00.0000
-00.0005 00.4284
-00.0430 00.0000
-00.0007 00.0000
-00.0254 00.0000
-00.0037 00.0000
-00.0000 00.0000
-00.0148 00.0000
-00.0007 00.0000
-00.0088 00.0000
-00.0015 00.0000
-00.0003 00.0000
-00.0523 00.0000
-00.2390 00.0000
-00.0903 00.0000
-00.1485 00.0000
-00.0702 00.0000
-00.0025 00.0000
-00.0069 00.0000
-00.0105 00.7571
-00.0026 00.0000
-00.0009 00.0000
-00.0026 00.0000
-00.0674 00.0000
-00.0000 00.0000
-00.0267 00.0000
-00.0050 00.0000
-00.0612 01.1781
-00.0492 00.0000
-00.0204 00.0000
-00.0011 00.0000
-00.0828 00.0000
-00.0023 00.0000
-00.0786 00.0000
-00.0020 00.0000
-00.0509 00.0000
-00.0236 00.0000
-00.0091 00.0000
-00.0001 00.0000
-00.0187 00.0000
-00.0076 00.0000
-00.0106 00.0000
-00.0394 01.1424
-00.0000 00.1401
-00.0168 00.0000
-00.0005 00.0000
-00.0027 00.0000
-00.0756 00.0000
-00.0027 00.5149
-00.0001 00.0000
-00.0155 00.0000
-00.0001 00.0000
-00.0453 00.0000
-00.0253 00.0000
-00.0183 00.0000
-00.0259 00.0211
-00.0380 00.0000
-00.0079 00.0000
-00.0159 00.9618
-00.0004 00.0000
-00.1002 00.0000
-00.0052 00.0000
-00.0095 00.0000
-00.0203 00.0000
-00.0500 00.0000
-00.0130 00.0000
-00.0010 00.0000
-00.0000 00.1061
-00.0205 00.0000
-00.0847 00.0000
-00.0320 00.0000
-00.0308 00.0000
-00.0100 00.0000
-00.0002 00.0000
-00.0089 01.6779
-00.0013 00.1827
-00.0458 00.0000
-00.0567 00.0000
-00.0319 01.5205
-00.0123 00.0000
-00.1190 00.0000
-00.0856 00.0000
-00.0229 00.0000
-00.0025 00.0000
-00.0055 00.0000
-00.0071 00.1550
-00.0571 00.0000
-00.0315 00.0000
-00.0148 00.0000
-00.0001 00.3305
-00.0023 00.0000
-00.0150 00.0000
-00.0161 00.0000
-00.0040 00.0000
-00.0217 00.0000
-00.0045 00.0000
-00.0003 00.0000
-00.0560 00.0275
-00.0082 00.0335
-00.0039 00.0000
-00.0455 00.0000
-00.0712 00.0000
-00.2074 00.0000
-00.0106 00.7072
-00.0000 00.0000
-00.0430 00.0000
-00.0238 00.0000
-00.0172 00.0000
-00.0002 00.0000
-00.0498 00.0000
-00.0067 00.0000
-00.0297 00.0000
-00.0549 00.0000
-00.0725 00.0000
-00.0286 00.0000
-00.0013 00.0000
-00.0149 00.0000
-00.0012 00.0000
-00.0018 00.0000
-00.1714 00.0000
-00.0017 00.5476
-00.0066 00.0000
-00.0009 00.0000
-00.0752 00.0000
-00.0041 00.0000
-00.0331 00.0000
-00.0001 00.0000
-00.0293 00.0000
-00.0047 01.7146
-00.2323 00.0000
-00.0327 00.0000
-00.0375 00.0000
-00.0611 00.0000
-00.0004 00.0000
-00.0156 00.0000
-00.0165 00.0000
-00.0431 00.0000
-00.0073 00.0000
-00.0798 00.0000
-00.0940 00.0000
-00.0001 00.0000
-00.0020 00.4386
-00.0500 00.0000
-00.0029 00.0000
-00.0108 00.0000
-00.0482 00.0000
-00.1110 00.0000
-00.0054 00.0000
-00.0021 00.0000
-00.0605 00.0000
-00.0130 00.0000
-00.0401 01.4331
-00.0009 00.0000
-00.0025 00.0000
-00.0093 00.0000
-00.0017 00.0000
-00.0019 00.5962
-00.0002 00.0000
-00.0152 00.0000
-00.0771 00.0000
-00.0001 00.0000
-00.0009 00.0000
-00.0144 00.0000
-00.0346 00.0000
-00.0801 00.0000
-00.0703 00.0000
-00.0324 00.7216
-00.0207 00.0000
-00.0334 00.0000
-00.0492 00.0000
-00.0015 00.0000
-00.0263 00.0000
-00.0375 00.3679
-00.0066 00.0000
-00.0337 01.1157
-00.0062 00.0000
-00.0212 00.0000
-00.0010 00.0000
-00.0584 00.0000
-00.0006 00.7596
-00.0337 00.0000
-00.0069 00.0000
-00.0079 00.0000
-00.0012 00.0000
-00.0343 00.0000
-00.1411 00.0000
-00.0314 00.0000
-00.0292 00.0000
-00.0562 00.0000
-00.0361 00.9687
-00.0107 00.0000
-00.0346 00.0000
-00.0678 00.0000
-00.0063 01.7549
-00.1029 00.0000
-00.0150 00.0000
-00.0071 00.5249
-00.0669 00.0000
-00.0004 00.0000
-00.0079 00.0000
-00.0294 00.0209
-00.0068 00.0000
-00.0053 00.0000
-00.0442 00.0000
-00.0155 00.0000
-00.0582 01.1618
-00.0331 00.0000
-00.1097 00.0000
-00.0000 00.0000
-00.0277 00.0000
-00.0540 00.0000
-00.0193 00.7394
-00.0074 00.6966
-00.0776 00.0000
-00.0198 00.0000
-00.0000 00.0000
-00.0000 00.0000
-00.0015 00.0000
-00.0044 00.0000
-00.1187 00.0000
-00.0000 00.0000
-00.0557 00.0000
-00.0162 00.0000
-00.0082 00.0000
-00.1287 00.0000
-00.0501 00.0000
-00.0586 00.0000
-00.0001 00.0000
-00.0726 00.0000
-00.3297 00.0931
-00.0027 00.0000
-00.0856 00.0000
-00.0000 00.0476
-00.0124 00.0000
-00.0300 00.0000
-00.0000 00.0000
-00.0562 00.0000
-00.0203 00.0000
-00.0001 00.0000
-00.0000 00.0000
-00.0105 00.0000
-00.2112 00.0000
-00.0056 01.7700
-00.0070 00.0000
-00.0144 00.0000
-00.0552 01.0564
-00.0437 00.0000
-00.0020 00.0000
-00.0110 00.7087
-00.0009 00.0000
-00.0310 00.0000
-00.0005 00.0000
-00.0048 00.0000
-00.0204 00.0000
-00.0001 00.0000
-00.0502 00.3532
-00.0208 00.8193
-00.0082 00.0000
-00.0000 00.0000
-00.0039 00.0000
-00.0600 00.0000
-00.0348 00.0000
-00.0175 00.0000
-00.0370 01.4769
-00.1363 00.3011
-00.0039 00.0000
-00.0028 00.0000
-00.0402 00.0000
-00.0436 00.0000
-00.0263 00.0000
-00.0654 00.0000
-00.0075 00.0000
-00.0524 00.0000
-00.0153 00.0557
-00.1060 00.0000
-00.0019 00.0000
-00.1597 00.3275
-00.0880 00.1001
-00.0072 00.0000
-00.0002 00.0000
-00.0039 00.0000
-00.0095 00.0000
-00.0142 00.0000
-00.0899 00.0000
-00.0018 01.7626
-00.0036 00.0000
-00.0570 00.0000
-00.0060 00.0000
-00.0082 00.0000
-00.0140 00.0000
-00.0119 00.0000
-00.0525 00.0000
-00.0305 00.0235
-00.0065 00.0000
-00.0141 00.1162
-00.0307 00.0000
-00.0596 00.0000
-00.1308 00.0000
-00.0262 01.2175
-00.0693 00.0000
-00.0713 00.0000
-00.0545 00.0000
-00.0766 00.0000
-00.0648 00.0000
-00.0300 00.0213
-00.0200 00.0000
-00.0000 00.1421
-00.0046 00.0000
-00.0450 00.0000
-00.0175 00.0000
-00.0064 00.0000
-00.0378 00.0000
-00.0000 00.0000
-00.0216 00.0000
-00.0003 00.0000
-00.0126 00.0000
-00.0000 00.0000
-00.0000 00.5120
-00.0023 00.0000
-00.0159 00.7944
-00.0011 00.0000
-00.0002 00.0000
-00.0718 00.0000
-00.0025 00.0000
-00.1053 00.3316
-00.0371 00.0000
-00.1547 00.3901
-00.0684 00.0000
-00.0135 00.0000
-00.0000 00.0000
-00.0000 00.0000
-00.0009 00.0000
-00.0146 00.0000
-00.0399 00.0096
-00.0122 00.0000
-00.1092 00.0000
-00.0204 00.0000
-00.0070 00.0000
-00.0099 00.0000
-00.1608 00.0000
-00.0046 00.0000
-00.1456 00.0194
-00.4395 00.3397
-00.0326 00.0000
-00.0213 00.0000
-00.0081 00.0000
-00.0198 00.0000
-00.0204 00.0000
-00.0016 00.0000
-00.0471 00.0000
-00.0293 00.0000
-00.0335 00.0000
-00.0000 00.9270
-00.0490 00.0000
-00.1981 00.0000
-00.0040 02.2442
-00.0688 00.0000
-00.0005 00.0000
-00.0533 00.0000
-00.0072 00.0000
-00.0062 00.0000
-00.0077 00.0000
-00.0665 00.0000
-00.0004 00.0000
-00.0007 00.0000
-00.0050 00.0000
-00.0049 00.0000
-00.0460 01.3799
-00.0356 00.0000
-00.4658 00.1320
-00.0000 00.0000
-00.0005 00.0000
-00.0182 00.0000
-00.0001 00.3769
-00.0159 00.0000
-00.0810 00.0000
-00.0011 00.4764
-00.0335 00.0000
-00.0001 00.0000
-00.0004 00.0000
-00.0202 00.6691
-00.0005 00.0000
-00.0256 00.0000
-00.0001 00.0000
-00.1409 00.0000
-00.0570 00.0000
-00.1182 00.0000
-00.0146 00.0000
-00.0740 00.0000
-00.0000 00.0000
-00.0095 00.0000
-00.0215 00.0000
-00.0014 00.0000
-00.0313 00.0000
-00.0020 00.0000
-00.0032 00.5768
-00.0262 00.0000
-00.0050 00.0000
-00.0464 00.0000
-00.0136 00.0000
-00.0004 00.0000
-00.0153 00.0000
-00.0120 00.0000
-00.1239 00.0000
-00.0548 00.0000
-00.0047 00.0000
-00.1007 00.0000
-00.0349 00.7428
-00.0247 00.0000
-00.0364 00.0000
-00.0048 00.2239
-00.0143 00.0000
-00.0000 00.0000
-00.0055 00.0000
-00.0835 00.0000
-00.0430 00.0000
-00.1179 00.0000
-00.0246 00.0000
-00.0001 00.0000
-00.0029 00.0000
-00.0211 00.0000
-00.0001 00.8777
-00.1206 00.0000
-00.0071 00.0580
-00.0001 00.3743
-00.0000 00.0000
-00.0370 01.3129
-00.0004 00.3081
-00.2363 00.0000
-00.0000 00.0000
-00.0238 00.0000
-00.1259 00.0000
-00.0025 00.3710
-00.0294 00.0000
-00.0048 00.5223
-00.0039 00.0000
-00.0300 00.0000
-00.0647 00.0000
-00.0212 00.0000
-00.1434 00.0000
-00.0001 01.8109
-00.0953 00.0000
-00.0239 00.0000
-00.0189 00.0000
-00.2574 00.0000
-00.0274 00.0000
-00.0290 00.0000
-00.1490 00.0000
-00.1360 00.0723
-00.0197 00.0000
-00.0153 00.0000
-00.0049 00.0000
-00.0001 00.0000
-00.0007 00.7820
-00.0540 00.0000
-00.0581 00.0000
-00.0139 00.1142
-00.0491 00.0000
-00.0002 00.0000
-00.0001 00.0000
-00.1269 00.0000
-00.0001 00.0000
-00.0396 00.0000
-00.0957 00.0000
-00.0012 00.0000
-00.0150 00.0000
-00.0460 00.0000
-00.0465 00.0000
-00.0000 00.0000
-00.0009 00.8151
-00.0100 00.0000
-00.0100 00.0000
-00.0604 00.0000
-00.0150 00.0000
-00.0003 00.0000
-00.0090 00.0000
-00.0332 00.0000
-00.0492 00.0000
-00.0018 01.6539
-00.0545 00.0000
-00.0076 00.0000
-00.0000 00.0000
-00.0000 00.0000
-00.0001 00.0000
-00.0457 00.0000
-00.4594 00.2997
-00.0421 00.0000
-00.0006 00.0000
-00.0002 00.0000
-00.0327 00.0000
-00.0006 00.0000
-00.0033 00.0000
-00.0127 00.0000
-00.0003 00.0000
-00.0018 00.0000
-00.0021 00.0000
-00.0204 00.0000
-00.0074 00.9300
-00.1021 00.0000
-00.0191 00.0000
-00.0002 00.0000
-00.0005 00.0000
-00.0180 00.0000
-00.0350 00.0000
-00.0014 00.0000
-00.0409 00.0000
-00.0544 00.0000
-00.0018 00.0050
-00.0393 00.0000
-00.0042 00.0000
-00.0964 00.0000
-00.0014 00.0000
-00.0010 00.0000
-00.0219 00.0000
-00.0201 00.0000
-00.0423 00.0000
-00.0507 00.0000
-00.0406 00.0000
-00.0017 00.0234
-00.0221 00.0000
-00.0000 00.0000
-00.0555 00.0000
-00.0001 00.0000
-00.0310 00.0000
-00.0123 01.6692
-00.0000 00.0000
-00.0136 00.0000
-00.0001 00.0000
-00.0522 00.0000
-00.0360 00.0000
-00.1666 00.0000
-00.0042 00.0000
-00.0314 00.0000
-00.0665 00.0000
-00.0307 00.0000
-00.0042 00.2097
-00.0057 00.0000
-00.0006 00.4458
-00.0847 00.0000
-00.0012 00.0000
-00.0021 00.0000
-00.0547 00.0000
-00.0358 00.0000
-00.0040 00.0000
-00.0201 00.0000
-00.0080 00.0000
-00.0381 00.0000
-00.0002 01.2918
-00.0169 00.0000
-00.0301 00.0000
-00.0630 00.0000
-00.0609 00.0000
-00.0604 00.0000
-00.0990 00.0000
-00.0619 00.0000
-00.0407 00.0000
-00.0388 00.0000
-00.0615 00.0000
-00.0016 00.0000
-00.0448 00.0000
-00.0393 00.0000
-00.0413 00.0000
-00.1263 00.1761
-00.0006 01.7499
-00.0003 00.0000
-00.0005 00.2906
-00.0006 00.0000
-00.0191 00.0000
-00.0220 01.6006
-00.0323 00.0000
-00.0140 00.0000
-00.0368 00.0000
-00.1176 00.0000
-00.0020 00.0000
-00.0685 01.1521
-00.0124 00.0000
-00.0016 00.0000
-00.0127 00.0000
-00.0131 00.0000
-00.0000 00.0000
-00.0015 00.0000
-00.3249 00.0941
-00.0039 00.6881
-00.0781 00.0000
-00.0002 00.0000
-00.0120 00.0000
-00.0001 00.0000
-00.0148 00.0000
-00.0142 00.0000
-00.1385 00.3512
-00.0000 00.0000
-00.0057 00.0000
-00.0000 00.0000
-00.0746 00.0000
-00.0000 00.3596
-00.0154 00.0000
-00.0094 00.0000
-00.0515 00.0000
-00.0363 00.0000
-00.0037 01.6930
-00.0656 00.2997
-00.0150 00.0000
-00.0015 00.0000
-00.1211 00.0000
-00.0010 00.0000
-00.0030 00.0000
-00.0357 00.0000
-00.0312 00.0000
-00.0312 00.0000
-00.0000 00.3575
-00.0016 00.0000
-00.0009 00.4522
-00.0109 00.0000
-00.0728 00.0000
-00.0127 00.0000
-00.0060 00.0000
-00.1077 00.0000
-00.0585 00.0000
-00.0014 00.0000
-00.0000 00.3934
-00.0036 00.0000
-00.1289 00.0000
-00.0071 00.0000
-00.0416 00.0000
-00.0217 01.3463
-00.0452 00.0000
-00.0192 00.0000
-00.0000 00.0000
-00.0062 00.0000
-00.0067 00.0591
-00.0009 00.0000
-00.0078 00.2382
-00.0004 00.0000
-00.0242 00.0000
-00.0343 00.0000
-00.0630 01.0456
-00.0032 00.0000
-00.0605 00.0000
-00.0041 00.0000
-00.0428 00.0000
-00.0185 00.0000
-00.0000 00.0000
-00.0442 00.0000
-00.0001 00.0000
-00.0297 00.0000
-00.0121 00.0000
-00.0107 00.0000
-00.0004 00.0000
-00.0002 00.0000
-00.0067 00.5234
-00.2101 00.0000
-00.0081 00.0000
-00.0003 00.4776
-00.1190 00.0000
-00.0409 00.0000
-00.0003 00.3909
-00.1300 00.2773
-00.1029 00.0000
-00.0817 00.0000
-00.0267 00.1138
-00.0763 00.0000
-00.0095 00.0000
-00.0419 00.0000
-00.0314 00.0000
-00.0431 00.0000
-00.0023 00.0000
-00.0174 00.0000
-00.0043 00.5634
-00.0015 00.0000
-00.0074 00.0000
-00.0081 00.0000
-00.0000 00.0000
-00.0121 00.0000
-00.0000 00.0000
-00.0223 00.0000
-00.0043 00.0000
-00.0044 00.0000
-00.0230 00.0000
-00.0036 00.0000
-00.0001 00.0000
-00.0708 00.0000
-00.0098 00.0025
-00.0000 00.2888
-00.0117 00.0000
-00.1395 00.0000
-00.0021 00.0000
-00.0100 00.0000
-00.0001 00.0000
-00.0063 00.0000
-00.0539 00.0000
-00.0176 00.0000
-00.0416 00.0000
-00.0086 00.0000
-00.0340 00.0000
-00.0275 00.0185
-00.0001 00.7459
-00.0068 00.0000
-00.0057 00.0000
-00.0737 00.0000
-00.0086 00.5874
-00.0000 00.0000
-00.0753 00.0000
-00.0023 00.0000
-00.0172 00.0000
-00.0193 00.0844
-00.0065 00.0000
-00.0024 00.0000
-00.0003 00.0000
-00.0440 00.0000
-00.0010 00.0000
-00.0035 00.0000
-00.0024 00.0000
-00.0934 00.0000
-00.0034 01.5170
-00.0074 00.0000
-00.0957 00.0000
-00.0118 00.0000
-00.0945 00.0000
-00.0602 00.0000
-00.0608 00.0000
-00.0048 00.2016
-00.0004 00.0000
-00.0001 00.0000
-00.0247 00.0000
-00.0016 00.0000
-00.0001 00.0000
-00.0246 00.0000
-00.0734 00.0000
-00.0026 00.0000
-00.0458 00.0000
-00.0002 00.0000
-00.0001 00.0000
-00.0099 00.0000
-00.0320 00.0000
-00.0026 01.5363
-00.0777 00.0000
-00.0282 00.0000
-00.0172 00.0941
-00.0347 00.0000
-00.0002 00.0000
-00.0358 00.0000
-00.0052 00.0000
-00.0000 00.0000
-00.0023 00.0000
-00.0015 00.5071
-00.0108 00.5806
-00.0001 00.0000
-00.0192 00.6408
-00.0045 00.0000
-00.0087 00.5308
-00.0353 00.0000
-00.0185 00.0000
-00.0350 00.0000
-00.0990 00.0000
-00.0029 00.0000
-00.0256 00.0000
-00.1013 00.0000
-00.0036 00.0000
-00.0250 00.0000
-00.0203 00.0000
-00.0117 00.0000
-00.0160 00.0000
-00.0340 00.0000
-00.0536 00.0000
-00.0041 00.2548
-00.0683 00.0000
-00.0029 00.0000
-00.0024 00.0000
-00.0340 00.0000
-00.0063 00.0358
-00.0000 02.0616
-00.0474 00.0000
-00.0589 00.0000
-00.0006 00.0000
-00.0375 00.7574
-00.0531 00.0000
-00.0108 00.0000
-00.0006 00.0000
-00.0020 00.0000
-00.0452 00.0000
-00.0502 00.0000
-00.0193 00.0000
-00.0939 00.0000
-00.0019 00.0000
-00.0010 00.0000
-00.0000 00.0000
-00.0031 00.0000
-00.0959 00.0000
-00.0299 00.0000
-00.0199 00.0000
-00.1122 00.0000
-00.0054 00.0000
-00.0007 00.0000
-00.0004 00.0000
-00.0289 00.0000
-00.0076 00.0000
