Raw 2D
0.2725939986484999
0.2991854847963713
0.32800537000134233
0.3049277757319436
0.24633818708454716
0.3147140781785194
0.3213896393474095
0.3248619902154971
0.2870924787731201
0.3201176510294126
0.2890631657657914
0.29103317475829416
0.30245032861258153
0.2855528243882061
0.2783125205781306
0.30612491103122796
0.30854035413508774
0.33846330211582604
0.2876319164079792
0.3319064224766058
0.3292253023063259
0.3169742547435637
0.3135414978853739
0.28636335559083886
0.32872390918097755
0.28859431214857756
0.288230526057632
0.2817493184373298
0.2886011821502951
0.3014797638699405
Raw 10D
0.08826824218268181
0.0898349383423495
0.11336519812165144
0.09706858047468535
0.10036648216366591
0.10280977160009751
0.10700134842201355
0.10321931095219321
0.08444674140446723
0.0997289748012895
0.09494007140540145
0.08883688629636947
0.10578946822989438
0.09363839874038332
0.0872416156284159
0.10486745405267364
0.10631003011910065
0.09418565198985655
0.10459020936190151
0.07922193861622001
0.10204778696447722
0.10051619262916202
0.09640198553201952
0.10147956640279508
0.0861899319938991
0.09338277904582808
0.0972797817847984
0.0941701790217017
0.10290169362901644
0.10050002433299994
Raw 30D
0.05679659076444115
0.05376302501751465
0.05158061470886709
0.05690740283700909
0.04296397293573696
0.04464918907494418
0.04179017336154582
0.05205953359339941
0.0533837752410934
0.05676027663328876
0.040501202391668746
0.05953728881592928
0.03942012317713361
0.05231898999413154
0.05809726442766269
0.05715917633328908
0.05492808910058765
0.0491322953088131
0.046859147854733336
0.04807257547074696
0.05528243936542558
0.04417046543219083
0.05017247188819197
0.0470957273301071
0.04558085415508859
0.05053191828503546
0.04698125686375677
0.03774316459482553
0.050314353576349086
0.052168503063742995
