# FVC 2D Coordinates
9358692933584.7230 249.7472
47955709295068.5500 163.8637
396563444846431.0000 530.7219
80374237758641.0000 845.4593
10378059945869.6480 266.2209
556859419386192.0000 840.9621
161741913041289.1600 522.3677
462187937890185.9000 277.7719
45964928759199.0500 643.0979
333715743797421.8000 659.5536
158439703800912.7800 133.7828
42216121290039.9800 839.9801
52331101801981.0700 105.3242
75502419455239.5800 775.9946
215693527031771.2000 42.1096
71813873505044.6900 174.9926
410647019237823.3000 491.2519
44644410543412.8100 658.6499
366560181237902.5600 826.0280
65744042840207.8600 161.5356
24490634625667.4340 620.4323
48151376931753.6250 100.6696
179702608335874.5600 939.7349
30086828862489.1500 28.2732
152441517589527.9700 496.5555
15797814431550.9360 166.2807
34905948276667.8700 256.9536
147386754554800.2500 134.6138
171744822361244.1600 156.4867
176180660433236.9700 952.2256
507499833634810.2000 849.6047
90740895832476.3000 286.3966
16002760940400.7520 600.6600
118392874810632.9400 479.6256
36942929940804.9200 551.2393
418630321959284.2000 575.9116
162760760574145.3400 534.5467
302215794591197.2500 983.1274
55779717083954.2340 659.6123
45147320817764.6700 360.7804
415266964277094.9000 331.4986
40275429568785.1900 175.8417
238658963172068.9400 920.0867
172391835326762.7800 617.0376
405598544927055.6000 164.4286
147522119622426.6200 980.7059
131891194288128.2800 736.5480
451922565902813.0600 57.7909
34865456512387.0040 288.3935
254877199331744.2500 185.1513
256284032745502.0000 891.4419
465485290915955.9000 412.7713
161576047193024.9000 900.6826
203570930104732.3000 692.3872
133261671934611.8900 813.7253
38275596785475.0160 369.7916
53084477783609.6400 454.1052
12332618975659.1100 376.6178
252044376338644.5300 491.3712
415836230523132.5600 967.7156
467548697615701.9000 966.6746
118736195621672.2800 1008.3631
207482825210519.0000 952.8805
529992303012612.8000 940.6566
311808973777198.1000 57.8648
341722110630494.9400 470.6257
559719894669901.3000 933.0758
322569353498083.4400 579.6913
206254403966794.6200 825.8120
435273135922492.7500 395.7032
215154027884362.5300 912.7771
176991002214844.0600 955.6712
33399113750448.7540 613.6991
219424428820472.9700 782.9498
86171004617818.9800 838.1779
402877165111282.2000 966.3978
225223830178639.8400 934.1542
360243708155155.2500 631.8007
22074966703718.3800 80.3322
335322059141141.0000 81.1487
8768146918527.8125 505.2089
123115585574181.3300 981.3028
194706908622242.9400 858.9217
100367976406906.0000 756.1813
80180286148056.8000 714.3007
13733944576829.8980 368.6423
214400157372786.2800 416.5727
184095496481661.7500 920.6687
32938370776951.2770 485.1292
177881395850835.5000 847.5527
66271375928702.6800 720.9917
75085424385328.1200 676.8523
31302958437724.1680 346.0370
562650865536657.0600 1103.1005
63020107817969.4800 144.3606
17412789399706.7050 413.7130
445124234913927.5000 927.5328
56687682770824.6400 683.9268
34226757824362.6900 325.2403
556354735270238.7000 551.6554
215278935907541.1000 889.8849
43141838322949.5800 330.4713
21718176737077.4570 247.5127
339170360745806.5600 813.6162
62501741302557.3500 714.8281
259795155052591.0600 834.7245
248654148685468.5000 1009.2234
32639680059195.6250 358.6490
507605961593856.2500 554.3409
179230709505288.6200 917.3760
113562198008416.8000 285.9785
234333814807001.0600 766.3340
217671238357746.1600 693.1841
321931255912920.0600 954.8323
207153306991540.4000 925.5129
65203308516880.1200 465.8283
446942364947897.7000 866.3502
110870364596870.1100 458.2424
317994028464804.2000 951.7371
341020948633048.7500 759.5503
134767234946525.9700 45.1867
167193767055298.2500 889.1862
298881356668606.5000 769.4969
525796520967541.0000 739.3344
52514085288190.8400 32.1797
429236397512862.4400 806.9155
26562551239356.3700 481.9406
125642921446359.2500 875.3414
22638970107864.3440 493.4000
481261150153043.9400 285.6277
320077266383522.6000 657.2226
68091559310013.7700 638.2667
372231182790355.8000 94.5226
14145987390833.0640 467.0163
15522350622657.5640 307.2866
81876492550748.1700 352.9928
45932313490387.8300 897.5383
16084256318010.4510 503.1610
212551865745307.3400 949.9550
37035252646608.9400 242.4899
47906737199399.1000 508.1110
48452689389405.4000 658.9119
30278175392502.3120 391.9343
300522545963260.3000 625.6407
249014182438400.8400 704.7518
495179805066031.4400 251.4210
46426719521601.4450 172.0863
491377482296329.9000 631.4149
56815686203382.4600 36.8617
138593435690128.0600 437.5349
23261046655405.6880 295.7081
353963932001334.0600 342.2108
174916210602402.1200 694.0428
35875457122745.8200 348.5609
58760106288047.9100 559.5183
442711117287904.2000 921.0361
173671352901931.0000 857.6137
73277618454485.5800 964.8062
156914032020254.2200 50.5959
71003808282921.5200 561.8270
60179281018017.1400 580.1823
26961973691292.8000 614.9017
214157776942312.8400 675.4234
183273921262609.7200 658.5189
106812157583126.4200 269.9444
163864870047169.3400 91.6726
514461489485669.5600 583.6076
56845519273977.3500 09.0187
40730621330780.1600 68.8152
39719818673647.2660 282.8494
290193796595870.5000 564.3336
344653270063422.0000 750.0682
427929806359953.3000 366.2421
11267653717128.0570 493.0001
361881285000852.4400 625.8831
177736045045174.2200 98.2503
432396187398229.8000 491.8077
59616952502334.0200 1001.3503
271639070441405.9400 983.0995
40911171997963.3100 659.1601
14040251997392.7900 562.3091
64651612034053.3900 532.8533
272893276792355.7200 993.9936
518513610403774.8000 256.1618
21148003462237.2420 288.5962
497624612011474.8000 691.0832
100284666423230.1400 616.3415
181678304350899.8400 71.9857
37199431033026.5700 17.8780
332528907479418.0600 745.3123
148811203610155.5300 473.0622
15928069790364.7580 05.2968
286200358247626.9000 889.0693
505962467428531.7500 916.6022
23381661224780.9920 371.0061
12993819395972.1740 454.1824
27713033423197.1680 492.1476
512013637182217.8000 654.4220
189224603719206.5600 885.9339
231301455808416.5300 657.9788
9547525331718.8340 132.0860
44795634521270.2600 851.0562
26173757045784.1330 598.5827
403365533052553.7000 82.3658
449900791484346.3000 213.8413
158486955071275.7200 90.9964
27216866562446.9500 508.0173
444055465253832.4000 135.4711
157890510918673.0600 736.5078
17947121465077.4570 265.9735
40612766601456.7200 225.6387
330227113751103.8000 335.9766
12637784292307.6860 133.5595
46607726813059.4100 827.6943
169387505765020.0300 663.5786
180840563776674.6000 609.4246
104514784829967.9800 985.2984
24018729807686.9380 479.7058
415026296437529.7500 190.8408
99065836719583.7500 217.4978
81743967674665.8400 235.1198
105368419196355.1400 314.0736
8601052735720.6180 464.1989
16704625475584.6740 505.4257
78810313166273.1000 692.6581
65360599602114.9600 166.4142
31747481417162.2400 622.0142
64322502637291.6250 322.1333
35751230634561.0100 642.0997
528074577664388.5000 903.9661
180729507453817.7800 972.1445
170506558812028.7200 533.6083
15069262001087.3930 598.2039
170101939383660.7800 964.7997
10238497589396.3540 591.9944
21457295797612.8440 456.0713
221609023250512.1200 911.5444
543328417435306.0600 471.1113
120633649693003.6200 320.4402
46999564689138.9140 637.1061
505608840124802.7500 922.4745
532204268753248.1000 721.9457
58421642926958.1000 517.8857
69798608591273.1950 372.9646
501039346910318.0000 970.7002
262334570021901.8800 1013.3846
13853532348854.1560 216.9677
11012734898051.6020 512.7938
413851030367708.3000 11.5075
9458412783552.1840 363.5640
498206437247169.0000 741.0791
110510195982551.5500 980.3065
203856104006525.0000 830.4504
79356149779189.4200 999.5829
425221172635880.4400 79.8097
198451330238294.3800 692.5209
40071601206695.2000 199.4380
83010327355615.7000 740.1597
245102920219587.2000 541.6055
60453493560749.7340 675.6951
309955772091883.5600 981.1800
357600372018341.4400 01.6718
82804258262921.7000 606.0286
443173290752076.8000 967.0900
12685198994541.2340 378.2795
329001686726936.8000 760.4567
227162166053914.0600 957.5568
493708302498504.9000 875.4195
564462841005126.9000 684.9913
92540166743803.5800 1004.4122
392923534293541.7500 148.4144
13200248180301.4430 536.9537
72295830587153.7500 443.0662
556523590315222.7500 568.3845
11286515218458.5020 521.7342
311678155712537.5600 708.1953
115843003157158.6000 666.2675
441098247249762.3000 23.7428
16955202216247.4590 502.4281
18687658503782.5860 233.9883
394393692240260.7000 229.6060
32738566719382.1680 172.7049
408908345054702.3000 802.8663
41267668042637.7340 88.8010
20125758515163.5040 480.3011
21673473577406.7270 454.8574
212708960985040.5600 494.5702
153384073725340.7000 202.6260
163562269507507.2000 308.0915
423501480491462.9400 966.6100
265779511913539.8800 900.6909
313328312092551.0600 390.5387
30168982204034.8300 565.0071
501914628849976.4400 847.7087
271418395397497.9700 877.6012
8878584874789.3260 532.9115
410104278103723.8000 788.3636
79523818233439.5200 631.1417
12284031585825.5430 356.9674
10466577293873.3070 530.0774
97000569804291.5600 1007.5569
10802494790524.8610 203.5326
69628500206472.9840 718.1585
11245284555241.9320 515.8701
177394967757583.8400 485.6705
60024191730144.6100 707.9786
46788054936548.9300 402.9848
244181773419303.0000 703.6037
266266568712480.4000 269.8090
185458815651182.5600 697.5401
126489347468708.8600 275.4811
28221900088963.7600 489.9855
76864219950233.5500 140.3156
307600225705436.7000 727.1351
12643483990405.2850 145.5106
179865673147871.8400 62.5698
422651479657264.8000 536.5276
126456127669952.4200 266.0235
91299353178440.4500 886.0551
15500474008683.5960 186.0055
36647432386595.2600 448.2636
14806580986921.1780 580.7102
375188001265315.8000 404.8156
28841252125864.3100 259.9825
50624233150108.5800 240.7999
270959674432488.9000 235.4271
376989823136137.2000 380.7521
166495296083739.9000 774.4436
21171258215594.4800 495.0488
178196857079908.4700 239.9609
341262432204489.7500 975.6625
41628345280061.4140 294.0242
198621563196063.3400 389.5605
134098286006386.0500 751.4323
106637015875899.6100 932.5955
45483552218769.2900 02.6582
19185114942583.5350 496.3543
16246736082982.6450 128.5361
18190071392717.5350 474.3259
80675914971362.4000 282.5079
60568272687206.8700 927.6652
14219193434008.6680 558.8003
53124247300417.0400 701.2450
306424227789360.9400 366.4458
32693544860465.8800 515.6665
358840760743044.7500 525.8881
52085595874150.1100 444.8129
93032577560315.7200 982.7870
27619272443330.8670 213.6222
93463447496946.0000 1012.5634
51887172077241.2500 619.5722
143718351097751.9400 996.4992
395653258658535.8000 241.4337
142911016494160.5000 875.3915
73439571633876.9500 398.0737
136962000460448.0600 895.7585
216075942867558.0000 268.2377
66975657115716.8750 644.5888
314198660500781.4400 926.5246
110322735130465.3000 925.8676
52774422503548.6400 696.3329
22986416094323.8100 596.6052
296003199063910.4400 845.4553
111366279169742.7000 228.3962
126152406748000.4200 989.6830
27284434526828.2600 292.6438
38714824886763.6300 359.5607
425311002996435.7500 128.4178
63750038882015.6900 971.1384
10578052384549.9400 526.9628
508737989249579.6000 216.6424
137543244957443.9800 311.2615
399082507592999.5000 329.5115
169406098292282.3800 936.9974
440772637757751.9400 776.5555
85990413682502.3900 424.3283
20037047700372.3120 559.2892
69859902666305.5860 437.9650
29613124840474.4380 641.6045
99794885009630.1400 432.2571
241999840800867.7500 969.3468
215455255519476.3400 470.1510
196379850375608.8400 730.5747
43562919750006.0400 32.1033
45563851545499.3400 894.9607
516842772881413.2500 766.5143
249267335522593.4700 744.3548
18041778466143.8300 351.4125
453459882342611.4000 966.9466
137347316189735.7200 182.0469
226105163340271.2800 790.1841
65314426421978.6640 411.7876
15508221548870.1540 497.5569
564407718887430.9000 455.8948
13034347960191.2900 54.6301
41275596892877.0100 821.5963
175121652730161.4700 215.6672
97645472180983.8900 744.0084
211285751101532.0000 873.1074
339606721577630.8000 938.6956
9995391633426.0310 490.7624
72967026644983.0600 697.9679
509712123253739.4000 966.0611
491499547925650.5000 966.3313
13180081048209.5660 551.1526
114037094386409.9200 298.6831
98563923516996.4700 546.4270
78639186119313.7500 771.8774
43187219870037.9500 531.7651
13082079620181.7480 588.7820
46776051505161.9100 588.7946
9282314174920.4570 102.7312
436957922772928.7500 939.4334
169227988491786.6000 424.9728
62586281202446.6100 680.7366
39967223508982.6300 254.2827
217145595602545.0300 853.3406
361252561391621.0000 798.6844
140494009265188.7800 731.3247
37358730805431.6500 424.2892
520370546288687.1000 677.5274
56690863219932.2340 985.8838
10540730124398.5940 585.5361
148462499701079.7200 991.7380
182029758354255.0300 745.6990
29947239457032.7420 483.3414
111261003594861.4800 1000.2696
205447744228581.4000 861.0394
60730823297514.8700 315.6542
380817761279120.9400 630.6298
412726500553196.7500 171.9436
160781710324258.2200 118.4973
73345196079937.5600 533.0760
195469653450587.9700 221.3974
32516991715661.9700 172.9513
82815236755335.6600 361.1971
16900602770428.8440 581.7384
288739140934766.0600 582.1452
18043355088020.3440 330.1692
149021198837142.2800 890.4098
74881379104932.7000 693.2622
9019955016594.2970 501.2193
89176676310565.1000 154.5064
365714747577685.5600 808.1697
39313659648191.7300 767.4330
11545312156775.0880 398.5878
23469591312553.6800 568.5892
9389727205698.1110 185.6200
467606681532452.5600 199.3732
54794337088893.5800 389.9570
29430816802708.9380 325.7120
18285721004400.8050 129.4476
62268199734648.4600 292.9043
413278002241057.4000 446.4960
508382652268495.9000 820.3380
417110775410571.8000 658.6102
349748223236325.0000 845.7740
182059826005032.2000 102.8788
303754331019760.4400 492.3403
10700055425344.3180 555.0692
51279266743859.2300 219.8110
240492403220121.3400 872.3176
131659495485222.6900 307.6364
20128154957040.9770 413.8321
129148190235322.5600 1004.1124
55319931333749.8100 413.0107
13904234056356.1930 245.7708
100618386439541.5800 807.2235
447101735072782.6000 480.0593
459395553338532.4000 180.5507
53084643109910.5900 277.9359
15681598786040.6270 599.9613
20673544114707.6560 494.4273
139898097637726.5800 520.8844
12656489134168.7230 519.3047
400580468965970.7000 329.3834
128945548903788.3600 869.3648
9169019253157.1840 411.7776
431457100480630.8000 548.2317
59701203998137.9400 711.2334
435901409441647.6000 55.1393
545070307676381.2500 385.6867
390801652199301.6000 901.4315
135019740697315.2800 181.0288
96733586647340.2200 365.1938
43725677819016.7900 675.0412
136654247706398.0500 89.0640
61737543739472.5500 972.9591
204422125212938.6200 759.5377
283313269373805.3000 748.9154
406795440540660.1000 333.6690
342583978077286.4000 976.1550
135579680284127.5200 958.5501
432750949400113.3000 875.4455
523775843031339.5000 724.5662
138702968819377.4700 406.4922
191166880746291.7000 763.1214
280169295341182.9700 892.5302
81226644387675.3800 957.6969
20331272965123.1560 593.7528
93593149605319.5300 738.8594
296263048361319.9400 924.7727
13752014130646.9300 340.7457
42966038489987.7500 105.3607
56713046899077.1200 559.1257
9856478954446.0430 395.3894
91732655788044.0200 692.4331
552004979246081.7500 940.3370
15913969045575.8240 433.4555
114122270571848.3900 771.7019
328796160940118.7000 321.6845
14650641291398.4280 475.1389
233978348597557.5000 762.0725
180280867523978.2200 208.7280
471455705381821.4000 928.0520
260433297254064.2500 440.4338
360835138455788.8000 818.8491
33944111874534.6400 258.6617
11352400399454.2090 526.0560
499382815802394.0000 28.3087
70102134600215.9450 535.1612
114360730556885.2500 904.3131
33299408582453.5430 394.1787
50815301302420.9900 670.7739
328787787623413.9000 550.1694
253496350527269.2500 713.2475
173288600029420.7200 31.7769
405859753438642.4400 767.4980
48401721699466.5500 610.5652
380517342007347.0000 349.5717
460426860819296.9000 07.8567
288304285362434.4000 498.5211
470032702958876.9400 628.1114
25571109289505.7070 420.2851
35455411374961.9900 229.7662
47762101882873.4800 580.7317
39795188816810.7100 120.2341
144977113333883.7000 83.9675
543343543937114.3000 11.4846
347756702052463.7000 504.7488
28008756912802.1330 634.6526
37657597825570.3100 356.1305
288939172332460.3000 762.1688
459949604720403.9400 493.4911
474510063676064.5000 596.3180
525871562480167.1000 959.3912
34976955087379.3300 596.5682
16250606745362.1740 172.6488
119257383667129.8400 445.2079
459956403690117.0000 809.7489
32966798046846.8240 177.8641
124772751677065.6700 1006.2376
377202750468159.2500 532.8455
428546664536900.6000 918.0746
8830722632481.3630 45.8582
78760271586229.0800 576.6510
412068385314559.0600 779.2601
162118345110246.3800 532.4817
21300835933231.4450 585.9961
443570882864877.6000 340.9197
278027787332561.2000 43.0413
463345977147782.4400 967.8185
79403271520482.8800 982.8713
295966950940155.2500 975.7206
30246027652355.5980 642.1574
353346032912402.5000 896.9902
308524803330233.0000 74.9500
9878091335687.7290 118.0699
476237055908129.0600 814.9729
379282856497544.7000 72.8182
128502754196908.8000 802.5212
128751536214558.5200 837.3656
29685498062012.1880 288.8995
143350280842493.5600 287.1504
176977504411718.3800 968.9002
27900294825066.8870 75.6684
13209192795490.6900 28.2778
156961012923678.0300 976.8174
54388142227149.1700 774.5716
8969743249087.5900 515.1063
25241212695526.5550 560.5922
325325605934894.0600 436.4898
168914927631553.3000 685.6144
79491559629195.3400 82.0095
364140427241893.0600 715.0864
558537953827344.0000 742.0046
116568677653157.5800 904.5063
94841439947985.5800 984.3084
362882230155304.3000 951.6646
383565773907516.5600 510.7307
391557897476553.2500 275.9302
468901545342017.7000 298.2924
31288811925803.4000 399.1467
83577964728265.0300 163.5928
9129483786852.4160 229.5917
90596539970552.0800 864.4125
475273451847792.5600 192.4456
15672009284488.4860 276.6837
19148283998959.2400 92.3320
304480808787976.0600 952.0474
85690633718628.4800 725.3075
512626811127543.1000 948.6766
152721686112581.8000 262.0913
141591688384396.5300 992.6417
481965055762204.1000 969.0558
11392159636943.7440 583.4817
87113215242782.6000 267.3703
159472875413709.4000 705.1095
174854890142055.8400 770.9934
119568062173690.4000 390.7239
305907937585424.4400 976.7372
165665837502456.7000 940.4001
141444382024699.5000 263.2371
50475547992139.6200 912.9214
291734629850486.3000 935.4827
59042680477316.7400 416.3088
38920077683757.9900 238.7005
144704652055474.8800 584.0757
49071143765563.6100 642.1203
517734919863149.2500 972.3296
52640014272628.1700 78.9622
173020038409822.6600 970.7656
497583859186509.3000 416.1059
129236420795551.8900 967.6634
16576195766283.1500 496.6762
245288661308009.5000 471.4352
147214416828846.3000 189.7870
217615550993793.1000 1031.2747
508540533863711.2000 419.2732
231448228445646.1000 415.3824
56335750997311.3500 608.7965
20540154438101.9600 373.6740
12664378595998.6450 303.5922
13525195839692.2950 456.9065
182566984644959.1000 496.9921
95115048375409.4500 1002.3218
490627077397995.2000 743.0904
87908991592660.7500 366.7177
308149043742431.4400 545.7799
9392290329410.0140 368.2700
109023487743984.2500 917.6408
22948756239834.7800 175.4587
115680765614250.5200 1008.0879
122644604885090.4200 283.1837
202307898516035.5000 593.3461
214712455362912.7500 718.8875
186801411923875.0000 558.5757
24550768513293.4800 211.7972
89872014870129.7500 61.9093
393558851437681.4400 905.4781
177080089426187.4000 912.0909
105084769605584.0000 554.8764
315797155309411.0600 987.7215
76996882428501.7800 974.6883
252366872519543.8400 907.6538
64349968443924.8200 786.1929
68270627789410.8750 411.0933
452268980948679.8000 951.5413
336792489210892.7000 874.6423
352689060174669.4000 965.1137
129791181244081.9000 801.7576
157555249492147.4400 420.3401
98532617503627.8800 605.5088
207784187104709.5600 806.5465
298250068544094.7000 740.9092
40004712152072.0550 62.6868
88990125334006.8000 491.7871
187165191002327.3800 579.2872
271448903338418.8400 995.0969
54891456136033.5200 210.5353
13395493037924.3380 223.1810
61094552717311.2700 1003.8967
36793557136183.3500 100.9518
10325520818293.3890 114.9083
452897608796185.3000 934.7852
262783403023949.7000 899.8951
11448714548004.6430 18.4794
259988905370772.0600 1012.8703
244317964899143.9700 680.5092
198671553348900.7000 87.7741
105127485305669.2500 551.2273
128760837060789.5000 389.5053
147261350989414.0600 272.0728
34419063688547.6370 480.8022
443035829963807.8000 397.8779
14084167384972.5720 362.6691
453370432185330.0600 806.6921
476847135562270.2500 715.8344
288021008070373.2500 970.4838
194402010602789.4000 649.3262
272513474155107.7500 909.0583
95670338945610.7800 1012.1387
162857806124475.4400 920.0004
207221186985027.2000 781.6330
345783827420137.1000 632.3287
275002059582306.3000 463.5352
68850574313114.9300 26.4658
54527415758400.1100 462.3786
47532424765826.0160 685.8337
23886385684185.5430 76.4767
19830220191385.5300 551.3968
552509028156735.9000 788.1877
249836534392776.7500 781.0585
28120627580111.0940 290.9776
70282392868092.4900 801.6919
129036147535119.7000 395.6184
66195409390750.9600 685.5469
55633788846006.9400 616.1215
20484006146227.8670 484.8230
214301313493534.8000 813.6680
88319400534061.6000 88.1031
36908807406768.4700 687.9619
97146580627947.4700 534.3932
31040313236257.2970 324.3236
89826009544008.7000 19.4419
10912140133758.9800 167.1439
243435814231976.0000 876.4281
133739971328833.4200 988.5114
9672167832617.3700 427.0593
87055333550751.9500 492.5166
16531692679814.7800 243.9762
289234333612691.4000 213.2970
348683755426491.9400 732.9802
13139021543494.7830 552.7261
15613131338804.0270 444.0596
165120335522314.5300 971.9547
43801421154223.4800 67.7333
66338553185260.5860 509.6588
314450731871088.4000 983.1655
127922491286599.3400 725.5135
52880400900922.7100 147.3995
132088375227825.2800 324.9439
99250186968380.0200 557.5648
25183097919431.1880 488.4810
139155205119615.8100 996.4310
226726836813086.4400 462.3453
171851865617531.4000 420.3340
249342749182272.4400 287.0641
45807342665921.2900 561.8164
34409714772021.3600 651.0484
101810168845872.6000 985.8953
344064491424392.8000 906.8820
72044621007603.4200 457.5015
394348888464297.0600 599.6904
274018846529253.7800 714.2519
99247139182878.1900 721.0516
538405784841673.2500 885.7838
10170855548813.0180 387.6074
464717424571838.2000 668.4991
128310435441929.1400 211.7733
108336815894750.3000 503.2818
76433965696152.7500 993.9763
141500422188722.5600 179.0864
35847263198690.2900 132.3957
53918972180338.3750 646.7167
519834029100470.5600 971.4482
36157469026183.1200 455.0683
156272440989057.2800 552.4724
104255905055401.9800 660.7757
359064381387756.9400 257.4257
80782607940513.5500 694.6030
74414763627563.3400 926.7171
246330341029325.3000 826.9953
96760285128386.6600 999.1872
466595832940859.9000 915.7472
320852256265824.2500 914.5360
555250570754947.7000 786.4299
48045553561475.8050 502.0076
20874249660760.0550 210.1766
18953226991898.3950 426.2365
145770542655354.8400 597.6343
11258427537587.9900 587.6388
542612165300393.6000 591.8662
93120498728677.6700 576.0304
179740792430106.7500 395.0695
249897892803486.0600 921.5521
48578211675884.3100 509.2347
104710831074432.8000 565.9652
241340422573020.7000 968.2235
87876329183499.2500 210.6405
47072248399801.9800 685.7549
77795435602142.7000 741.9250
11909694495896.2800 384.3059
180890123145918.8800 775.7282
474045503522398.5600 216.8569
363197547948963.2000 963.9617
133488450863600.8000 348.8014
9575101402646.9240 264.9246
310655035138224.9000 285.0817
19654471156170.0300 370.8285
25963115496130.8120 504.3625
198739828888608.6200 333.4177
49867735910812.3900 344.8150
106204180854385.0500 880.9715
15501152813721.8600 505.6186
180452285065127.2500 689.8699
380167315462051.3000 877.2861
369124240234563.0600 98.6119
86018251571011.9000 876.0360
139449187911818.7200 981.5532
506497074977078.0600 582.7965
112011782856843.3400 293.1968
295399851723159.8000 502.8214
326295530225030.5600 648.4652
58619118800528.3050 895.4755
114557022631645.8400 564.7479
465567115473759.9400 357.7232
8594938033814.1000 471.6448
416857768051137.0600 509.7933
394815658405267.2500 49.5025
19187400402342.4900 374.5302
64636585286466.7000 666.1099
293433976048611.9400 721.6287
455947200023241.8000 08.6576
9780158040669.4220 268.8462
378381662818531.0600 444.7398
543644296930542.2500 711.8105
557259628845373.7500 863.1353
21802634108117.5080 294.3719
70967378972856.7500 342.4351
57835021157593.8050 483.2015
368493567688260.9400 311.2779
128513041010864.2500 957.5811
29878833526278.5040 377.1003
136371734484896.0600 684.5476
24118601737593.5600 625.4250
235984987566945.5000 842.1546
120191061190183.8000 598.1008
497489150210005.7500 320.3554
13523819032741.3180 511.5300
75291848030080.2500 716.8041
388620369300655.9400 407.2124
19562975351183.9400 209.9257
164523389150998.7000 815.9863
110114844234570.7800 546.0336
299683183337652.0600 236.9449
19030796962566.4300 573.7540
87917338893722.3800 92.4947
19415689274427.7800 353.6960
285450572055307.7500 884.8608
96226454833034.7800 527.2591
109342693597030.3000 666.9623
12560377446561.6290 24.2099
162716403635468.4400 655.2252
417740320670429.7000 419.1697
10869532099590.9920 146.5366
134387340538695.8000 540.0042
179980417149110.5300 381.6149
194827305406680.7500 411.7357
126196384809700.8900 952.0549
88728102399251.6200 399.5782
60102915983051.3000 548.4371
151588417727639.8800 588.8977
33824991527501.1700 72.2548
55171994231564.0000 62.3635
172340587692863.7500 205.6103
104551616509541.1400 944.8206
87059325633062.8000 950.8337
280922174031506.0000 86.6321
22003062812080.1050 442.8288
178931487528740.5600 549.7427
311186586201427.4400 341.3558
478801676355603.7000 939.1354
52755415409876.1000 594.1837
10184123114917.7710 105.7700
554369848106389.4400 584.1008
130892144668460.6200 868.8915
32276247404961.0470 393.1400
30648135890585.5700 184.1029
509068991644948.1000 879.7104
53063403331443.3300 117.1305
183887571101041.4700 323.1399
52988316561665.6600 568.1861
20596576056729.5430 462.0997
448324162990068.9000 577.3598
63420067545895.1800 468.3571
553234551232563.8000 477.5303
199034601319751.3000 370.6020
382583989437583.6000 00.1637
525244020481707.9400 385.3898
54014657579622.5700 481.5923
83825818435486.8400 383.0917
163280664947695.8800 752.5088
14906572485352.7700 297.7603
164340812707272.8400 511.8957
79732304020269.5200 140.7915
51560322415187.4000 658.9112
103094000799384.1000 753.1731
544768349659342.5600 845.8638
188333441152975.3400 143.9249
226525115780874.9000 352.2128
428690921680743.7000 498.6204
30877628041856.8160 132.6605
231306370093875.2000 567.8240
393469447273805.2000 141.1203
75980534098706.5800 904.2331
217614012641273.2500 858.1204
358725246223320.7000 192.7183
46416082871395.0700 57.3839
24085865251458.3670 63.3916
531605075447033.7000 556.2334
388678662838625.9000 135.1063
28500579507578.9060 404.3062
175164121118274.6200 23.7875
119110639684620.2000 809.0358
84370790787279.2300 173.0394
532518294092502.2500 13.4555
16428290885916.9040 567.7461
129607610999481.7300 722.8666
82218718000559.6100 843.3528
199723958687750.3000 449.8461
51786005685765.3360 696.8409
29346800416813.3360 418.0132
207370633285311.4400 824.5380
8781146398265.9980 132.1374
96555813332457.4700 722.8494
24785072655847.8000 111.3927
530580223816437.7000 724.7133
94050834041000.9800 893.6875
205341787278500.6000 854.8716
341550500244472.2000 395.7105
50236800264904.1400 545.1893
91290624668085.1000 956.6361
39650137885333.6950 644.1664
55931616463893.0100 180.2669
169414005895522.8400 317.3898
10140875273307.6880 70.9363
349525317147890.8000 472.7939
551849874387809.2500 13.4461
179542389594288.2000 340.9066
502548410267683.3000 470.0929
33566668471192.2200 283.9077
202419518566166.6600 912.9581
263935130924031.9400 950.0926
52397283661740.1400 373.7457
422719851441201.4400 479.8414
10325845317221.8670 173.7803
110792136684804.2500 88.8650
216503888822931.3400 179.3121
46608153813150.2340 670.4144
54929434696892.9840 881.1621
121202575165147.0800 1000.7648
39953128064539.3800 159.9493
18489628075385.4960 606.0304
119797836089199.6700 940.5346
521729489111876.0000 833.6243
128020840310243.1000 901.3915
281347366384020.6600 900.5864
9290454679654.0160 508.9179
276339168444050.8800 318.0763
30346133175335.9000 125.0707
16545055543728.9900 559.5436
333425604237221.9400 607.6453
437967403076742.5000 916.1250
266488707633183.8800 833.3925
164987396862734.3000 975.1740
16920173686595.4060 601.0691
38164349335380.3300 425.7570
155149074026472.9000 311.3651
56650950610721.6200 318.2504
15136430114972.3500 501.7029
531743195720687.3000 813.0063
384681050370631.2500 712.2334
61072494390583.4400 146.1214
131653796443618.8400 989.3043
308620755025197.0600 742.2979
69940152559529.4300 687.2116
164435811574419.9700 913.4714
21100138165884.6370 282.6743
342268977897355.2000 687.9485
376304244872147.5600 264.3436
25478362531734.5700 74.2767
399378699144499.3000 725.0126
86609198286101.2000 781.1260
546318497998817.7000 961.3910
303158417303568.3000 596.0280
322336024419467.7500 615.2230
171024919323366.8400 970.0577
276055718080503.0000 515.0608
132051264055986.8100 1002.7545
15648326667501.1780 468.4294
131396713264713.6000 48.7360
356400490902231.4400 967.8254
140596189145891.3000 927.0754
30699146962013.8320 187.3733
193506314086492.2800 426.8411
73795347628511.7300 990.9193
537190087002356.5600 383.0839
105440672701372.2000 929.9558
13276363380561.8500 506.2682
49416528816445.5300 535.6662
74268368849096.7500 739.3948
127229218128015.1900 515.4781
107952821527234.9800 1005.4851
237557391894623.9400 563.6805
172335804150645.8000 655.6840
48722891769201.0860 110.6880
182427483750844.6600 439.3109
120823954968859.7200 615.4463
139934599318078.0800 817.7579
189363735425064.4700 904.1874
9881998712964.4060 273.7211
15111808294384.5700 448.1050
154186253898897.5300 142.0089
186356228446842.5300 950.2545
265030229584246.2800 913.0378
80583438197516.9400 1014.5152
62450876663272.9700 715.1542
36714043556133.2100 661.3254
18977244794050.1900 399.7375
52591727827264.4000 700.3893
59804427000045.2800 550.5213
396691768248054.7000 103.0385
451866691105779.3000 907.6144
206522909994601.2500 425.3488
71729539365821.7200 691.2582
452928206791090.8000 157.6994
30332470236705.7500 125.4687
135690098704729.9000 625.4413
489727908495241.5600 919.0701
101159360952900.5800 162.0744
516024146062287.3000 802.8652
376984427215905.5600 329.7289
13268977781590.6400 471.8741
184684206772781.2200 920.1833
72651451282583.1900 697.1889
382804001892930.1000 838.7695
546076152763448.0600 303.4632
46213539855350.5550 321.7051
10179782430036.6040 13.1898
138860304772743.5600 742.7935
17416319397118.7830 28.8072
19567226546464.6250 424.7642
161650103850417.0600 226.7169
463291873993714.4000 266.3115
215898587819083.8000 671.4813
40673366829982.1900 521.0707
415760547709584.4400 164.0394
167589314037008.3800 930.2477
56202743162476.3900 705.6407
397376390215832.0000 230.8071
26638435194407.3100 220.4754
23606925151429.5270 239.4696
131991788649418.9000 820.8314
189413927164090.2200 496.9343
13893146514811.6290 593.5765
61016865774880.4800 522.3767
65305953800008.9300 935.6409
354029070871479.1000 959.6936
160338201512162.6200 179.5705
532840381622344.6000 948.5612
40645913779413.9840 542.0997
101164893527487.9400 990.4455
20135713385333.4380 10.0633
13792440541480.9500 482.9989
274938540045481.2200 904.8672
272772493211195.3800 37.8394
90608256291515.2000 804.3433
209542857396302.5000 905.8743
24619184960286.4380 547.5059
302110580105210.7500 970.0178
260951489062369.0600 403.9672
51741099900651.5600 98.7014
431595187379114.7000 159.0707
56687219249440.6600 999.3662
233307527523117.4000 838.6416
32086210543647.4400 222.1021
298101053368952.4000 275.2583
489800414221960.9400 230.5428
532325614955337.2000 906.3025
97134125976703.7000 368.5660
93397213489436.6600 652.3714
452817730381518.2500 577.2045
52107455915915.1250 818.2149
345453514610315.9000 569.3143
11489439620203.7380 459.0015
259748179438795.2200 911.4916
116289442067565.5500 1004.9251
27794168069633.6000 636.3829
88445415127084.4700 901.7981
13105890022007.2150 405.3752
370056418030975.3000 930.5631
80129739929065.9500 963.5874
244379490840130.6600 664.3676
124881631317742.8900 92.2556
294053486240793.4400 687.0656
34468476875365.4340 181.1526
501667901790572.4400 256.7836
135736929980143.6900 201.5704
199552104693042.2500 695.3493
221790603211323.9400 814.5254
44190250107376.5300 146.4077
44354681073267.3000 25.3878
32202496545197.5200 101.6166
415023838371265.7000 845.6261
189310507036581.6200 83.9683
58852563833125.9100 479.2605
537022701022580.0000 74.1203
56904877434745.1600 778.3293
17199077933602.6210 372.7855
213937738386688.1000 571.1511
135607958218465.4000 959.8013
501823290793072.7500 557.2055
94425512510545.8800 310.2328
12116757534169.9120 261.7366
236264515509838.7200 880.0537
254952242848894.5600 909.2716
24936960926597.8750 103.3431
401441445980889.2000 247.7797
358028140143454.9400 264.1141
75743033737513.6200 714.6140
114457857743839.1400 774.4468
38965335480298.7500 114.4088
426390221415431.7000 953.6679
248813989777250.3000 204.2174
432967280198545.2500 219.0046
169438858683312.8000 961.1179
460491291516606.9400 932.3840
58230074249263.7300 94.4655
17870695904424.5230 496.7094
41219106996318.2800 508.1007
14563971540316.6930 242.1594
551368837219325.8000 90.6627
246107189758491.2200 72.1564
304248929050653.5600 858.8584
102472050380532.7000 410.7412
460970863831977.0000 397.8556
373679953980881.6000 888.3114
435332513902146.5000 57.4684
55964461626565.1600 459.2707
116142240164159.6700 595.4678
159267416008019.2800 469.2950
103898690153585.1600 922.2629
52989587200760.1400 685.6983
101839717482236.9000 909.9333
399569086221555.9000 198.5492
214735230621824.3000 391.3606
522114026768554.0600 972.8559
87794645582268.1200 643.8762
59821502247669.2400 611.8224
88292179863802.5000 323.1400
185208399399324.1000 516.8542
65881786706057.2800 284.0107
28997091944855.2030 356.3996
361632580928802.9400 954.1855
44504158168362.3360 359.7251
45027230660280.7500 453.4537
9966373462478.0720 382.7764
431818156664259.2500 762.8847
36997101269442.9400 36.1700
82075682149911.9200 1014.7249
52894275549927.1000 912.1595
10972412173501.2800 358.3928
173842616822598.5300 976.7559
106933040545937.8600 743.5509
431479300988527.3000 934.0687
14379446363228.0880 392.1734
304187617345735.5600 313.4957
425819609871744.2500 256.2782
261961420817569.6000 88.4891
263357141943508.9000 1010.9996
184102517424624.8800 935.8813
13083645845719.1930 11.0667
175531665322457.3000 692.9340
276073839033319.8000 961.2125
11344744480219.7700 168.3560
540300930756656.9000 614.9312
364314155481674.4400 249.5382
29225928923447.1450 127.6600
513648924691604.6000 412.2482
484357122719428.9000 943.0175
454029828730830.4400 556.8202
217351355713106.9700 906.4798
17601976598692.0980 497.6242
509341962485915.8000 219.8646
229067726338936.7800 788.1498
64092004113993.4300 56.2959
481457884392979.3000 814.4097
34315924665198.7850 592.1978
184377334631813.9000 790.1807
16886605541667.7170 301.3365
273677674822414.4000 463.2667
299824364420101.2000 793.8538
20788896423210.2600 601.7340
21590908895846.0200 496.4269
261942874722678.2500 136.7654
15833708158069.1050 507.8224
14684618726750.0300 51.9329
9297093584762.1200 99.8793
131202903835553.6100 689.0380
74330733990759.0300 433.4972
393824520437120.8000 788.5429
275903020029719.7200 455.6950
160430734437579.1600 346.0997
282835379091438.7500 857.1916
366681762909965.0600 162.9186
137157764593666.8600 895.0361
36356986820053.4000 402.2268
98814334718584.5800 735.0241
342556104485507.3000 692.4010
59430393380496.2000 625.4824
126943020579722.0000 816.4268
557220457151517.7500 677.9875
520309266468738.7500 67.6429
16412478464430.3900 444.4872
542173715254731.0000 820.1489
343271007652133.6000 450.9768
94957043671041.4700 564.4545
229071153984455.4400 650.3921
11229466299136.9670 581.5654
255113615572852.2000 826.3845
83288032830394.4800 872.2311
206274418495643.1600 345.3873
193486336221951.0000 541.7092
53042691987144.0200 193.5356
76423675508637.6900 826.8032
48422450991035.3200 663.4632
57757684518093.2100 245.7785
22645432273053.2400 584.1106
14795346845609.2640 487.3110
308424471081072.3000 639.7306
495454121388508.4400 944.6668
72850003447444.9000 21.6129
11437834210771.8930 509.3132
71207590416582.8900 973.7613
115521583044233.7000 810.8313
8668968396583.8300 364.6543
532811741676255.2500 742.7267
322108687209865.7000 918.8341
528050934994306.4000 452.9381
11162417703368.3240 525.4997
84609185334333.8800 522.2392
73486527912860.6600 729.0054
40927247550999.2900 18.0899
52788071902783.8100 665.4184
11246258290166.6480 173.3131
215149205630872.1200 777.4658
33508496758424.1560 454.4232
167241331703106.7500 136.0740
9221414777097.7290 498.6801
72805316288759.6100 1011.4708
233973587887368.2200 466.7925
41343679732160.6300 330.4119
10500540205569.2230 20.3178
15427801985703.5600 153.7186
13382683519808.7990 504.7568
294020199883704.6000 493.7747
477142010429773.5000 854.5945
461210927746369.6000 340.3527
100375830805380.3900 734.0150
175978661462558.2000 974.9253
18145045260415.7300 470.3126
32835714366416.8200 319.1964
459602506559219.7500 416.9175
136374005700017.1100 279.2053
9053558842756.2850 544.6415
364889093043361.5000 931.1847
9392946472149.8030 500.6279
26855993563252.0200 36.5417
134268940237075.0600 493.3229
214262197198914.4400 346.1797
214436104634784.2800 63.7801
71838023770872.9500 999.8849
24844758067151.9340 398.7628
110238716492878.5600 624.1305
66160614289130.4300 373.7664
430059654888919.5000 255.6535
483226448868787.7500 755.8456
21184134107424.9060 388.9427
329235331108326.4400 715.2176
42527542653915.1000 520.3643
316692620770312.1000 888.2113
432967976212729.8000 338.0748
316599036519236.0000 985.3387
469435179823816.5000 779.0288
335979269595946.9400 739.0630
36763374074989.9700 241.8582
428511317099889.0000 917.2904
10054557053748.2910 205.9538
84380053070755.5800 803.1583
101987783424252.9000 864.6382
19428804506269.7420 82.3220
63795313225006.1900 668.7196
137611570783601.0600 907.7200
11128778418110.6460 567.6384
278513527864355.6600 869.3406
105426207670800.1200 991.0658
45408576258077.4100 469.8249
86370899952694.1100 919.4227
480245151862577.1000 894.3858
442071567255193.8000 188.0478
191823900536833.2800 548.4511
303334454287768.2000 812.1696
375849819372824.4400 965.7040
447618045855642.7000 878.3221
47297456703614.6500 825.1054
453270081851521.2500 444.6417
63493673633291.2100 216.6923
56721276191414.1100 909.3346
137325248891058.3900 582.0305
47269684788284.1500 552.5001
143298862672218.2200 01.9437
80227209867052.1100 616.4928
375297340532166.9000 592.1109
456488602108690.1000 628.0327
278032445707205.7000 266.3221
240865543077604.5600 468.3346
174738452882054.4700 971.3338
160651632294583.1200 125.1206
128979734682641.7300 997.0056
70381917645535.7700 731.0523
15155870756043.7520 132.8996
182423945863251.9400 828.2732
13009695487077.4690 166.5703
99287674911597.9700 06.1174
218854217906307.0600 442.1375
25360841574305.4100 434.2740
487484492821342.7500 968.2038
10995212783035.9510 300.6520
436299783160935.0000 902.3918
286434987302758.6000 348.2396
8943316018210.1330 536.9980
59093962351936.8400 347.3337
308706418746431.0000 405.9933
123781407965340.6000 22.3750
501800740666165.4000 954.1074
19778399177030.5660 73.6850
116729424342424.2800 199.2804
75913636037442.0800 990.6183
407551272875647.5600 719.9375
9208958430066.4820 119.3335
131485888011194.6100 797.4648
37781277910336.8750 638.5562
394642693382730.9000 522.5038
102775415543440.5000 33.4466
212686307429872.2500 490.1045
172932438042695.0300 879.4918
51653102122281.2300 359.9386
253658156542513.7500 898.3004
132140163782405.9700 991.0088
116750829824513.4500 566.3502
183646072013503.1600 731.0702
345963289948079.3000 58.3493
142854251741294.7800 936.3924
212370595275930.9700 990.8763
128686193812405.2300 360.8127
113177804452339.7300 317.3348
134451579882590.9500 210.9340
8582556146172.1090 345.5750
8679790803763.1060 280.1691
170149755859683.0300 672.3760
38169782998250.9400 199.3494
18744766985660.3160 446.8526
205547390977994.0300 832.2931
81799602235916.2200 748.9347
202576009382251.5600 661.2885
50718700638567.4900 72.1444
16664095085497.7130 555.4281
370410525304503.0000 618.9733
292294147183470.1000 991.7713
53077910977068.6250 851.7913
116704395515222.8800 462.8643
111982032955088.8000 302.5668
31764263146860.2500 389.2476
264454680327124.7000 941.5606
134312140063978.2000 772.7550
13123326643054.6540 348.4314
472001804556019.8000 932.6175
424888987420398.7000 372.9951
50476841958860.7660 884.8202
147758822560703.7200 782.7334
279035247303198.2800 904.2416
133204035230789.2000 532.8808
486112871580269.0000 245.3583
61478341470262.8500 857.7698
167304580287109.5000 820.8819
245650995563569.4000 919.5230
13407135039236.5430 279.0718
308432685650628.8000 651.2062
200683947748668.3000 809.3340
220166638709535.2800 926.2636
28560682843486.3700 593.1798
61446145354516.3100 709.3638
292056560678225.6000 987.8144
218442232891195.3400 548.6528
345408704197576.2000 808.1255
25276322364200.3800 563.6267
379874983839712.7000 624.3610
426275119148033.4000 733.6056
386611153756874.7500 805.3936
128063326974013.1700 353.6203
17928830683685.7400 54.0965
13640917526203.5530 407.2029
95971675520502.6900 516.7150
240145129844199.2000 563.5664
44311442630363.1950 85.2083
73647805207259.4000 555.9498
116937817219976.6700 666.0854
38359051825163.3750 247.0124
57493460125965.0100 552.3664
302315591252547.5600 989.1501
99983312437924.2700 763.1952
134800426470121.0800 48.6793
44623013603286.4400 326.9473
241395990205817.8800 908.0864
16097171992863.8600 369.7294
27257225791691.0200 119.4263
457870179062118.5000 439.6020
548896762889970.0600 922.0147
51993568247357.0550 724.6730
250575583326262.9400 737.8232
346992496101784.0000 635.7540
69840410436175.8300 241.2276
56187388319512.2900 956.9878
126939656770995.7700 978.4003
334760219514554.1000 853.1620
327127115146680.5600 266.1345
244390710045326.4000 923.2185
9432712017418.5720 474.5337
267399836030713.4400 259.7637
198182336597404.2800 827.2797
13833617701109.5640 169.2206
121328051772674.7800 586.0482
68997492642811.8600 249.7850
51675491483533.3360 659.8050
92462110752007.2000 612.0550
48054021254233.6700 688.2126
165080369683051.6200 266.1432
557291436349441.8000 495.5752
195961466248300.6200 281.8480
321825367109790.4000 862.1863
52226899248408.4000 681.3462
157256941282205.8400 988.1951
24210204340268.2730 345.4369
512605933905716.0600 802.3930
264156865827068.9700 906.9365
300776549812299.4400 538.9185
52673964687068.5160 646.9210
18693212497241.2460 05.1959
496277425431342.9400 562.9803
21680788853111.9300 76.9763
270481479736631.3400 880.1864
559326990713133.8000 768.7571
469010644495185.8000 966.5722
158314901387367.3800 59.9751
143918295157677.4400 290.6125
277172698544265.0600 520.6352
73622708622718.6100 484.1186
63369252927761.6200 648.3207
156614769167310.6600 210.6121
560186295372952.4000 195.9168
23209510895911.2580 539.1992
314819761816635.4000 129.1025
155218990676744.9700 06.3759
59549062051068.1400 209.4696
558725287123583.7500 764.6219
35229607690045.5300 325.9626
87826189981862.9500 974.0701
378139448568547.6000 333.0356
540345148945410.4000 407.7064
340456722976194.0000 156.6841
153322810785960.4700 359.2226
117047414825272.3900 1000.0109
400960993886919.7000 739.0211
36748803696282.1100 647.1945
36859099030657.3750 383.2685
95899656017224.8300 243.2612
22432287322485.1520 476.2472
131798984160968.7000 110.6941
40577875941739.6200 294.7448
284703428243326.9400 346.5072
172032195775300.0300 80.7141
113967928079279.2700 12.4454
112008365013210.2500 342.8154
480441964300605.5600 358.0980
226888544726248.5600 828.6277
73599697043537.1100 303.3502
21100846593525.5300 601.7492
48602682220250.9450 663.2114
474936662627703.7500 845.0076
455684717532667.9400 725.3582
127559348662955.6200 616.0786
17033508744975.6800 500.9716
38257931034608.7900 29.9033
266007993516276.7000 797.8254
11327124969200.2970 75.8673
9285643996599.4470 385.4697
346547089895544.2500 73.3934
382982684109793.5000 754.9772
78541925944842.7700 721.2805
37245076772732.7700 164.0031
8852068421042.4060 269.6903
365076201547639.7000 410.6961
77442164794893.9000 683.5593
83833970391930.1200 123.2747
66095297354388.0600 209.6459
163918273223054.7500 85.5100
273980656166480.0300 118.0113
25302259418255.8400 430.5937
257090159122344.6200 513.6111
13238333970991.9470 59.3093
312756997326530.2000 15.6398
341525133944267.0600 591.6070
14698270246524.8120 594.5602
58196559117830.4140 744.7458
16182213047982.1210 70.9640
279864074514577.2000 889.4813
89960732714866.1200 736.2979
278961101116214.4400 405.8057
34931375241805.7900 531.6273
61770478750491.8200 940.7349
20422002852734.3500 424.3511
22773974537538.3300 491.7967
39478625699515.7660 650.4467
125950006443505.9500 949.6668
35171706337930.2800 20.7852
58306318568326.2000 63.1226
244830510220387.2500 292.1391
44508102966072.3050 169.9070
381811664718081.3000 163.0650
55544789529349.5800 245.1545
23841619994669.2070 257.6897
358721179728323.2500 204.5051
261204870156084.7000 448.3875
14352083728040.6600 598.8211
122359652305661.3000 197.5367
27167977462893.0100 118.3987
33513387563434.7900 289.5623
202176942368895.8800 943.1974
273025134816533.8000 903.4129
23091929330513.6800 72.9724
190881622370842.2800 33.8764
12374472838488.3650 501.6542
270521008837157.2500 884.0778
77611826748624.3400 558.4823
189507907237766.7500 964.9890
30638069883290.6330 415.3801
51721239508109.4000 428.1092
337473534927310.0600 471.7539
455677519396266.7000 243.1468
323703303947916.9000 622.8864
204331439589793.6200 935.9108
50093245932892.9300 767.6209
200985799799301.7800 496.1134
562650358645265.4400 979.5328
403818645242049.1000 168.3715
472065273018293.4000 03.8026
25561456985702.2400 133.8383
24386459006630.1950 378.4070
31131134968745.2850 221.0863
437223677709738.5600 898.8949
12314398443261.1250 424.6920
21831263704675.2070 125.8182
16073859878294.1720 285.3449
356914033960284.0600 961.6952
131546792823610.3400 417.3809
348401902264833.5600 873.2798
69350539231202.2100 514.8360
44716080680685.8500 678.5241
321325664973815.7000 805.0129
422860128880281.0600 236.8719
15346586702976.7300 472.1040
147396425906098.7800 418.0007
310853347036949.5000 572.1235
12219760238116.1370 111.3219
246827769515678.5000 708.8748
42065792175356.6800 348.4589
66761790358576.6200 699.2281
25931286326882.3670 480.4782
385852161653316.4000 402.7509
504539485063597.1000 430.9737
15448737684564.0210 461.8436
16198889056091.8480 489.3335
238340468755683.8000 444.9297
11651769049748.9360 589.4958
497449565789115.2500 511.3774
10235377136616.1150 357.8515
224104775603311.3400 765.8440
326670729779515.7000 956.6692
296865660532540.6000 788.8788
336222039192703.6000 677.9157
49881300471162.6500 694.2815
537048762382481.7500 417.3736
16383473015541.8340 504.4437
121162140800782.3100 433.8185
520818750999708.2500 774.1920
129059281584859.6700 1004.4951
380364448970503.5000 622.9036
532363851270645.4400 865.4836
46599487845252.3000 676.5110
52940165401481.7400 308.1289
18762436955874.0470 232.6648
130742489287744.6400 108.0519
28166571096289.7730 412.6689
521437421056838.2500 956.4154
180916873310639.0300 559.7118
284772413175523.2000 944.0354
364823625730229.5000 949.2229
20968338101085.5940 612.6189
551662538704924.0000 05.2444
19167575733563.2230 486.3546
38912175001874.8200 639.0340
277276111941920.9700 495.3595
362608387363280.4000 771.9356
447478929643041.3000 472.4761
420281643050693.4400 78.5972
35394354583015.1250 411.6078
13795099138138.2970 480.5443
213726684466199.8400 674.3852
452242859490695.7500 134.6728
196379133097696.6600 859.2833
22487665555770.7420 262.4131
25247119461357.9700 426.7718
231204253742534.2200 1034.8013
26629382928304.4260 315.5439
28093709300845.5660 297.4199
146370615243731.4400 982.5521
246230456895512.5600 397.8028
154487047231527.9400 548.9244
9593759090446.1000 527.2271
45648598973605.3400 375.1156
27759049340382.4500 570.9872
51637553731048.6200 646.2187
207857315308853.3400 463.8589
316341915935686.9400 461.8052
344130297421213.7000 735.0148
201749365304876.2800 396.0667
397783329779576.1000 969.1827
51623320658266.3800 663.6118
163568591610940.2500 577.7227
508001149204336.2500 328.1726
195787928159546.6200 693.1007
9802714734767.0960 510.7824
124519768871210.1100 534.4399
296910394107163.4000 943.9155
361232629530820.2500 199.6843
138324280084008.6000 985.4990
288656977416199.6000 360.6017
150581506241217.2000 899.0721
70987431453647.2800 682.6283
130382330014785.6700 1003.8475
151420555203332.9700 466.7415
49893406799402.1950 635.1319
176976487077080.1200 24.4564
221929401527959.2500 694.8954
325440117257841.2500 609.1352
11144121925181.2010 08.0140
343665597631388.2000 369.7099
213796208409357.6000 898.9807
26438884217403.6760 518.3225
50207920867847.5800 362.9309
515801211964834.4000 565.2626
185449996409556.9000 920.3950
83209871881757.7000 299.1893
525756353533391.3000 703.9846
22118204780694.2420 612.4302
34053907881747.7700 649.6633
415987994715139.0000 49.8649
374268457978247.0000 786.7561
69877286125487.0300 236.5254
137212449899129.6000 373.7316
129768841182446.0500 395.9098
29578656983249.6900 134.3271
183243916719629.6200 378.1469
32284286224825.1800 620.6300
10546934406895.9530 209.8716
436141447081796.8000 552.1560
43769643082764.8050 718.4551
142477317397687.1000 237.0814
205922781383436.2000 466.3868
15749871902499.3800 537.3544
73373843055376.8400 160.6501
200544229356204.7500 638.6512
22490275396155.1170 487.4158
37333460875383.1700 513.9232
98342315854641.3000 135.1795
205150366444955.7000 783.7380
137070765087871.1700 507.5774
40290766906469.9000 150.4888
149230224522183.7800 948.0556
255364073344029.6200 528.2839
481735874594911.5600 965.0313
513351420534524.0000 965.2473
14799992377063.2100 250.8050
56564281595599.9140 675.2487
119816914576806.8600 838.7529
556955638317512.2500 644.5446
53655193880477.2500 661.1445
483398495389269.5600 730.8227
30396809657150.2540 644.0044
14172299952938.4220 554.0438
345166572670800.7000 803.0533
50468840570758.2700 720.8318
17151937450924.8730 437.8847
16599948082626.1070 191.4789
31423224775438.1250 361.5029
237947145689812.8800 476.8141
42945950375718.8300 438.0634
171952724753505.7000 611.6312
201304459969115.3000 433.4469
13866391023373.4470 583.7776
115575468165426.1600 823.7456
96665772688853.0200 741.1980
122658683340620.3100 1007.2312
324578352413045.9000 99.9802
104146379162367.3600 36.6094
354942240214745.3000 373.8324
256613027408041.1600 107.3689
135361495083374.4500 283.8912
16614152620983.8340 323.2935
512420761639233.6000 743.1439
367864581829337.2000 46.5935
79966192719416.5000 349.3706
14687841976092.2300 508.5557
11460004812428.1860 139.8687
475932671336863.0600 655.6890
79021430642460.2000 939.3730
512654160458218.5600 401.7638
52718932104570.2100 155.1143
246085018580404.3800 26.5435
475371680957021.8000 860.5551
44096663911184.8500 482.1200
67438056951674.5200 485.6329
148901393326607.7500 929.9635
239882291947829.4000 735.6615
92436255199143.1700 708.9389
550524986632536.2500 648.7089
85246825672770.6100 406.6791
84452053924411.7200 1008.4813
169904798727310.2500 874.7409
28231531284537.7700 507.5161
151518116415947.9700 125.9358
14422967217246.3520 310.6864
148672400645240.9000 888.8497
29318467083740.9840 569.6875
395235127412383.2500 899.4125
285737843432141.6000 210.9592
89778242809178.7500 1015.2525
178590049844293.9700 895.6637
9250707695836.1390 226.2954
27645395589104.9800 284.1147
252006116096255.1000 883.4110
8818511321679.3830 533.6700
254994223714594.7500 431.4335
105139753552767.8900 547.5065
488641078072050.3000 946.4421
121329906026466.4500 92.4746
16938950062825.4300 02.0572
384656211705515.5000 675.4962
11903466489324.5430 504.7260
76704280720878.9400 112.7454
100673322579081.5600 1014.6341
59526273673858.9500 235.5423
15701629543330.3360 474.5874
164033187609111.1200 57.8230
70480366465273.7700 247.7661
84315097086849.1700 731.7316
17292283343565.0820 539.8314
145939539758611.4400 920.3567
331374023972371.8000 547.0257
124396457932635.6100 897.5354
13387833759457.3980 491.9593
18440536113700.7300 607.3436
119060937367942.9800 816.5632
217620681429736.2000 485.2949
46729227655644.3600 666.4017
11751022680951.1680 360.5337
11556831156590.3340 427.6133
160837696897199.0600 185.6814
327290237902333.7000 343.4777
168343146858453.3400 909.8384
34120442735949.0550 604.3809
22805316019000.3100 593.1332
113032154929956.2700 802.1056
33579169058894.6130 507.7082
223878000483053.5600 1036.6865
11249683348285.1270 41.2069
507412825382511.3000 595.1774
19615076226890.8300 584.3113
438258757187011.8000 399.4595
524269155002854.8000 321.8446
140237145728184.3300 835.5142
134445140524798.0800 340.3795
12408721074719.5940 532.2145
244366541516102.4400 981.4368
418441002209749.8000 956.4643
250038178494171.3000 47.3946
38387838203709.1950 173.8621
497551373375575.1000 380.9223
426325759428680.4400 965.3840
18962942426205.5820 139.8265
35737676445824.4800 176.2135
196356644943219.6200 876.4415
22798198785595.8900 443.3772
41808165639776.1800 29.7687
162748517742739.7500 684.2539
70846709273446.1100 884.0301
9635420508105.8160 193.5163
26841225299122.2340 485.3073
399182278383513.6000 54.6317
442687454143131.4000 462.4703
558902126871055.9000 483.0788
130249618206169.5500 258.9807
70796763994143.7200 723.3676
521785430393939.4400 971.3058
18661534258214.7200 254.5578
260058649891811.3800 761.8513
80258779752705.8900 425.4437
385898228002211.4000 925.7614
71906965434474.1700 519.5891
246343906208737.1200 264.0857
35285537381993.0160 463.9418
148016432273986.5300 982.7504
153699862057277.0300 494.6397
19365371530095.9730 396.9238
19515845362236.4770 397.8670
55258895351437.1500 704.7638
499719813910290.2000 862.5858
15974314085173.2970 435.6919
23901801052828.5900 470.8548
478903100962286.5600 707.7093
182910013582553.9400 175.3458
444798496487682.0600 505.9686
196284943425803.6000 876.8860
35228012045096.9840 335.2244
159293879007072.8000 501.1656
32744290864021.7000 566.6833
76766303247277.3000 529.0197
74283390658480.1000 431.2502
336249657794758.0600 64.1614
124129877626101.3100 415.9571
36221648502562.1000 599.0227
32282680968975.9300 419.3788
377483262140370.8000 504.6450
26215678712982.8400 331.9690
67439520081711.1300 956.0979
91569036312949.7500 1004.5755
241316526147556.2500 877.1961
31171367327464.0350 295.7270
144736387680940.2200 896.8851
176231339792166.7200 450.4321
15903845695024.0230 96.6915
90140579531127.9500 881.7785
45805500050135.5900 547.9020
45969402626873.4600 615.5664
56726588871180.6800 901.9949
456332127755977.0000 933.0227
36478536376957.0400 607.0410
90266449351811.6700 327.0187
73076011092797.7700 612.6604
260280603395677.2200 1013.5950
395036906003660.7500 11.1408
79619217781876.2500 31.3113
411930061100292.8000 56.2243
69071759525605.2340 32.3676
387245810998219.1000 853.3779
290857593190851.9000 566.8781
16945090042835.1250 216.1780
136599549127575.7800 738.7049
247871752169570.5300 918.8134
407032686100064.5600 774.9942
33743913175789.8800 222.6005
545500955696461.7000 472.5131
347689502026049.8000 69.8088
17624336065843.5350 312.4625
86905279664497.3300 585.1988
179590730717591.7200 761.5471
280972645425004.4400 893.1158
415630857764512.4400 161.3996
139634156921658.2500 277.9665
25504960169622.7930 483.6400
147043183568261.9700 962.5426
24989119329823.9730 160.4653
72364889933399.4500 263.7252
14827185596178.0310 536.9065
72311395324198.0800 981.4578
428128324731323.4000 917.1029
423768363523187.6000 454.4791
65038549793842.8300 703.2495
208607522629403.7500 1013.7014
157264288567934.8000 374.3179
404882477789170.0000 158.5869
162992095397294.8000 918.2676
229337051103987.0000 750.4515
12983320483689.9340 402.2018
379685999626425.4400 970.2183
83437093332697.4700 964.1157
67581357290414.3600 908.6518
14870987210314.2730 324.5382
36995300924596.1000 662.4803
13815287494132.5640 443.1346
59467642106383.2400 178.1525
44809213193020.4840 263.4167
12690599320698.5820 244.5345
358568671675402.9000 971.6522
472467931414492.0000 963.1420
178261729813745.9400 107.6487
282452152652671.6000 943.2454
123890121393779.5800 45.5560
140764370085470.9700 289.1518
106857149104692.2200 1009.3364
422580231625042.3000 935.6132
40461209019379.0200 603.7261
74776418415849.0300 605.6525
411668708992970.4400 160.1611
258986073146808.5600 307.0052
62427949847646.2100 585.8555
268165357249275.3000 651.0276
148743176151642.7200 619.1721
9377304323901.1520 581.4478
324683294002642.9400 746.2672
23674289544905.4960 83.0283
365774200793559.4000 765.4847
125957643767638.6700 630.7000
380448771141154.9400 857.9914
43413831238048.6640 356.8670
157969307518515.6600 47.1072
13328027638763.8260 539.0138
255075903721055.0000 407.8471
13543768523046.5370 15.7575
188735123951628.9400 667.6767
17932297582664.1050 600.9691
27372068826481.1520 549.9371
363922528446945.4400 941.6790
136468741800058.1900 140.6104
27207885218308.3000 79.9883
405172354796144.4400 414.7214
36095236362426.1100 360.9745
97168552850926.8300 1005.9728
209274777112302.2000 242.5209
77473823575066.2700 204.8444
544247787175929.7000 972.2805
102403655458115.5800 1008.4564
272374709153854.1000 909.7972
121026700796285.5200 855.0995
59816926965186.7800 591.5600
412209084532527.1000 86.9851
153907624909290.1000 418.9458
19071380609033.2930 575.0556
36744885753535.0700 294.8941
18027458471699.9530 268.8687
394843849270056.2500 286.7449
367039169780349.1000 814.7897
282963970555687.4000 873.6280
21701000174179.3830 136.2794
142425730762287.8400 91.6974
34008316165917.7150 645.8274
71998051381335.0500 408.0670
410746652576660.5600 798.9500
26342390381234.6250 259.6948
9603975739662.4880 218.5836
15572903677182.7320 476.4224
300565492558974.7500 540.8948
27674364892894.1250 557.5980
15659820173208.0210 582.7802
65931122283801.9200 797.4768
92626297064470.2300 716.0215
48362465285283.1100 686.2205
321006002877445.5000 612.1167
147176683130169.2200 83.4084
52787747664012.1800 598.7179
123437619986826.5500 858.8924
485341005433525.7000 76.3197
52980415005882.0600 476.9816
117579259161827.6100 346.9337
183955018472661.3400 726.2862
199334931658601.4700 382.5176
333786290779066.3000 329.5056
58852374084042.4100 85.6257
17938355221060.7540 404.0209
277928783514730.1200 998.2417
32791230793728.5160 295.8208
56692982844511.5100 691.8943
388783192518344.6000 294.2632
156728123353618.4400 199.4939
136106527990114.9400 576.9829
123158422950243.2700 978.4894
25021178406823.7340 31.8958
25995541045224.9100 313.4657
225477160005610.4400 900.4677
82085530218416.3900 1002.3375
296061332797554.2500 161.0807
60496861765162.3360 302.1240
144060724204205.8400 992.2015
12850187607968.2170 463.6118
14141449136399.3440 116.9677
17308499281615.0020 526.9249
72177225064060.2500 156.6387
370940161629771.6000 12.1728
235454620501679.7500 879.8124
86168689546569.7000 974.3981
229124609393530.7800 930.2100
21532163384010.7850 604.6479
9461424422391.5940 205.8287
41111113399441.1900 662.4389
147205085214481.5000 860.5894
422751877550259.2500 963.8696
67806986718486.2300 429.5716
66815161170040.9100 90.6713
16355011828021.6640 598.6972
