-31.99353224048044 66.62399063405877
-44.81340471833972 -26.72382448566911
-50.71448234143223 34.099655492262826
-48.240957595944536 2.1765162448249953
-48.23690187259392 2.097506524889308
-48.08832190181311 0.9913612826611882
-52.89742069525734 81.43967371172471
-46.840231445968215 -13.140975296473751
-44.59260628533163 -30.152343756253607
-37.14418338500832 -11.488608831976464
-55.777708933825984 151.0491728816472
-45.587141807843636 -23.794687487757766
-52.45087466277302 73.81895556246724
-33.56000083920671 35.287417578945465
-45.51057506363226 -23.167514554879496
-39.491860225372506 -29.82767525840739
-48.354505314720484 2.933062005688857
-33.02509423594033 43.57867919300297
-63.57372694467631 418.6971773420421
-48.935044600650095 11.396475785091909
-35.968000059786355 -0.05509957000016463
-26.40770027307045 207.03892408732332
-48.668216271202205 8.215770012621604
-46.960144684442476 -10.575016182950717
-43.23198401373307 -34.77581374445485
-46.32852841239772 -17.46374102012419
-52.91744296189316 80.90845251987443
-45.2716334926057 -29.998810202655793
-47.54569281858254 -8.706957931311663
-46.025176411591275 -21.191144690009285
-44.43887629618459 -29.059488794743395
-41.30931143325137 -37.48836309397073
-37.581162940414686 -17.523349277052347
-39.02363381857071 -29.18230781921074
-51.75199346993692 58.107143266199714
-39.06710313855581 -28.79437324914153
-48.80500420244026 9.523332937484973
-51.07145260547293 45.572223355804674
-29.38180817665842 125.47314344495632
-51.923297212550196 68.7005295453842
-39.381888210546435 -29.827800273458717
-35.83697745093643 0.05163147742391061
-46.31755530764021 -19.038412515905932
-50.342617395474164 32.87614170059054
-45.98872402883033 -21.05347805147177
-36.406617902796015 -3.3069611642514865
-29.271649991324473 126.45066047312042
-48.449215392171496 3.0064115510515563
-44.65882032583673 -29.05923876464074
-53.045170128374195 85.62247871471813
-49.83670660440305 23.771559719142573
-31.934668250988288 65.55864446570396
-47.15237739134537 -9.732996954393297
-48.143383129026425 2.8026225771218805
-37.58016718566405 -25.409236154967044
-54.941372037259505 129.6945350253388
-43.72829647059097 -33.89092842867988
-29.621095619164564 118.99536689961232
-37.022908750624 -11.733342190576082
-38.497390440151094 -27.166011712801144
-52.53166890319182 75.54326820486926
-54.680126134655566 122.69376822223578
-43.47429634313654 -34.80643662999899
-34.67807833920153 17.85475949377473
-48.06366702717733 0.005018343388201174
-43.36389844511555 -35.10460983492901
-35.74203105956737 3.5999179335102127
-47.27104354334074 -8.287211893798975
-48.97853466347617 12.868150553052255
-36.584612433052854 -3.9343234264781906
-44.38121883681339 -31.13530516822986
-47.09314913820636 -11.545672587015684
-59.21322246061952 257.1566002272167
-48.17230630198277 2.326221302564292
-45.827079156408686 -24.074968674673052
-51.01115024212389 46.0299849812104
-46.48456876901808 -18.299195008428278
-46.43528328662452 -16.907720179196332
-54.82770569362803 124.55812280767375
-45.223611863802994 -25.26419834036189
-50.1442256791115 32.28473510813319
-48.94970593379057 11.830242366309022
-40.23769615368276 -33.64219387259449
-41.99575363381425 -35.983641162978756
-50.1034019625803 29.45771186446268
-29.271152113949157 122.50771703416308
-46.44452423574644 -17.236752624727735
-43.8274923287723 -33.595225132451205
-54.31035540678363 117.28628959554275
-39.02566168024602 -29.142802959242896
-32.640932776158365 49.791994623184095
-45.874875417950804 -22.261193630104515
-46.39514695695601 -17.36642931711758
-49.403162513646045 17.104367944761144
-37.181036646209655 -16.58417306419029
-38.58638770527951 -27.479692843914496
-36.26150736197184 -3.5230298180613744
-34.340459589112356 22.90940339794156
-46.562650428488865 -16.860110480506982
-38.61699815659803 -30.094196710561604
