-55.47022018368386 156.04739119684874
-56.68584831894683 190.3888682914907
-45.28149788412014 -49.583931710696845
-48.240957595944536 2.1765162448249953
-51.32718656919672 47.32032498230441
-48.08832190181311 0.9913612826611882
-40.85205706580182 -48.71234401139988
-50.54272016317718 37.32758493852795
-44.59260628533163 -30.152343756253607
-51.56300463539312 62.16117218266868
-40.345297909567705 -67.09256729491715
-56.252516670900434 154.60027606984366
-51.339924516008146 55.06448750602169
-54.758522895946236 123.54542889088812
-49.18298122310655 19.33866227649318
-28.233129398454558 149.14876693092197
-51.783030226010446 58.60606612867151
-51.427181582141635 42.3550849756912
-63.57372694467631 418.6971773420421
-26.671370370751035 197.1541066322264
-44.663987591203714 -32.34640985476888
-58.15666121468436 207.03892408732332
-47.73763022278679 8.215770012621604
-24.836281431808484 261.6885518688278
-48.99323670314537 10.8835993079296
-45.22214748789319 -22.70360606267309
-49.72037174875656 17.24655967645161
-36.119162992518106 7.540040059201509
-38.04290506788152 -12.769197844565987
-35.867174686925566 -0.1631338969051086
-55.4110557912355 126.07969656695191
-36.14116630428909 -7.750561302343165
-39.555807394409385 -16.951278182531723
-58.5532435863917 227.65652729179033
-54.65205772697532 123.63380679945774
-39.06710313855581 -28.79437324914153
-54.79042332233891 125.65919463302902
-52.94607007810468 79.11609568604561
-29.935709113625933 107.21230346099094
-44.102621329306835 -24.724671914124457
-38.137713317290356 -22.02914488982681
-47.61967867383406 8.63309048301111
-39.313415363622816 -19.038412515905932
-50.342617395474164 32.87614170059054
-42.4278538757718 -40.10075055669158
-51.84001876404973 66.92373464150495
-55.412678344405606 142.67451316166427
-32.38804449888711 49.85635512270896
-34.17055013311905 19.01901812611699
-40.20458116362349 -26.2330196230119
-29.900119797315202 102.45081189767419
-31.934668250988288 65.55864446570396
-47.15237739134537 -9.732996954393297
-48.143383129026425 2.8026225771218805
-56.55751799547963 161.89605835137206
-53.24045422929391 95.48179778621079
-32.24621049816447 54.22348363817589
-28.178290326868954 121.15593143250499
-52.4500636708799 69.47548885489432
-38.497390440151094 -27.166011712801144
-56.25500691225026 160.35710137189534
-45.84410125382506 7.012642223077805
-40.1705253485661 -34.80643662999899
-56.75702695156829 199.9118514181242
-35.37945591611209 0.005018343388201174
-33.59890331133953 39.08884621433241
-35.74203105956737 3.5999179335102127
-28.286361982940015 149.10457797663716
-55.70587840689725 156.27537135944448
-54.282479537500464 117.22688136920429
-38.678091589428035 -24.67131508453309
-34.154898255463635 24.279456869351066
-59.21322246061952 257.1566002272167
-48.883934043943015 6.508764374182913
-38.95112433675436 -24.074968674673052
-32.7845510647504 46.0299849812104
-53.9759388736196 102.42216514091379
-46.43528328662452 -16.907720179196332
-54.82770569362803 124.55812280767375
-46.77568471093551 -12.758580278061693
-50.1442256791115 32.28473510813319
-48.94970593379057 11.830242366309022
-52.455690962503354 65.62596339129
-41.99575363381425 -35.983641162978756
-40.00254289216842 -46.64573999286816
-29.271152113949157 122.50771703416308
-52.971134183174655 87.31496584061225
-43.305722178519574 -33.595225132451205
-54.31035540678363 117.28628959554275
-54.818767752018104 111.63308404243472
-32.640932776158365 49.791994623184095
-36.127709943072944 8.756604595953853
-46.39514695695601 -17.36642931711758
-42.19873767976717 -47.56456042562496
-46.93744061819679 -16.58417306419029
-43.080676086736645 -56.846502113014516
-36.204967157074435 -3.5230298180613744
-49.79630948419364 22.90940339794156
-40.09575600333527 -42.30023617315539
-52.55591212665709 90.47777177545005
