-31.99353224048044 66.62399063405877
-45.353732040837684 -25.089313330468663
-48.999446021111865 10.740222816393343
-48.240957595944536 2.1765162448249953
-48.23690187259392 2.097506524889308
-46.112310064081306 -19.450339197140067
-52.89742069525734 81.43967371172471
-46.840231445968215 -13.140975296473751
-44.59260628533163 -30.152343756253607
-47.80858636760212 -3.0195176332936446
-45.318671613204195 -26.76235830406096
-45.254367614096694 -26.414724150933637
-48.04628377717434 0.5589731887545337
-47.62932758664488 -5.310813801098133
-47.96544107883882 -1.2920833949057995
-39.491860225372506 -29.82767525840739
-48.354505314720484 2.933062005688857
-33.02509423594033 43.57867919300297
-37.870436828628854 -21.17752926526552
-39.482275531258495 -30.13518094192667
-35.968000059786355 -0.05509957000016463
-48.26745042015118 2.2716561247494944
-48.668216271202205 8.215770012621604
-47.907608126875125 -1.16493646157166
-43.23198401373307 -34.77581374445485
-46.32852841239772 -17.46374102012419
-52.91744296189316 80.90845251987443
-45.2716334926057 -29.998810202655793
-45.36440007032121 -25.272747958007635
-46.025176411591275 -21.191144690009285
-43.30224059650958 -34.62659382314972
-48.249032326251985 2.333190652034496
-37.581162940414686 -17.523349277052347
-44.695656513635114 -29.18230781921074
-45.45815410929244 -25.38005214909196
-39.06710313855581 -28.79437324914153
-46.9006381485043 -12.888070961711191
-41.00495030712082 -35.65715452948659
-48.533795996072115 6.945343240313558
-46.640502379001695 -15.33545311820466
-39.381888210546435 -29.827800273458717
-48.039024285980545 0.05163147742391061
-46.31755530764021 -19.038412515905932
-43.89117589970448 -33.571420283106534
-39.892757362757436 -31.875623763481528
-48.01925098220944 -1.0050058667467634
-44.08169183203131 -33.10292889657288
-48.876170498297796 10.167234118321092
-44.65882032583673 -29.05923876464074
-45.149640831714706 -28.002537708610337
-49.83670660440305 23.771559719142573
-31.934668250988288 65.55864446570396
-47.15237739134537 -9.732996954393297
-48.549436311130734 4.4151591813799005
-45.143643383177434 -25.409236154967044
-54.941372037259505 129.6945350253388
-43.72829647059097 -33.89092842867988
-48.96578563346403 9.890897035431024
-37.022908750624 -11.733342190576082
-46.2727845163022 -17.344920942164208
-45.352463023518666 -24.779711820144186
-54.680126134655566 122.69376822223578
-43.47429634313654 -34.80643662999899
-47.23605836002679 -9.174838866471827
-48.06366702717733 0.005018343388201174
-43.36389844511555 -35.10460983492901
-45.45949320151826 -24.18053548204402
-37.61426996066724 -16.976796781245913
-46.20358488293593 -19.04650985388912
-47.862726972400054 -3.9343234264781906
-44.38121883681339 -31.13530516822986
-47.09314913820636 -11.545672587015684
-46.52656311606143 -16.149861378122008
-48.360705924949386 4.0206183988118465
-42.37031305193565 -37.72260878723756
-51.01115024212389 46.0299849812104
-45.750876088845814 -22.498969610459046
-45.440952359819164 -24.871053574809444
-46.47337193485245 -16.694127918679413
-48.042210467967735 -0.9660309039531372
-50.15721017836695 32.28473510813319
-37.74512072471971 -18.109113594943423
-40.23769615368276 -33.64219387259449
-46.04366426308449 -21.01372785122975
-50.1034019625803 29.45771186446268
-36.7698508754221 -5.25538282593811
-45.78542389895041 -22.804025467030193
-43.8274923287723 -33.595225132451205
-36.29099928770758 -2.798058140069065
-45.738863105470756 -23.836323690618222
-46.04825621716125 -20.370889589039052
-45.874875417950804 -22.261193630104515
-46.39514695695601 -17.36642931711758
-45.245158567147094 -26.383956887291134
-48.19905588527135 1.789159861112986
-45.41213771945999 -25.94333202904578
-36.26150736197184 -3.5230298180613744
-34.340459589112356 22.90940339794156
-37.51499978044944 -16.860110480506982
-46.10499744879461 -20.87679335108575
