-0.8525535210805728 1.3354391579686293
-16.962379011683407 -14.774386356304642
-28.436130008703543 -26.248137370909152
-15.665169598106386 -13.477176898736234
-35.148794727616334 -32.96080208297593
-5.141429114406245 -2.953436452773996
-45.754788868077725 -43.566796198959516
22.093702363833707 24.28169502686811
11.087209137671609 13.275201744271705
8.958740315836685 11.146732946360103
-20.50977299568185 -18.32178032992406
-20.718071856621357 -18.530079266208354
-47.03177093965968 -44.843778299728896
-48.45468870601031 -46.26669603389011
6.299594728388418 8.48758736895078
-35.06219793249303 -32.87420529736422
18.89082702420151 21.07881964865753
4.424946840943628 6.612939571603217
24.79668176532986 26.984674402189256
-17.191133791241747 -15.003141134900641
-48.9854435192415 -46.79745086992854
-22.764683797933348 -20.5766911433201
-33.33424789041846 -31.146255221454936
-35.638884563474576 -33.4508918788614
5.443062626825974 7.631055297822003
-34.98350634110904 -32.79551368090592
-36.36595306536717 -34.17796041731273
30.89160756300216 33.07960011710486
3.2699424767454355 5.457935141428498
21.946857291769877 24.134850026621553
-11.017291999360546 -8.829299365124811
-27.790463201913123 -25.602470536815698
-12.003036754837005 -9.815044123037646
-6.360565307485956 -4.172572637501524
11.455876916112963 13.643869574003645
-6.747655014679571 -4.559662332497169
-24.973876674373333 -22.785884016226397
46.12260448921552 48.31059717631493
7.316598626744971 9.504591273287023
-0.5543518047812626 1.6336408768999462
1.217085623603423 3.4050783083269405
4.840051911889519 7.028044554996787
16.278726910873328 18.466719547070912
-33.33285147780847 -31.144858802491004
-46.40221609820169 -44.21422352396744
2.630321898558446 4.818314538412376
15.359725732954816 17.547718368436797
-16.626719967952617 -14.438727299578147
-11.760980038379582 -9.572987395556448
-38.20510834615299 -36.01711572761899
-36.544098772478435 -34.35610620539747
21.446982540631712 23.634975183685025
36.80117528395107 38.9891679451936
41.109465566971906 43.29745821098352
-8.79426094115172 -6.6062682735549245
12.4843919865066 14.672384616048248
15.678207007645643 17.866199731429006
-24.30529148872079 -22.11729883021522
-33.592442902794886 -31.404450231071007
-3.6542659221411355 -1.4662732163744074
-46.206573351553985 -44.01858069435787
-39.069503762198835 -36.88151111373493
-14.795816019504775 -12.607823356418903
-27.075147216892756 -24.88715451563512
21.41106593675843 23.59905852688406
44.956079564685034 47.144072186313494
-36.387248015754636 -34.199255326568604
-33.4307042256777 -31.24271154745089
4.038962073285125 6.226954734285533
28.95137609479238 31.13936873266589
-42.28826402140809 -40.10027136279685
28.664001840137047 30.851994502593165
-17.222898866330517 -15.034906202175058
-45.877613232697115 -43.68962054464124
-17.59943102850235 -15.411438342211117
-1.2754396359420213 0.912553006278479
15.958073780632146 18.146066435281366
-15.725891566711397 -13.537898918758238
-21.60905542009164 -19.421062761673706
-45.27321750738474 -43.085224882471465
-8.363382569452622 -6.175389862269842
5.025378777668564 7.213371431202097
13.203523823520252 15.391516478528853
3.6268027842449992 5.8147954379451825
32.49189216974029 34.6798848377713
-8.34711181105044 -6.159119192192843
-27.239433913348883 -25.05144123722002
-18.262082197747805 -16.074089548613426
-44.30968022625733 -42.12168756706415
-9.73992652971353 -7.5519338738552575
33.620097935379135 35.808090601001716
-8.65299035275837 -6.464997695351379
7.635745499833625 9.823738220115313
4.790708945343049 6.978701599653785
-11.10859480885074 -8.920602148048893
-14.011936459524733 -11.823943806071668
18.319315797203906 20.507308424736284
-47.49776279428667 -45.30977010177045
-0.7667094175230069 1.4212832369174748
-2.4629624215084527 -0.27496974445881595
