8.065281179688863 10.398918843877091
-0.17973086002760397 -0.15491449131579316
41.74073690054993 44.07325843856754
-10.18080544269274 -6.816684724706569
11.73898284189225 13.918797180875869
-28.784639848810986 -38.55251945809633
3.7106353170473696 3.2095234769090517
1.0672980090269704 3.4465801301727836
26.56355657895847 29.93939155407463
-16.786334364296565 -14.694398672649898
27.546376417953987 31.16948160241202
-24.648343997774003 -22.773806636678533
-1.5744143083787199 -0.40981663157963055
-19.327730525976595 -16.500785779031325
19.542809548486442 21.87849917846352
-15.92408535350168 -13.767480804241574
45.102593992207396 48.31000435116743
35.51104163688666 37.35163012284725
37.09132794005073 41.098218241013555
-17.522463662322572 -16.325575808346038
7.712508580190999 11.993470296004189
37.12542276979584 41.20872859353062
16.024928911237538 22.95754700175109
31.128444098001705 32.01292345619488
-0.6465476977133093 1.466538008180681
-48.56588722650774 -42.56182658801479
-15.461309993345312 -11.970588096068534
-11.113680365419867 -8.320960238239309
26.26575625378107 26.33349108329646
-39.0745655039011 -37.654290110409256
-44.93496489166652 -40.7651655220164
-12.295698952006273 -10.625470860362862
-25.589010107163297 -26.853510679888615
16.32425550399497 18.14310471326735
-39.77190722807666 -37.781741180541175
-16.98610196000466 -21.484135300439178
18.409307833924743 20.710974330039758
-1.4641435475374358 -2.627084576531182
15.07042101637619 18.902991554536968
19.501286562035133 24.522138271797047
-30.259583501671408 -26.250460948367348
44.516859180414265 46.380975855865486
-4.567629265875588 -2.1621451842029344
-11.596706503720572 -11.171434400230535
21.815459785373296 22.13842983650352
7.675587059828395 8.417916418387993
-6.445478647210219 -5.239037466794256
-14.59783115181785 -13.053693313049044
22.830247968988576 24.724370488218238
13.992716106816752 15.870654955304342
14.299677252984662 13.078066624401961
-39.36206738714591 -34.27732176704469
9.699138589418226 11.385760332029948
-8.299231124669832 -9.056329933650366
26.29854585255802 27.80994738552275
9.91559173429989 11.256446343286907
17.540312239215165 17.9350036536793
-48.48500245872031 -47.11553904831663
1.4700263478262858 3.637376241189191
44.34572431746457 43.14917351875691
-10.26115932308048 -7.26016762838632
-20.42491965269986 -21.568474877757374
-6.8101722325749545 -4.652764566992602
44.57728827141436 44.10371108724075
-8.632037234790715 -7.2730785280696
-44.353091364477784 -45.30054280683757
36.2256949658769 35.28078107487926
-44.02230614651873 -43.86772976959129
32.91390480735423 34.8334313442287
24.544547313072925 26.0808451322184
35.60362708020775 34.75377835391605
-32.757313438451376 -32.17363174515046
8.946718120740162 8.311377819502276
15.448594152866375 17.904462309685112
36.07733939648869 37.80594338570336
39.3334222624055 39.87310060074311
14.563684856226217 14.51878542518795
36.82976365984133 38.52167365330812
27.00493140614754 29.114401543406956
-21.02888764192618 -21.184406889449406
-25.67453450898617 -24.678709545430348
33.57464061288458 34.09098521860647
-44.31737635221578 -44.44928478558059
9.738148691755539 11.229665769159165
4.586034151813479 4.975483974965869
-47.29315435630819 -47.47858548205136
-14.30887998124567 -11.507668878458754
23.01048074540548 22.57564796084592
48.081348681820636 49.25265799094771
-2.5869154525369957 -1.0921711806905918
16.593534727023496 18.20009327380157
-12.87017892454873 -10.941053268178475
-16.10459411057323 -13.344140186752385
1.6200508995939744 4.098465991469016
-10.64571426842701 -8.060565247191764
-31.685021023198725 -27.558230110083244
-24.11065980243035 -21.291689759667626
-4.7792332414723555 -2.081416423549836
-0.0857008248126192 2.4227504241709035
-5.6444413809103295 -4.370758456017924
