Fitness : Violation : Position : Miscellaneous
9.033492687289158 : 0.0 : [9.033492687289158, 0.003039575404767821, 0.06792122208862031, 298.98786405388364, 6.401295833005176, 6.3992612191388005, 6.2432962808461845] : 0.0
11.360425024214486 : 0.0 : [11.360425024214486, 7.155678491259118E-4, 0.12823655848903767, 299.4699787383057, 6.402113048269966, 6.397897654729217, 6.230201044285262] : 0.0
14.379361762147717 : 0.0 : [14.379361762147717, 0.002189106633183501, 0.18890822880835537, 297.0901064193139, 6.402717368954624, 6.39767129228831, 6.237660171910822] : 0.0
9.82860803566529 : 0.0 : [9.82860803566529, 3.694276770436761E-4, 0.11147746059095602, 298.12633782363343, 6.4030056319533255, 6.39948300469125, 6.232248220401955] : 0.0
8.274988555340634 : 0.0 : [8.274988555340634, 6.443327210618055E-5, 0.06156868617292511, 299.11169585910574, 6.3995454475553135, 6.399424305861917, 6.227301227038189] : 0.0
5.157429257869561 : 0.0 : [5.157429257869561, 2.1338695552126246E-4, 0.02636032019476763, 299.7622231827787, 6.398741592783701, 6.399170646915386, 6.2275334037133225] : 0.0
13.301203543575602 : 0.0 : [13.301203543575602, 7.370225231566702E-4, 0.1552699679593123, 299.04545220887223, 6.403963608453862, 6.398217064749705, 6.217251511169825] : 0.0
10.863715095886725 : 0.0 : [10.863715095886725, 0.005727270748024799, 0.08888491712616589, 298.7850050499135, 6.402380054479783, 6.399021141596421, 6.237154036524313] : 0.0
8.724662811920538 : 0.0 : [8.724662811920538, 0.0012963179711704342, 0.06905709832749289, 299.05040371033516, 6.399860179568751, 6.397809792382541, 6.235322558079646] : 0.0
18.386717336275964 : 0.0 : [18.386717336275964, 2.0973404651432423E-4, 0.32567810513275475, 293.46510239242645, 6.409024132532449, 6.399506393612318, 6.246881791293462] : 0.0
4.017794878918285 : 0.0 : [4.017794878918285, 6.198177930612254E-4, 0.003174412702988667, 299.83823674201074, 6.399102800986444, 6.399912062233022, 6.231425658014711] : 0.0
13.866890883670978 : 0.0 : [13.866890883670978, 0.009188367396887293, 0.08943208066707976, 299.0969895359054, 6.400480161979052, 6.3976731795401856, 6.233904422826384] : 0.0
11.055565988627286 : 0.0 : [11.055565988627286, 0.004532343550079968, 0.10393110842010903, 298.5865760444924, 6.402764909954122, 6.39882660293133, 6.240123542074805] : 0.0
18.63628068721505 : 0.0 : [18.63628068721505, 0.01622357949545196, 0.1589722929746062, 299.9472260354982, 6.401371357108385, 6.3994729437796405, 6.242167332428445] : 0.0
14.707111191812682 : 0.0 : [14.707111191812682, 0.0033463744490861546, 0.15318072222524362, 298.75812908279426, 6.402635568275312, 6.399231700040391, 6.231692330796676] : 0.0
15.988349235016564 : 0.0 : [15.988349235016564, 0.0016676759494176712, 0.22007568096496696, 297.8139078668826, 6.405837556871012, 6.39965588059626, 6.2342455991436] : 0.0
6.3458298646961655 : 0.0 : [6.3458298646961655, 0.0018507884058466234, 0.03712680243577429, 299.3991872204307, 6.398226642505064, 6.398211504535125, 6.231046460554886] : 0.0
17.043398923306732 : 0.0 : [17.043398923306732, 0.0022129209859231887, 0.2438134478807591, 297.6340658655518, 6.404287951758517, 6.398602357690535, 6.232158167369331] : 0.0
2.994766611298682 : 0.0 : [2.994766611298682, 0.0012509266972235344, 0.0012000620693047373, 299.5866919622243, 6.398335902854442, 6.399680683355033, 6.235721633996835] : 0.0
13.221730443539062 : 0.0 : [13.221730443539062, 1.0659806530121523E-4, 0.13966185472736495, 299.30641761234176, 6.40321396459153, 6.398285217797936, 6.230451207277537] : 0.0
9.287698289939513 : 0.0 : [9.287698289939513, 0.0036006866338358597, 0.05379686517323501, 298.94812784526187, 6.401051245563291, 6.399376310456047, 6.23907214803353] : 0.0
6.893243736197465 : 0.0 : [6.893243736197465, 9.743487028242424E-5, 0.05249995552394682, 298.89627556582445, 6.401289015905967, 6.39939169318356, 6.2296692273175065] : 0.0
14.469008899637172 : 0.0 : [14.469008899637172, 6.834205045860294E-4, 0.20881437961400393, 296.2194501501398, 6.40320530950868, 6.397795598934392, 6.237307366052086] : 0.0
16.72107447996961 : 0.0 : [16.72107447996961, 5.874279801503718E-4, 0.1914926899098529, 297.3348704962669, 6.404659784670471, 6.397975008672201, 6.244295064964104] : 0.0
17.342170997217416 : 0.0 : [17.342170997217416, 0.005793353249030608, 0.239980638684713, 297.01079428762563, 6.406590636150995, 6.398484289221743, 6.234645435542544] : 0.0
6.935435960763345 : 0.0 : [6.935435960763345, 0.0016984835112951913, 0.05278398955455533, 297.5839748218839, 6.401478183416988, 6.399945335199371, 6.236556085978641] : 0.0
11.187743748745584 : 0.0 : [11.187743748745584, 0.0016028807615161567, 0.10785047217138792, 298.0992113906444, 6.400781398170935, 6.399705815155423, 6.231790354691183] : 0.0
6.235026671638603 : 0.0 : [6.235026671638603, 0.0026147023842407694, 0.008906942505434105, 299.73919113563886, 6.397931241911115, 6.399254132738284, 6.222486335068143] : 0.0
2.286115638304809 : 0.0 : [2.286115638304809, 0.002957321942995708, 4.4885239110912265E-4, 299.92153695848117, 6.397495020260912, 6.398670731977456, 6.222871149682043] : 0.0
12.790686619232556 : 0.0 : [12.790686619232556, 0.005615659637562964, 0.13415735036841087, 299.80802284453796, 6.402496490250624, 6.398872103417165, 6.243317138002871] : 0.0
