Fitness : Violation : Position : Miscellaneous
24.75689009133579 : 0.17446839251274332 : [112.09247144902494, 92.92082984799643, 418.6969399294459, 253.67632425497848, 363.77345283624845, 314.38527407834204, 187.35740207747514, 240.44510802918757, 422.6050861871853, 327.63536256967416, 62.05222266108569, 25.45212933947656, 360.57523462148635, 154.92931279903644, 33.18282464268628, 177.83073409994952, 262.5959767527178, 436.99727138343997, 476.6436677047898, 331.2277760766668, 75.20423489785438, 484.34160340707933, 258.47970578652405, 419.90412487199995, 357.5224396065155, 166.38284143341596, 47.61653784668698, 188.2230796529231, 184.80143870864632, 267.91331244715536] : 0.0
24.863283528268322 : 0.1661649863336054 : [112.07864616363031, 92.90657381721475, 418.6514217155938, 253.61354922178037, 363.73216258863073, 314.38135590691286, 187.33889518218234, 240.45247804265898, 422.608275395213, 327.64052741697697, 62.058642353425135, 25.43895930550113, 360.57050594739616, 154.93306464751856, 33.17121090058721, 177.81598121055242, 262.58798430928846, 436.98411149892456, 476.65909672843065, 331.2328316464356, 75.22026781648178, 484.34524359032207, 258.47523463864405, 419.9113957027672, 357.5232151312623, 166.39149695888273, 47.60153505046064, 188.20936634494709, 184.80069169426102, 267.92855874783595] : 0.0
24.273278232089634 : 0.1730722108562892 : [112.1123105085683, 92.95523757744998, 418.7655000330367, 253.776555726689, 363.900865660288, 314.4623581531137, 187.35242424575597, 240.44207690739034, 422.5989302396775, 327.63377357801454, 62.0614546650344, 25.437282916438406, 360.5819252035819, 154.93040209886846, 33.17575869341958, 177.8174933050365, 262.5912508655389, 436.99508599274077, 476.6582904451499, 331.2152932472312, 75.20081802323799, 484.35304283663595, 258.48034445669, 419.9037095337988, 357.52408377916095, 166.39038121826877, 47.60158311934039, 188.19789544708755, 184.81722142814021, 267.923025290399] : 0.0
24.44438522805267 : 0.17574481923987093 : [112.11477091926619, 92.95168106434352, 418.75224134304074, 253.74623059249257, 363.8466591032178, 314.43322994683274, 187.34835603296747, 240.44970290345827, 422.60936097783605, 327.64002096830217, 62.0674707792934, 25.453989209032965, 360.5724317343071, 154.9409313445517, 33.18698326704636, 177.82422335859795, 262.59583904846755, 436.9936471124858, 476.66069293256703, 331.23590657657917, 75.21701664893978, 484.3386313335077, 258.4755842954861, 419.90993207870576, 357.5258472693779, 166.39928002146289, 47.60803669363247, 188.2192612954674, 184.80582772993927, 267.91915977337953] : 0.0
24.46850490733842 : 0.16602000401288128 : [112.08869273188552, 92.93355304883539, 418.72339000026153, 253.72432794988623, 363.8410585804884, 314.4250856095706, 187.34744004598411, 240.4544093120343, 422.6123900842468, 327.6345000183053, 62.05881705090089, 25.447036733642925, 360.58774772931895, 154.93227207797815, 33.163048549663515, 177.826418085826, 262.5924465103292, 436.9827649598037, 476.65062733756315, 331.2314861187442, 75.2204494770454, 484.34413965338234, 258.4816546283489, 419.8998853832527, 357.5297647301881, 166.38981223082916, 47.60576237870063, 188.2133582533153, 184.81075447769666, 267.9186652807161] : 0.0
24.355441183287 : 0.166396921798855 : [112.10014230117665, 92.94903533279856, 418.74016948542055, 253.74054104973283, 363.86050873797274, 314.44997862887567, 187.3471417204994, 240.44739300238686, 422.61633028947483, 327.6559118749018, 62.06717427104401, 25.440026069164002, 360.5793409937384, 154.9330549929818, 33.18102936579811, 177.81438334635075, 262.5992518465454, 436.9986036932409, 476.6458350193122, 331.2304322375367, 75.21236195370994, 484.34701262093205, 258.4836799096975, 419.89346908217607, 357.5301599757885, 166.38458271428615, 47.60695019657877, 188.22007846794202, 184.79562351568745, 267.92513272852875] : 0.0
24.703014156738973 : 0.1661456997033973 : [112.0889977090639, 92.90784083906266, 418.67770342971187, 253.64692673071224, 363.767272396751, 314.38904954058364, 187.3447768409559, 240.44448951488235, 422.60030741548775, 327.6338995252876, 62.0603481202274, 25.447045287644578, 360.5778341018922, 154.93409342934638, 33.17373795037102, 177.82285548750775, 262.5905767038522, 436.99776558973315, 476.6463735110676, 331.219501347324, 75.2225468503906, 484.34171348024074, 258.4808154338974, 419.9103477092043, 357.52280219066176, 166.39338430725343, 47.61197730139594, 188.2226998589809, 184.8107107780973, 267.9251970396132] : 0.0
24.307803016951237 : 0.17339300882885234 : [112.11318660483076, 92.95967635433284, 418.76104597143933, 253.7744630292749, 363.9158862734155, 314.46438313586316, 187.3483596954743, 240.46828045301805, 422.60953016499786, 327.65272583143144, 62.05637542888073, 25.449074948187523, 360.586380895474, 154.92314848196312, 33.17832792370873, 177.81777712590838, 262.5941381159648, 436.9864645618527, 476.6650832167221, 331.2184877675705, 75.21825071050453, 484.35697184078975, 258.49539735582135, 419.9048346322342, 357.5303660757907, 166.39217666348821, 47.59802175042789, 188.21401197293514, 184.80812421269292, 267.92083963644234] : 0.0
24.67311419266192 : 0.1687559503059978 : [112.08769140447855, 92.9255460901311, 418.69015482168413, 253.6730385257669, 363.79129938013347, 314.397103659369, 187.334187143407, 240.45641624899247, 422.6151603999065, 327.6328438096407, 62.07144148094313, 25.447508426679846, 360.5811995099572, 154.9304252132296, 33.16732086004699, 177.8243663819961, 262.59189252526835, 436.99251725921835, 476.65010972565597, 331.2215432325048, 75.21541190275815, 484.33075427911706, 258.4793959123294, 419.90250684776515, 357.51818909347907, 166.38163756679813, 47.608962761488954, 188.22031598787456, 184.80253643250745, 267.9250514949907] : 0.0
24.651047131939755 : 0.17160451537745613 : [112.09555023997635, 92.926598419295, 418.6952292495933, 253.67482162083843, 363.7837447619659, 314.39522213541215, 187.33423811553098, 240.43838855090965, 422.61839001630534, 327.6422931891043, 62.05072577366903, 25.43996099810307, 360.5810312584889, 154.9276482324358, 33.165567863556504, 177.81994861702822, 262.5881563388034, 436.98606828577573, 476.64870705543495, 331.2331514225772, 75.22617507786195, 484.3481042937291, 258.4657718886651, 419.9026952381852, 357.52133753212496, 166.3834750223951, 47.60665953196259, 188.21982679377976, 184.8059047712659, 267.9343556118716] : 0.0
24.568747563843925 : 0.1766216914386942 : [112.1023544425338, 92.93780474854327, 418.7206111222111, 253.69893839153968, 363.8046096784419, 314.399570996248, 187.3345895988279, 240.45208696976664, 422.60942848267996, 327.6443748085198, 62.06258019274401, 25.446189630215827, 360.57716462120834, 154.93535626724795, 33.16711972424221, 177.82795867076422, 262.59790443419, 436.99491130676176, 476.660307601241, 331.22754167672224, 75.22002945217439, 484.34839818282376, 258.4787191294523, 419.9070842047378, 357.52999906911487, 166.39120462625476, 47.58967970453612, 188.2154132987584, 184.80123593229575, 267.9219084903908] : 0.0
105.04996576229844 : 234.56516356949857 : [111.594530203944, 92.26840744409965, 417.9697355889557, 253.2214263331627, 363.52386064153364, 314.3414237671076, 187.25689182205755, 240.46444002766725, 422.65050563806415, 327.6412219483073, 62.01879274444116, 25.413547740506402, 360.5739793558552, 154.98220519735472, 33.24632672621961, 177.80363892894093, 262.55061223661346, 437.08448506663444, 476.5957875958426, 331.2776613592117, 75.53962721560521, 484.9411165738802, 259.2687860123176, 420.86412027369477, 358.5447535663701, 167.5876016504464, 49.035858507718686, 190.31196793076208, 189.21824125650556, 287.45046034657935] : 0.0
25.036897454747248 : 0.158962815243564 : [112.06188228292977, 92.86398819607564, 418.60411899313266, 253.55932788732963, 363.69420224827115, 314.37288883681697, 187.33686408354583, 240.44672334366868, 422.62327607233874, 327.64597206080657, 62.05594839219134, 25.444847922016486, 360.5787751783658, 154.9398516090949, 33.17763054946539, 177.81466241984558, 262.5914239047156, 436.9965833410003, 476.64893154027783, 331.2238076993382, 75.21245163396104, 484.35197387457475, 258.4825624351832, 419.89816143013775, 357.522199930375, 166.3840439346923, 47.60101185830498, 188.22116015878072, 184.81033540591983, 267.9118126695882] : 0.0
24.346147404168857 : 0.17138808077326165 : [112.10951419441909, 92.95108521322393, 418.762680900943, 253.77444549633074, 363.90292106277764, 314.474629043209, 187.34817168280728, 240.4439332235546, 422.5956430745753, 327.64963376693265, 62.05308752110625, 25.444914269917998, 360.5768168788361, 154.92967316475242, 33.193291497871044, 177.81915863434295, 262.5831320121202, 436.9913649621701, 476.6449461161062, 331.23576359977676, 75.22363592861049, 484.35012838312394, 258.4913602136729, 419.91118812660625, 357.52680067838145, 166.40377148663515, 47.58675323491508, 188.22233459765727, 184.79550035096682, 267.9321561338926] : 0.0
24.928010895417973 : 0.1671787342223201 : [112.07759239443163, 92.88898256911637, 418.6368825834295, 253.60695100956343, 363.72203768943797, 314.37039377339937, 187.34153328324237, 240.4389593528723, 422.61265644808446, 327.63834269821086, 62.06396946447582, 25.447806243438755, 360.57312011254055, 154.9326466933598, 33.17655007588576, 177.82449499546493, 262.59466537506205, 436.9929653099995, 476.6613798613997, 331.21661450894555, 75.21589625053313, 484.36077094318637, 258.475497713765, 419.90118460973326, 357.5236061750038, 166.3867185505798, 47.59682692922667, 188.21892873588536, 184.81625703867627, 267.91749388655467] : 0.0
25.07624488205539 : 0.16436446391623175 : [112.06999814279371, 92.87659440677858, 418.6137851541741, 253.57612058330483, 363.7157068955832, 314.3594953093969, 187.34483504938413, 240.45791575611952, 422.59928439939733, 327.64168505124155, 62.05689038050388, 25.443195675906246, 360.56700635190714, 154.94422261718762, 33.17766328029917, 177.81613389469138, 262.5954713020685, 436.984870472952, 476.65545338720784, 331.225957671909, 75.2084560588305, 484.3448229713224, 258.4672724791165, 419.90241830200785, 357.52419135731043, 166.3876408661817, 47.60897918917017, 188.22732612722112, 184.80833466209936, 267.9131248284784] : 0.0
24.52679792419216 : 0.17715431703293522 : [112.10642840156424, 92.9542665321216, 418.73371268764845, 253.71871058890986, 363.8319267676728, 314.42087656016054, 187.32907208620279, 240.4452936443908, 422.61542798074674, 327.6318681664485, 62.06951218249398, 25.44302303655136, 360.57320154774004, 154.93564308427983, 33.1729860221431, 177.81851406142476, 262.5987230460054, 436.9876939796188, 476.63941568393443, 331.2304159108949, 75.23485607717927, 484.3429872540368, 258.4907985378188, 419.9035340294708, 357.5197764127933, 166.3887211166254, 47.60067698689695, 188.2119845930149, 184.8007684879335, 267.9252492498624] : 0.0
24.801781716730865 : 0.17201980106069864 : [112.08628753719081, 92.91182919519673, 418.6841341026527, 253.65102814013017, 363.77374843849134, 314.3787523617568, 187.3427886860906, 240.4532214647215, 422.6123498188433, 327.6594908551465, 62.05584186038347, 25.4451968533144, 360.57573237878364, 154.94007633803417, 33.1745491819603, 177.806818335245, 262.59566517174255, 436.98814989302224, 476.6518488922843, 331.2302005116185, 75.21680212706096, 484.35236201778093, 258.4659002184499, 419.9014180035002, 357.51963507266885, 166.39401617547378, 47.6040447043683, 188.21184107363862, 184.8063815642759, 267.902402099687] : 0.0
24.989695225878545 : 0.16152514411305663 : [112.06292410129413, 92.87175386895582, 418.6268551117254, 253.59208261835226, 363.711638531291, 314.37049055925496, 187.33491205139194, 240.45066636491381, 422.61571901431034, 327.6449376308435, 62.05748717376866, 25.453908430048493, 360.5760811084026, 154.93186689568137, 33.16982836712224, 177.83049503185651, 262.598876479027, 436.98627196000325, 476.6432523123154, 331.22226334772466, 75.20721110948787, 484.34226652016275, 258.48146650143246, 419.90780731157884, 357.5238680177802, 166.3798825711761, 47.599960829449614, 188.2135498541623, 184.81493764674326, 267.9148138303929] : 0.0
24.36238461711601 : 0.16710957921777536 : [112.10030450973224, 92.95284304680261, 418.7435878169801, 253.7484011473789, 363.8775879780401, 314.4587875630602, 187.34584030210902, 240.4452016432685, 422.6121005843174, 327.6447991451512, 62.05004842750091, 25.4552970988641, 360.59132186227356, 154.92194404449853, 33.17353829899683, 177.81689104728684, 262.59276177572053, 436.99326188236023, 476.65476512559803, 331.22572891634877, 75.21243137443153, 484.3668593326596, 258.4781745399363, 419.88866705175485, 357.5312120214546, 166.39172308043146, 47.600478420861435, 188.22407651137704, 184.81149165952866, 267.9267947225854] : 0.0
24.962608631046805 : 0.16790630487586813 : [112.06885859751819, 92.8858015199014, 418.6403404497088, 253.60113507366682, 363.7238242057956, 314.36137611739673, 187.33166416114136, 240.44845043440847, 422.6142290390034, 327.6483049814386, 62.05766944877681, 25.449799568462524, 360.5764777156005, 154.92770243360678, 33.17474617584848, 177.81419991821483, 262.6035696281052, 436.98680397362824, 476.65775754609876, 331.22285086078955, 75.21886858557113, 484.34825392481173, 258.48556355178835, 419.91165391922084, 357.5243543245927, 166.39052126992632, 47.60019447007207, 188.23004199588698, 184.79791300095206, 267.91216186461827] : 0.0
24.827732696633404 : 0.16534818308971222 : [112.08252816204387, 92.89210346397002, 418.65190628747405, 253.6178601246145, 363.73517561171394, 314.3830921134048, 187.33501903795414, 240.43761301935953, 422.60848130495754, 327.644738968341, 62.06346312146697, 25.44862232281855, 360.58440234684707, 154.93119982445472, 33.16870386382271, 177.81904377862, 262.5996771919569, 436.9798370708387, 476.65809737698737, 331.2239372030439, 75.22139037090803, 484.3431662045591, 258.4760013156273, 419.91006429732306, 357.523990501134, 166.3889580801532, 47.603961724823264, 188.2186993845898, 184.80937948751188, 267.91560452621815] : 0.0
24.952766158397488 : 0.16798340353771818 : [112.07380035919942, 92.88922794149525, 418.64226976929683, 253.5953374212102, 363.7143028137091, 314.3724373463858, 187.34076834861054, 240.44610915352172, 422.60339340704536, 327.64017963212757, 62.065780647228394, 25.438516239553135, 360.5829033651719, 154.92002649505253, 33.17128253621512, 177.8165672702641, 262.5970976584297, 436.9915241662615, 476.6553238718485, 331.230572167828, 75.21294070720553, 484.3279919658062, 258.48363026188093, 419.89650224451356, 357.5228924872084, 166.38849518244575, 47.5934922462178, 188.22344809100264, 184.79791252997865, 267.92486850588415] : 0.0
24.868381067551102 : 0.1639504661340238 : [112.07194455348788, 92.8903037067639, 418.64966514264046, 253.60699423243017, 363.7212586681825, 314.38185922917046, 187.34304473721517, 240.4518126060592, 422.6138836721293, 327.6413089740506, 62.056029638872644, 25.4548963703166, 360.57696448296565, 154.93342319785123, 33.163735295811406, 177.8160825416552, 262.600036449736, 436.99198034888536, 476.6536122568491, 331.2339533508823, 75.21419352527454, 484.34920138208037, 258.47929586324125, 419.90235614978826, 357.5265273929999, 166.38334237768257, 47.60155749391751, 188.22123826746997, 184.7992115807121, 267.9113009287817] : 0.0
24.710435878277995 : 0.15997033548038014 : [112.07844155603908, 92.90728279272157, 418.68103360185347, 253.668178452816, 363.7952827322494, 314.4059097119597, 187.33961869265028, 240.44604899524032, 422.6111626767147, 327.63395463434574, 62.06345012156956, 25.460210691657185, 360.5771757904042, 154.92866205388376, 33.15984663321136, 177.80851613650987, 262.59212140560066, 436.9886177593248, 476.65286443110654, 331.2312418321442, 75.21603357002583, 484.3506266634962, 258.4719745602981, 419.8911950580599, 357.5314084372652, 166.37879316259426, 47.59578086907151, 188.2213578555173, 184.8036076608389, 267.92114087612356] : 0.0
25.54140501632366 : 0.18479897362455114 : [112.06554617480573, 92.86563734351273, 418.59197209388583, 253.52448135266337, 363.63582120659555, 314.33561889146483, 187.3364236210022, 240.4336049138368, 422.616261107574, 327.6343072704344, 62.05020427246939, 25.45969935230101, 360.5717081743774, 154.95103104505614, 33.1547527289079, 177.80285105622167, 262.59456103418506, 436.99869474183026, 476.6503275665011, 331.2449678376087, 75.22530426364209, 484.3522289190803, 258.48497525775895, 419.91373321796596, 357.51732054311515, 166.38095560347776, 47.58240882040188, 188.21865137175715, 184.81459604556014, 267.92796025232883] : 0.0
24.137034857257216 : 0.16787312609446314 : [112.12078582813368, 92.9701170582534, 418.7770931653355, 253.8251471972998, 363.9719398886141, 314.5325727070856, 187.3690276147104, 240.44709655756452, 422.5962058461083, 327.6416806613869, 62.07030532776828, 25.450889997731146, 360.5719862730548, 154.93859764897368, 33.16431341504495, 177.8121239562347, 262.5794990019, 436.9816421925557, 476.6605301243676, 331.2170313291289, 75.20971212417741, 484.34522563091303, 258.4673092177488, 419.89802574376506, 357.54887719210205, 166.38294342380652, 47.615140436707875, 188.21813796445485, 184.79313607326196, 267.9314922058997] : 0.0
24.678225069448548 : 0.15890535762855937 : [112.08213313501622, 92.90870160458718, 418.67735648969824, 253.6461164704324, 363.77062382248437, 314.41234015734886, 187.34348982807245, 240.44166252341594, 422.60931353224237, 327.64552151091294, 62.049562570476795, 25.446056806666423, 360.57657164550113, 154.93324341959774, 33.17087340233281, 177.83022646793785, 262.5906097224164, 436.98618127790985, 476.65290376122454, 331.2283808581972, 75.2097514238626, 484.3489856675916, 258.47532805171215, 419.9063195902721, 357.5334814904029, 166.38856154724238, 47.60344073974983, 188.2116872908938, 184.804671426018, 267.92001526426225] : 0.0
24.863501736394383 : 0.16318904763822278 : [112.08145106860934, 92.90025369789826, 418.64458951987314, 253.60866037120562, 363.73237700619893, 314.3864588060606, 187.3457531738565, 240.45486677754593, 422.6158748468746, 327.6401162857957, 62.055512327527936, 25.43938820974988, 360.59071423049875, 154.93594867895604, 33.1802646419461, 177.8220262301906, 262.5851081691263, 436.984187405714, 476.656961816911, 331.2192102105765, 75.2099976366354, 484.34331390127727, 258.4740062911486, 419.9007132860147, 357.5286948062586, 166.3914785105885, 47.608020696018045, 188.21638522778815, 184.80573482617223, 267.9153051574695] : 0.0
24.178050745019334 : 0.1672272186881849 : [112.11069699658503, 92.96026297877808, 418.7731235806259, 253.78571002970128, 363.92760400142214, 314.4963667486221, 187.35308623691543, 240.45076828355272, 422.626497988934, 327.63736808008446, 62.06939233849235, 25.45329765069997, 360.5704677198594, 154.92547397414074, 33.16992833860964, 177.83376573513874, 262.5965034602094, 436.9854732817979, 476.6515994205041, 331.22979235515095, 75.22089157680051, 484.35653083128676, 258.4818550961611, 419.914153718939, 357.52179111221034, 166.39092000558583, 47.59359377481813, 188.22746937660776, 184.80263908559482, 267.9302408922247] : 0.0
