Fitness : Violation : Position : Miscellaneous
-603.8260580340475 : 332.9365995103852 : [-593.8242145308427, -595.9208838781559, -585.6777880824609, -577.1697031470289, -598.4429724000324, -551.4564150975064, -593.0202332830509, -598.3692082240325, -575.7975399924769, -597.4340882856341, -585.3043484169121, -595.0402451129492, -580.3511660587355, -599.474865456625, -564.8537173775974, -540.6484659448611, -550.7001459716727, -527.8727634196031, -600.0, -597.2256777262619, -597.773626507859, -587.0104687439789, -584.3247780721294, -580.2754707614149, -581.413228106284, -573.9726698226112, -586.1479279394719, -581.9419531399619, -582.845105740515, -598.2689730684299] : 0.0
-603.8260580340475 : 351.84494448798205 : [-575.1794277213717, -598.9908461883742, -574.4484626993321, -584.9312831580564, -542.0120119546489, -541.2019677887796, -584.7850848944308, -598.0708079360122, -589.5736376725001, -593.2093450194717, -579.9449210703599, -594.9921388748978, -582.4612292128998, -598.7793206397942, -583.9340396283653, -564.5522442833676, -548.6100680488681, -555.381230996723, -600.0, -598.233465710505, -595.9976648429795, -568.406225635804, -584.73648321368, -575.6506027351028, -550.0770510194782, -572.5395764588166, -586.0398978795737, -583.9551526488312, -559.409497181771, -598.7084820767468] : 0.0
-603.8260580340475 : 353.3088250526137 : [-564.8049224551282, -597.3738969258624, -562.7203929614109, -577.0163474601147, -568.3891116647271, -579.3670462089868, -554.4675856517507, -596.3902995298117, -548.9842452746805, -594.125814345305, -591.9936719789632, -587.9290012378457, -585.992142795787, -597.8910012073313, -586.5593752226815, -566.3719567883702, -564.4139568518394, -563.3514527435366, -600.0, -597.5018532224319, -590.7646152294822, -590.7454633322186, -583.3388547843272, -560.6973428273659, -517.9088597858181, -563.1601732259851, -584.3641557961884, -584.6734887455407, -588.0002969103325, -599.0207441534558] : 0.0
-603.8260580340475 : 348.2940773901657 : [-544.7758643210075, -598.1521271880699, -551.9790542075789, -583.985883799518, -550.5684030857085, -553.6238263224716, -561.1570592113239, -598.0855553207219, -588.4692227805904, -594.2133016994503, -598.8890912569334, -580.1496282579411, -594.5636810538039, -598.3097856180627, -588.6202619356511, -583.9171646202806, -532.898464117423, -540.3125933374924, -600.0, -598.2411270374181, -596.9067102405071, -599.2250081604495, -585.2424127112988, -577.5078692065238, -577.9496706787714, -577.6293568637556, -564.949583695794, -577.7811816414578, -583.3455865947687, -599.5698258653208] : 0.0
-603.8260580340475 : 337.83774818505157 : [-552.4795829554446, -598.7801409137819, -581.3681898133984, -595.5174291382816, -562.2245368181195, -570.9568254601513, -573.3717099308928, -599.2055706719971, -584.7056570444163, -593.6507947914231, -582.7437866861667, -598.5635204466882, -599.2497348603624, -599.3459891451199, -585.87070353727, -539.5005492529806, -584.7547594707233, -577.372347383558, -600.0, -597.8657785293232, -597.6760866881093, -576.6550013371108, -591.2886179861371, -563.9214655095066, -543.9338534767463, -560.3294478538093, -572.1654182722568, -577.8367126517438, -584.4997488303911, -599.1930219978626] : 0.0
-603.8260580340475 : 340.87426314986527 : [-551.6408515365185, -598.771201137447, -589.8474466687699, -584.3011744412984, -584.9265475615806, -588.5641683318163, -543.2174352153525, -599.8867985031563, -592.6220704470848, -598.441136904768, -587.7543900317592, -582.1931951046305, -577.0397348787337, -598.9381730738492, -591.5475588294739, -582.2167239327736, -546.71885647243, -552.8141170254833, -600.0, -597.5408791300011, -592.6930852000955, -572.7939998547818, -585.3228422939957, -556.8722633801316, -534.9280834184533, -573.5636522813825, -585.2053834274166, -585.6909494290466, -583.2443541501709, -598.2482816374643] : 0.0
-603.8260580340475 : 339.31839607616644 : [-546.6379837360678, -595.7549647265569, -587.6361520312834, -581.4203110328888, -563.8650621845721, -587.1087239131764, -568.5998693789227, -598.9876534967043, -580.3832549039062, -595.7577363054127, -577.6436896348478, -587.4033593526813, -587.8303156884815, -598.9777376228708, -577.0484062824, -557.8594099549937, -579.0008268614151, -539.2725671929508, -600.0, -599.153198282561, -594.2899480282662, -581.7668903971755, -590.0225588551366, -548.7350884917842, -594.3171189283698, -554.8142463992813, -594.0846663726295, -569.1322558401142, -589.952937435738, -599.9836957401169] : 0.0
-603.8260580340475 : 341.7314322616458 : [-592.721115597545, -597.5844494715661, -583.3953322911357, -580.0156498845406, -552.7658536084332, -568.4172364393526, -575.9847247785549, -598.0600158653391, -586.0885043064942, -588.4512322630551, -582.4069469826126, -582.8620421989734, -588.869079438706, -598.194674172185, -572.7897238932419, -575.070536720493, -570.904874666448, -561.9785873103541, -600.0, -596.8365633588601, -597.1762388417246, -561.3572031650585, -590.9158339590089, -566.0800196915002, -517.5082040851062, -573.7604549174438, -590.7453901473941, -575.9035425764089, -584.2530349574376, -598.9833502664203] : 0.0
-603.8260580340475 : 362.82009523538136 : [-534.146166443724, -597.7346159870383, -571.5747253487493, -592.8379736549128, -526.4207338565686, -581.8979638436533, -547.402000040651, -599.0547568059987, -571.7060143537353, -595.036859045294, -591.2197824566636, -588.1698416652407, -577.6489524149301, -598.139752698173, -563.6543470113237, -533.0689402146385, -562.9961839774546, -594.1925343827775, -600.0, -597.8029973422323, -599.6192777102403, -579.4546316143629, -590.9689108235805, -555.0459820184752, -553.6812861751632, -567.7174978725136, -580.4843233362893, -572.7281029642401, -581.4186684867288, -599.0752312733018] : 0.0
-603.8260580340475 : 357.7417488669916 : [-541.4293275552, -597.2996206344662, -574.2400586551788, -579.8500976466366, -567.4273710038783, -553.2656501950264, -587.937888677491, -599.809564215899, -579.825424106959, -592.9278214693832, -585.5803995858789, -595.2468270663912, -587.8957833957094, -597.761963395006, -559.5580063198214, -578.6379298669684, -552.9104246847935, -564.3893054638431, -600.0, -597.4035619159778, -592.6973476048731, -583.4112826709306, -596.13046347513, -567.927965043491, -535.7107932184465, -553.3830674701601, -565.463832467897, -571.7255838080782, -571.2225928954236, -599.3555562335146] : 0.0
-603.8260580340475 : 349.64866293320324 : [-595.9656304863606, -597.2010428581282, -588.9786520592452, -581.2710761982785, -526.2454765146167, -563.7377124506074, -558.3623821635326, -597.8689544705155, -595.489250840426, -586.6702094857764, -590.455100773403, -585.7306108583639, -579.8463374569077, -597.5216539985171, -569.2010181028684, -554.5174145738379, -578.4273365132832, -526.1421308719412, -600.0, -597.4493130277175, -595.6689956570804, -566.5708167869036, -591.6321724872546, -562.4693205845933, -559.9965533541531, -592.6453025655062, -566.4798043851348, -590.5224426601233, -574.5988411800539, -599.0945714471487] : 0.0
-603.8260580340475 : 356.42453669050695 : [-575.2668803449201, -597.3004897734506, -587.8897787756612, -591.6169443964548, -582.2795282135801, -549.8199770153229, -570.3035543524966, -596.8886804892254, -564.0244198771127, -593.693200874472, -589.9287535492304, -593.9684843901775, -585.8159794595751, -598.9998731422401, -588.3448597059971, -542.4404982744707, -541.4230878516267, -524.2405408917934, -600.0, -598.4265665120336, -590.2631501131675, -580.2646295640941, -590.4200066670684, -582.4027364694257, -544.4275766445171, -572.4889704366753, -576.1125914290583, -578.0898753554379, -557.582953957303, -599.2142116813519] : 0.0
-603.8260580340475 : 368.95678933780846 : [-546.3199050918358, -595.701592671741, -566.8219678572351, -577.6710408900549, -565.1233292202926, -551.0743068867346, -566.7771221423138, -598.1711676794457, -586.2330966307959, -597.5124286205021, -598.7006392092528, -583.8239880959065, -580.9252470341427, -599.3766210124397, -582.6776508923707, -554.8417652221908, -564.5456995410686, -537.3503659568955, -600.0, -597.2963572456463, -595.801690556623, -585.3339528521815, -588.4384891773934, -573.7846831500399, -521.1142742691411, -558.3488566036739, -566.1105463337301, -573.5986863176037, -563.3390756400211, -598.6169311475329] : 0.0
-603.8260580340475 : 334.5259134225342 : [-554.6748989170771, -596.1467399183517, -579.6455860503374, -589.758661063898, -588.1854076421396, -580.2192983470425, -540.6144545913597, -599.486162659723, -585.4262493848441, -592.5866863940745, -585.8776897590737, -597.521206453596, -599.2604097126937, -597.5984464260871, -574.6745963033768, -574.8017188544535, -566.9342330351758, -541.0141559829822, -600.0, -598.0969035507867, -599.0103085439038, -558.0519466466641, -591.3631268080201, -572.83273100972, -561.2559281734044, -567.0767768617895, -584.3687064244259, -587.900753087674, -590.2833338675981, -598.1517228626919] : 0.0
-603.8260580340475 : 382.09859399988466 : [-539.3905069960872, -597.956180138309, -582.2062811675522, -587.4246977816849, -525.7528624939551, -534.8952110553852, -544.4271511407984, -598.0253557870642, -583.7497965520726, -588.2249146895922, -576.513308678416, -583.8250144560695, -587.783744962951, -597.2336734140088, -574.0948066347663, -572.5621258138826, -531.3396538492706, -569.442974443609, -600.0, -598.8206249550637, -598.8154051251413, -564.6529687510995, -590.4960972890865, -562.2490443370391, -525.5436984262412, -558.4212330732169, -564.8553259344038, -580.5654692827997, -577.2437460001049, -598.5675703201155] : 0.0
-603.8260580340475 : 377.4713825719295 : [-538.285127552982, -596.0422024443956, -578.8358215631259, -577.2485272951242, -565.2338331581052, -531.0498163722527, -554.759200469505, -598.4038898253743, -566.8831750977075, -588.0918692282082, -585.1581859179491, -578.9785045503149, -580.1407847251178, -599.4307937450287, -574.1441692572657, -548.1327869350732, -533.4550832863376, -539.8585399919933, -600.0, -597.5863608668991, -598.9769448358535, -580.5878947544988, -595.781685248433, -548.3635028576953, -579.34954531109, -575.9167310447439, -557.3890215265146, -597.4217324559669, -553.6689427441548, -599.3019342848903] : 0.0
-603.8260580340475 : 366.78886565967633 : [-560.4389170771894, -599.8936469164994, -559.3246299393351, -587.5870694655401, -583.2193915223879, -567.7819759620037, -560.9476594253977, -597.7992233134753, -579.2098086850325, -594.4439320568505, -583.151394285892, -584.9364931034974, -578.4629889555266, -597.6908611771808, -588.9408576197263, -522.2838860961504, -536.9204219635724, -514.9057788717589, -600.0, -598.4225372186909, -595.1907316658214, -579.6648281512141, -588.6052968515141, -557.9657122666217, -547.5339042155492, -570.5411758970002, -572.9827896917263, -597.7076815041298, -577.3582954610246, -598.9673356371508] : 0.0
-603.8260580340475 : 348.10327039738905 : [-537.9834429666564, -598.4011468771589, -567.5433456454159, -583.6566356211877, -556.5039156587854, -589.1330635685906, -572.845479700325, -597.1600742276854, -591.2704942318732, -593.442547765351, -584.6289510103445, -588.7313927663611, -582.4015748211991, -598.6991089388863, -560.9831872318402, -594.7422936848334, -559.258319637438, -578.2663699049423, -600.0, -597.3083328819771, -591.7012008049157, -565.5334645759265, -599.1147221954034, -547.6271594527127, -530.3773031870577, -568.1941322134307, -568.6079025303856, -586.2362458187732, -586.7216521847025, -598.5889952034622] : 0.0
-603.8260580340475 : 312.2988813843021 : [-559.1431199020565, -597.6605029716544, -566.5258185950031, -570.4671504096007, -583.0265414308935, -593.1968426713622, -585.7602903968616, -598.4369879726603, -577.2844946172993, -594.582263445466, -575.9108955038434, -587.6798043306976, -590.7860770471086, -598.6359797498636, -586.493953038518, -597.0635344800532, -593.7991467055779, -549.133281746648, -600.0, -598.9545214174584, -590.9105545182547, -586.7453087515356, -595.606536222668, -566.8204555273178, -592.5715472380053, -553.6667115024807, -586.6299659617375, -590.8699609527482, -596.749278820097, -599.8541588037663] : 0.0
-603.8260580340475 : 339.5978319872759 : [-559.0470621801692, -599.2398356478725, -575.8551416616085, -595.0785598749214, -550.6625900657401, -559.2473895399187, -556.9775146056713, -597.208953558235, -592.8455605486574, -597.3470313886758, -584.8836787707467, -592.6101450963481, -584.3070543578897, -599.4392748828229, -589.6904760806464, -581.0273638520196, -582.6410491903841, -524.7330165203197, -600.0, -597.4915501485848, -595.357434713292, -578.3132171511477, -597.1244890126802, -590.9245981590132, -562.9593190825166, -563.2045484230144, -586.026100864319, -575.7608455294478, -561.4612385475896, -599.4991729404477] : 0.0
-603.8260580340475 : 364.65837056478057 : [-587.9032466807289, -598.1777388266153, -552.932715657385, -573.1307743505365, -565.9768412018244, -595.6076512600847, -569.6001372519684, -598.7392355196341, -560.7126012626533, -597.1914381053666, -590.3851400830347, -587.1399633992276, -591.8905631679664, -599.4647485261287, -575.5585592930048, -555.4548632077731, -537.5624603072547, -536.4926135795181, -600.0, -599.8242461469099, -593.3618594568819, -591.9295106255008, -594.5006677247427, -549.1076593675521, -523.5351478298346, -573.5686388662348, -568.4860182342422, -568.2124089876024, -558.0316338637301, -599.3601883725001] : 0.0
-603.8260580340475 : 349.41534708803715 : [-574.4993143302581, -596.3674977865454, -569.8989669913551, -567.4793662839957, -570.8696277427066, -531.903409977287, -587.3100031670385, -598.858323896736, -572.2375052673103, -593.3222777935034, -581.2671880777351, -599.3680670851497, -586.5263274173785, -598.1493514827444, -589.265893286512, -558.0746237965603, -546.6534682483557, -539.8408302824071, -600.0, -598.373397824462, -595.1625459226891, -594.5576457799334, -593.703084637277, -539.134791694171, -579.4492602187186, -562.0089310477722, -593.2912295787687, -574.6632739121237, -581.1252447657462, -598.6034398896222] : 0.0
-603.8260580340475 : 354.5863798235707 : [-565.2034122649966, -597.3186972711062, -582.4091347603772, -585.3099437217782, -556.1731104319601, -555.5998846994612, -588.2737348209499, -598.2893273442895, -588.3126646168279, -599.4249105790065, -590.8470935032033, -599.8718526541002, -584.7548241730941, -597.7483611181674, -563.6192939616865, -530.5301194583647, -556.3618687666636, -543.2353478964158, -600.0, -598.9393099657805, -594.6388032138909, -583.0968751532049, -593.6723851440383, -538.0294398277385, -551.7221371872878, -576.213186498605, -579.4387315485778, -577.0358964402943, -579.3748236310782, -599.0572985696862] : 0.0
-603.8260580340475 : 314.8819363939407 : [-596.2067722148272, -597.8406966098507, -583.8744478378662, -586.5188061567696, -575.2960951487136, -584.4435845086977, -589.0697532034538, -599.8083504370273, -581.0504893655652, -593.0789577559653, -588.4541704939002, -595.441452085672, -590.6389298133106, -598.1976114444788, -595.3800599680715, -575.4230141817397, -563.8194585332844, -548.6483560667889, -600.0, -598.1047958027002, -589.7411391400221, -590.3319149994763, -594.9428171497196, -574.1879149869683, -557.3843759331835, -565.4412782344939, -568.7199961084293, -581.3330258910379, -596.0664881234624, -598.4557081946169] : 0.0
-603.8260580340475 : 354.5295600806126 : [-547.240839456301, -598.95426498826, -581.2633175980548, -583.4483463667539, -521.8019233426287, -589.8487656008108, -550.4015929366515, -598.3130046720075, -557.8726241908952, -592.8578631688124, -577.7822817394315, -580.5564645917223, -581.2261760566885, -598.7357440205255, -570.0738342368014, -559.5250666176939, -560.7841768586019, -587.1137957346964, -600.0, -598.801124698745, -590.8184626811119, -574.6909369118106, -595.9255995084224, -559.5557024800889, -574.3050734411872, -571.5584611610443, -561.0526630210127, -593.0737088458716, -586.2465211478005, -598.4540154682055] : 0.0
-603.8260580340475 : 358.3353438783491 : [-559.4922190171628, -595.0696822433522, -572.7570544404668, -586.7225861880231, -555.9511011679411, -542.8204882003334, -556.9150661851718, -598.131476504921, -581.6321178883045, -593.3784823742134, -586.7496589326013, -586.8066694111699, -588.8581311972475, -597.9164320842202, -586.877285214629, -521.6080801143731, -550.393481129252, -559.9802108195997, -600.0, -598.8705447942948, -591.5083565465472, -562.7680525055916, -582.5643220512648, -574.5033051232028, -596.9999884534516, -565.6890379329875, -587.0609425744188, -578.781495306973, -566.4250043700716, -599.4813219159682] : 0.0
-603.8260580340475 : 340.85746556237575 : [-584.4087108127994, -596.0221007415722, -556.2749340379701, -593.2059081028849, -570.0755768316774, -545.7070693018543, -559.6126563463283, -599.1642547232836, -551.1212728943296, -593.842513309962, -583.1933594575914, -589.3249396894623, -578.094395436399, -597.6746943570467, -580.8724362614653, -579.5960677066269, -539.4388628199705, -539.4753190267417, -600.0, -598.6786475117724, -595.0029347086128, -578.2060912220356, -595.7987030605657, -574.9229692981521, -574.2608431722825, -580.2301216342007, -594.9486914928785, -598.8378088133073, -587.3461610916918, -599.4894846101521] : 0.0
-603.8260580340475 : 361.9717691737684 : [-552.8421366181985, -598.0261228589172, -584.0075947071812, -583.8327257724363, -523.5589049395355, -559.7453493733065, -574.4754802076843, -599.4315864074176, -566.9569466202793, -595.2737275383963, -591.6862898923284, -585.638331648413, -588.8888979141054, -598.5607382341868, -578.5706511216779, -539.6217361607431, -549.7254432063073, -566.739326292712, -600.0, -599.0992610461769, -593.9059131720571, -567.0925795611356, -599.3365706030195, -575.0616796269301, -571.9674489462534, -578.4266135538517, -556.2580594748795, -576.6567447101738, -560.3634747675515, -598.9808851360123] : 0.0
-603.8260580340475 : 370.8244459673362 : [-565.2213375695887, -599.1141660554754, -552.3069367157348, -599.0727558351416, -517.7489283225356, -547.5563709662213, -577.3441017751663, -596.592914314856, -584.8037155086045, -596.8903242339309, -590.1190134927531, -586.483902399603, -580.7416491157574, -599.0908431027847, -572.3930944714123, -547.9468892854054, -558.9063860453435, -579.0704844250675, -600.0, -599.6884538562769, -595.1835700367614, -565.2234070722602, -590.7300145177755, -543.8394216673598, -521.4993476903285, -555.0133760860012, -581.19329035688, -569.34691389403, -585.7903434307893, -599.468230767111] : 0.0
-603.8260580340475 : 358.2259547584417 : [-579.9311928534735, -595.7524328599807, -560.6196520050563, -592.068001723218, -543.3118786401401, -571.7775546552349, -560.316152785441, -597.5393933039076, -557.7599361679838, -589.4913971546505, -582.6879647930709, -579.1048993217076, -582.9846294602996, -598.5426076632875, -563.6023098427464, -556.1070693740123, -572.7995576817589, -588.7974392890698, -600.0, -596.7952645201491, -593.5145407724507, -572.3644572805922, -588.1009040805353, -556.3734612021659, -540.935846579737, -564.3217555753496, -578.4164575088812, -594.5514702946523, -565.3004000531173, -598.8976183940658] : 0.0
