Fitness : Violation : Position : Miscellaneous
25.023847254353576 : 0.0 : [-31.82799296662471, -39.73946193111313, -46.398554822013324, -42.79885399219257, -29.145313414424066, -39.606649761669985, -12.296409162610724, -12.708617293430066, -44.33261940999092, -32.4602059354515, -36.57110487862957, -46.48693515690503, -5.159837148204948, -27.975867823812877, -47.30001908577482, -46.98241075014263, -30.467670684076413, -5.332771861132328, -44.65426362540276, -23.42437140977053, -26.885391325973874, -25.21544119002359, -31.37851357128732, -32.166163988506916, -10.84889374691797, -17.71565622128635, -45.34698520980299, -34.0970281151248, -8.168469189313074, -5.595400545031647] : 0.0
24.7796835236366 : 0.0 : [-31.812393740978646, -39.72023263357922, -46.358847089342284, -42.7456968298099, -29.120048736230267, -39.5957933530834, -12.298909205680033, -12.710358707291244, -44.33511133993227, -32.441491306425846, -36.57046195336321, -46.485485754973055, -5.165570267727318, -27.957011683180163, -47.299982107577485, -46.992083110520895, -30.47582119572321, -5.32309273479551, -44.654239199190286, -23.425288233926373, -26.881873081209484, -25.207942610420226, -31.38314269738583, -32.15727444109153, -10.845349706617991, -17.714685769635526, -45.34043492821375, -34.099150207900685, -8.167608611316641, -5.600823874696481] : 0.0
25.137608485802335 : 0.0 : [-31.81797608863326, -39.73569309369854, -46.40581040045582, -42.79803768002185, -29.17250368893692, -39.60569488218198, -12.301161210391811, -12.707872050725666, -44.354254708099816, -32.44480502597757, -36.566070711942004, -46.485146424743704, -5.16192695974706, -27.971154522315157, -47.28041234914902, -46.986516068441645, -30.471487631347443, -5.3300469988081085, -44.651917799963115, -23.440479930174078, -26.885334573366492, -25.205263058996096, -31.37672046397528, -32.17363258526879, -10.852914861449872, -17.714165006387333, -45.34220236292537, -34.09839783553781, -8.169423236114827, -5.592742071265105] : 0.0
24.926187580122274 : 0.0 : [-31.813789319177218, -39.72764966783551, -46.37252946857048, -42.76295838234077, -29.14178115195815, -39.607667709216415, -12.30378252805571, -12.697348899420309, -44.3322792631849, -32.43894140746812, -36.5655597333532, -46.48591438915024, -5.16502794022749, -27.958395304015916, -47.30084571959064, -46.99199947274471, -30.463229247262515, -5.325361445046914, -44.659130771542806, -23.441674080827624, -26.883924150528088, -25.203803187176426, -31.386695490472725, -32.170715094526194, -10.84323216144234, -17.721365095323943, -45.34149428421893, -34.09151643497897, -8.158945194370794, -5.599412560169449] : 0.0
24.810924889378576 : 0.0 : [-31.80037179258578, -39.700069580545644, -46.33345973911561, -42.71443778336063, -29.100521728110927, -39.59599643245981, -12.29611272856927, -12.697444778943716, -44.33353535489419, -32.44412044303266, -36.56321733295102, -46.485953896775506, -5.159439505508654, -27.970690189872098, -47.29847916603589, -46.98956499285057, -30.458528932205873, -5.308615325310155, -44.65370797314617, -23.42431618986134, -26.88881059365977, -25.2231459947649, -31.39556581763331, -32.164663864795635, -10.855449340224842, -17.708191500627052, -45.334670948118585, -34.11027835803235, -8.163970549607683, -5.6139298755078] : 0.0
24.89763025257259 : 0.0 : [-31.819975353585352, -39.71646052662422, -46.3539559325084, -42.73736623266686, -29.111926963409772, -39.61190949819125, -12.305674124327343, -12.695957191940781, -44.33950337827726, -32.44997322247248, -36.575509942285294, -46.480380568474445, -5.183430055728644, -27.956461481580277, -47.29878049402157, -46.98357796781714, -30.461450123580146, -5.332510229436586, -44.65286069221335, -23.419610018167123, -26.890283835778185, -25.21010998801673, -31.39559802416848, -32.155934453004946, -10.850785928615984, -17.717524388830853, -45.33628587864345, -34.10027901822565, -8.168219020095147, -5.601286113789548] : 0.0
24.83543025013976 : 0.0 : [-31.823184534943508, -39.71118348162024, -46.33813784351676, -42.69968166460252, -29.09030162132952, -39.58841166044276, -12.287340216071659, -12.712543837780412, -44.34509467595227, -32.455360167024004, -36.564379126099716, -46.48612645226966, -5.160874211093761, -27.950324627467754, -47.29568776622766, -46.98728484661835, -30.465341094721005, -5.337321049336062, -44.64085017752477, -23.43325302662174, -26.885889677624437, -25.217093410995517, -31.38496947825045, -32.160588496848355, -10.848273891750123, -17.714184699371874, -45.3531566868551, -34.09924197155755, -8.159738525976879, -5.597332362852613] : 0.0
24.503609475620372 : 0.0 : [-31.792663813089938, -39.67541487535192, -46.29647799458934, -42.64852971554353, -29.03918229163265, -39.56293377668273, -12.299840541002768, -12.707227306330138, -44.32553001025592, -32.44279377523141, -36.571364997520604, -46.48526319027155, -5.167419320671682, -27.961886630049733, -47.302514124480666, -46.98570375845665, -30.464982131912855, -5.32213895226613, -44.66450870741279, -23.42408129829768, -26.88611378399841, -25.218396410051014, -31.383303242324363, -32.17506199292888, -10.85169958924794, -17.71296003808902, -45.35167433887401, -34.09847555540643, -8.160742538521214, -5.598751517886167] : 0.0
24.465473250945557 : 0.0 : [-31.796581169376402, -39.680679508862696, -46.29499829377009, -42.644666712039154, -29.028498144660333, -39.5588473445105, -12.298049277435968, -12.70040458418746, -44.32956032249161, -32.43983458716862, -36.56348201706922, -46.49872203481603, -5.165231492296217, -27.976415275717397, -47.30081009162319, -46.988325696728566, -30.46952221562409, -5.329720125193942, -44.650285827796004, -23.422927981595265, -26.88868397859922, -25.208599392838586, -31.387211998065077, -32.159693487277366, -10.845826061943669, -17.713819732575026, -45.34547408524183, -34.09306438560201, -8.167812185510424, -5.593227310422879] : 0.0
24.627792319044485 : 0.0 : [-31.80451610203188, -39.70470056578037, -46.32227711141208, -42.69231524786396, -29.07366535990087, -39.57685161333411, -12.304460142664144, -12.714469275489167, -44.335251087438586, -32.45042869332624, -36.57586739581792, -46.48978191913103, -5.1681686740065444, -27.96413729805509, -47.29868585435368, -46.99088125893122, -30.47089872407775, -5.33116755652312, -44.650235035629464, -23.42893020379896, -26.872874098546628, -25.207796330629584, -31.386759429517554, -32.16037658158787, -10.845550331358437, -17.71334091260104, -45.33199908456537, -34.097045415571486, -8.17048684486071, -5.60021928353769] : 0.0
25.231546294757287 : 0.0 : [-31.845285575197444, -39.7760251339748, -46.44837726376707, -42.84443760982806, -29.207361308544062, -39.61996356486908, -12.306864840926442, -12.708381110849214, -44.33050849634316, -32.45337013210174, -36.57412083384861, -46.48126954629425, -5.164811923875126, -27.9668875064197, -47.30492802828801, -46.9911726734149, -30.462834247498705, -5.328658636375689, -44.644234543821554, -23.430385376862567, -26.880296206687134, -25.21676581682955, -31.389837461361587, -32.157030193959606, -10.838565376299002, -17.71113058832284, -45.34060716295594, -34.103488550460106, -8.164836316064921, -5.6008685497109285] : 0.0
24.75575358772871 : 0.0 : [-31.806794870999063, -39.70519635707772, -46.342383848926914, -42.71174386940811, -29.080502723805314, -39.59316459146259, -12.303137749461346, -12.705051613169923, -44.33485921143465, -32.43992176138054, -36.56508985302314, -46.491418219299476, -5.166031168232336, -27.955933831618836, -47.30624993431465, -46.990204309852466, -30.462083102410027, -5.331843427602568, -44.65986431327631, -23.435382110520074, -26.89128662977541, -25.20648779470617, -31.377341284870162, -32.1614567076181, -10.86179764305712, -17.71906525707601, -45.34048833678515, -34.093201412635196, -8.165973467111826, -5.614820219670527] : 0.0
24.1408319228754 : 0.0 : [-31.7865315882119, -39.65842596647318, -46.24372366713527, -42.56331887252354, -28.926439231336126, -39.48459972944583, -12.29761673545141, -12.70470274674492, -44.338146325141935, -32.44679565636527, -36.571024294499665, -46.491895516456566, -5.161180665611001, -27.962792696010876, -47.305283016316, -46.98167526265689, -30.459813744921362, -5.318007135761973, -44.648143249506134, -23.428351937165356, -26.884200618154797, -25.21294031775959, -31.386293960426666, -32.16539093932539, -10.850686050681698, -17.716531421439498, -45.34260721188341, -34.083909694093684, -8.156869266720964, -5.606412798907527] : 0.0
25.708781860058192 : 0.0 : [-31.855995868677226, -39.810422296820704, -46.51555723469251, -42.93010222903651, -29.25325144352746, -39.62552396806237, -12.319060261620677, -12.720899206654218, -44.336609244679835, -32.44753896107768, -36.562412122266366, -46.48167549732967, -5.178639951226162, -27.95552315493505, -47.2956134593423, -46.99136282879422, -30.477738257918297, -5.33841187477735, -44.66500162684369, -23.43277098078702, -26.894932464497476, -25.203445167732035, -31.38817508168588, -32.15433824269109, -10.836614680047832, -17.727607779943693, -45.33089939824423, -34.10020413364582, -8.182990657015822, -5.602991959208928] : 0.0
24.649083492516738 : 0.0 : [-31.792203991137214, -39.68345808364025, -46.30779163762374, -42.66534814071929, -29.056726376095266, -39.58776006993659, -12.297230508047917, -12.701924528948261, -44.33555489626149, -32.45422915583511, -36.56810627049632, -46.4835174056212, -5.171977309177694, -27.952925656146, -47.30394656617653, -46.98675100767839, -30.475412153572783, -5.321672954912916, -44.65328323666358, -23.42809645153311, -26.88053365456453, -25.22605518904935, -31.400630440064063, -32.15385117396365, -10.855357226980109, -17.716065651298713, -45.34154538840241, -34.102649672281814, -8.171912361127692, -5.598076752852653] : 0.0
116.63581226605575 : 0.0 : [-32.848279343343755, -40.67726577351945, -46.959157332482135, -43.27966971801573, -29.33857566605097, -39.448402547014226, -12.345548106171856, -12.719724332237742, -44.24583259377183, -32.45553106288983, -36.6016685207576, -46.491712926341634, -5.279135191976943, -27.93806967926411, -47.35640701149606, -47.02064429523594, -30.367159796439473, -5.380146408310998, -44.551163665335835, -23.344324764729066, -26.67595320148751, -25.08009767472472, -30.908010077996252, -31.421732021213217, -10.02478642003403, -16.754872548501904, -44.18667235694942, -32.62543676402564, -5.974319435913739, -0.5366685304800752] : 0.0
24.491438039399785 : 0.0 : [-31.790195377425427, -39.66332504004966, -46.27006883381337, -42.616264533016604, -28.997957463700246, -39.54026447435694, -12.309945516159326, -12.703187223956071, -44.331069516108954, -32.45851211100289, -36.56469744115927, -46.486369988812164, -5.158500759227121, -27.9732285957697, -47.31373655630182, -46.97697469965807, -30.491068243685543, -5.303600655018057, -44.643573834071546, -23.428630216411932, -26.879477532534356, -25.208221176200446, -31.370876733242305, -32.16291086371686, -10.85596843756035, -17.71209914811693, -45.34592570311101, -34.097595528343064, -8.166442616217857, -5.599382645563346] : 0.0
24.564675325823437 : 0.0 : [-31.79835027787302, -39.68039432822945, -46.30977899189928, -42.67226059349042, -29.052657568891654, -39.56454304621986, -12.299096318992198, -12.69186749524195, -44.33414010985597, -32.44797036950745, -36.551776869260394, -46.48546170378222, -5.1675447721146615, -27.96755343693222, -47.29451220951258, -46.981093086484464, -30.463289014355595, -5.3195018088542865, -44.64733489547274, -23.427276322439383, -26.88071782573812, -25.213330107447508, -31.391047892182126, -32.15722881679951, -10.85219567849136, -17.714741927226413, -45.33191369680634, -34.100898265769786, -8.17544018465917, -5.59530590561817] : 0.0
24.30043684814723 : 0.0 : [-31.79603797481568, -39.658128259367345, -46.255026685401106, -42.58709811834153, -28.949777916603182, -39.50594005577737, -12.289827572595279, -12.71292991426385, -44.34054589104735, -32.451213194877745, -36.554468806676525, -46.47360704372862, -5.164210513025507, -27.954396167703983, -47.30422061322459, -46.98705937795204, -30.46519884724816, -5.317546870948107, -44.65805283019304, -23.4290920410264, -26.88333046474773, -25.216188973334837, -31.379025837938435, -32.162162969075105, -10.851077507257314, -17.69930959190677, -45.35051765188621, -34.09350173733413, -8.167080253187411, -5.587876892208875] : 0.0
24.83640654851636 : 0.0 : [-31.816661720271092, -39.72116294239359, -46.35796994514355, -42.747944203204575, -29.127432782827874, -39.5936764155601, -12.30810681895095, -12.695323419782428, -44.331415119803175, -32.45286481876873, -36.56184916252474, -46.484179792368494, -5.173853355528734, -27.959475130531224, -47.290065880568946, -46.97914892390605, -30.463884127328356, -5.330822059220827, -44.64817043471868, -23.4286621640068, -26.87975048905298, -25.21448658520458, -31.39035539391281, -32.161435275259635, -10.858169689829978, -17.718402734506228, -45.34111884585532, -34.09537767053514, -8.167224795658674, -5.6038776182047005] : 0.0
25.373003080574648 : 0.0 : [-31.856063123539546, -39.79027502742903, -46.468120426543024, -42.88344828456891, -29.224628029171875, -39.61837462703162, -12.303572961526697, -12.701480928286824, -44.32608282222988, -32.44159183554733, -36.57235170516385, -46.47375165436671, -5.16353388756352, -27.957497157296423, -47.30431021044876, -46.982693129715386, -30.464365097312893, -5.322797470604528, -44.650217477680265, -23.436765167585243, -26.891488128163704, -25.206629091471946, -31.38165159021021, -32.16207753954366, -10.853099184521302, -17.72671335181137, -45.35022468287847, -34.096796453714425, -8.160620066156588, -5.596808704957766] : 0.0
24.47493717147102 : 0.0 : [-31.793859202678334, -39.66810743631041, -46.27722661196747, -42.6365504629574, -29.00646982604335, -39.54807534421222, -12.28897517350157, -12.706071712963032, -44.3331109610248, -32.448443856708735, -36.567832843282396, -46.49988559956148, -5.177476255284156, -27.960720085597302, -47.30314395696987, -46.98344693789436, -30.479848867562616, -5.328439071878195, -44.64347396328702, -23.413732043753154, -26.89076194485312, -25.208672657448805, -31.39006704319967, -32.17322867794778, -10.85144509900856, -17.72117905124744, -45.33714389820429, -34.114034129299895, -8.163696577556937, -5.610911335751084] : 0.0
25.38404348196597 : 0.0 : [-31.841424170423757, -39.76974690808521, -46.44963587129501, -42.87010218107092, -29.22316005833933, -39.629662570777185, -12.309950717808356, -12.70234803539949, -44.33422532890789, -32.45665504208242, -36.5626786945521, -46.49648979515497, -5.1639234802470355, -27.96226549018118, -47.29754928558537, -46.98958956919443, -30.45457866318943, -5.32609559767168, -44.65558344051985, -23.41841948618263, -26.89194143451901, -25.206191807511807, -31.38394863972165, -32.144930520283, -10.858646967854948, -17.70770623320108, -45.34383568192467, -34.09919813124192, -8.172318424650602, -5.586797429837022] : 0.0
24.53322015462487 : 0.0 : [-31.795464209875664, -39.69631544005191, -46.299924916154154, -42.66047026120093, -29.03205987010277, -39.55109697513984, -12.294165144032492, -12.70203376560488, -44.3469095195385, -32.450143589213255, -36.56687712161134, -46.48562729842533, -5.15940829570483, -27.961478424932583, -47.298447033785685, -46.99422213312967, -30.46924682205953, -5.323405964214519, -44.65145866325004, -23.423712174087193, -26.87777399008703, -25.207920954113, -31.374412952895, -32.1624955411666, -10.849909942014028, -17.71931592154983, -45.34276827272886, -34.10112350133589, -8.171502042755701, -5.594581679582389] : 0.0
25.152830758342258 : 0.0 : [-31.81676077860864, -39.7091877410431, -46.357588240803075, -42.75006850600022, -29.120229707927855, -39.63237333638258, -12.299542454732963, -12.701998578788116, -44.332362782312465, -32.452612693215215, -36.56352346998416, -46.49557525807717, -5.165652652563049, -27.973491376816416, -47.305651771823705, -46.99089849917172, -30.472629021040703, -5.32376671521064, -44.66579225949167, -23.432725023128143, -26.892992697214105, -25.213630319074575, -31.375000044192777, -32.180186583541754, -10.859688579262045, -17.718697587280964, -45.35554344684838, -34.09992404779267, -8.161222728437462, -5.624272796488604] : 0.0
24.712320017048626 : 0.0 : [-31.801014570710063, -39.691415232689025, -46.32964635747012, -42.6833998167438, -29.075537714025167, -39.577447506495915, -12.303532666854903, -12.71072223053758, -44.33148755983656, -32.44344320382898, -36.56056372923819, -46.4761215183446, -5.176351457476605, -27.954247590902696, -47.30389515479187, -46.98250150720443, -30.473714093173776, -5.324568189997635, -44.65199550342429, -23.422808011970453, -26.884135779056187, -25.214341574603548, -31.374920612451263, -32.149424266670366, -10.838384599498017, -17.7251307222627, -45.351220017476024, -34.10331161970949, -8.159633938581786, -5.600277650779949] : 0.0
24.701798635248718 : 0.0 : [-31.81233870315537, -39.702130751731204, -46.341547823156745, -42.71764804819894, -29.088685046548175, -39.57258047749397, -12.303375592538513, -12.700628264028502, -44.331882449194765, -32.45857990745784, -36.563392922705034, -46.48307851221442, -5.1668573477496595, -27.96287451506361, -47.30317457269147, -46.99430136009515, -30.469669325355593, -5.327028834154183, -44.65093556855889, -23.435651767898207, -26.88168640721785, -25.198697268995122, -31.391424709664534, -32.156829662296445, -10.851750100393794, -17.72402896294748, -45.34701056812057, -34.10144598456754, -8.164531000049944, -5.610148452540573] : 0.0
24.798751591132792 : 0.0 : [-31.80303280909894, -39.70921227723246, -46.348125308008974, -42.71164687208248, -29.104002315083775, -39.58153381413781, -12.304471822427232, -12.7116862531483, -44.32315365637049, -32.44528750138855, -36.57407135676176, -46.481249748884544, -5.163632283945682, -27.955945288901567, -47.309979352515896, -46.985919086653304, -30.47387216361764, -5.326015564327177, -44.65582949536261, -23.430059646077996, -26.893081643052724, -25.21407325552794, -31.387860185351105, -32.165937910913556, -10.845648734145787, -17.704531346146467, -45.3490375411987, -34.09572768796315, -8.163859306763868, -5.606115267218913] : 0.0
24.762782523337897 : 0.0 : [-31.806608558114068, -39.70688920726876, -46.347957101358546, -42.71948588596518, -29.094207491695872, -39.599484188549866, -12.293937585373722, -12.703992749979896, -44.329235897223256, -32.45147612831718, -36.56948748471246, -46.47832423557803, -5.178595607654508, -27.969292668129683, -47.29988079945133, -46.987237944969415, -30.46122848599918, -5.326383448904889, -44.65276042042527, -23.43639068184061, -26.89134161370167, -25.214074773742485, -31.389080485855295, -32.155858708180226, -10.848773458775199, -17.71319322929474, -45.344276225568656, -34.09640402204771, -8.165081004726908, -5.5909848306694245] : 0.0
24.80392711963275 : 0.0 : [-31.822366910851404, -39.72341467304511, -46.36204242500153, -42.7364091410203, -29.10614464436642, -39.590997312710584, -12.301646957562308, -12.703168342486382, -44.33665750276345, -32.45525353401561, -36.57229573210241, -46.48561622628834, -5.1711693774308305, -27.963969105313048, -47.298583824972845, -46.994170988856396, -30.46519774705981, -5.334906816217068, -44.65100606997011, -23.428138717461174, -26.894354236805967, -25.21530351083214, -31.388995721991066, -32.171408206818214, -10.850936072250704, -17.718844961057883, -45.345807436664046, -34.099744090710416, -8.161470359019301, -5.606757330198468] : 0.0
