Fitness : Violation : Position : Miscellaneous
2100.0 : 55149.23831009292 : [100.00000000000004, 1000.0000000000001, 1000.0, 603.9832858576549, 619.867855271481, 990.9466007771731, 992.9041979272679, 467.8147547083729] : 0.0
2100.0 : 247456.1869885243 : [100.00000000000001, 1000.0000000000002, 1000.0, 759.3671885190204, 149.9525343317743, 50.84769625702728, 776.9379733498515, 94.72237229657227] : 0.0
2100.0 : 149279.29517192332 : [100.00000000000028, 1000.0, 1000.0, 844.4293794868981, 621.3596702048652, 592.7856067408516, 531.0015529072633, 27.956575771489383] : 0.0
2100.0 : 63.16595726358715 : [100.0, 1000.0, 1000.0, 148.20237502362232, 515.2837302550276, 497.9179929852223, 694.5557501619687, 480.8040702525071] : 0.0
2100.0 : 109350.04188875924 : [100.00000000000006, 1000.0, 1000.0000000000002, 178.51558009442994, 897.0504600534952, 496.01962161408744, 446.41407047903067, 808.9417258974872] : 0.0
2100.0 : 198675.22260421235 : [100.00000000000018, 1000.0, 1000.0, 928.8611304647561, 82.22776007560185, 837.6343363265873, 14.219045325903494, 551.5675538455127] : 0.0
2100.0 : 35623.581593800394 : [100.00000000000001, 1000.0, 1000.0000000000002, 67.21599296433632, 523.9947305318971, 425.51930206969, 616.1483230900458, 272.3094206289828] : 0.0
2100.0 : 214098.87932706522 : [100.00000000000007, 1000.0, 1000.0000000000002, 498.6398890340256, 950.3216214423344, 789.4420783032643, 41.90652722850598, 503.11535325994464] : 0.0
2100.0 : 148850.40783254092 : [100.00000000000028, 1000.0, 1000.0, 164.86166149449252, 118.34629039652236, 438.06804237948467, 362.64121442129, 199.62307132087443] : 0.0
2100.0 : 94047.29797417099 : [100.00000000000017, 1000.0000000000001, 1000.0, 213.11021216713587, 895.333107780403, 690.6085920772612, 536.805828642763, 985.9564443584734] : 0.0
2100.0 : 79346.4244714682 : [100.00000000000003, 1000.0, 1000.0, 469.75854286377216, 421.20622999235263, 883.7155348938035, 162.75461572289888, 765.5327500853696] : 0.0
2100.0 : 160990.3398949649 : [100.0, 1000.0000000000001, 1000.0000000000002, 778.778452462939, 227.36650034559625, 257.68833700814525, 579.2399696343355, 492.89070013261437] : 0.0
2100.0 : 6315.3893588911205 : [100.00000000000003, 1000.0, 1000.0000000000001, 186.24313674445463, 745.534170109566, 439.80119297453905, 945.0545727755097, 186.23094530844173] : 0.0
2100.0 : 54964.854031073686 : [100.00000000000016, 1000.0, 1000.0, 525.8833869962896, 362.2341206266555, 351.194716625451, 804.8362229734706, 902.7415789711497] : 0.0
2100.0 : 55811.7323560719 : [100.00000000000001, 1000.0, 1000.0, 327.3341401713143, 646.3646259076, 40.89143649445228, 586.6088245650651, 376.68944042101447] : 0.0
2100.0 : 163279.98102444925 : [100.00000000000006, 1000.0, 1000.0000000000002, 420.65960976088456, 291.6150265191492, 186.45384012492735, 527.5958950165594, 91.4687075099672] : 0.0
2100.0 : 204536.0213292716 : [100.00000000000011, 1000.0, 1000.0, 400.51607469120074, 371.7252871215177, 313.09620662417717, 42.82341782558598, 16.021013936816757] : 0.0
2100.0 : 84075.74548309574 : [100.0000000000001, 1000.0, 1000.0, 498.0732962509848, 907.645411850988, 604.7833552779605, 786.8367225978823, 469.8113917962562] : 0.0
2100.0 : 75774.26898828385 : [100.00000000000021, 1000.0000000000001, 1000.0, 138.67930337604304, 701.5210950805982, 36.94625912964776, 426.1254159362908, 746.2102309497712] : 0.0
2100.0 : 120408.29001477035 : [100.00000000000014, 1000.0, 1000.0, 149.2600461453642, 989.2467401189232, 679.2978373784545, 476.79703687772667, 676.3680886472793] : 0.0
2100.0 : 87876.11928991291 : [100.00000000000006, 1000.0000000000002, 1000.0, 719.3260421591954, 418.3636058271801, 668.1193997234778, 275.1629479007309, 687.1476684720133] : 0.0
2100.0 : 13665.17101396702 : [100.00000000000009, 1000.0000000000002, 1000.0, 104.54474542476558, 540.4664210725867, 517.1293005113472, 567.4578765347351, 560.3509718422827] : 0.0
2100.0 : 239615.2524282641 : [100.00000000000006, 1000.0, 1000.0000000000002, 826.445665310232, 68.63334859149771, 977.7087900491127, 771.4691468148617, 226.96239313089347] : 0.0
2100.0 : 109839.2957508841 : [100.00000000000023, 1000.0, 1000.0, 693.0353974938118, 646.1493256101483, 742.3938957591656, 405.350833373964, 642.2737953098178] : 0.0
2100.0 : 160407.7408242329 : [100.0, 1000.0000000000002, 1000.0, 481.5335894226994, 719.3840515418954, 160.00143222130492, 128.34494927998426, 470.47932142893103] : 0.0
2100.0 : 51453.88299187523 : [100.00000000000031, 1000.0, 1000.0, 64.88280703122157, 442.03114909389166, 82.77357195350598, 937.0118667572222, 278.23226380843323] : 0.0
2100.0 : 0.8522867893290226 : [100.00000000000017, 1000.0, 1000.0, 84.85142483568748, 557.5480984041665, 438.1843697612519, 738.9130895075097, 935.258782583348] : 0.0
2100.0 : 57798.75167145586 : [100.00000000000023, 1000.0, 1000.0, 221.6626701536443, 520.7403703223061, 422.6766751353132, 696.3061821189201, 191.21674479140836] : 0.0
2100.0 : 110476.40081865333 : [100.00000000000003, 1000.0000000000002, 1000.0, 191.85958523079364, 235.59528805340915, 244.96701722460915, 501.3403847171379, 295.8019146887624] : 0.0
2100.0 : 85174.75996714144 : [100.00000000000007, 1000.0, 1000.0, 783.0940414772328, 610.248666344113, 682.0022745038477, 616.9799718401679, 871.8681408073387] : 0.0
