Position - Fitness - Violation
[352.91259300748516, 168.70856741648788, 401.02332049058384, 405.4162412344248, -744.1994059614569, 0.3585554768365905] - 8847.2527902461 - 286.3317465868387
[292.59634898385445, 9.180442758500718, 368.6106581341125, 381.4805697422123, -319.81301183903213, 0.42673937278958884] - 8599.722259879745 - 239.8064176713816
[209.5236688944449, 22.178687811168004, 409.29064022495027, 393.3090213518314, -633.5722824050425, 0.4330871123908896] - 8560.76687644796 - 332.84721861386004
[209.5236688944449, 22.178687811168004, 409.29064022495027, 393.3090213518314, -633.5722824050425, 0.4330871123908896] - 8560.76687644796 - 332.84721861386004
[209.5236688944449, 22.178687811168004, 409.29064022495027, 393.3090213518314, -633.5722824050425, 0.4330871123908896] - 8560.76687644796 - 332.84721861386004
[309.0014207131787, 53.22353050718242, 398.545604123535, 362.6083054483503, -517.7014211939963, 0.48995633643865877] - 8467.356752275227 - 311.9306805972865
[309.0014207131787, 53.22353050718242, 398.545604123535, 362.6083054483503, -517.7014211939963, 0.48995633643865877] - 8467.356752275227 - 311.9306805972865
[309.0014207131787, 53.22353050718242, 398.545604123535, 362.6083054483503, -517.7014211939963, 0.48995633643865877] - 8467.356752275227 - 311.9306805972865
[309.0014207131787, 53.22353050718242, 398.545604123535, 362.6083054483503, -517.7014211939963, 0.48995633643865877] - 8467.356752275227 - 311.9306805972865
[309.0014207131787, 53.22353050718242, 398.545604123535, 362.6083054483503, -517.7014211939963, 0.48995633643865877] - 8467.356752275227 - 311.9306805972865
[309.0014207131787, 53.22353050718242, 398.545604123535, 362.6083054483503, -517.7014211939963, 0.48995633643865877] - 8467.356752275227 - 311.9306805972865
[309.0014207131787, 53.22353050718242, 398.545604123535, 362.6083054483503, -517.7014211939963, 0.48995633643865877] - 8467.356752275227 - 311.9306805972865
[309.0014207131787, 53.22353050718242, 398.545604123535, 362.6083054483503, -517.7014211939963, 0.48995633643865877] - 8467.356752275227 - 311.9306805972865
[389.82811324323086, 42.4513035408613, 379.7170710220888, 394.0401138129112, -349.2000321916071, 0.3864162982995677] - 8442.842824799007 - 226.14953594824757
[333.9082099343349, 13.350638356315045, 390.32818443483126, 410.2347620058998, -201.61288458392403, 0.5024865817969801] - 8308.54853930898 - 267.69286055967154
[333.9082099343349, 13.350638356315045, 390.32818443483126, 410.2347620058998, -201.61288458392403, 0.5024865817969801] - 8308.54853930898 - 267.69286055967154
[333.9082099343349, 13.350638356315045, 390.32818443483126, 410.2347620058998, -201.61288458392403, 0.5024865817969801] - 8308.54853930898 - 267.69286055967154
[333.9082099343349, 13.350638356315045, 390.32818443483126, 410.2347620058998, -201.61288458392403, 0.5024865817969801] - 8308.54853930898 - 267.69286055967154
[333.9082099343349, 13.350638356315045, 390.32818443483126, 410.2347620058998, -201.61288458392403, 0.5024865817969801] - 8308.54853930898 - 267.69286055967154
[333.9082099343349, 13.350638356315045, 390.32818443483126, 410.2347620058998, -201.61288458392403, 0.5024865817969801] - 8308.54853930898 - 267.69286055967154
[333.9082099343349, 13.350638356315045, 390.32818443483126, 410.2347620058998, -201.61288458392403, 0.5024865817969801] - 8308.54853930898 - 267.69286055967154
[333.9082099343349, 13.350638356315045, 390.32818443483126, 410.2347620058998, -201.61288458392403, 0.5024865817969801] - 8308.54853930898 - 267.69286055967154
[333.9082099343349, 13.350638356315045, 408.6751892241015, 404.9457053774138, -201.61288458392403, 0.5024865817969801] - 8286.874791072667 - 271.0946264195305
[333.9082099343349, 13.350638356315045, 408.6751892241015, 404.9457053774138, -201.61288458392403, 0.5024865817969801] - 8286.874791072667 - 271.0946264195305
[333.9082099343349, 13.350638356315045, 408.6751892241015, 404.9457053774138, -201.61288458392403, 0.5024865817969801] - 8286.874791072667 - 271.0946264195305
[333.9082099343349, 13.350638356315045, 408.6751892241015, 404.9457053774138, -201.61288458392403, 0.5024865817969801] - 8286.874791072667 - 271.0946264195305
[333.9082099343349, 13.350638356315045, 408.6751892241015, 404.9457053774138, -201.61288458392403, 0.5024865817969801] - 8286.874791072667 - 271.0946264195305
[333.9082099343349, 13.350638356315045, 408.6751892241015, 404.9457053774138, -201.61288458392403, 0.5024865817969801] - 8286.874791072667 - 271.0946264195305
[333.9082099343349, 13.350638356315045, 408.6751892241015, 404.9457053774138, -201.61288458392403, 0.5024865817969801] - 8286.874791072667 - 271.0946264195305
[333.9082099343349, 13.350638356315045, 408.6751892241015, 404.9457053774138, -201.61288458392403, 0.5024865817969801] - 8286.874791072667 - 271.0946264195305
[333.9082099343349, 13.350638356315045, 408.6751892241015, 404.9457053774138, -201.61288458392403, 0.5024865817969801] - 8286.874791072667 - 271.0946264195305
[333.9082099343349, 13.350638356315045, 408.6751892241015, 404.9457053774138, -201.61288458392403, 0.5024865817969801] - 8286.874791072667 - 271.0946264195305
[333.9082099343349, 13.350638356315045, 408.6751892241015, 404.9457053774138, -201.61288458392403, 0.5024865817969801] - 8286.874791072667 - 271.0946264195305
[333.9082099343349, 13.350638356315045, 408.6751892241015, 404.9457053774138, -201.61288458392403, 0.5024865817969801] - 8286.874791072667 - 271.0946264195305
[361.0641692980617, 19.38135062203113, 403.06452322524444, 407.35080668545146, -283.82353036747156, 0.5137042794917615] - 8286.514484707284 - 295.9201329645228
[303.14490113191874, 77.00270609047772, 413.9268640114919, 410.56882082878246, 828.8304083357128, 0.4660836395850232] - 8272.659705905291 - 198.06367625644725
[303.14490113191874, 77.00270609047772, 413.9268640114919, 410.56882082878246, 828.8304083357128, 0.4660836395850232] - 8272.659705905291 - 198.06367625644725
[303.14490113191874, 77.00270609047772, 413.9268640114919, 410.56882082878246, 828.8304083357128, 0.4660836395850232] - 8272.659705905291 - 198.06367625644725
[345.3450949709542, 45.80510039358651, 404.7070826133912, 417.3435725881077, -96.26063625620338, 0.49717511426229444] - 8256.858992713138 - 238.39821284267876
[393.88268336392093, 89.54764173760682, 414.5499790241245, 416.62271562678325, -321.17899491563094, 0.5001512215238595] - 8238.232524640443 - 288.4712809208853
[378.49791007999056, 41.49411965869908, 416.23667985518875, 418.4655267421712, 574.6580411442509, 0.4750335048465325] - 8237.953674278604 - 211.76692811202878
[378.49791007999056, 41.49411965869908, 416.23667985518875, 418.4655267421712, 574.6580411442509, 0.4750335048465325] - 8237.953674278604 - 211.76692811202878
[378.49791007999056, 41.49411965869908, 416.23667985518875, 418.4655267421712, 574.6580411442509, 0.4750335048465325] - 8237.953674278604 - 211.76692811202878
[342.3729052968167, 43.09124960114325, 415.8221223252169, 417.1959952864057, -974.6230327051137, 0.52264570292226] - 8230.299370544857 - 478.23443036763445
[342.3729052968167, 43.09124960114325, 415.8221223252169, 417.1959952864057, -974.6230327051137, 0.52264570292226] - 8230.299370544857 - 478.23443036763445
[342.3729052968167, 43.09124960114325, 415.8221223252169, 417.1959952864057, -974.6230327051137, 0.52264570292226] - 8230.299370544857 - 478.23443036763445
[342.3729052968167, 43.09124960114325, 415.8221223252169, 417.1959952864057, -974.6230327051137, 0.52264570292226] - 8230.299370544857 - 478.23443036763445
[342.3729052968167, 43.09124960114325, 415.8221223252169, 417.1959952864057, -974.6230327051137, 0.52264570292226] - 8230.299370544857 - 478.23443036763445
[342.3729052968167, 43.09124960114325, 415.8221223252169, 417.1959952864057, -974.6230327051137, 0.52264570292226] - 8230.299370544857 - 478.23443036763445
[342.3729052968167, 43.09124960114325, 415.8221223252169, 417.1959952864057, -974.6230327051137, 0.52264570292226] - 8230.299370544857 - 478.23443036763445
[342.3729052968167, 43.09124960114325, 415.8221223252169, 417.1959952864057, -974.6230327051137, 0.52264570292226] - 8230.299370544857 - 478.23443036763445
[342.3729052968167, 43.09124960114325, 415.8221223252169, 417.1959952864057, -974.6230327051137, 0.52264570292226] - 8230.299370544857 - 478.23443036763445
[356.0037084776472, 61.461800318262476, 417.52788877951843, 417.5215043376007, -391.7094789269091, 0.508020642789109] - 8228.16714130675 - 319.5731392421266
[324.18607512788134, 71.24867473185836, 415.7574037276678, 419.309920809029, -208.95123024917802, 0.5019861020263846] - 8226.768385964619 - 267.94097041612315
[324.18607512788134, 71.24867473185836, 415.7574037276678, 419.309920809029, -208.95123024917802, 0.5019861020263846] - 8226.768385964619 - 267.94097041612315
[324.18607512788134, 71.24867473185836, 415.7574037276678, 419.309920809029, -208.95123024917802, 0.5019861020263846] - 8226.768385964619 - 267.94097041612315
[324.18607512788134, 71.24867473185836, 415.7574037276678, 419.309920809029, -208.95123024917802, 0.5019861020263846] - 8226.768385964619 - 267.94097041612315
[324.18607512788134, 71.24867473185836, 415.7574037276678, 419.309920809029, -208.95123024917802, 0.5019861020263846] - 8226.768385964619 - 267.94097041612315
[380.35535192102395, 85.26965971561236, 419.6682494092537, 417.47678820189134, -743.4879677413369, 0.519701502675336] - 8222.94745150398 - 409.7372858124657
[380.35535192102395, 85.26965971561236, 419.6682494092537, 417.47678820189134, -743.4879677413369, 0.519701502675336] - 8222.94745150398 - 409.7372858124657
[380.35535192102395, 85.26965971561236, 419.6682494092537, 417.47678820189134, -743.4879677413369, 0.519701502675336] - 8222.94745150398 - 409.7372858124657
[332.8722689024342, 39.4595387563229, 418.63094669901716, 419.3349467639508, 655.9890837552184, 0.5208685245056806] - 8218.238319547545 - 237.1450378634346
[332.8722689024342, 39.4595387563229, 418.63094669901716, 419.3349467639508, 655.9890837552184, 0.5208685245056806] - 8218.238319547545 - 237.1450378634346
[332.8722689024342, 39.4595387563229, 418.63094669901716, 419.3349467639508, 655.9890837552184, 0.5208685245056806] - 8218.238319547545 - 237.1450378634346
[332.8722689024342, 39.4595387563229, 418.63094669901716, 419.3349467639508, 655.9890837552184, 0.5208685245056806] - 8218.238319547545 - 237.1450378634346
[332.8722689024342, 39.4595387563229, 418.63094669901716, 419.3349467639508, 655.9890837552184, 0.5208685245056806] - 8218.238319547545 - 237.1450378634346
[358.74291137752243, 79.44049614586172, 419.719549492569, 419.333053070616, 42.513300530242304, 0.5106898343665359] - 8217.689720078366 - 223.33463750588817
[358.74291137752243, 79.44049614586172, 419.719549492569, 419.333053070616, 42.513300530242304, 0.5106898343665359] - 8217.689720078366 - 223.33463750588817
[358.74291137752243, 79.44049614586172, 419.719549492569, 419.333053070616, 42.513300530242304, 0.5106898343665359] - 8217.689720078366 - 223.33463750588817
[358.74291137752243, 79.44049614586172, 419.719549492569, 419.333053070616, 42.513300530242304, 0.5106898343665359] - 8217.689720078366 - 223.33463750588817
[358.74291137752243, 79.44049614586172, 419.719549492569, 419.333053070616, 42.513300530242304, 0.5106898343665359] - 8217.689720078366 - 223.33463750588817
[358.74291137752243, 79.44049614586172, 419.719549492569, 419.333053070616, 42.513300530242304, 0.5106898343665359] - 8217.689720078366 - 223.33463750588817
[363.645950208003, 43.69252825865301, 419.72479904359807, 419.61710577502265, 238.81737437628556, 0.5140412972268855] - 8216.169782534856 - 233.88139715164368
[363.645950208003, 43.69252825865301, 419.72479904359807, 419.61710577502265, 238.81737437628556, 0.5140412972268855] - 8216.169782534856 - 233.88139715164368
[398.2751954729693, 1.1857283726869807, 419.8220570456735, 419.7318572475135, -21.570370518035077, 0.5131746105825923] - 8215.738828860958 - 247.38978129982553
[398.2751954729693, 1.1857283726869807, 419.8220570456735, 419.7318572475135, -21.570370518035077, 0.5131746105825923] - 8215.738828860958 - 247.38978129982553
[398.2751954729693, 1.1857283726869807, 419.8220570456735, 419.7318572475135, -21.570370518035077, 0.5131746105825923] - 8215.738828860958 - 247.38978129982553
[398.2751954729693, 1.1857283726869807, 419.8220570456735, 419.7318572475135, -21.570370518035077, 0.5131746105825923] - 8215.738828860958 - 247.38978129982553
[398.2751954729693, 1.1857283726869807, 419.8220570456735, 419.7318572475135, -21.570370518035077, 0.5131746105825923] - 8215.738828860958 - 247.38978129982553
[398.2751954729693, 1.1857283726869807, 419.8220570456735, 419.7318572475135, -21.570370518035077, 0.5131746105825923] - 8215.738828860958 - 247.38978129982553
[398.2751954729693, 1.1857283726869807, 419.8220570456735, 419.7318572475135, -21.570370518035077, 0.5131746105825923] - 8215.738828860958 - 247.38978129982553
[398.2751954729693, 1.1857283726869807, 419.8220570456735, 419.7318572475135, -21.570370518035077, 0.5131746105825923] - 8215.738828860958 - 247.38978129982553
[398.2751954729693, 1.1857283726869807, 419.8220570456735, 419.7318572475135, -21.570370518035077, 0.5131746105825923] - 8215.738828860958 - 247.38978129982553
[398.2751954729693, 1.1857283726869807, 419.8220570456735, 419.7318572475135, -21.570370518035077, 0.5131746105825923] - 8215.738828860958 - 247.38978129982553
[386.65225844226165, 54.43991024265264, 419.8569796160757, 419.6785997079429, 202.5151723272716, 0.5161831106375674] - 8215.429647810442 - 232.39239195714367
[356.2085048482404, 43.22730904409352, 419.6231183507624, 419.7452091822793, -110.91867306028342, 0.5187132418535114] - 8215.307024928637 - 262.6664960546441
[356.2085048482404, 43.22730904409352, 419.6231183507624, 419.7452091822793, -110.91867306028342, 0.5187132418535114] - 8215.307024928637 - 262.6664960546441
[356.2085048482404, 43.22730904409352, 419.6231183507624, 419.7452091822793, -110.91867306028342, 0.5187132418535114] - 8215.307024928637 - 262.6664960546441
[383.53010187574137, 60.67892728761411, 419.81606839305266, 419.8236509239444, -310.30125688457304, 0.5158754946207129] - 8215.04680259357 - 306.4613594431219
[383.53010187574137, 60.67892728761411, 419.81606839305266, 419.8236509239444, -310.30125688457304, 0.5158754946207129] - 8215.04680259357 - 306.4613594431219
[320.2426024006026, 69.26984601936218, 419.7317797576377, 419.88680399307026, 689.9199780176623, 0.521263072508049] - 8214.375762712489 - 231.02634813749577
[320.2426024006026, 69.26984601936218, 419.7317797576377, 419.88680399307026, 689.9199780176623, 0.521263072508049] - 8214.375762712489 - 231.02634813749577
[320.2426024006026, 69.26984601936218, 419.7317797576377, 419.88680399307026, 689.9199780176623, 0.521263072508049] - 8214.375762712489 - 231.02634813749577
[379.8097471531287, 85.99628927799361, 419.99852661221325, 419.87346862806487, -469.16401154514693, 0.5203954348543862] - 8214.033699818576 - 342.82671739396994
[379.8097471531287, 85.99628927799361, 419.99852661221325, 419.87346862806487, -469.16401154514693, 0.5203954348543862] - 8214.033699818576 - 342.82671739396994
[348.424411128756, 12.71471993470957, 419.8162636316832, 419.9428546213975, -362.3807985797967, 0.5220302792841564] - 8213.96828721241 - 335.459579636902
[348.424411128756, 12.71471993470957, 419.8162636316832, 419.9428546213975, -362.3807985797967, 0.5220302792841564] - 8213.96828721241 - 335.459579636902
[348.424411128756, 12.71471993470957, 419.8162636316832, 419.9428546213975, -362.3807985797967, 0.5220302792841564] - 8213.96828721241 - 335.459579636902
[348.424411128756, 12.71471993470957, 419.8162636316832, 419.9428546213975, -362.3807985797967, 0.5220302792841564] - 8213.96828721241 - 335.459579636902
[348.424411128756, 12.71471993470957, 419.8162636316832, 419.9428546213975, -362.3807985797967, 0.5220302792841564] - 8213.96828721241 - 335.459579636902
[348.424411128756, 12.71471993470957, 419.8162636316832, 419.9428546213975, -362.3807985797967, 0.5220302792841564] - 8213.96828721241 - 335.459579636902
[348.424411128756, 12.71471993470957, 419.8162636316832, 419.9428546213975, -362.3807985797967, 0.5220302792841564] - 8213.96828721241 - 335.459579636902
[310.33099072450034, 17.377837047837367, 419.8996176697583, 419.9773716873157, -630.628348418176, 0.5196348359627572] - 8213.929497176905 - 399.8783238316315
[310.33099072450034, 17.377837047837367, 419.8996176697583, 419.9773716873157, -630.628348418176, 0.5196348359627572] - 8213.929497176905 - 399.8783238316315
[332.28507990109176, 55.76034494735512, 419.97600262625974, 419.9659296843947, 993.1162040717556, 0.5201402971434721] - 8213.782597761377 - 234.10677115524354
[332.28507990109176, 55.76034494735512, 419.97600262625974, 419.9659296843947, 993.1162040717556, 0.5201402971434721] - 8213.782597761377 - 234.10677115524354
[332.28507990109176, 55.76034494735512, 419.97600262625974, 419.9659296843947, 993.1162040717556, 0.5201402971434721] - 8213.782597761377 - 234.10677115524354
[333.08711658274353, 34.208261821277674, 419.8914681999459, 419.9805543580717, 867.443778764914, 0.5227439029294115] - 8213.648583095672 - 240.69070184503204
[333.08711658274353, 34.208261821277674, 419.8914681999459, 419.9805543580717, 867.443778764914, 0.5227439029294115] - 8213.648583095672 - 240.69070184503204
[333.08711658274353, 34.208261821277674, 419.8914681999459, 419.9805543580717, 867.443778764914, 0.5227439029294115] - 8213.648583095672 - 240.69070184503204
[333.08711658274353, 34.208261821277674, 419.8914681999459, 419.9805543580717, 867.443778764914, 0.5227439029294115] - 8213.648583095672 - 240.69070184503204
[347.8663290661277, 27.551264068315234, 419.9583336822556, 419.98175511571, -687.2879140545682, 0.5229815002571838] - 8213.50806563176 - 413.66363373230547
[347.8663290661277, 27.551264068315234, 419.9583336822556, 419.98175511571, -687.2879140545682, 0.5229815002571838] - 8213.50806563176 - 413.66363373230547
[347.8663290661277, 27.551264068315234, 419.9583336822556, 419.98175511571, -687.2879140545682, 0.5229815002571838] - 8213.50806563176 - 413.66363373230547
[347.8663290661277, 27.551264068315234, 419.9583336822556, 419.98175511571, -687.2879140545682, 0.5229815002571838] - 8213.50806563176 - 413.66363373230547
[347.8663290661277, 27.551264068315234, 419.9583336822556, 419.98175511571, -687.2879140545682, 0.5229815002571838] - 8213.50806563176 - 413.66363373230547
[347.8663290661277, 27.551264068315234, 419.9583336822556, 419.98175511571, -687.2879140545682, 0.5229815002571838] - 8213.50806563176 - 413.66363373230547
[347.8663290661277, 27.551264068315234, 419.9583336822556, 419.98175511571, -687.2879140545682, 0.5229815002571838] - 8213.50806563176 - 413.66363373230547
[347.8663290661277, 27.551264068315234, 419.9583336822556, 419.98175511571, -687.2879140545682, 0.5229815002571838] - 8213.50806563176 - 413.66363373230547
[347.8663290661277, 27.551264068315234, 419.9583336822556, 419.98175511571, -687.2879140545682, 0.5229815002571838] - 8213.50806563176 - 413.66363373230547
[368.8428255714649, 54.26701698788379, 419.95044062091904, 419.9855625566448, -193.80106782415595, 0.5235511674428814] - 8213.46621744028 - 283.97627201812674
[329.96789009723506, 25.00545692646073, 419.98360551322423, 419.996046947611, 752.352373813466, 0.5225973665139192] - 8213.445067751385 - 243.01982395828963
[329.96789009723506, 25.00545692646073, 419.98360551322423, 419.996046947611, 752.352373813466, 0.5225973665139192] - 8213.445067751385 - 243.01982395828963
[329.96789009723506, 25.00545692646073, 419.98360551322423, 419.996046947611, 752.352373813466, 0.5225973665139192] - 8213.445067751385 - 243.01982395828963
[329.96789009723506, 25.00545692646073, 419.98360551322423, 419.996046947611, 752.352373813466, 0.5225973665139192] - 8213.445067751385 - 243.01982395828963
[329.96789009723506, 25.00545692646073, 419.98360551322423, 419.996046947611, 752.352373813466, 0.5225973665139192] - 8213.445067751385 - 243.01982395828963
[329.96789009723506, 25.00545692646073, 419.98360551322423, 419.996046947611, 752.352373813466, 0.5225973665139192] - 8213.445067751385 - 243.01982395828963
[339.0936663514033, 60.78038343394529, 419.9771228143526, 419.99792878019355, 284.0402290343403, 0.5233538518168613] - 8213.391535321722 - 234.44460150912636
[339.0936663514033, 60.78038343394529, 419.9771228143526, 419.99792878019355, 284.0402290343403, 0.5233538518168613] - 8213.391535321722 - 234.44460150912636
[339.0936663514033, 60.78038343394529, 419.9771228143526, 419.99792878019355, 284.0402290343403, 0.5233538518168613] - 8213.391535321722 - 234.44460150912636
[339.0936663514033, 60.78038343394529, 419.9771228143526, 419.99792878019355, 284.0402290343403, 0.5233538518168613] - 8213.391535321722 - 234.44460150912636
[339.0936663514033, 60.78038343394529, 419.9771228143526, 419.99792878019355, 284.0402290343403, 0.5233538518168613] - 8213.391535321722 - 234.44460150912636
[339.0936663514033, 60.78038343394529, 419.9771228143526, 419.99792878019355, 284.0402290343403, 0.5233538518168613] - 8213.391535321722 - 234.44460150912636
[339.0936663514033, 60.78038343394529, 419.9771228143526, 419.99792878019355, 284.0402290343403, 0.5233538518168613] - 8213.391535321722 - 234.44460150912636
[339.0936663514033, 60.78038343394529, 419.9771228143526, 419.99792878019355, 284.0402290343403, 0.5233538518168613] - 8213.391535321722 - 234.44460150912636
[339.0936663514033, 60.78038343394529, 419.9771228143526, 419.99792878019355, 284.0402290343403, 0.5233538518168613] - 8213.391535321722 - 234.44460150912636
[339.0936663514033, 60.78038343394529, 419.9771228143526, 419.99792878019355, 284.0402290343403, 0.5233538518168613] - 8213.391535321722 - 234.44460150912636
[339.0936663514033, 60.78038343394529, 419.9771228143526, 419.99792878019355, 284.0402290343403, 0.5233538518168613] - 8213.391535321722 - 234.44460150912636
[351.13885708170335, 54.43867961176623, 419.9991427113208, 419.99891180134637, 67.0313885975897, 0.5228641444221904] - 8213.38678219117 - 235.8112088017017
[351.13885708170335, 54.43867961176623, 419.9991427113208, 419.99891180134637, 67.0313885975897, 0.5228641444221904] - 8213.38678219117 - 235.8112088017017
[351.13885708170335, 54.43867961176623, 419.9991427113208, 419.99891180134637, 67.0313885975897, 0.5228641444221904] - 8213.38678219117 - 235.8112088017017
[351.13885708170335, 54.43867961176623, 419.9991427113208, 419.99891180134637, 67.0313885975897, 0.5228641444221904] - 8213.38678219117 - 235.8112088017017
[351.13885708170335, 54.43867961176623, 419.9991427113208, 419.99891180134637, 67.0313885975897, 0.5228641444221904] - 8213.38678219117 - 235.8112088017017
[355.8118553930367, 65.55922240815697, 419.98925568316275, 419.9939858361899, 134.79161481552492, 0.523387589772033] - 8213.381130521679 - 233.28109497193316
[355.8118553930367, 65.55922240815697, 419.98925568316275, 419.9939858361899, 134.79161481552492, 0.523387589772033] - 8213.381130521679 - 233.28109497193316
[355.8118553930367, 65.55922240815697, 419.98925568316275, 419.9939858361899, 134.79161481552492, 0.523387589772033] - 8213.381130521679 - 233.28109497193316
[355.8118553930367, 65.55922240815697, 419.98925568316275, 419.9939858361899, 134.79161481552492, 0.523387589772033] - 8213.381130521679 - 233.28109497193316
[371.5617055399649, 84.62110114561881, 419.98937264852793, 419.99937275664513, 448.1088342095352, 0.5234080030154953] - 8213.361022068528 - 228.52494176176168
[371.5617055399649, 84.62110114561881, 419.98937264852793, 419.99937275664513, 448.1088342095352, 0.5234080030154953] - 8213.361022068528 - 228.52494176176168
[371.5617055399649, 84.62110114561881, 419.98937264852793, 419.99937275664513, 448.1088342095352, 0.5234080030154953] - 8213.361022068528 - 228.52494176176168
[371.5617055399649, 84.62110114561881, 419.98937264852793, 419.99937275664513, 448.1088342095352, 0.5234080030154953] - 8213.361022068528 - 228.52494176176168
[389.16112562286145, 35.80499368031839, 419.98871775686746, 419.99891548104563, -390.8938623706349, 0.5234928068112646] - 8213.357494334425 - 337.85038918861864
[389.16112562286145, 35.80499368031839, 419.98871775686746, 419.99891548104563, -390.8938623706349, 0.5234928068112646] - 8213.357494334425 - 337.85038918861864
[389.16112562286145, 35.80499368031839, 419.98871775686746, 419.99891548104563, -390.8938623706349, 0.5234928068112646] - 8213.357494334425 - 337.85038918861864
[389.16112562286145, 35.80499368031839, 419.98871775686746, 419.99891548104563, -390.8938623706349, 0.5234928068112646] - 8213.357494334425 - 337.85038918861864
[389.16112562286145, 35.80499368031839, 419.98871775686746, 419.99891548104563, -390.8938623706349, 0.5234928068112646] - 8213.357494334425 - 337.85038918861864
[368.1662280401835, 1.7940723705494488, 419.9962865613204, 419.99579684754616, 307.34146341862277, 0.5235813672233639] - 8213.348361203705 - 249.32638107120422
[368.1662280401835, 1.7940723705494488, 419.9962865613204, 419.99579684754616, 307.34146341862277, 0.5235813672233639] - 8213.348361203705 - 249.32638107120422
[368.1662280401835, 1.7940723705494488, 419.9962865613204, 419.99579684754616, 307.34146341862277, 0.5235813672233639] - 8213.348361203705 - 249.32638107120422
[367.6169329613901, 10.4326524102194, 419.9991230792865, 419.99859216340303, 337.39600255763764, 0.5235792641798647] - 8213.333976677066 - 247.1683959027292
[367.6169329613901, 10.4326524102194, 419.9991230792865, 419.99859216340303, 337.39600255763764, 0.5235792641798647] - 8213.333976677066 - 247.1683959027292
[367.6169329613901, 10.4326524102194, 419.9991230792865, 419.99859216340303, 337.39600255763764, 0.5235792641798647] - 8213.333976677066 - 247.1683959027292
[367.6169329613901, 10.4326524102194, 419.9991230792865, 419.99859216340303, 337.39600255763764, 0.5235792641798647] - 8213.333976677066 - 247.1683959027292
[367.6169329613901, 10.4326524102194, 419.9991230792865, 419.99859216340303, 337.39600255763764, 0.5235792641798647] - 8213.333976677066 - 247.1683959027292
[367.6169329613901, 10.4326524102194, 419.9991230792865, 419.99859216340303, 337.39600255763764, 0.5235792641798647] - 8213.333976677066 - 247.1683959027292
[367.6169329613901, 10.4326524102194, 419.9991230792865, 419.99859216340303, 337.39600255763764, 0.5235792641798647] - 8213.333976677066 - 247.1683959027292
[367.6169329613901, 10.4326524102194, 419.9991230792865, 419.99859216340303, 337.39600255763764, 0.5235792641798647] - 8213.333976677066 - 247.1683959027292
[367.6169329613901, 10.4326524102194, 419.9991230792865, 419.99859216340303, 337.39600255763764, 0.5235792641798647] - 8213.333976677066 - 247.1683959027292
[367.6169329613901, 10.4326524102194, 419.9991230792865, 419.99859216340303, 337.39600255763764, 0.5235792641798647] - 8213.333976677066 - 247.1683959027292
[367.6169329613901, 10.4326524102194, 419.9991230792865, 419.99859216340303, 337.39600255763764, 0.5235792641798647] - 8213.333976677066 - 247.1683959027292
[367.6169329613901, 10.4326524102194, 419.9991230792865, 419.99859216340303, 337.39600255763764, 0.5235792641798647] - 8213.333976677066 - 247.1683959027292
[367.6169329613901, 10.4326524102194, 419.9991230792865, 419.99859216340303, 337.39600255763764, 0.5235792641798647] - 8213.333976677066 - 247.1683959027292
[367.6169329613901, 10.4326524102194, 419.9991230792865, 419.99859216340303, 337.39600255763764, 0.5235792641798647] - 8213.333976677066 - 247.1683959027292
[367.6169329613901, 10.4326524102194, 419.9991230792865, 419.99859216340303, 337.39600255763764, 0.5235792641798647] - 8213.333976677066 - 247.1683959027292
[367.6169329613901, 10.4326524102194, 419.9991230792865, 419.99859216340303, 337.39600255763764, 0.5235792641798647] - 8213.333976677066 - 247.1683959027292
[367.6169329613901, 10.4326524102194, 419.9991230792865, 419.99859216340303, 337.39600255763764, 0.5235792641798647] - 8213.333976677066 - 247.1683959027292
[367.6169329613901, 10.4326524102194, 419.9991230792865, 419.99859216340303, 337.39600255763764, 0.5235792641798647] - 8213.333976677066 - 247.1683959027292
[367.6169329613901, 10.4326524102194, 419.9991230792865, 419.99859216340303, 337.39600255763764, 0.5235792641798647] - 8213.333976677066 - 247.1683959027292
[367.6169329613901, 10.4326524102194, 419.9991230792865, 419.99859216340303, 337.39600255763764, 0.5235792641798647] - 8213.333976677066 - 247.1683959027292
[367.6169329613901, 10.4326524102194, 419.9991230792865, 419.99859216340303, 337.39600255763764, 0.5235792641798647] - 8213.333976677066 - 247.1683959027292
[367.6169329613901, 10.4326524102194, 419.9991230792865, 419.99859216340303, 337.39600255763764, 0.5235792641798647] - 8213.333976677066 - 247.1683959027292
[364.8734600280693, 42.030235774463264, 419.996188142323, 419.9999287704767, 921.2345709757174, 0.5235985222251246] - 8213.33318260669 - 239.27501976209095
[364.8734600280693, 42.030235774463264, 419.996188142323, 419.9999287704767, 921.2345709757174, 0.5235985222251246] - 8213.33318260669 - 239.27501976209095
[364.8734600280693, 42.030235774463264, 419.996188142323, 419.9999287704767, 921.2345709757174, 0.5235985222251246] - 8213.33318260669 - 239.27501976209095
[364.8734600280693, 42.030235774463264, 419.996188142323, 419.9999287704767, 921.2345709757174, 0.5235985222251246] - 8213.33318260669 - 239.27501976209095
[364.8734600280693, 42.030235774463264, 419.996188142323, 419.9999287704767, 921.2345709757174, 0.5235985222251246] - 8213.33318260669 - 239.27501976209095
[338.0891302219013, 18.48259213316959, 419.99931055009654, 419.9994272004009, -117.69696687184107, 0.523589619206059] - 8213.330044277527 - 273.9482856405697
[338.0891302219013, 18.48259213316959, 419.99931055009654, 419.9994272004009, -117.69696687184107, 0.523589619206059] - 8213.330044277527 - 273.9482856405697
[338.0891302219013, 18.48259213316959, 419.99931055009654, 419.9994272004009, -117.69696687184107, 0.523589619206059] - 8213.330044277527 - 273.9482856405697
[331.23123343920787, 69.5641793989074, 419.9998645658477, 419.9995503906837, -387.252301807, 0.5235868185861564] - 8213.328851592481 - 328.5652217497732
[331.23123343920787, 69.5641793989074, 419.9998645658477, 419.9995503906837, -387.252301807, 0.5235868185861564] - 8213.328851592481 - 328.5652217497732
[331.23123343920787, 69.5641793989074, 419.9998645658477, 419.9995503906837, -387.252301807, 0.5235868185861564] - 8213.328851592481 - 328.5652217497732
[331.23123343920787, 69.5641793989074, 419.9998645658477, 419.9995503906837, -387.252301807, 0.5235868185861564] - 8213.328851592481 - 328.5652217497732
[331.23123343920787, 69.5641793989074, 419.9998645658477, 419.9995503906837, -387.252301807, 0.5235868185861564] - 8213.328851592481 - 328.5652217497732
[331.23123343920787, 69.5641793989074, 419.9998645658477, 419.9995503906837, -387.252301807, 0.5235868185861564] - 8213.328851592481 - 328.5652217497732
[331.23123343920787, 69.5641793989074, 419.9998645658477, 419.9995503906837, -387.252301807, 0.5235868185861564] - 8213.328851592481 - 328.5652217497732
[331.23123343920787, 69.5641793989074, 419.9998645658477, 419.9995503906837, -387.252301807, 0.5235868185861564] - 8213.328851592481 - 328.5652217497732
[331.23123343920787, 69.5641793989074, 419.9998645658477, 419.9995503906837, -387.252301807, 0.5235868185861564] - 8213.328851592481 - 328.5652217497732
[331.23123343920787, 69.5641793989074, 419.9998645658477, 419.9995503906837, -387.252301807, 0.5235868185861564] - 8213.328851592481 - 328.5652217497732
[331.23123343920787, 69.5641793989074, 419.9998645658477, 419.9995503906837, -387.252301807, 0.5235868185861564] - 8213.328851592481 - 328.5652217497732
[359.4491540011681, 71.23986939338045, 419.9997652522754, 419.99958769418555, 278.1484482239375, 0.5235917623951047] - 8213.328540570288 - 231.97335542050672
[339.4566183457659, 51.855398609307834, 419.9998303665852, 419.99987879471155, 3.8103373214148633, 0.5235995614095922] - 8213.326866919439 - 236.82337353808956
[339.4566183457659, 51.855398609307834, 419.9998303665852, 419.99987879471155, 3.8103373214148633, 0.5235995614095922] - 8213.326866919439 - 236.82337353808956
[339.4566183457659, 51.855398609307834, 419.9998303665852, 419.99987879471155, 3.8103373214148633, 0.5235995614095922] - 8213.326866919439 - 236.82337353808956
[339.4566183457659, 51.855398609307834, 419.9998303665852, 419.99987879471155, 3.8103373214148633, 0.5235995614095922] - 8213.326866919439 - 236.82337353808956
[339.4566183457659, 51.855398609307834, 419.9998303665852, 419.99987879471155, 3.8103373214148633, 0.5235995614095922] - 8213.326866919439 - 236.82337353808956
[339.4566183457659, 51.855398609307834, 419.9998303665852, 419.99987879471155, 3.8103373214148633, 0.5235995614095922] - 8213.326866919439 - 236.82337353808956
[339.4566183457659, 51.855398609307834, 419.9998303665852, 419.99987879471155, 3.8103373214148633, 0.5235995614095922] - 8213.326866919439 - 236.82337353808956
[339.4566183457659, 51.855398609307834, 419.9998303665852, 419.99987879471155, 3.8103373214148633, 0.5235995614095922] - 8213.326866919439 - 236.82337353808956
[339.4566183457659, 51.855398609307834, 419.9998303665852, 419.99987879471155, 3.8103373214148633, 0.5235995614095922] - 8213.326866919439 - 236.82337353808956
[339.4566183457659, 51.855398609307834, 419.9998303665852, 419.99987879471155, 3.8103373214148633, 0.5235995614095922] - 8213.326866919439 - 236.82337353808956
[339.4566183457659, 51.855398609307834, 419.9998303665852, 419.99987879471155, 3.8103373214148633, 0.5235995614095922] - 8213.326866919439 - 236.82337353808956
[339.4566183457659, 51.855398609307834, 419.9998303665852, 419.99987879471155, 3.8103373214148633, 0.5235995614095922] - 8213.326866919439 - 236.82337353808956
[339.4566183457659, 51.855398609307834, 419.9998303665852, 419.99987879471155, 3.8103373214148633, 0.5235995614095922] - 8213.326866919439 - 236.82337353808956
[339.4566183457659, 51.855398609307834, 419.9998303665852, 419.99987879471155, 3.8103373214148633, 0.5235995614095922] - 8213.326866919439 - 236.82337353808956
[339.4566183457659, 51.855398609307834, 419.9998303665852, 419.99987879471155, 3.8103373214148633, 0.5235995614095922] - 8213.326866919439 - 236.82337353808956
[339.4566183457659, 51.855398609307834, 419.9998303665852, 419.99987879471155, 3.8103373214148633, 0.5235995614095922] - 8213.326866919439 - 236.82337353808956
[367.00032243923204, 14.974916244509558, 419.99978038420545, 419.9999433412304, 593.7329469899169, 0.5235980500172814] - 8213.326843970746 - 246.04267429746415
[367.00032243923204, 14.974916244509558, 419.99978038420545, 419.9999433412304, 593.7329469899169, 0.5235980500172814] - 8213.326843970746 - 246.04267429746415
[367.00032243923204, 14.974916244509558, 419.99978038420545, 419.9999433412304, 593.7329469899169, 0.5235980500172814] - 8213.326843970746 - 246.04267429746415
[367.00032243923204, 14.974916244509558, 419.99978038420545, 419.9999433412304, 593.7329469899169, 0.5235980500172814] - 8213.326843970746 - 246.04267429746415
[367.00032243923204, 14.974916244509558, 419.99978038420545, 419.9999433412304, 593.7329469899169, 0.5235980500172814] - 8213.326843970746 - 246.04267429746415
[367.00032243923204, 14.974916244509558, 419.99978038420545, 419.9999433412304, 593.7329469899169, 0.5235980500172814] - 8213.326843970746 - 246.04267429746415
[367.00032243923204, 14.974916244509558, 419.99978038420545, 419.9999433412304, 593.7329469899169, 0.5235980500172814] - 8213.326843970746 - 246.04267429746415
[367.00032243923204, 14.974916244509558, 419.99978038420545, 419.9999433412304, 593.7329469899169, 0.5235980500172814] - 8213.326843970746 - 246.04267429746415
[338.09828139749584, 62.93070322088239, 419.9998355285944, 419.99998155715133, 902.0633932275302, 0.5235965406653783] - 8213.326725761264 - 234.0530323401547
[338.09828139749584, 62.93070322088239, 419.9998355285944, 419.99998155715133, 902.0633932275302, 0.5235965406653783] - 8213.326725761264 - 234.0530323401547
[338.09828139749584, 62.93070322088239, 419.9998355285944, 419.99998155715133, 902.0633932275302, 0.5235965406653783] - 8213.326725761264 - 234.0530323401547
[324.8014582115851, 13.85052514692771, 419.9999742036068, 419.9999777796527, 516.299733399084, 0.5235962730324738] - 8213.326513963175 - 246.3231012379202
[324.8014582115851, 13.85052514692771, 419.9999742036068, 419.9999777796527, 516.299733399084, 0.5235962730324738] - 8213.326513963175 - 246.3231012379202
[324.8014582115851, 13.85052514692771, 419.9999742036068, 419.9999777796527, 516.299733399084, 0.5235962730324738] - 8213.326513963175 - 246.3231012379202
[324.8014582115851, 13.85052514692771, 419.9999742036068, 419.9999777796527, 516.299733399084, 0.5235962730324738] - 8213.326513963175 - 246.3231012379202
[324.8014582115851, 13.85052514692771, 419.9999742036068, 419.9999777796527, 516.299733399084, 0.5235962730324738] - 8213.326513963175 - 246.3231012379202
[324.8014582115851, 13.85052514692771, 419.9999742036068, 419.9999777796527, 516.299733399084, 0.5235962730324738] - 8213.326513963175 - 246.3231012379202
[330.7325486480811, 37.42676691040017, 419.99999036571455, 419.99997994225396, 769.1027969289112, 0.5235983734879863] - 8213.326325970957 - 240.43010339902597
[330.7325486480811, 37.42676691040017, 419.99999036571455, 419.99997994225396, 769.1027969289112, 0.5235983734879863] - 8213.326325970957 - 240.43010339902597
[330.7325486480811, 37.42676691040017, 419.99999036571455, 419.99997994225396, 769.1027969289112, 0.5235983734879863] - 8213.326325970957 - 240.43010339902597
[349.51299483205673, 10.526368788019795, 419.9999782979377, 419.99996774370464, 445.1522416084447, 0.5235996162967007] - 8213.326298849099 - 247.15580961426866
[349.51299483205673, 10.526368788019795, 419.9999782979377, 419.99996774370464, 445.1522416084447, 0.5235996162967007] - 8213.326298849099 - 247.15580961426866
[349.51299483205673, 10.526368788019795, 419.9999782979377, 419.99996774370464, 445.1522416084447, 0.5235996162967007] - 8213.326298849099 - 247.15580961426866
[349.51299483205673, 10.526368788019795, 419.9999782979377, 419.99996774370464, 445.1522416084447, 0.5235996162967007] - 8213.326298849099 - 247.15580961426866
[349.51299483205673, 10.526368788019795, 419.9999782979377, 419.99996774370464, 445.1522416084447, 0.5235996162967007] - 8213.326298849099 - 247.15580961426866
[349.51299483205673, 10.526368788019795, 419.9999782979377, 419.99996774370464, 445.1522416084447, 0.5235996162967007] - 8213.326298849099 - 247.15580961426866
[349.51299483205673, 10.526368788019795, 419.9999782979377, 419.99996774370464, 445.1522416084447, 0.5235996162967007] - 8213.326298849099 - 247.15580961426866
[349.51299483205673, 10.526368788019795, 419.9999782979377, 419.99996774370464, 445.1522416084447, 0.5235996162967007] - 8213.326298849099 - 247.15580961426866
[349.51299483205673, 10.526368788019795, 419.9999782979377, 419.99996774370464, 445.1522416084447, 0.5235996162967007] - 8213.326298849099 - 247.15580961426866
[349.51299483205673, 10.526368788019795, 419.9999782979377, 419.99996774370464, 445.1522416084447, 0.5235996162967007] - 8213.326298849099 - 247.15580961426866
[349.51299483205673, 10.526368788019795, 419.9999782979377, 419.99996774370464, 445.1522416084447, 0.5235996162967007] - 8213.326298849099 - 247.15580961426866
[366.8968262252648, 81.68954479266911, 419.999956887473, 419.9999927389298, -8.218974282431418, 0.5235993964232293] - 8213.326267112063 - 230.78387518113266
[366.8968262252648, 81.68954479266911, 419.999956887473, 419.9999927389298, -8.218974282431418, 0.5235993964232293] - 8213.326267112063 - 230.78387518113266
[366.8968262252648, 81.68954479266911, 419.999956887473, 419.9999927389298, -8.218974282431418, 0.5235993964232293] - 8213.326267112063 - 230.78387518113266
[320.95262270915714, 1.4625735665815043, 419.99999750705103, 419.99998113047593, -394.4986560323614, 0.5235994344151418] - 8213.326232501984 - 347.4105728936606
[320.95262270915714, 1.4625735665815043, 419.99999750705103, 419.99998113047593, -394.4986560323614, 0.5235994344151418] - 8213.326232501984 - 347.4105728936606
[312.20386774337055, 30.937532750378075, 419.9999748983429, 419.9999895677613, -966.7710845917244, 0.5235996454773422] - 8213.326228201002 - 483.11007072499484
[312.20386774337055, 30.937532750378075, 419.9999748983429, 419.9999895677613, -966.7710845917244, 0.5235996454773422] - 8213.326228201002 - 483.11007072499484
[322.57714909407844, 10.526368788019795, 419.9999782979377, 419.9999939263724, -18.930125950268746, 0.5235996162967007] - 8213.326209448143 - 251.25260712619635
[331.20608265613987, 72.85144927013825, 419.99998508306123, 419.99999367763155, -941.9811110864703, 0.523599873582994] - 8213.326179721444 - 466.4342505518973
[331.20608265613987, 72.85144927013825, 419.99998508306123, 419.99999367763155, -941.9811110864703, 0.523599873582994] - 8213.326179721444 - 466.4342505518973
[331.20608265613987, 72.85144927013825, 419.99998508306123, 419.99999367763155, -941.9811110864703, 0.523599873582994] - 8213.326179721444 - 466.4342505518973
[331.20608265613987, 72.85144927013825, 419.99998508306123, 419.99999367763155, -941.9811110864703, 0.523599873582994] - 8213.326179721444 - 466.4342505518973
[331.20608265613987, 72.85144927013825, 419.99998508306123, 419.99999367763155, -941.9811110864703, 0.523599873582994] - 8213.326179721444 - 466.4342505518973
[331.20608265613987, 72.85144927013825, 419.99998508306123, 419.99999367763155, -941.9811110864703, 0.523599873582994] - 8213.326179721444 - 466.4342505518973
[344.16497974698325, 10.390050933369803, 419.9999917263191, 419.9999981016226, -523.5988474695657, 0.523599567753793] - 8213.326175071688 - 377.4538436144408
[344.16497974698325, 10.390050933369803, 419.9999917263191, 419.9999981016226, -523.5988474695657, 0.523599567753793] - 8213.326175071688 - 377.4538436144408
[344.16497974698325, 10.390050933369803, 419.9999917263191, 419.9999981016226, -523.5988474695657, 0.523599567753793] - 8213.326175071688 - 377.4538436144408
[344.16497974698325, 10.390050933369803, 419.9999917263191, 419.9999981016226, -523.5988474695657, 0.523599567753793] - 8213.326175071688 - 377.4538436144408
[344.4412168827774, 31.104447614940625, 419.99998785764467, 419.99999281183796, 698.355865971118, 0.5235999219323728] - 8213.326174292548 - 242.01144823501514
[344.4412168827774, 31.104447614940625, 419.99998785764467, 419.99999281183796, 698.355865971118, 0.5235999219323728] - 8213.326174292548 - 242.01144823501514
[344.4412168827774, 31.104447614940625, 419.99998785764467, 419.9999979748465, 743.5896674372518, 0.5235999219323728] - 8213.326156663408 - 242.01144730853383
[366.89622148715284, 8.41925077376636, 419.9999949868004, 419.9999991225331, 282.4531750514898, 0.5235999863182892] - 8213.326135533516 - 247.68278639859918
[366.89622148715284, 8.41925077376636, 419.9999949868004, 419.9999991225331, 282.4531750514898, 0.5235999863182892] - 8213.326135533516 - 247.68278639859918
[366.89622148715284, 8.41925077376636, 419.9999949868004, 419.9999991225331, 282.4531750514898, 0.5235999863182892] - 8213.326135533516 - 247.68278639859918
[366.89622148715284, 8.41925077376636, 419.9999949868004, 419.9999991225331, 282.4531750514898, 0.5235999863182892] - 8213.326135533516 - 247.68278639859918
[366.89622148715284, 8.41925077376636, 419.9999949868004, 419.9999991225331, 282.4531750514898, 0.5235999863182892] - 8213.326135533516 - 247.68278639859918
[366.89622148715284, 8.41925077376636, 419.9999949868004, 419.9999991225331, 282.4531750514898, 0.5235999863182892] - 8213.326135533516 - 247.68278639859918
[366.89622148715284, 8.41925077376636, 419.9999949868004, 419.9999991225331, 282.4531750514898, 0.5235999863182892] - 8213.326135533516 - 247.68278639859918
[366.89622148715284, 8.41925077376636, 419.9999949868004, 419.9999991225331, 282.4531750514898, 0.5235999863182892] - 8213.326135533516 - 247.68278639859918
[366.89622148715284, 8.41925077376636, 419.9999949868004, 419.9999991225331, 282.4531750514898, 0.5235999863182892] - 8213.326135533516 - 247.68278639859918
[366.89622148715284, 8.41925077376636, 419.9999949868004, 419.9999991225331, 282.4531750514898, 0.5235999863182892] - 8213.326135533516 - 247.68278639859918
[366.89622148715284, 8.41925077376636, 419.9999949868004, 419.9999991225331, 282.4531750514898, 0.5235999863182892] - 8213.326135533516 - 247.68278639859918
[366.89622148715284, 8.41925077376636, 419.9999949868004, 419.9999991225331, 282.4531750514898, 0.5235999863182892] - 8213.326135533516 - 247.68278639859918
[366.89622148715284, 8.41925077376636, 419.9999949868004, 419.9999991225331, 282.4531750514898, 0.5235999863182892] - 8213.326135533516 - 247.68278639859918
[366.89622148715284, 8.41925077376636, 419.9999949868004, 419.9999991225331, 282.4531750514898, 0.5235999863182892] - 8213.326135533516 - 247.68278639859918
[366.89622148715284, 8.41925077376636, 419.9999949868004, 419.9999991225331, 282.4531750514898, 0.5235999863182892] - 8213.326135533516 - 247.68278639859918
[366.89622148715284, 8.41925077376636, 419.9999949868004, 419.9999991225331, 282.4531750514898, 0.5235999863182892] - 8213.326135533516 - 247.68278639859918
[366.89622148715284, 8.41925077376636, 419.9999949868004, 419.9999991225331, 282.4531750514898, 0.5235999863182892] - 8213.326135533516 - 247.68278639859918
[366.89622148715284, 8.41925077376636, 419.9999949868004, 419.9999991225331, 282.4531750514898, 0.5235999863182892] - 8213.326135533516 - 247.68278639859918
[366.89622148715284, 8.41925077376636, 419.9999949868004, 419.9999991225331, 282.4531750514898, 0.5235999863182892] - 8213.326135533516 - 247.68278639859918
[366.89622148715284, 8.41925077376636, 419.9999949868004, 419.9999991225331, 282.4531750514898, 0.5235999863182892] - 8213.326135533516 - 247.68278639859918
[366.89622148715284, 8.41925077376636, 419.9999949868004, 419.9999991225331, 282.4531750514898, 0.5235999863182892] - 8213.326135533516 - 247.68278639859918
[365.3069061266826, 5.130009631119185, 419.9999994389996, 419.9999994654301, 823.7936509211205, 0.5235999813247957] - 8213.326126887881 - 248.50509917370522
[365.3069061266826, 5.130009631119185, 419.9999994389996, 419.9999994654301, 823.7936509211205, 0.5235999813247957] - 8213.326126887881 - 248.50509917370522
[365.3069061266826, 5.130009631119185, 419.9999994389996, 419.9999994654301, 823.7936509211205, 0.5235999813247957] - 8213.326126887881 - 248.50509917370522
[365.3069061266826, 5.130009631119185, 419.9999994389996, 419.9999994654301, 823.7936509211205, 0.5235999813247957] - 8213.326126887881 - 248.50509917370522
[365.3069061266826, 5.130009631119185, 419.9999994389996, 419.9999994654301, 823.7936509211205, 0.5235999813247957] - 8213.326126887881 - 248.50509917370522
[365.3069061266826, 5.130009631119185, 419.9999994389996, 419.9999994654301, 823.7936509211205, 0.5235999813247957] - 8213.326126887881 - 248.50509917370522
[365.3069061266826, 5.130009631119185, 419.9999994389996, 419.9999994654301, 823.7936509211205, 0.5235999813247957] - 8213.326126887881 - 248.50509917370522
[365.3069061266826, 5.130009631119185, 419.9999994389996, 419.9999994654301, 823.7936509211205, 0.5235999813247957] - 8213.326126887881 - 248.50509917370522
[365.3069061266826, 5.130009631119185, 419.9999994389996, 419.9999994654301, 823.7936509211205, 0.5235999813247957] - 8213.326126887881 - 248.50509917370522
[365.3069061266826, 5.130009631119185, 419.9999994389996, 419.9999994654301, 823.7936509211205, 0.5235999813247957] - 8213.326126887881 - 248.50509917370522
[365.3069061266826, 5.130009631119185, 419.9999994389996, 419.9999994654301, 823.7936509211205, 0.5235999813247957] - 8213.326126887881 - 248.50509917370522
[365.3069061266826, 5.130009631119185, 419.9999994389996, 419.9999994654301, 823.7936509211205, 0.5235999813247957] - 8213.326126887881 - 248.50509917370522
[365.3069061266826, 5.130009631119185, 419.9999994389996, 419.9999994654301, 823.7936509211205, 0.5235999813247957] - 8213.326126887881 - 248.50509917370522
[365.3069061266826, 5.130009631119185, 419.9999994389996, 419.9999994654301, 823.7936509211205, 0.5235999813247957] - 8213.326126887881 - 248.50509917370522
[365.3069061266826, 5.130009631119185, 419.9999994389996, 419.9999994654301, 823.7936509211205, 0.5235999813247957] - 8213.326126887881 - 248.50509917370522
[365.3069061266826, 5.130009631119185, 419.9999994389996, 419.9999994654301, 823.7936509211205, 0.5235999813247957] - 8213.326126887881 - 248.50509917370522
[365.3069061266826, 5.130009631119185, 419.9999994389996, 419.9999994654301, 823.7936509211205, 0.5235999813247957] - 8213.326126887881 - 248.50509917370522
[365.3069061266826, 5.130009631119185, 419.9999994389996, 419.9999994654301, 823.7936509211205, 0.5235999813247957] - 8213.326126887881 - 248.50509917370522
[365.3069061266826, 5.130009631119185, 419.9999994389996, 419.9999994654301, 823.7936509211205, 0.5235999813247957] - 8213.326126887881 - 248.50509917370522
[333.05073222673616, 32.81804992753748, 419.99999982209886, 419.99999990716924, 250.04670188874346, 0.5235999802286273] - 8213.326124784633 - 241.5830889083399
[333.05073222673616, 32.81804992753748, 419.99999982209886, 419.99999990716924, 250.04670188874346, 0.5235999802286273] - 8213.326124784633 - 241.5830889083399
[333.05073222673616, 32.81804992753748, 419.99999982209886, 419.99999990716924, 250.04670188874346, 0.5235999802286273] - 8213.326124784633 - 241.5830889083399
[333.05073222673616, 32.81804992753748, 419.99999982209886, 419.99999990716924, 250.04670188874346, 0.5235999802286273] - 8213.326124784633 - 241.5830889083399
[333.05073222673616, 32.81804992753748, 419.99999982209886, 419.99999990716924, 250.04670188874346, 0.5235999802286273] - 8213.326124784633 - 241.5830889083399
[333.05073222673616, 32.81804992753748, 419.99999982209886, 419.99999990716924, 250.04670188874346, 0.5235999802286273] - 8213.326124784633 - 241.5830889083399
[333.05073222673616, 32.81804992753748, 419.99999982209886, 419.99999990716924, 250.04670188874346, 0.5235999802286273] - 8213.326124784633 - 241.5830889083399
[333.05073222673616, 32.81804992753748, 419.99999982209886, 419.99999990716924, 250.04670188874346, 0.5235999802286273] - 8213.326124784633 - 241.5830889083399
[333.05073222673616, 32.81804992753748, 419.99999982209886, 419.99999990716924, 250.04670188874346, 0.5235999802286273] - 8213.326124784633 - 241.5830889083399
[333.05073222673616, 32.81804992753748, 419.99999982209886, 419.99999990716924, 250.04670188874346, 0.5235999802286273] - 8213.326124784633 - 241.5830889083399
[333.05073222673616, 32.81804992753748, 419.99999982209886, 419.99999990716924, 250.04670188874346, 0.5235999802286273] - 8213.326124784633 - 241.5830889083399
[333.05073222673616, 32.81804992753748, 419.99999982209886, 419.99999990716924, 250.04670188874346, 0.5235999802286273] - 8213.326124784633 - 241.5830889083399
[333.05073222673616, 32.81804992753748, 419.99999982209886, 419.99999990716924, 250.04670188874346, 0.5235999802286273] - 8213.326124784633 - 241.5830889083399
[333.05073222673616, 32.81804992753748, 419.99999982209886, 419.99999990716924, 250.04670188874346, 0.5235999802286273] - 8213.326124784633 - 241.5830889083399
[336.1363175996213, 68.7068751984325, 419.9999996127708, 419.9999999138374, 697.5811965313289, 0.5235999977081818] - 8213.326123864443 - 232.61089104660599
[336.1363175996213, 68.7068751984325, 419.9999996127708, 419.9999999138374, 697.5811965313289, 0.5235999977081818] - 8213.326123864443 - 232.61089104660599
[336.1363175996213, 68.7068751984325, 419.9999996127708, 419.9999999138374, 697.5811965313289, 0.5235999977081818] - 8213.326123864443 - 232.61089104660599
[336.1363175996213, 68.7068751984325, 419.9999996127708, 419.9999999138374, 697.5811965313289, 0.5235999977081818] - 8213.326123864443 - 232.61089104660599
[336.1363175996213, 68.7068751984325, 419.9999996127708, 419.9999999138374, 697.5811965313289, 0.5235999977081818] - 8213.326123864443 - 232.61089104660599
[336.1363175996213, 68.7068751984325, 419.9999996127708, 419.9999999138374, 697.5811965313289, 0.5235999977081818] - 8213.326123864443 - 232.61089104660599
[336.1363175996213, 68.7068751984325, 419.9999996127708, 419.9999999138374, 697.5811965313289, 0.5235999977081818] - 8213.326123864443 - 232.61089104660599
[301.6592770735456, 97.87415199162626, 419.9999998316937, 419.99999986745576, -186.81349645368152, 0.5235999968033795] - 8213.326123702998 - 271.3867594053735
[301.6592770735456, 97.87415199162626, 419.9999998316937, 419.99999986745576, -186.81349645368152, 0.5235999968033795] - 8213.326123702998 - 271.3867594053735
[301.6592770735456, 97.87415199162626, 419.9999998316937, 419.99999986745576, -186.81349645368152, 0.5235999968033795] - 8213.326123702998 - 271.3867594053735
[301.6592770735456, 97.87415199162626, 419.9999998316937, 419.99999986745576, -186.81349645368152, 0.5235999968033795] - 8213.326123702998 - 271.3867594053735
[301.6592770735456, 97.87415199162626, 419.9999998316937, 419.99999986745576, -186.81349645368152, 0.5235999968033795] - 8213.326123702998 - 271.3867594053735
[301.6592770735456, 97.87415199162626, 419.9999998316937, 419.99999986745576, -186.81349645368152, 0.5235999968033795] - 8213.326123702998 - 271.3867594053735
[301.6592770735456, 97.87415199162626, 419.9999998316937, 419.99999986745576, -186.81349645368152, 0.5235999968033795] - 8213.326123702998 - 271.3867594053735
[301.6592770735456, 97.87415199162626, 419.9999998316937, 419.99999986745576, -186.81349645368152, 0.5235999968033795] - 8213.326123702998 - 271.3867594053735
[377.1798019830542, 21.32799712610202, 419.99999997213297, 419.9999998519478, 933.8618671822711, 0.5235999962388536] - 8213.326123549632 - 244.45561025135913
[377.1798019830542, 21.32799712610202, 419.99999997213297, 419.9999998519478, 933.8618671822711, 0.5235999962388536] - 8213.326123549632 - 244.45561025135913
[377.1798019830542, 21.32799712610202, 419.99999997213297, 419.9999998519478, 933.8618671822711, 0.5235999962388536] - 8213.326123549632 - 244.45561025135913
[377.1798019830542, 21.32799712610202, 419.99999997213297, 419.9999998519478, 933.8618671822711, 0.5235999962388536] - 8213.326123549632 - 244.45561025135913
[377.1798019830542, 21.32799712610202, 419.99999997213297, 419.9999998519478, 933.8618671822711, 0.5235999962388536] - 8213.326123549632 - 244.45561025135913
[377.1798019830542, 21.32799712610202, 419.99999997213297, 419.9999998519478, 933.8618671822711, 0.5235999962388536] - 8213.326123549632 - 244.45561025135913
[377.1798019830542, 21.32799712610202, 419.99999997213297, 419.9999998519478, 933.8618671822711, 0.5235999962388536] - 8213.326123549632 - 244.45561025135913
[377.1798019830542, 21.32799712610202, 419.99999997213297, 419.9999998519478, 933.8618671822711, 0.5235999962388536] - 8213.326123549632 - 244.45561025135913
[377.1798019830542, 21.32799712610202, 419.99999997213297, 419.9999998519478, 933.8618671822711, 0.5235999962388536] - 8213.326123549632 - 244.45561025135913
[377.1798019830542, 21.32799712610202, 419.99999997213297, 419.9999998519478, 933.8618671822711, 0.5235999962388536] - 8213.326123549632 - 244.45561025135913
[389.3548541006269, 13.160402130219786, 419.999999978951, 419.99999997509644, 585.8193178324226, 0.5235999977183394] - 8213.326123009998 - 246.49750972180072
[389.3548541006269, 13.160402130219786, 419.999999978951, 419.99999997509644, 585.8193178324226, 0.5235999977183394] - 8213.326123009998 - 246.49750972180072
[389.3548541006269, 13.160402130219786, 419.999999978951, 419.99999997509644, 585.8193178324226, 0.5235999977183394] - 8213.326123009998 - 246.49750972180072
[389.3548541006269, 13.160402130219786, 419.999999978951, 419.99999997509644, 585.8193178324226, 0.5235999977183394] - 8213.326123009998 - 246.49750972180072
[389.3548541006269, 13.160402130219786, 419.999999978951, 419.99999997509644, 585.8193178324226, 0.5235999977183394] - 8213.326123009998 - 246.49750972180072
[389.3548541006269, 13.160402130219786, 419.999999978951, 419.99999997509644, 585.8193178324226, 0.5235999977183394] - 8213.326123009998 - 246.49750972180072
[389.3548541006269, 13.160402130219786, 419.999999978951, 419.99999997509644, 585.8193178324226, 0.5235999977183394] - 8213.326123009998 - 246.49750972180072
[389.3548541006269, 13.160402130219786, 419.999999978951, 419.99999997509644, 585.8193178324226, 0.5235999977183394] - 8213.326123009998 - 246.49750972180072
[389.3548541006269, 13.160402130219786, 419.999999978951, 419.99999997509644, 585.8193178324226, 0.5235999977183394] - 8213.326123009998 - 246.49750972180072
[389.3548541006269, 13.160402130219786, 419.999999978951, 419.99999997509644, 585.8193178324226, 0.5235999977183394] - 8213.326123009998 - 246.49750972180072
[389.3548541006269, 13.160402130219786, 419.999999978951, 419.99999997509644, 585.8193178324226, 0.5235999977183394] - 8213.326123009998 - 246.49750972180072
[389.3548541006269, 13.160402130219786, 419.999999978951, 419.99999997509644, 585.8193178324226, 0.5235999977183394] - 8213.326123009998 - 246.49750972180072
[389.3548541006269, 13.160402130219786, 419.999999978951, 419.99999997509644, 585.8193178324226, 0.5235999977183394] - 8213.326123009998 - 246.49750972180072
[389.3548541006269, 13.160402130219786, 419.999999978951, 419.99999997509644, 585.8193178324226, 0.5235999977183394] - 8213.326123009998 - 246.49750972180072
[389.3548541006269, 13.160402130219786, 419.999999978951, 419.99999997509644, 585.8193178324226, 0.5235999977183394] - 8213.326123009998 - 246.49750972180072
[389.3548541006269, 13.160402130219786, 419.999999978951, 419.99999997509644, 585.8193178324226, 0.5235999977183394] - 8213.326123009998 - 246.49750972180072
[330.7067659079071, 71.20971142046562, 419.9999998807675, 419.99999999903247, 935.2875373190495, 0.5235999998521439] - 8213.326122946557 - 231.98518334521827
[330.7067659079071, 71.20971142046562, 419.9999998807675, 419.99999999903247, 935.2875373190495, 0.5235999998521439] - 8213.326122946557 - 231.98518334521827
[330.7067659079071, 71.20971142046562, 419.9999998807675, 419.99999999903247, 935.2875373190495, 0.5235999998521439] - 8213.326122946557 - 231.98518334521827
[330.7067659079071, 71.20971142046562, 419.9999998807675, 419.99999999903247, 935.2875373190495, 0.5235999998521439] - 8213.326122946557 - 231.98518334521827
[330.7067659079071, 71.20971142046562, 419.9999998807675, 419.99999999903247, 935.2875373190495, 0.5235999998521439] - 8213.326122946557 - 231.98518334521827
[330.7067659079071, 71.20971142046562, 419.9999998807675, 419.99999999903247, 935.2875373190495, 0.5235999998521439] - 8213.326122946557 - 231.98518334521827
[330.7067659079071, 71.20971142046562, 419.9999998807675, 419.99999999903247, 935.2875373190495, 0.5235999998521439] - 8213.326122946557 - 231.98518334521827
[362.2668121328759, 60.75584073840572, 419.9999999889515, 419.9999999814511, 898.5617594985423, 0.5235999991348852] - 8213.326122868119 - 234.59865078447757
[360.0665973893423, 45.884330051018715, 419.9999999619649, 419.99999998150065, 991.6545706280181, 0.523599999807155] - 8213.326122866762 - 238.3165287601688
[360.0665973893423, 45.884330051018715, 419.9999999619649, 419.99999998150065, 991.6545706280181, 0.523599999807155] - 8213.326122866762 - 238.3165287601688
[360.0665973893423, 45.884330051018715, 419.9999999619649, 419.99999998150065, 991.6545706280181, 0.523599999807155] - 8213.326122866762 - 238.3165287601688
[354.5885523136383, 26.17956402280085, 419.99999998179544, 419.9999999760293, -148.57075896981624, 0.523599999931331] - 8213.326122841532 - 279.7497241481075
[308.44564093401686, 63.00728806885085, 419.99999995614587, 419.99999999421595, 705.7069744916591, 0.5235999999465695] - 8213.32612282348 - 234.03578931619012
[308.44564093401686, 63.00728806885085, 419.99999995614587, 419.99999999421595, 705.7069744916591, 0.5235999999465695] - 8213.32612282348 - 234.03578931619012
[308.44564093401686, 63.00728806885085, 419.99999995614587, 419.99999999421595, 705.7069744916591, 0.5235999999465695] - 8213.32612282348 - 234.03578931619012
[308.44564093401686, 63.00728806885085, 419.99999995614587, 419.99999999421595, 705.7069744916591, 0.5235999999465695] - 8213.32612282348 - 234.03578931619012
[308.44564093401686, 63.00728806885085, 419.99999995614587, 419.99999999421595, 705.7069744916591, 0.5235999999465695] - 8213.32612282348 - 234.03578931619012
[308.44564093401686, 63.00728806885085, 419.99999995614587, 419.99999999421595, 705.7069744916591, 0.5235999999465695] - 8213.32612282348 - 234.03578931619012
[308.44564093401686, 63.00728806885085, 419.99999995614587, 419.99999999421595, 705.7069744916591, 0.5235999999465695] - 8213.32612282348 - 234.03578931619012
[308.44564093401686, 63.00728806885085, 419.99999995614587, 419.99999999421595, 705.7069744916591, 0.5235999999465695] - 8213.32612282348 - 234.03578931619012
[358.8362457536249, 50.4879645637798, 419.99999996802796, 419.99999999344396, 165.1309389620156, 0.5235999998438827] - 8213.326122812641 - 237.16562015495907
[338.0629217372684, 3.8855363187503005, 419.9999999935442, 419.99999999695615, 99.33706436292448, 0.5235999991903367] - 8213.326122803077 - 248.8162269193828
[338.0629217372684, 3.8855363187503005, 419.9999999935442, 419.99999999695615, 99.33706436292448, 0.5235999991903367] - 8213.326122803077 - 248.8162269193828
[338.0629217372684, 3.8855363187503005, 419.9999999935442, 419.99999999695615, 99.33706436292448, 0.5235999991903367] - 8213.326122803077 - 248.8162269193828
[384.14149996719857, 10.793018565481884, 419.9999999945994, 419.9999999958616, 228.75024400488513, 0.5235999999092923] - 8213.326122752891 - 247.08935671668027
[384.14149996719857, 10.793018565481884, 419.9999999945994, 419.9999999958616, 228.75024400488513, 0.5235999999092923] - 8213.326122752891 - 247.08935671668027
[384.14149996719857, 10.793018565481884, 419.9999999945994, 419.9999999958616, 228.75024400488513, 0.5235999999092923] - 8213.326122752891 - 247.08935671668027
[384.14149996719857, 10.793018565481884, 419.9999999945994, 419.9999999958616, 228.75024400488513, 0.5235999999092923] - 8213.326122752891 - 247.08935671668027
[384.14149996719857, 10.793018565481884, 419.9999999945994, 419.9999999958616, 228.75024400488513, 0.5235999999092923] - 8213.326122752891 - 247.08935671668027
[384.14149996719857, 10.793018565481884, 419.9999999945994, 419.9999999958616, 228.75024400488513, 0.5235999999092923] - 8213.326122752891 - 247.08935671668027
[384.14149996719857, 10.793018565481884, 419.9999999945994, 419.9999999958616, 228.75024400488513, 0.5235999999092923] - 8213.326122752891 - 247.08935671668027
[384.14149996719857, 10.793018565481884, 419.9999999945994, 419.9999999958616, 228.75024400488513, 0.5235999999092923] - 8213.326122752891 - 247.08935671668027
[345.7437082990024, 47.83987711132275, 419.9999999880222, 419.9999999990679, 386.1662666358357, 0.5235999999822084] - 8213.326122748229 - 237.8276421084737
[345.7437082990024, 47.83987711132275, 419.9999999880222, 419.9999999990679, 386.1662666358357, 0.5235999999822084] - 8213.326122748229 - 237.8276421084737
[345.7437082990024, 47.83987711132275, 419.9999999880222, 419.9999999990679, 386.1662666358357, 0.5235999999822084] - 8213.326122748229 - 237.8276421084737
[345.7437082990024, 47.83987711132275, 419.9999999880222, 419.9999999990679, 386.1662666358357, 0.5235999999822084] - 8213.326122748229 - 237.8276421084737
[345.7437082990024, 47.83987711132275, 419.9999999880222, 419.9999999990679, 386.1662666358357, 0.5235999999822084] - 8213.326122748229 - 237.8276421084737
[345.7437082990024, 47.83987711132275, 419.9999999880222, 419.9999999990679, 386.1662666358357, 0.5235999999822084] - 8213.326122748229 - 237.8276421084737
[345.7437082990024, 47.83987711132275, 419.9999999880222, 419.9999999990679, 386.1662666358357, 0.5235999999822084] - 8213.326122748229 - 237.8276421084737
[345.7437082990024, 47.83987711132275, 419.9999999880222, 419.9999999990679, 386.1662666358357, 0.5235999999822084] - 8213.326122748229 - 237.8276421084737
[379.95097811927224, 68.92283993027775, 419.9999999994447, 419.9999999958616, 228.75024400488513, 0.5235999999092923] - 8213.326122744367 - 232.55690138096048
[379.95097811927224, 68.92283993027775, 419.9999999994447, 419.9999999958616, 228.75024400488513, 0.5235999999092923] - 8213.326122744367 - 232.55690138096048
[339.65791142556805, 24.181765883297647, 419.99999999393583, 419.9999999990679, -398.3419936851146, 0.5235999999822084] - 8213.326122737823 - 342.6919824117985
[339.65791142556805, 24.181765883297647, 419.99999999393583, 419.9999999990679, -398.3419936851146, 0.5235999999822084] - 8213.326122737823 - 342.6919824117985
[339.65791142556805, 24.181765883297647, 419.99999999393583, 419.9999999990679, -398.3419936851146, 0.5235999999822084] - 8213.326122737823 - 342.6919824117985
[339.65791142556805, 24.181765883297647, 419.99999999393583, 419.9999999990679, -398.3419936851146, 0.5235999999822084] - 8213.326122737823 - 342.6919824117985
[339.65791142556805, 24.181765883297647, 419.99999999393583, 419.9999999990679, -398.3419936851146, 0.5235999999822084] - 8213.326122737823 - 342.6919824117985
[339.65791142556805, 24.181765883297647, 419.99999999393583, 419.9999999990679, -398.3419936851146, 0.5235999999822084] - 8213.326122737823 - 342.6919824117985
[339.65791142556805, 24.181765883297647, 419.99999999393583, 419.9999999990679, -398.3419936851146, 0.5235999999822084] - 8213.326122737823 - 342.6919824117985
[339.65791142556805, 24.181765883297647, 419.99999999393583, 419.9999999990679, -398.3419936851146, 0.5235999999822084] - 8213.326122737823 - 342.6919824117985
[339.65791142556805, 24.181765883297647, 419.99999999393583, 419.9999999990679, -398.3419936851146, 0.5235999999822084] - 8213.326122737823 - 342.6919824117985
[339.65791142556805, 24.181765883297647, 419.99999999393583, 419.9999999990679, -398.3419936851146, 0.5235999999822084] - 8213.326122737823 - 342.6919824117985
[339.65791142556805, 24.181765883297647, 419.99999999393583, 419.9999999990679, -398.3419936851146, 0.5235999999822084] - 8213.326122737823 - 342.6919824117985
[336.6622712103294, 12.8882158452652, 419.9999999965492, 419.9999999978637, 948.4197145005501, 0.5235999999956917] - 8213.32612273636 - 246.56555744155293
[336.6622712103294, 12.8882158452652, 419.9999999965492, 419.9999999978637, 948.4197145005501, 0.5235999999956917] - 8213.32612273636 - 246.56555744155293
[377.28795800959256, 54.40979977938982, 419.9999999993032, 419.99999999871295, 204.20686668322276, 0.5235999999617528] - 8213.326122731065 - 236.18516144410322
[377.28795800959256, 54.40979977938982, 419.9999999993032, 419.99999999871295, 204.20686668322276, 0.5235999999617528] - 8213.326122731065 - 236.18516144410322
[377.28795800959256, 54.40979977938982, 419.9999999993032, 419.99999999871295, 204.20686668322276, 0.5235999999617528] - 8213.326122731065 - 236.18516144410322
[377.28795800959256, 54.40979977938982, 419.9999999993032, 419.99999999871295, 204.20686668322276, 0.5235999999617528] - 8213.326122731065 - 236.18516144410322
[377.28795800959256, 54.40979977938982, 419.9999999993032, 419.99999999871295, 204.20686668322276, 0.5235999999617528] - 8213.326122731065 - 236.18516144410322
[377.28795800959256, 54.40979977938982, 419.9999999993032, 419.99999999871295, 204.20686668322276, 0.5235999999617528] - 8213.326122731065 - 236.18516144410322
[377.28795800959256, 54.40979977938982, 419.9999999993032, 419.99999999871295, 204.20686668322276, 0.5235999999617528] - 8213.326122731065 - 236.18516144410322
[377.28795800959256, 54.40979977938982, 419.9999999993032, 419.99999999871295, 204.20686668322276, 0.5235999999617528] - 8213.326122731065 - 236.18516144410322
[341.5710186719791, 57.682159960608175, 419.99999999954116, 419.99999999871295, 204.20686668322276, 0.5235999999617528] - 8213.326122730645 - 235.36707139906775
[341.5710186719791, 57.682159960608175, 419.99999999954116, 419.99999999871295, 204.20686668322276, 0.5235999999617528] - 8213.326122730645 - 235.36707139906775
[341.5710186719791, 57.682159960608175, 419.99999999954116, 419.99999999871295, 204.20686668322276, 0.5235999999617528] - 8213.326122730645 - 235.36707139906775
[339.01031450731267, 42.368102023396226, 419.99999999880345, 419.99999999991735, -353.1731386181641, 0.5235999999575607] - 8213.326122728138 - 326.853184596697
[339.01031450731267, 42.368102023396226, 419.99999999880345, 419.99999999991735, -353.1731386181641, 0.5235999999575607] - 8213.326122728138 - 326.853184596697
[339.01031450731267, 42.368102023396226, 419.99999999880345, 419.99999999991735, -353.1731386181641, 0.5235999999575607] - 8213.326122728138 - 326.853184596697
[339.01031450731267, 42.368102023396226, 419.99999999880345, 419.99999999991735, -353.1731386181641, 0.5235999999575607] - 8213.326122728138 - 326.853184596697
[339.01031450731267, 42.368102023396226, 419.99999999880345, 419.99999999991735, -353.1731386181641, 0.5235999999575607] - 8213.326122728138 - 326.853184596697
[339.01031450731267, 42.368102023396226, 419.99999999880345, 419.99999999991735, -353.1731386181641, 0.5235999999575607] - 8213.326122728138 - 326.853184596697
[339.01031450731267, 42.368102023396226, 419.99999999880345, 419.99999999991735, -353.1731386181641, 0.5235999999575607] - 8213.326122728138 - 326.853184596697
[364.08579990643926, 6.2515194064911395, 419.9999999980861, 419.9999999999425, -260.1299353250455, 0.5235999999837786] - 8213.326122727422 - 312.6215294441446
[364.08579990643926, 6.2515194064911395, 419.9999999980861, 419.9999999999425, -260.1299353250455, 0.5235999999837786] - 8213.326122727422 - 312.6215294441446
[364.08579990643926, 6.2515194064911395, 419.9999999980861, 419.9999999999425, -260.1299353250455, 0.5235999999837786] - 8213.326122727422 - 312.6215294441446
[364.08579990643926, 6.2515194064911395, 419.9999999980861, 419.9999999999425, -260.1299353250455, 0.5235999999837786] - 8213.326122727422 - 312.6215294441446
[354.3056610061068, 89.35783311558282, 419.99999999827827, 419.9999999998794, -344.5466619160661, 0.523599999990632] - 8213.326122726794 - 312.94913266905616
[354.3056610061068, 89.35783311558282, 419.99999999827827, 419.9999999998794, -344.5466619160661, 0.523599999990632] - 8213.326122726794 - 312.94913266905616
[355.0736375540199, 15.729774722759313, 419.9999999995597, 419.999999999991, -304.09847639806935, 0.5235999999582845] - 8213.3261227265 - 321.24410086764226
[307.79533082676284, 3.0004755218945895, 419.99999999981213, 419.99999999994515, -166.43482554889954, 0.52359999997579] - 8213.32612272495 - 290.01051296684585
[307.79533082676284, 3.0004755218945895, 419.99999999981213, 419.99999999994515, -166.43482554889954, 0.52359999997579] - 8213.32612272495 - 290.01051296684585
[307.79533082676284, 3.0004755218945895, 419.99999999981213, 419.99999999994515, -166.43482554889954, 0.52359999997579] - 8213.32612272495 - 290.01051296684585
[307.79533082676284, 3.0004755218945895, 419.99999999981213, 419.99999999994515, -166.43482554889954, 0.52359999997579] - 8213.32612272495 - 290.01051296684585
[307.79533082676284, 3.0004755218945895, 419.99999999981213, 419.99999999994515, -166.43482554889954, 0.52359999997579] - 8213.32612272495 - 290.01051296684585
[307.79533082676284, 3.0004755218945895, 419.99999999981213, 419.99999999994515, -166.43482554889954, 0.52359999997579] - 8213.32612272495 - 290.01051296684585
[307.79533082676284, 3.0004755218945895, 419.99999999981213, 419.99999999994515, -166.43482554889954, 0.52359999997579] - 8213.32612272495 - 290.01051296684585
[307.79533082676284, 3.0004755218945895, 419.99999999981213, 419.99999999994515, -166.43482554889954, 0.52359999997579] - 8213.32612272495 - 290.01051296684585
[307.79533082676284, 3.0004755218945895, 419.99999999981213, 419.99999999994515, -166.43482554889954, 0.52359999997579] - 8213.32612272495 - 290.01051296684585
[322.2459468687035, 36.20654903620256, 419.9999999993532, 419.9999999999163, 525.9309624416791, 0.5235999999980432] - 8213.326122724242 - 240.73597414779056
[325.7639339438084, 87.03037085579771, 419.99999999991326, 419.99999999999386, 229.45101180719615, 0.5235999999946] - 8213.32612272325 - 228.03001869179866
[325.7639339438084, 87.03037085579771, 419.99999999991326, 419.99999999999386, 229.45101180719615, 0.5235999999946] - 8213.32612272325 - 228.03001869179866
[325.7639339438084, 87.03037085579771, 419.99999999991326, 419.99999999999386, 229.45101180719615, 0.5235999999946] - 8213.32612272325 - 228.03001869179866
[325.7639339438084, 87.03037085579771, 419.99999999991326, 419.99999999999386, 229.45101180719615, 0.5235999999946] - 8213.32612272325 - 228.03001869179866
[325.7639339438084, 87.03037085579771, 419.99999999991326, 419.99999999999386, 229.45101180719615, 0.5235999999946] - 8213.32612272325 - 228.03001869179866
[325.7639339438084, 87.03037085579771, 419.99999999991326, 419.99999999999386, 229.45101180719615, 0.5235999999946] - 8213.32612272325 - 228.03001869179866
[325.7639339438084, 87.03037085579771, 419.99999999991326, 419.99999999999386, 229.45101180719615, 0.5235999999946] - 8213.32612272325 - 228.03001869179866
[325.7639339438084, 87.03037085579771, 419.99999999991326, 419.99999999999386, 229.45101180719615, 0.5235999999946] - 8213.32612272325 - 228.03001869179866
[325.7639339438084, 87.03037085579771, 419.99999999991326, 419.99999999999386, 229.45101180719615, 0.5235999999946] - 8213.32612272325 - 228.03001869179866
[325.7639339438084, 87.03037085579771, 419.99999999991326, 419.99999999999386, 229.45101180719615, 0.5235999999946] - 8213.32612272325 - 228.03001869179866
[325.7639339438084, 87.03037085579771, 419.99999999991326, 419.99999999999386, 229.45101180719615, 0.5235999999946] - 8213.32612272325 - 228.03001869179866
[325.7639339438084, 87.03037085579771, 419.99999999991326, 419.99999999999386, 229.45101180719615, 0.5235999999946] - 8213.32612272325 - 228.03001869179866
[325.7639339438084, 87.03037085579771, 419.99999999991326, 419.99999999999386, 229.45101180719615, 0.5235999999946] - 8213.32612272325 - 228.03001869179866
[325.7639339438084, 87.03037085579771, 419.99999999991326, 419.99999999999386, 229.45101180719615, 0.5235999999946] - 8213.32612272325 - 228.03001869179866
[325.7639339438084, 87.03037085579771, 419.99999999991326, 419.99999999999386, 229.45101180719615, 0.5235999999946] - 8213.32612272325 - 228.03001869179866
[325.7639339438084, 87.03037085579771, 419.99999999991326, 419.99999999999386, 229.45101180719615, 0.5235999999946] - 8213.32612272325 - 228.03001869179866
[387.61713845222727, 16.80105634698515, 419.99999999976455, 419.99999999997544, -204.8123388476255, 0.5235999999991054] - 8213.326122723245 - 296.1547461001725
[387.61713845222727, 16.80105634698515, 419.99999999976455, 419.99999999997544, -204.8123388476255, 0.5235999999991054] - 8213.326122723245 - 296.1547461001725
[387.61713845222727, 16.80105634698515, 419.99999999976455, 419.99999999997544, -204.8123388476255, 0.5235999999991054] - 8213.326122723245 - 296.1547461001725
[387.61713845222727, 16.80105634698515, 419.99999999976455, 419.99999999997544, -204.8123388476255, 0.5235999999991054] - 8213.326122723245 - 296.1547461001725
[387.61713845222727, 16.80105634698515, 419.99999999976455, 419.99999999997544, -204.8123388476255, 0.5235999999991054] - 8213.326122723245 - 296.1547461001725
[387.61713845222727, 16.80105634698515, 419.99999999976455, 419.99999999997544, -204.8123388476255, 0.5235999999991054] - 8213.326122723245 - 296.1547461001725
[333.60338461725235, 86.951964271611, 419.99999999983777, 419.99999999999386, -105.2784703112874, 0.5235999999977625] - 8213.32612272315 - 253.73355198411178
[333.60338461725235, 86.951964271611, 419.99999999983777, 419.99999999999386, -105.2784703112874, 0.5235999999977625] - 8213.32612272315 - 253.73355198411178
[333.60338461725235, 86.951964271611, 419.99999999983777, 419.99999999999386, -105.2784703112874, 0.5235999999977625] - 8213.32612272315 - 253.73355198411178
[333.60338461725235, 86.951964271611, 419.99999999983777, 419.99999999999386, -105.2784703112874, 0.5235999999977625] - 8213.32612272315 - 253.73355198411178
[336.2713486277173, 16.708614740225773, 419.99999999987824, 419.99999999995964, -850.5962634150758, 0.5235999999988616] - 8213.326122723116 - 457.6238376436063
[321.01815662607913, 22.844810289827844, 419.9999999999775, 419.99999999996123, 849.4859074086439, 0.5235999999963716] - 8213.326122723114 - 244.07640883425077
[361.5425131474378, 60.37805758594923, 419.9999999999392, 419.99999999998175, 484.68860289617874, 0.5235999999983519] - 8213.326122722967 - 234.69309701115841
[361.5425131474378, 60.37805758594923, 419.9999999999392, 419.99999999998175, 484.68860289617874, 0.5235999999983519] - 8213.326122722967 - 234.69309701115841
[361.5425131474378, 60.37805758594923, 419.9999999999392, 419.99999999998175, 484.68860289617874, 0.5235999999983519] - 8213.326122722967 - 234.69309701115841
[361.5425131474378, 60.37805758594923, 419.9999999999392, 419.99999999998175, 484.68860289617874, 0.5235999999983519] - 8213.326122722967 - 234.69309701115841
[361.5425131474378, 60.37805758594923, 419.9999999999392, 419.99999999998175, 484.68860289617874, 0.5235999999983519] - 8213.326122722967 - 234.69309701115841
[361.5425131474378, 60.37805758594923, 419.9999999999392, 419.99999999998175, 484.68860289617874, 0.5235999999983519] - 8213.326122722967 - 234.69309701115841
[361.5425131474378, 60.37805758594923, 419.9999999999392, 419.99999999998175, 484.68860289617874, 0.5235999999983519] - 8213.326122722967 - 234.69309701115841
[325.4911669988523, 3.7003536303756484, 419.9999999999272, 419.999999999982, 306.50743798412486, 0.5235999999994371] - 8213.326122722916 - 248.86252300057794
[325.4911669988523, 3.7003536303756484, 419.9999999999272, 419.999999999982, 306.50743798412486, 0.5235999999994371] - 8213.326122722916 - 248.86252300057794
[325.4911669988523, 3.7003536303756484, 419.9999999999272, 419.999999999982, 306.50743798412486, 0.5235999999994371] - 8213.326122722916 - 248.86252300057794
[363.56051484500165, 33.19772611295615, 419.9999999999726, 419.99999999996464, -211.4522389161931, 0.5235999999995012] - 8213.326122722874 - 293.71555367615326
[363.56051484500165, 33.19772611295615, 419.9999999999726, 419.99999999996464, -211.4522389161931, 0.5235999999995012] - 8213.326122722874 - 293.71555367615326
[384.4431197956611, 42.347980193067215, 419.9999999999375, 419.9999999999925, 616.4432300220598, 0.5235999999996686] - 8213.32612272284 - 239.20061636002993
[384.4431197956611, 42.347980193067215, 419.9999999999375, 419.9999999999925, 616.4432300220598, 0.5235999999996686] - 8213.32612272284 - 239.20061636002993
[384.4431197956611, 42.347980193067215, 419.9999999999375, 419.9999999999925, 616.4432300220598, 0.5235999999996686] - 8213.32612272284 - 239.20061636002993
[384.4431197956611, 42.347980193067215, 419.9999999999375, 419.9999999999925, 616.4432300220598, 0.5235999999996686] - 8213.32612272284 - 239.20061636002993
[384.4431197956611, 42.347980193067215, 419.9999999999375, 419.9999999999925, 616.4432300220598, 0.5235999999996686] - 8213.32612272284 - 239.20061636002993
[384.4431197956611, 42.347980193067215, 419.9999999999375, 419.9999999999925, 616.4432300220598, 0.5235999999996686] - 8213.32612272284 - 239.20061636002993
[393.0541173113457, 71.56513643173545, 419.99999999997794, 419.9999999999656, -506.14656612730766, 0.5235999999999705] - 8213.326122722834 - 357.79728289954005
[363.77104631166765, 45.07613039247217, 419.99999999999983, 419.99999999999574, -127.81255495581411, 0.5235999999988816] - 8213.326122722781 - 269.83603161581095
[363.77104631166765, 45.07613039247217, 419.99999999999983, 419.99999999999574, -127.81255495581411, 0.5235999999988816] - 8213.326122722781 - 269.83603161581095
[336.6123725223329, 72.64086665890004, 420.0, 419.9999999999991, 60.66957582840115, 0.5235999999991502] - 8213.326122722741 - 231.62739474338343
[336.6123725223329, 72.64086665890004, 420.0, 419.9999999999991, 60.66957582840115, 0.5235999999991502] - 8213.326122722741 - 231.62739474338343
[336.6123725223329, 72.64086665890004, 420.0, 419.9999999999991, 60.66957582840115, 0.5235999999991502] - 8213.326122722741 - 231.62739474338343
[336.6123725223329, 72.64086665890004, 420.0, 419.9999999999991, 60.66957582840115, 0.5235999999991502] - 8213.326122722741 - 231.62739474338343
[336.6123725223329, 72.64086665890004, 420.0, 419.9999999999991, 60.66957582840115, 0.5235999999991502] - 8213.326122722741 - 231.62739474338343
[336.6123725223329, 72.64086665890004, 420.0, 419.9999999999991, 60.66957582840115, 0.5235999999991502] - 8213.326122722741 - 231.62739474338343
[336.6123725223329, 72.64086665890004, 420.0, 419.9999999999991, 60.66957582840115, 0.5235999999991502] - 8213.326122722741 - 231.62739474338343
[336.6123725223329, 72.64086665890004, 420.0, 419.9999999999991, 60.66957582840115, 0.5235999999991502] - 8213.326122722741 - 231.62739474338343
[336.6123725223329, 72.64086665890004, 420.0, 419.9999999999991, 60.66957582840115, 0.5235999999991502] - 8213.326122722741 - 231.62739474338343
[336.6123725223329, 72.64086665890004, 420.0, 419.9999999999991, 60.66957582840115, 0.5235999999991502] - 8213.326122722741 - 231.62739474338343
[336.6123725223329, 72.64086665890004, 420.0, 419.9999999999991, 60.66957582840115, 0.5235999999991502] - 8213.326122722741 - 231.62739474338343
[336.6123725223329, 72.64086665890004, 420.0, 419.9999999999991, 60.66957582840115, 0.5235999999991502] - 8213.326122722741 - 231.62739474338343
[336.6123725223329, 72.64086665890004, 420.0, 419.9999999999991, 60.66957582840115, 0.5235999999991502] - 8213.326122722741 - 231.62739474338343
[336.6123725223329, 72.64086665890004, 420.0, 419.9999999999991, 60.66957582840115, 0.5235999999991502] - 8213.326122722741 - 231.62739474338343
[336.6123725223329, 72.64086665890004, 420.0, 419.9999999999991, 60.66957582840115, 0.5235999999991502] - 8213.326122722741 - 231.62739474338343
[336.6123725223329, 72.64086665890004, 420.0, 419.9999999999991, 60.66957582840115, 0.5235999999991502] - 8213.326122722741 - 231.62739474338343
[318.9446804707108, 72.42987631960838, 419.9999999999874, 419.99999999999636, 692.6703138850194, 0.5235999999998002] - 8213.32612272274 - 231.68014232851596
[361.5657080373812, 22.233602841296978, 419.9999999999975, 419.9999999999976, 336.99259612730947, 0.5235999999995286] - 8213.326122722729 - 244.22921069796988
[301.83509059459743, 98.68035058021927, 419.99999999999466, 419.99999999999915, 557.2131926607647, 0.5235999999998915] - 8213.326122722698 - 225.11752376341622
[301.83509059459743, 98.68035058021927, 419.99999999999466, 419.99999999999915, 557.2131926607647, 0.5235999999998915] - 8213.326122722698 - 225.11752376341622
[301.83509059459743, 98.68035058021927, 419.99999999999466, 419.99999999999915, 557.2131926607647, 0.5235999999998915] - 8213.326122722698 - 225.11752376341622
[301.83509059459743, 98.68035058021927, 419.99999999999466, 419.99999999999915, 557.2131926607647, 0.5235999999998915] - 8213.326122722698 - 225.11752376341622
[301.83509059459743, 98.68035058021927, 419.99999999999466, 419.99999999999915, 557.2131926607647, 0.5235999999998915] - 8213.326122722698 - 225.11752376341622
[345.9146895503875, 52.514732663759595, 419.99999999999864, 419.99999999999824, 273.24528998899103, 0.523599999999846] - 8213.326122722692 - 236.65892824251316
[345.9146895503875, 52.514732663759595, 419.99999999999864, 419.99999999999824, 273.24528998899103, 0.523599999999846] - 8213.326122722692 - 236.65892824251316
[345.9146895503875, 37.76133910229312, 419.99999999999864, 419.99999999999824, 122.65874232833914, 0.5235999999999819] - 8213.326122722685 - 240.3472766329473
[345.9146895503875, 37.76133910229312, 419.99999999999864, 419.99999999999824, 122.65874232833914, 0.5235999999999819] - 8213.326122722685 - 240.3472766329473
[345.9146895503875, 37.76133910229312, 419.99999999999864, 419.99999999999824, 122.65874232833914, 0.5235999999999819] - 8213.326122722685 - 240.3472766329473
[345.9146895503875, 37.76133910229312, 419.99999999999864, 419.99999999999824, 122.65874232833914, 0.5235999999999819] - 8213.326122722685 - 240.3472766329473
[345.9146895503875, 37.76133910229312, 419.99999999999864, 419.99999999999824, 122.65874232833914, 0.5235999999999819] - 8213.326122722685 - 240.3472766329473
[345.9146895503875, 37.76133910229312, 419.99999999999864, 419.99999999999824, 122.65874232833914, 0.5235999999999819] - 8213.326122722685 - 240.3472766329473
[345.9146895503875, 37.76133910229312, 419.99999999999864, 419.99999999999824, 122.65874232833914, 0.5235999999999819] - 8213.326122722685 - 240.3472766329473
[345.9146895503875, 37.76133910229312, 419.99999999999864, 419.99999999999824, 122.65874232833914, 0.5235999999999819] - 8213.326122722685 - 240.3472766329473
[335.10916873521575, 33.40134256234689, 419.99999999999943, 419.9999999999993, -530.4185953461702, 0.5235999999999561] - 8213.326122722678 - 373.4062386716205
[335.10916873521575, 33.40134256234689, 419.99999999999943, 419.9999999999993, -530.4185953461702, 0.5235999999999561] - 8213.326122722678 - 373.4062386716205
[335.10916873521575, 33.40134256234689, 419.99999999999943, 419.9999999999993, -530.4185953461702, 0.5235999999999561] - 8213.326122722678 - 373.4062386716205
[335.10916873521575, 33.40134256234689, 419.99999999999943, 419.9999999999993, -530.4185953461702, 0.5235999999999561] - 8213.326122722678 - 373.4062386716205
[335.10916873521575, 33.40134256234689, 419.99999999999943, 419.9999999999993, -530.4185953461702, 0.5235999999999561] - 8213.326122722678 - 373.4062386716205
[335.10916873521575, 33.40134256234689, 419.99999999999943, 419.9999999999993, -530.4185953461702, 0.5235999999999561] - 8213.326122722678 - 373.4062386716205
[335.10916873521575, 33.40134256234689, 419.99999999999943, 419.9999999999993, -530.4185953461702, 0.5235999999999561] - 8213.326122722678 - 373.4062386716205
[335.10916873521575, 33.40134256234689, 419.99999999999943, 419.9999999999993, -530.4185953461702, 0.5235999999999561] - 8213.326122722678 - 373.4062386716205
[335.10916873521575, 33.40134256234689, 419.99999999999943, 419.9999999999993, -530.4185953461702, 0.5235999999999561] - 8213.326122722678 - 373.4062386716205
[335.10916873521575, 33.40134256234689, 419.99999999999943, 419.9999999999993, -530.4185953461702, 0.5235999999999561] - 8213.326122722678 - 373.4062386716205
[335.10916873521575, 33.40134256234689, 419.99999999999943, 419.9999999999993, -530.4185953461702, 0.5235999999999561] - 8213.326122722678 - 373.4062386716205
[335.10916873521575, 33.40134256234689, 419.99999999999943, 419.9999999999993, -530.4185953461702, 0.5235999999999561] - 8213.326122722678 - 373.4062386716205
[335.10916873521575, 33.40134256234689, 419.99999999999943, 419.9999999999993, -530.4185953461702, 0.5235999999999561] - 8213.326122722678 - 373.4062386716205
[335.10916873521575, 33.40134256234689, 419.99999999999943, 419.9999999999993, -530.4185953461702, 0.5235999999999561] - 8213.326122722678 - 373.4062386716205
[335.10916873521575, 33.40134256234689, 419.99999999999943, 419.9999999999993, -530.4185953461702, 0.5235999999999561] - 8213.326122722678 - 373.4062386716205
[335.10916873521575, 33.40134256234689, 419.99999999999943, 419.9999999999993, -530.4185953461702, 0.5235999999999561] - 8213.326122722678 - 373.4062386716205
[335.10916873521575, 33.40134256234689, 419.99999999999943, 419.9999999999993, -530.4185953461702, 0.5235999999999561] - 8213.326122722678 - 373.4062386716205
[335.10916873521575, 33.40134256234689, 419.99999999999943, 419.9999999999993, -530.4185953461702, 0.5235999999999561] - 8213.326122722678 - 373.4062386716205
[335.10916873521575, 33.40134256234689, 419.99999999999943, 419.9999999999993, -530.4185953461702, 0.5235999999999561] - 8213.326122722678 - 373.4062386716205
[335.10916873521575, 33.40134256234689, 419.99999999999943, 419.9999999999993, -530.4185953461702, 0.5235999999999561] - 8213.326122722678 - 373.4062386716205
[335.10916873521575, 33.40134256234689, 419.99999999999943, 419.9999999999993, -530.4185953461702, 0.5235999999999561] - 8213.326122722678 - 373.4062386716205
[335.10916873521575, 33.40134256234689, 419.99999999999943, 419.9999999999993, -530.4185953461702, 0.5235999999999561] - 8213.326122722678 - 373.4062386716205
[335.10916873521575, 33.40134256234689, 419.99999999999943, 419.9999999999993, -530.4185953461702, 0.5235999999999561] - 8213.326122722678 - 373.4062386716205
[395.44724922380175, 40.23752788019771, 419.99999999999835, 419.9999999999999, -63.36235357785631, 0.5235999999999836] - 8213.326122722676 - 254.93313190009684
[395.44724922380175, 40.23752788019771, 419.99999999999835, 419.9999999999999, -63.36235357785631, 0.5235999999999836] - 8213.326122722676 - 254.93313190009684
[395.44724922380175, 40.23752788019771, 419.99999999999835, 419.9999999999999, -63.36235357785631, 0.5235999999999836] - 8213.326122722676 - 254.93313190009684
[395.44724922380175, 40.23752788019771, 419.99999999999835, 419.9999999999999, -63.36235357785631, 0.5235999999999836] - 8213.326122722676 - 254.93313190009684
[395.44724922380175, 40.23752788019771, 419.99999999999835, 419.9999999999999, -63.36235357785631, 0.5235999999999836] - 8213.326122722676 - 254.93313190009684
[338.0254910159796, 15.909050835459063, 419.9999999999993, 419.99999999999955, -118.56016595828945, 0.5235999999999854] - 8213.326122722674 - 274.8147042563911
[338.0254910159796, 15.909050835459063, 419.9999999999993, 419.99999999999955, -118.56016595828945, 0.5235999999999854] - 8213.326122722674 - 274.8147042563911
[338.0254910159796, 15.909050835459063, 419.9999999999993, 419.99999999999955, -118.56016595828945, 0.5235999999999854] - 8213.326122722674 - 274.8147042563911
[338.0254910159796, 15.909050835459063, 419.9999999999993, 419.99999999999955, -118.56016595828945, 0.5235999999999854] - 8213.326122722674 - 274.8147042563911
[338.0254910159796, 15.909050835459063, 419.9999999999993, 419.99999999999955, -118.56016595828945, 0.5235999999999854] - 8213.326122722674 - 274.8147042563911
[338.0254910159796, 15.909050835459063, 419.9999999999993, 419.99999999999955, -118.56016595828945, 0.5235999999999854] - 8213.326122722674 - 274.8147042563911
[338.0254910159796, 15.909050835459063, 419.9999999999993, 419.99999999999955, -118.56016595828945, 0.5235999999999854] - 8213.326122722674 - 274.8147042563911
[338.0254910159796, 15.909050835459063, 419.9999999999993, 419.99999999999955, -118.56016595828945, 0.5235999999999854] - 8213.326122722674 - 274.8147042563911
[338.0254910159796, 15.909050835459063, 419.9999999999993, 419.99999999999955, -118.56016595828945, 0.5235999999999854] - 8213.326122722674 - 274.8147042563911
[336.99391843617184, 77.72928293491377, 419.9999999999998, 419.9999999999995, 891.1471140226723, 0.5235999999999508] - 8213.326122722672 - 230.3552906747778
[336.99391843617184, 77.72928293491377, 419.9999999999998, 419.9999999999995, 891.1471140226723, 0.5235999999999508] - 8213.326122722672 - 230.3552906747778
[336.99391843617184, 77.72928293491377, 419.9999999999998, 419.9999999999995, 891.1471140226723, 0.5235999999999508] - 8213.326122722672 - 230.3552906747778
[336.99391843617184, 77.72928293491377, 419.9999999999998, 419.9999999999995, 891.1471140226723, 0.5235999999999508] - 8213.326122722672 - 230.3552906747778
[336.99391843617184, 77.72928293491377, 419.9999999999998, 419.9999999999995, 891.1471140226723, 0.5235999999999508] - 8213.326122722672 - 230.3552906747778
[336.99391843617184, 77.72928293491377, 419.9999999999998, 419.9999999999995, 891.1471140226723, 0.5235999999999508] - 8213.326122722672 - 230.3552906747778
[336.99391843617184, 77.72928293491377, 419.9999999999998, 419.9999999999995, 891.1471140226723, 0.5235999999999508] - 8213.326122722672 - 230.3552906747778
[336.99391843617184, 77.72928293491377, 419.9999999999998, 419.9999999999995, 891.1471140226723, 0.5235999999999508] - 8213.326122722672 - 230.3552906747778
[336.99391843617184, 77.72928293491377, 419.9999999999998, 419.9999999999995, 891.1471140226723, 0.5235999999999508] - 8213.326122722672 - 230.3552906747778
[336.99391843617184, 77.72928293491377, 419.9999999999998, 419.9999999999995, 891.1471140226723, 0.5235999999999508] - 8213.326122722672 - 230.3552906747778
[336.99391843617184, 77.72928293491377, 419.9999999999998, 419.9999999999995, 891.1471140226723, 0.5235999999999508] - 8213.326122722672 - 230.3552906747778
[336.99391843617184, 77.72928293491377, 419.9999999999998, 419.9999999999995, 891.1471140226723, 0.5235999999999508] - 8213.326122722672 - 230.3552906747778
[367.33169750294917, 94.53578757751666, 419.99999999999915, 419.9999999999997, 28.345252795823853, 0.5235999999999712] - 8213.326122722669 - 226.15366451413644
[367.33169750294917, 94.53578757751666, 419.99999999999915, 419.9999999999997, 28.345252795823853, 0.5235999999999712] - 8213.326122722669 - 226.15366451413644
[367.33169750294917, 94.53578757751666, 419.99999999999915, 419.9999999999997, 28.345252795823853, 0.5235999999999712] - 8213.326122722669 - 226.15366451413644
[367.33169750294917, 94.53578757751666, 419.99999999999915, 419.9999999999997, 28.345252795823853, 0.5235999999999712] - 8213.326122722669 - 226.15366451413644
[367.33169750294917, 94.53578757751666, 419.99999999999915, 419.9999999999997, 28.345252795823853, 0.5235999999999712] - 8213.326122722669 - 226.15366451413644
[367.33169750294917, 94.53578757751666, 419.99999999999915, 419.9999999999997, 28.345252795823853, 0.5235999999999712] - 8213.326122722669 - 226.15366451413644
[367.33169750294917, 94.53578757751666, 419.99999999999915, 419.9999999999997, 28.345252795823853, 0.5235999999999712] - 8213.326122722669 - 226.15366451413644
[367.33169750294917, 94.53578757751666, 419.99999999999915, 419.9999999999997, 28.345252795823853, 0.5235999999999712] - 8213.326122722669 - 226.15366451413644
[367.33169750294917, 94.53578757751666, 419.99999999999915, 419.9999999999997, 28.345252795823853, 0.5235999999999712] - 8213.326122722669 - 226.15366451413644
[367.33169750294917, 94.53578757751666, 419.99999999999915, 419.9999999999997, 28.345252795823853, 0.5235999999999712] - 8213.326122722669 - 226.15366451413644
[367.33169750294917, 94.53578757751666, 419.99999999999915, 419.9999999999997, 28.345252795823853, 0.5235999999999712] - 8213.326122722669 - 226.15366451413644
[367.33169750294917, 94.53578757751666, 419.99999999999915, 419.9999999999997, 28.345252795823853, 0.5235999999999712] - 8213.326122722669 - 226.15366451413644
[367.33169750294917, 94.53578757751666, 419.99999999999915, 419.9999999999997, 28.345252795823853, 0.5235999999999712] - 8213.326122722669 - 226.15366451413644
[367.33169750294917, 94.53578757751666, 419.99999999999915, 419.9999999999997, 28.345252795823853, 0.5235999999999712] - 8213.326122722669 - 226.15366451413644
