Fitness : Violation : Position : Miscellaneous
-218.8926351489472 : 3.7867921250526475 : [0.8729834545518997, 0.2301169592530002, 0.19228296119502097, 0.5761513238793304, 0.8881901182458628, 0.9732292217723963, 0.36413851537734265, 0.9880497660102341, 0.41251016949555186, 0.7666514660058725] : 0.0
-2072.7087537422394 : 3.9047509616996585 : [0.5993333872442248, 0.7579892375951449, 0.869173543775578, 0.6161040478357183, 0.46590883512902936, 0.6397575439029521, 0.5968701777279988, 0.797992237298945, 0.8410901705676898, 0.7135242594733264] : 0.0
-847.3377266921106 : 3.508556128271218 : [0.940197413831499, 0.7331841906792524, 0.5175039466329969, 0.5171885672838124, 0.4551967105094218, 0.3860342099702979, 0.6365681276064296, 0.6704475458642276, 0.9711690863947088, 0.6305686332109567] : 0.0
-430.08291652562224 : 4.459363322222608 : [0.06060796430597459, 0.6400243592954659, 0.7468361563915098, 0.6853841704511188, 0.812210004278164, 0.9798574729356222, 0.6191569869839978, 0.9645066281948733, 0.49817938994364924, 0.9148367272635153] : 0.0
-1204.5732047351748 : 4.174369060897096 : [0.5425987097607003, 0.22481578807346947, 0.7588166737752073, 0.8076109841052265, 0.6451203234378002, 0.9984767266655215, 0.6235376588178421, 0.529069547667821, 0.89837150831403, 0.8440699887214695] : 0.0
-202.71433834792646 : 2.6858632749092397 : [0.4116349713001842, 0.5569202809590035, 0.5961309821396549, 0.4602260811338503, 0.519113479134196, 0.929744207671642, 0.3460653001013195, 0.3016973538979865, 0.8637395902742186, 0.7405051460575767] : 0.0
-264.4848111952112 : 3.1489145788937236 : [0.4746887933748326, 0.9231192857116324, 0.8441326097362764, 0.5422751187797302, 0.4223317266480886, 0.22339117297093003, 0.5243728040430787, 0.4139757158854615, 0.6580904222955268, 0.9783252562633237] : 0.0
-281.188377541624 : 3.2322549080009235 : [0.5449985701066168, 0.4690067412594882, 0.28090363263876794, 0.8253523584084762, 0.7595400121275572, 0.48353943379383546, 0.40043794158345636, 0.9504330895195863, 0.9802228334964487, 0.34630760430315594] : 0.0
-296.5929728310777 : 3.101820977939699 : [0.23295616480363684, 0.6306271055188245, 0.6526310390451626, 0.5098092592224076, 0.9171605174754365, 0.28997804183411735, 0.692644545721364, 0.5166220483237943, 0.7361117220266498, 0.8661657743711265] : 0.0
-442.7739620812969 : 4.52032311980077 : [0.9155126179302536, 0.09994104408746107, 0.9977086565949882, 0.29899022531698605, 0.6443370213456866, 0.5670147383967353, 0.9646340077976565, 0.9643610296472632, 0.7915401917644961, 0.6030183125924689] : 0.0
-257.0982163472222 : 3.1721545509256357 : [0.16919912885130373, 0.8740190993149368, 0.2821358788213189, 0.5558586316422516, 0.7210452770976074, 0.7751256897281157, 0.8016487582679928, 0.683167437682158, 0.5136879377638877, 0.7050371932158187] : 0.0
-400.24289034410083 : 3.2942132931007304 : [0.539043112305489, 0.7075918183596555, 0.31604625370862993, 0.9180646104671151, 0.9093666495339695, 0.40629990099296176, 0.5358662594890107, 0.3707105961182642, 0.5307323925953089, 0.9284118653793972] : 0.0
-394.6462236210299 : 3.0963121377757057 : [0.731575845198786, 0.588945225963645, 0.47107470918945477, 0.8557677613911483, 0.8832827941169001, 0.41419568360345915, 0.5075735057519453, 0.3107137319664637, 0.45583477432273606, 0.8638847209456073] : 0.0
-704.2284800070756 : 3.9716630047698978 : [0.9324864778637573, 0.730724458485938, 0.5834735891570234, 0.39057265394960905, 0.7054150039475906, 0.5386145085295112, 0.8483288862222375, 0.8331986432753341, 0.184296384232433, 0.9163090961545786] : 0.0
-228.79914094436245 : 2.62192859262105 : [0.31130460565862206, 0.7814118128094149, 0.4290487009167079, 0.4546497560437738, 0.5964732559125583, 0.44518333848192504, 0.7548785824899549, 0.46227206626842654, 0.936789502847417, 0.5554675196711603] : 0.0
-718.1662876391603 : 4.072796730370768 : [0.533106507255053, 0.9497323560181796, 0.5778154846298786, 0.8537582512560629, 0.6540201179506078, 0.45791513877774526, 0.15762400043085878, 0.804968808095721, 0.8775546727095442, 0.8622516153885562] : 0.0
-1370.793504277458 : 4.203630429980937 : [0.7981499739457196, 0.9613046664634609, 0.5059637857813245, 0.5598528794271641, 0.6668248742257479, 0.9627117460010692, 0.40474866367282947, 0.36778110475631, 0.6814112182847385, 0.9685921738493886] : 0.0
-251.4989837796137 : 2.691889598435709 : [0.5295343267765953, 0.9167216118037957, 0.3845383207361421, 0.34846024652515173, 0.6926377590329252, 0.4529641054138891, 0.5005351244323378, 0.4114329025953604, 0.781169702252081, 0.7660601309643879] : 0.0
-474.8389526680994 : 3.3052051196324017 : [0.5494071375825588, 0.9073547893841507, 0.6959289154466154, 0.3716787357190463, 0.4282952074428026, 0.8350297107868437, 0.9040394835319916, 0.711673218690781, 0.5011354651429918, 0.31935520979181087] : 0.0
-218.40558828458322 : 3.763272427649511 : [0.7262594011502587, 0.9388062529405231, 0.8119515832006753, 0.5922024950985294, 0.47818933663664387, 0.9178684232995691, 0.3806343564138348, 0.0979364636094312, 0.4192626814484349, 0.9711285271587327] : 0.0
-755.5226498176407 : 4.1359298334092545 : [0.6019373847158149, 0.47957164387415896, 0.8694223907263768, 0.8858513519690964, 0.8096242580893553, 0.9833029311927695, 0.18679376603996292, 0.4007407254467489, 0.6568397710525479, 0.8681501752129971] : 0.0
-998.5702088729713 : 3.569367388262572 : [0.5379480502534058, 0.9851550751444828, 0.4225310318862275, 0.5025979012091318, 0.899211017002956, 0.5831876613304863, 0.6659726364664207, 0.49310411162823875, 0.7759087451830191, 0.6640163691474219] : 0.0
-555.7752781685584 : 3.2342081106759837 : [0.9462523461448926, 0.4629190444387402, 0.7062853388487347, 0.907705806115492, 0.4966709189553845, 0.5679273301758025, 0.3331637373322017, 0.5471010478925481, 0.5164699028711106, 0.7452982684215538] : 0.0
-1614.3313365746524 : 4.100770663961789 : [0.86000876767864, 0.9612269318380773, 0.6656458151766, 0.8326875052441699, 0.9356200216548399, 0.4794807546726122, 0.4854577079782748, 0.5884668195561864, 0.41312091687410984, 0.6654529595689791] : 0.0
-214.80015175296194 : 2.900135948927511 : [0.9126900773325215, 0.7056638935399986, 0.9141566328473095, 0.3185972758957933, 0.34886570510446, 0.43013585580607794, 0.4186656138796928, 0.4458606196484415, 0.847718520252685, 0.4822460521427541] : 0.0
-1148.1522792414003 : 3.8013301254691774 : [0.6218313276240486, 0.9322684350293025, 0.4371199573189025, 0.4449131269009484, 0.8317332056881896, 0.8919331714665275, 0.5647254749728656, 0.7553803564485644, 0.4120717861736023, 0.7809401597872687] : 0.0
-358.38250365073804 : 3.415666269063899 : [0.6767772326031237, 0.1829705823428045, 0.8616480025999707, 0.48851546502086024, 0.5667710615622426, 0.3423270966226624, 0.5886748052265657, 0.8006953315825652, 0.9267677125788528, 0.8112393369593489] : 0.0
-249.02990549960583 : 3.0891789474312947 : [0.24014142072768402, 0.830406195998092, 0.721793357274437, 0.6164632104014266, 0.9026267678132985, 0.46069668473817227, 0.35860487636005123, 0.6957202660462727, 0.8343918203681459, 0.32421240199972123] : 0.0
-640.8887746716691 : 3.8236064412844843 : [0.9160841425569849, 0.8481976547751463, 0.5052783500329315, 0.45876576323734325, 0.2757596743559532, 0.737608606414974, 0.7423721205113407, 0.31177815496386974, 0.9413281694392402, 0.8029036224105388] : 0.0
-289.87872731629517 : 3.4763695173884477 : [0.8039974785121723, 0.6420174648995622, 0.7125720101433618, 0.8281492049488468, 0.39925532539222597, 0.9029278923325116, 0.7674904739254327, 0.33368148706883266, 0.7273432763710107, 0.141719348482642] : 0.0
