Fitness : Violation : Position : Miscellaneous
6.552114873891816E12 : 1.4535982011730937 : [-187.7685320654343, 38.29797277238879, -242.44058275302854, 278.5189914899945, -24.342398778079623, -304.03283942323645, -90.5531617666205, -7.466528122345337, -83.5222282922813, -85.43104679770084, -85.17729323459712, 186.04972304822144, -220.36365094745844, -223.4760702753801, 62.32020023086751, -2.789906346997631, 213.40128439082093, 46.027391097594716, -37.95795885329589, -19.76173168465942, -116.98497947221756, 212.60337706440876, -222.98011631674936, 316.2289059346235, 94.6630656314918, -119.20934102588168, -36.069011591884305, -149.4026308745511, 177.52639061533858, 392.73246305550657] : 0.0
7.604988231705921E12 : 3.09862093609766 : [-225.81333995302887, -395.2319217225021, 87.54806101914122, 15.67379093718587, 232.17890680957876, 313.032683120888, -193.96540700463882, 345.3010611708594, 36.76355548027874, 7.154879336956455, -50.174438146296524, -223.6180357105995, 278.2655798296498, -65.72636774244111, -20.91867655884525, -127.55814859310398, 64.82440410486711, 260.1855108888343, -83.7349512702113, -223.34491484881073, -101.2176839309873, 14.402866683531897, -25.065028831742126, 93.53613212760047, 155.54411749621653, -200.20902442872685, -162.64028926420502, -339.64941025963225, -42.35278502538563, 156.39911225286008] : 0.0
5.054769028359227E12 : 357.58839449088964 : [-248.8538075731499, -230.08403398483227, 91.57028754770988, 360.1017728722069, 101.40688123810156, 247.721740042217, 153.11826970735228, 79.42644859847522, 78.57344928021006, 147.5277903828127, -171.41230153929342, 268.3744511881704, 246.76417206154912, 51.24212875553445, -156.84226849250416, 247.79602378894558, -228.56596104632598, -19.76314937254611, 116.5097342084942, 204.70501021333098, 169.78273460985903, 227.02712300817726, -270.61044979743696, 132.80877614312917, 370.60992808775467, 79.56611802948805, -160.12003438879842, -276.93260449217183, -240.3470603108703, -435.2971452937671] : 0.0
5.401277173885076E12 : 7.282633739505627 : [162.08626667616568, 104.68367151642893, -329.44275424035243, 19.584101693826355, -216.3572869620353, 124.1674119366475, -8.090680417659911, 104.74870570653468, -334.6088284764995, 235.44877766981762, -215.2158698092569, -46.323776883171206, -315.64387934151, -40.59344128984651, -135.31904518286453, 122.72884950695634, -113.91493428438343, 207.49566026911526, 189.61699281291354, -182.2921786689834, 84.97067571386444, 237.08791161488958, 89.85017100802612, 234.18755813413998, 134.24527010016675, -241.7169349409749, 280.87473814664173, 147.35425809796067, 70.45772569859548, 115.56466495479123] : 0.0
5.717073805949893E12 : 0.3920299971182928 : [-393.6618361448235, -33.83078142704127, 43.544106252383855, -183.71130862466504, -114.93541499270194, 320.11702812700935, -79.68576699552877, 32.58035582692628, -408.2468078989872, -48.99786479128105, 153.54335353254433, -53.25941323175506, -284.0807439556108, -30.02527790680216, 82.5168024524148, 220.76538835894758, 146.70182217436374, -250.24202563115176, -71.98449822442183, 71.5397259131513, -60.10817724022499, 113.66743889186218, -0.03755283250103503, -139.77473438287174, 67.94621043412694, -102.80724125857657, 147.44816222058012, 184.01773278172936, -127.86672269325615, -311.7948125076876] : 0.0
3.8532275298494907E12 : 0.23675566815865068 : [-136.11807520442375, 155.0284559768701, -23.67079493878498, -182.25611317015034, -249.87162651536536, 60.64938601408404, -120.85804089370765, 238.02577457227525, -66.39498154994203, -262.1872051212443, 143.55591110378418, -77.92682707926812, -105.96735882984787, -140.28472310491003, -142.1761007473953, 44.09386122193291, -148.69946758675025, -223.32141467547294, 148.12708598679978, -157.52876551224438, -16.757801669631675, -12.557219226970801, 39.15476610134954, -74.88712155241191, 56.13813598426427, 105.89098850410113, 101.78168440886434, -52.06807880790319, 77.20746649618388, -320.8053176135045] : 0.0
4.3226191925287246E12 : 133.4857763114095 : [-109.1592822504831, -225.18317310447375, -262.1991189389193, 133.63369454709513, -196.46899242082173, -13.188987967695539, -20.920054857224812, 323.59047121801285, 82.75175642470435, 205.4017780387996, 119.476733619735, -179.5922913246961, 37.725795433424054, -174.1760847032887, -226.1133183043462, 54.24271038479833, 149.25310524065614, 35.39928705032226, 25.645445963456098, 107.8222235213992, 118.56707246449272, 142.60857748921973, -48.37474902432753, -167.2035261272705, 4.07391016840171, -50.66296686789852, 215.7078890150301, 211.86236812360352, 163.69916008569658, 460.767273308873] : 0.0
6.225463627976778E12 : 0.1829436037623111 : [-373.78226349254044, -47.946813985382875, -28.222727487117155, -76.12590577154155, -49.65140564461336, 192.6341634411381, 46.958607405712215, -293.474714112274, -40.092402949163755, 129.90051714179685, 349.3892484997926, 262.34586985664527, -139.85560091133536, 123.93653348916976, 279.9848698637676, -73.60350842823846, -36.187258073667074, -64.74302466152861, -59.52962931830798, -53.26837446649686, 50.71519767314442, 66.66905255468816, 278.23311450242903, 221.87114659837997, 86.48752867290905, -136.34112764085762, 215.36510634387156, 152.1369810600851, -190.2717695698636, -313.5280316275218] : 0.0
5.995454031101031E12 : 39.385235469708434 : [162.53257794920967, -3.6261792211375905, 215.97032201739665, 231.47525820065195, 195.234807376812, -85.28715505507421, 210.7346256444676, 57.37248704595915, 85.45568561200707, -219.79322878806022, 69.98938046724027, -43.42626041636254, -208.30202341964576, -3.9614557427045156, 94.99431042739172, 492.61159859927096, 79.62003192836833, 191.03943072013084, -36.144544526242626, -24.008563934448148, -174.82192712217852, -104.40083572357076, 319.002651782733, -203.95433548111055, 312.2002150822749, 179.86339613161329, 161.46657069965528, -168.58721983793708, 116.51446065525528, 318.81670661175036] : 0.0
5.971056948613527E12 : 12.803325466498308 : [-271.0397525890282, 32.60635024699337, -299.7119038664358, -25.012613984068246, 246.60996495447785, -185.69137484573082, -186.55003994998572, 27.09360595335417, -161.79849182879053, 78.49392043066888, -125.29741253909287, -108.91006366254126, -16.164562589380154, 367.66270494702616, 7.611501739102835, 8.643044529502108, -61.67243038427972, -118.71766622818527, 123.98755526168708, 372.3150189668412, -87.83532891013436, 177.98256861372138, 173.19696589095895, -147.22613061900833, 88.03436078244172, 284.9757290122848, 80.83238559502149, -187.593949346332, -8.614695060483825, 429.5688897003298] : 0.0
4.835836769727702E12 : 0.8965355547596872 : [-126.20973963391666, -195.75559664523, 194.25768774734658, 7.075741379931856, 90.04190514108663, -23.65381830697217, -275.455236961869, 199.314913375328, -269.2856812876736, -36.63181950488212, -10.955159662817977, 147.23837130756664, -238.70748776793627, 3.9163051125275103, -113.7302016046475, -193.13941268588582, -15.705095496237199, -23.758838289519957, 137.6868197901838, -328.34888136699846, -13.32022255404766, -44.42038715463198, 4.106783748112463, -195.90346097543733, -9.719962340029298, 30.325771356395087, 94.67243004408635, 222.21241513213562, -51.98284818925464, -253.0470795831008] : 0.0
7.133561070384648E12 : 13.063073324613725 : [48.44207774597828, 127.6591930791084, -280.0710558215561, 124.21754802908185, 300.4503429736749, 123.66919537791496, 226.1168761158498, -303.32326977640514, 223.77819228380923, 204.29504201767557, -11.081407109478267, 73.27354429740349, -112.39769077666372, -79.45360038134812, -315.5318826486023, 101.43063662619585, -145.21425573387788, 75.72336024580083, 241.0929707166842, -75.66515497820276, -168.90147973075906, 32.40364010393165, -343.2807035872162, -188.77711639655297, 325.2306448646126, 243.76043084793983, -112.64230834097327, -366.3943720632722, -101.766128371267, 241.66575238655872] : 0.0
6.048953239070893E12 : 3.5700619608694737 : [108.86915595741698, 70.73606910828491, 158.20266570309843, 193.34608117798192, 36.79491810813977, 27.666466692037673, -139.49351024549452, 84.29445287901859, -121.19318918803289, 82.73017625121095, 23.885142352179336, -64.85396259144798, 191.67361775134026, 170.93709468968484, 219.54725177409284, -16.513465400263442, 42.483134076812235, -179.9647823963261, 200.87437731810684, 127.53927872436495, -85.40334579590167, 374.9968873021886, -332.3312549503288, -185.44742043097278, -73.85979282876181, 128.64222856372118, 74.22984387316896, 283.8369567438623, 20.980933308042665, 111.37350210462789] : 0.0
5.514597419522628E12 : 0.8142365713702304 : [-106.35119912634661, -76.03147500195843, 12.807291557054526, 199.5265472710373, 293.27447558187487, -60.12444372179485, 110.88899347987797, 318.8952764963655, -126.19029734340253, -258.18078782515295, -270.98579122642434, 221.25443414355615, 24.08115163408462, -106.64163795944779, 27.629007687160843, 193.88413134120748, -172.5974868969858, 80.47401833004946, 4.893449235567076, -1.4390535666591688, 275.53782025698285, -153.1395807170205, -39.28398844985634, 90.5269296121283, 252.42658128755386, -10.060409501702892, 37.709225142304504, -351.0590278250635, 245.25421682915942, 487.56399836867615] : 0.0
5.538194156738867E12 : 5.115949239855631 : [123.82189488909735, -11.53193075810055, -59.90239332152538, 173.2492945226127, 269.4934534861735, 424.443553256922, 173.06955878600863, -168.4952022225935, -134.37515103148434, -213.44303898970585, 61.967063618838125, 254.84238642569636, -214.68747429113412, 53.48852139451407, -154.9614046035037, -182.5737742947943, -97.19873165791249, -61.460454178724206, -355.2530076721312, 127.05044675950062, 117.95467701313817, 225.75767416219622, -284.9904770224231, -318.09172584210637, 352.4375637553527, 208.57684790744378, 230.71942477761425, -235.9002756805182, -140.00136355016207, 308.723903288928] : 0.0
9.128049067815201E12 : 1.43016626619269 : [-464.5291780470077, -286.1501624261831, 206.42089815338014, -305.238976689924, -145.75950877597012, 147.6836921800997, 46.56421840073176, -26.35708850320235, -59.903078119526505, 255.89729310779924, -6.316587568624499, 119.06258959894892, -167.3458085155346, 340.4615977485453, 186.59462698218965, 293.2678571578188, 329.60860950956106, -195.8345360222615, -225.6356404817679, 70.80649858349136, 201.7993874955962, 114.5590531117255, 42.30584322219829, 73.66161482219691, 36.499422265573344, 230.2851521889266, 267.97090358733874, -124.04877718217739, -135.29092961494405, 110.53656019025567] : 0.0
4.845222534850643E12 : 212.46453670204343 : [236.38971602503983, 124.69227715593254, -126.98925059085497, -62.077068839237526, -170.15636730044716, 10.913132630961357, -140.43389688832335, -101.63873838327157, 80.57764756748301, 148.6689726703074, 317.16314408871415, -120.24093880751695, -127.94728039510426, -59.64585596940954, 175.76872521326567, -198.33049850773284, -66.83492599539886, 210.37147728517408, 77.81987975336665, 89.59308472582352, -119.23816300364562, -210.69847770654445, -34.453170381333734, -331.1453246754713, 102.37926145941753, 209.10288948741425, -164.79331939030706, -47.272370738821444, 74.05830478625916, 10.67771987991962] : 0.0
4.98241693745899E12 : 0.3436874289919061 : [-47.709022447969396, 145.00597301930952, -114.2468383824177, 71.63096798352171, 112.46185818782212, 245.5588640284461, -36.55448757405501, -114.25763357178533, 136.51218962116081, 277.86071816101287, -245.9609828281318, 120.53877402618794, 119.28599457285497, 343.77183620712304, 160.7419829641128, -231.40281409507713, 10.597660087454742, 95.29841118706933, 106.14092688355503, -50.14835927706608, -157.96524269785866, 6.871368366840268, -179.36593540934172, -159.31405599591398, 65.81142950328164, 224.003329096661, -215.66331762348528, 231.63383006175494, 70.38302766610613, 175.89698994820765] : 0.0
4.497200234363381E12 : 357.18906392315483 : [43.47454027097372, -196.7412873779721, -183.64631741081152, -52.50892977494249, -122.98763710045375, 257.6474585828662, 156.65580083965915, -181.42573106108932, 187.22220408741225, 143.7209132375367, -282.40989149088875, 74.41935068207101, 97.00215597529865, 134.94233978167145, -136.92619504365882, 221.95983968862578, -122.65166300949136, 4.299190056226042, -59.782817839832255, -96.06635188004265, 137.2585074536114, 298.5227502601201, 77.60910200408176, -19.769888219367658, 349.6801214464822, -135.42484708686163, -222.02806843199699, -412.8805491384076, -279.76568807267597, -464.0957276667739] : 0.0
6.4404678297887705E12 : 1.956999138800171 : [237.39205131561502, -48.31677403649955, -410.40450283868415, 86.07500048927692, -24.086393753662804, 220.25866007234288, 142.4193489964017, 6.129760788883004, -116.54587936196417, -199.14523746977972, -249.94611817628643, 28.822320117251735, 43.702137034251535, 184.57079861640509, -329.0181221011573, 39.03669174702037, -51.7967551288416, 92.02277999222926, -139.47438792900022, -28.69129651237381, 185.4907155152913, 287.85476508605575, -306.35184517863837, -382.4869619216205, 239.9465701537595, 34.07492938217875, 80.45955143867627, -141.55003140608534, -19.391668868751427, 255.01605788159102] : 0.0
6.037804964642536E12 : 0.5153222746200434 : [91.02683958944033, -10.170628373579262, 89.87935219370138, 312.8728539050691, -162.10831003808028, 321.7045183427383, -238.2820394645273, -212.71663637343872, 28.65876988444228, 297.1645172909788, -341.3033335343606, -248.81513433195664, 199.05230107503914, -110.27897033045063, -99.2826381653687, 390.95988397236897, -120.95285250792116, -47.67934839638309, -279.8714391505269, -267.4045018598262, 132.26486861271803, -0.1810404405347441, -99.46728424466913, 85.02562749580467, 297.064625190067, -7.264712018920264, 3.347763271453637, -145.7410920163939, 189.23322543416256, 460.30072334752634] : 0.0
4.839554447619081E12 : 10.493657417942188 : [-173.06925045714456, 249.82234921239186, -223.47905328247418, 12.765449943290704, -106.88305446086513, 7.590463914394775, 32.41051313209803, 170.73346322961714, 85.51131450363066, -173.48105071433653, -96.90515896934937, -102.23475252124021, 16.50654303650353, 172.63753505932985, -12.240378283555572, -31.138830604442937, 142.28687168533602, -163.41009529819172, 103.43244020700598, -155.3308336252287, -7.326701797691072, 33.468940861796526, 26.579015801600175, -84.24243337678297, -265.8742307311473, -7.365789857220818, -186.61789160237953, 236.2804147018101, -220.25470903366104, 410.8537938001057] : 0.0
5.22579726032755E12 : 69.01690743397572 : [38.912029954114615, -42.73378731694018, 249.7830617896181, 12.373882829297344, -127.6517474894572, 391.82545187430406, 231.12615922855719, -9.831965542649016, -16.674364261647924, 174.42058551957277, -261.585536732948, 13.093912533989709, -1.6513577935494652, 276.2504441971654, 223.9026495511955, -74.54912390266804, 248.59527083962064, -104.28396766150361, -14.440992398566436, -223.8567553477207, -118.20746717086274, 104.06892637612663, 221.37099254765536, 27.117104030372076, -116.03970082296462, 39.37312442358132, 237.68328669721558, 62.36925336059895, 305.5366899246195, 30.452799422327246] : 0.0
6.076368383681618E12 : 4.539246456412901 : [-217.71935435273627, -235.08201689138934, 111.35530794187403, -278.3222003906692, 361.6508517762384, 192.47367064718705, 62.46379706120453, 129.6556674452438, 70.91593033648209, 154.34003693652357, -113.1254698346212, 17.244233418650822, 175.14123067033324, 304.8954293884784, 118.97582778321794, 191.65211660821848, 11.004026979784275, -70.809374857153, -294.6395946656936, 76.9666029556144, -264.25183665668294, 89.9614751153256, -318.4254809619877, 35.90402222842022, 63.59901806449611, -108.4377146365307, 40.289426516340285, 34.833228864967055, 160.58163623357203, 169.49665640145503] : 0.0
5.458906962987134E12 : 0.7123245370002564 : [-184.06368412676883, -318.83694119258155, -194.8809801067033, -161.8591327906048, -93.3832648790457, 5.444166441070799, -39.650768851246085, -79.81535818546459, -367.4519833658811, 284.7131696489634, -233.30946493980815, -166.09165451310213, -197.88717164162313, 75.56635388165157, 85.98477364229802, -198.31893323360418, -142.9584869965613, -0.2870209773644774, -68.29224218338513, -304.3346119304141, 60.37012500280815, 264.69293893101025, -192.0046551640935, 132.80905187950793, 121.50916729834694, 5.849030823338381, 298.00997524069965, -145.5249228746334, -11.600014258126976, 129.85072450916795] : 0.0
6.407140847747153E12 : 15.686869624771491 : [283.48149669607824, 36.28141737431148, 113.19593441939313, 237.2412918193669, 302.0056447131772, -113.18430124984694, -156.65520892217626, 1.6606040824073887, -214.24011542571756, 165.79491737369426, -162.35574288337185, -115.28291781285739, -166.2867083479294, 134.586526164831, -92.65222599558182, 78.10267594291274, -164.03558012506295, -234.6241229173728, 25.691964654237523, 33.742730963235246, -122.02626895666674, 2.51172248825155, 217.75207030914902, -67.94165769150777, -171.16481126257597, 308.98899132895576, -33.647643559379844, -259.2903455875287, 314.23098154549933, 418.31695792560146] : 0.0
6.434694447240125E12 : 16.531681178874052 : [-67.86826239240936, 142.68145244569888, 136.53552487162614, 87.90150480605615, 376.01641974562415, -225.25645656057824, 21.504534825342034, -330.37156853244704, -226.15251902879305, -186.88275258181642, 22.225441542898153, -118.41326235296285, 63.838108892262255, -34.93931109128039, -192.32782578080267, 19.411033225462305, 139.80122998190518, 24.515949606671356, -371.34333248158646, -105.21085956288528, -243.9998212156591, 263.03083076130486, 9.836227419446004, 111.36406733337574, -75.14707991732018, -272.13531272784167, -30.58870932484696, 100.07020512831974, -78.05767693143498, -16.159765802653894] : 0.0
5.51314513020278E12 : 43.38264422139605 : [30.062560545193037, 321.75780079310766, -268.18361716303195, 300.3100559460209, -31.53738490184763, -233.35517564636302, 244.82621497557426, 1.7004345959688736, -212.17429609714193, -223.94524589806036, -79.484055886463, -152.03577259762778, -19.457400681929556, -145.23750527645947, -115.17782321282593, -113.36222148392002, 94.8910333406569, -72.33473902311181, 26.486544413979388, -79.95787347204066, 112.24089126693912, -100.98176114913316, -133.24911881580832, 209.86778396810945, -37.644256159238395, 26.299050590846093, 55.15893618505294, -320.4045185810302, 116.9853880658176, -150.12702956135257] : 0.0
7.405446991687074E12 : 17.1111149338289 : [-147.30680721450943, -4.427429871703282, 237.4068561963919, 235.17990526946653, -117.66957227171319, 265.5132997955442, -69.24154475739799, -302.48732958146763, 123.21508313873478, 324.15508825015297, -11.792240425774821, -195.05144904579302, -241.75782550450458, -214.89618114194394, 175.11830669703068, 3.7593954370935636, -28.078747885158258, -197.5032928396032, -202.75974715874545, -9.98105875621684, 306.5156787434277, 115.3272738246593, 9.12944816626657, 177.9863020797569, -248.1085097950248, 117.16601890866808, 1.7430544543580595, -32.57595336922677, 299.99979715987627, 305.516734308315] : 0.0
6.796446990739399E12 : 21.636036553053742 : [-328.0415806113665, -93.22869482721285, -363.42507948300033, -215.52246338923737, 93.90314960826487, -221.72922805728538, 120.90430967869153, 267.78547814589376, 19.833255465261132, 175.84504226618364, -136.12545621805072, 78.31518452865492, 204.1656545717256, -15.202034120358519, -29.09277122313651, 112.62067280703735, 19.691135102912014, 278.86808543818296, -119.2260311340138, -5.874757120977421, -228.9175970938754, -223.65837868431976, -73.04245383980498, -64.34398781966419, 198.90712818350477, -226.30529449611402, -39.4604719722592, 116.78883211720353, 67.23745975281706, 109.0426883873449] : 0.0
