Fitness : Violation : Position : Miscellaneous
1.0676047299410594 : 0.030686735120754843 : [-2.757010052998771, 0.15757841327123057, -2.6758793877651295, 2.057091492372668, 3.6703364367925535, -0.30253638166935504, 1.19335884412361, 0.2533125535029517, 6.165931206791621, -3.5506310584949183, -3.5531696505147363, -0.8777427153611346, 3.863893593621191, 0.7733666713418631, 1.9683473338022321, -3.793728184128035, 0.9599203662268163, 1.7709475400626915, -4.873630927641946, -4.808618314044196, 0.06485133880764771, 5.050354701136664, -1.1255581509307344, -0.5480733897174116, -6.209426411027658, 0.41230775568074396, -0.22696119269356552, 3.2064557506063918, 5.392596713370408, -0.5805173209459479] : 0.0
1.055555820719954 : 0.14486325743035966 : [-2.3630129155165114, -1.594760871197487, -2.205746608725395, -0.8345013095734839, 3.3483966338404336, 0.5338139318652146, -3.3680545675021394, 1.2728795522536354, 6.080141351773591, -6.626707544407317, -2.1320934505242146, -4.296417600763135, 1.222295703389551, 0.01366290179870333, 0.47955081266606525, 1.9696889135181874, 1.4013966504165896, -0.7333241737442535, 0.28466013346526253, 1.0932319692339616, 0.9586867241533938, 2.176981443407081, -3.4735174172658256, 1.3768827959427814, 2.742827313159931, -0.16520807566584095, 0.5436472141448809, -3.17739318578678, 1.2246469483553386, 5.591366912971999] : 0.0
1.0573652876555564 : 42.19949408356051 : [0.7451322217842811, 0.9380722100134697, 5.700951308067737, -2.0588183311331707, 0.42762548921750687, 4.830992544794026, 3.9559895144896635, 6.037760811637296, 0.7738603043901096, -0.9335637591865358, 2.7661606492286963, -6.047970502710446, -0.5426449819428181, 1.456014217536394, -1.854455315390005, 3.8620558822551088, -5.376566049704509, -1.5332216359444253, -0.09708688283018452, 1.1917106505851338, 0.44475628611247053, 4.46311189822399, -3.519329083186332, 0.6172176797698197, 1.2822276967032855, 2.207103808526733, 0.26919631862344473, -1.031100820050705, 1.4519309183574376, 0.17402561415087925] : 0.0
1.0589261588648773 : 1.2838499910129562 : [5.624569200785883, 2.60450182121271, -0.15829302268954937, 0.7122158062358261, 0.6950208168986656, 0.3662889354427194, -2.84835112604783, -5.852394163171973, 0.2471275481521671, -0.4068980642239053, 2.216107806547008, -5.14826261455081, 0.8678447926363446, -2.1250355989284526, 2.004384193617093, -0.05450220038863196, -0.9183805334521451, 2.037213620465325, 5.853637747454202, -5.574778996118203, -1.3453510125036843, 5.474760349837819, -2.432985371527053, -5.540141149322711, -0.9954774371256554, 0.36405047427047266, 1.940511731995076, 1.538863521635443, 1.1582607770054696, 1.4855588902319594] : 0.0
1.0644708848615314 : 0.03594880365094788 : [-2.4270949214552147, -3.0111911973390892, -1.250002926968802, 0.8991002810940043, 2.7687755968772283, 6.716251201500127, 0.6654316673891574, 6.1206748315728365, 2.6540737477860534, 1.8436701606678598, -7.583797894686663, -0.21589076152354547, -2.2439846232551606, 5.774395711265808, -1.1948263359434093, 0.999837454041719, -0.14485608159276797, -0.42293184087298763, 0.054282376590077064, 1.189880667108044, -4.050911607464351, 1.9818846100819099, -1.351806188831202, -1.8724529683402964, -2.5572561593206204, 1.530517413318341, 2.382853659042054, -3.239480171076783, -1.8596343194781297, -1.8705929224604652] : 0.0
1.062753614373356 : 0.00260268516147244 : [6.6953790984817765, 0.18162335516356443, -0.6802648478383047, 1.3603234684098064, -3.6942598668880886, -1.6157589008258424, 1.3959392162436055, 2.988521997308077, -5.401217958850511, -2.120467167040061, -1.3053241537364144, -0.8626070166380013, -4.8560680655962996, 3.5215438362734455, 4.112474261442995, 0.304948602245525, -0.2627112864656159, 5.134540058928101, 1.638214562716084, -2.2744280284401133, 0.018169690082589174, -0.35132408618781286, -1.1615222571427088, -2.680444982866622, 1.613919748459064, -2.425261428631488, 2.8656030815043123, 3.0280111929921665, 0.1430258050627322, -6.480371633581813] : 0.0
1.030986241043475 : 0.0295748469849626 : [0.6425325928804078, -0.5399017760191236, -2.4350872187828343, -0.8074718292869063, 0.8648440652536165, 4.344986900253239, 3.6453535630805507, 0.8692461633992365, 0.6218431625242493, -3.3645576597423013, -3.4508675056388274, 2.4345936388820815, 0.100423313057592, 2.0708294106571072, 0.42870063875437836, 1.657198259079258, 1.0135216244028766, -0.02486956079227043, -1.1362529470770806, 0.5753090340596307, -0.44135817490338713, -2.02464855191244, -0.34588199549305587, 1.7317759718957149, 0.4530256330514373, -1.5155792588641557, 0.5969459464968145, 1.3176165034677902, -4.9005690410860865, -2.2143860567223177] : 0.0
1.070353702212476 : 9.289108788555259 : [-1.3425643474246383, 0.6362350114170652, -3.1029403018029234, -2.048160422592554, 7.670903630441039, -3.330217035534746, -1.1484786207967437, -2.0899499138338573, 3.257841941229768, -2.504831139641452, 0.25993361912407864, 0.14420154915860328, -0.6701482491408632, -1.0495076281399882, -4.1047758675794235, -5.09553975433175, -2.429625368887989, 2.625821782653272, 5.691979125299086, 3.6487452812303247, -2.2043014796678886, -5.8684194613347636, -0.8646151195115999, 0.23085896886073654, -4.568145715778449, -0.8237547582025044, 2.8167006808746073, -0.27647341394446157, -0.3524769061501696, -0.8234031612108037] : 0.0
1.0623572633293354 : 38.23141841302145 : [0.6023533218103485, 0.5921669695830212, 5.538423250438221, -2.528431799215788, 1.0978305162167126, 3.1190289791600394, 0.19398964977325298, -0.06455849481521847, 2.11910110555391, 0.8305693370816514, 0.06825541671060398, 0.04179624127647541, 8.252528277168445, 0.18093217672562334, 0.45854704885704056, 2.6304876748210413, 2.189802891448317, 6.065987843981723, 1.2979917525956937, 1.201429028254661, 5.85357669927225, 1.0443704100973963, -2.9562793905787674, -3.7450360060792125, 1.421846801901836, 1.442866028244889, 2.390969106977554, -2.4893190219643913, -1.5468413804547823, -0.7599780105069054] : 0.0
1.0577823924050747 : 0.43862724208685194 : [-8.205785521486561, 1.0533118539707242, -2.5036530441797282, 2.811498698548496, 0.31149611548052114, 1.8876744031562827, 3.473452443120082, 0.5348510325987696, 2.8007502740044266, -1.7396011459992367, -1.41590061448641, -4.609147589384827, -0.3555365431583226, 0.2764887411469421, 0.689478980948943, 8.126130548794789, -1.4047768473608837, 1.9835542536880897, 4.725908955028428, -6.361603456933209, 1.7784139276291073, -1.9318844147565781, -0.5436518045325767, -0.5863149743147911, -1.0927559132026694, 1.0108328829939808, 0.585527777012417, -2.3062131370007375, 0.6721605320935573, -1.0455759322489009] : 0.0
1.05010645538399 : 0.34383837407050366 : [1.8349824068767981, -2.28035536480955, -0.436616628258821, 5.4666231441637825, -1.284464963891022, 3.5422628302949186, 0.3534198659306984, 6.165451187272696, 1.5222081597793804, -5.896202190076191, 4.134990210442361, -3.115808537252487, 2.0663635175412645, 1.7848948452323585, -0.23505959596298887, -1.6624034655099473, -3.6046958159387614, -0.5740426302973556, 1.4520302452163412, -2.817289505254769, -0.2116868337457456, 0.3873287363856166, 0.15880449300364508, 0.4927772399129892, -2.8387541142237973, -3.948615773839806, 2.0361678577941604, 3.2791322646229393, -0.8820068732207886, -2.535281294354027] : 0.0
1.0544685532511795 : 0.16818009271396994 : [3.170824310359809, 3.763693032973613, -0.6019491195553224, -0.422573180109719, 0.6746305058793531, -2.3916371827489655, 0.9740378485217263, 0.47756740681764764, 0.6953393093729008, 3.3223457578532125, -3.5113287102156816, 1.0981542176521302, -4.207037304105224, 1.8108972923719167, 4.930009253106984, -0.033444582976970366, -0.2873465171999755, 4.117013174695, -5.9859523688170455, -0.7876950008268682, 1.7954064371995073, 2.005665666326042, -0.10900567352594148, -1.5704675094832243, -0.2116506759724942, -5.832995750744191, -3.09483030731379, -2.1874771986559125, 0.9576062436002661, -1.9002667436949048] : 0.0
1.0641268252650964 : 0.21875614553350342 : [-1.630098462348374, 2.716899989853446, -0.5072006074258573, 4.514334501343426, -2.028073895064016, -0.9086913709667019, 4.692951181994425, 2.0951278582822797, -1.2004361700180075, 1.449364452357516, -4.0234889173011075, 1.104216590606292, 0.6860076586586037, 4.190698187082086, 0.7052599344996069, 1.9010869091980123, 1.8044946004300324, -1.22399442543814, -4.211009698452376, -5.1446176114960265, -1.5315837482635533, -0.08572513566837436, 1.2439918629409603, -3.235244033131902, -0.8592895884647795, 3.02505278307325, 6.1628238412889305, -0.4599104353057477, -6.7888488346085865, -4.1930114601486155] : 0.0
1.0434684148178839 : 0.20753443493492119 : [-3.1101250092623904, 1.3879601258716567, 1.5531672162241401, 1.230332035733051, -3.265940994934352, 1.5089960209464932, 2.385542925724549, 6.438959538558787, -3.1175515626551658, -0.690938913968691, 0.8816152106149917, 0.7050517813385491, 0.1223679597303361, 1.2188526594946634, 0.8193381301742114, 0.2782251330763721, -3.9593307773906794, -3.1293299884818673, 0.3342348430855182, 0.5679714545929064, -1.9307380116185113, 3.911062591558662, 0.8260066719383812, -5.477116773898135, 2.7575123299668634, 0.05451992220676172, 0.45791053608612486, -1.347919343905895, -0.2484090487169246, 1.0664907571035598] : 0.0
1.062099789802601 : 0.029198495919421114 : [6.789906182136985, -4.52711908298778, 1.6509410753268479, -0.28476292714490503, 2.692373935328928, 1.0390533542007279, 0.7484247594843918, 0.5199271689957232, 2.1772122151407762, -5.115692032876917, -2.993581323530256, -2.275082531779234, -2.759229173471554, -0.34389801168538847, -1.9753623807951277, 4.730989172961243, -2.0881952857170303, 1.2166215569356962, 2.7417910275465145, 3.2655509542646115, 2.22861076567138, -0.37157264277253277, -4.284852635930395, -1.9217226458406187, 3.434798652049046, -1.6877460974864005, 2.596637798710799, -6.230249996721108, 1.7415860214440166, -0.3281102425482496] : 0.0
1.0584633215159387 : 1.6732410791028751 : [0.32715826963533456, -2.55862526375297, -1.95982376730861, 3.176796187361568, -5.816087736454175, -0.5242095319232092, 4.48574528210702, 3.9088339408621833, 4.810413398230071, -2.144417238803114, -1.62473902604632, -1.0634466487796892, 3.165052995481661, 2.4830203042134302, -1.3128956973428394, -2.321527689656011, -1.0477062540578135, -1.7138698404528507, -1.8256864906852823, -3.1492983074735386, 0.4169283382546235, -1.2895056025829952, -3.7114616652603676, 1.8426582891607848, 5.244252644079157, -0.16833291494858482, 2.048172537425818, -3.5350077508553808, -2.636965352194121, 3.5571234507702987] : 0.0
1.0613298054336293 : 0.17142632591426638 : [2.200745788785948, -1.7250759421267117, 3.933339010730601, -4.557618864224022, 0.1892273040327379, -3.191287115398034, 2.968397782886919, 4.243587776466797, -3.7793497707322747, 2.292213841662864, -1.7288963724644786, 5.240761605847743, 0.005707679750880379, -2.3864283583548174, 1.7181758784977466, 2.8699623909336824, 0.33207467552055947, 2.8579847475709865, -4.468891625993398, -1.2624938817302662, 1.7771133239611485, -3.046603487152365, -0.5126184857753018, -1.2911291105379241, -1.4446351325867068, -2.2831471469682865, 0.19257644309289557, 3.0990188904721796, -2.189186920516546, 0.43162129437680363] : 0.0
1.065974753101452 : 0.061890369808919266 : [8.114773760897727, 3.221608378670428, 4.1275973254871, -0.18337197318708132, 2.3435610474659345, 4.092387943553431, 2.766538499347418, -3.441076597097802, 4.048543332035578, -2.6821274127594923, -0.17701928782369974, -0.4237660676070507, 0.365208528291209, -2.550273807665875, -3.231614720686629, 0.4288120152084933, -1.3318819184233597, 0.9633305219075461, 0.20927022154144082, -1.0227321781356549, 1.4730036800737012, 2.721129152799655, -6.188405220391903, -0.7002963950746284, 1.926857293787409, -5.584423523101901, 0.7758123276551667, -2.7815313697489943, 0.2641598155779872, -5.402059346252917] : 0.0
1.054084148527043 : 0.3499286071961218 : [6.184045611121096, 0.04146244183157677, -0.7711165855776274, -1.1668252977131972, -1.1767705573538256, -0.8206589026786568, 2.755106751454009, -1.5570306891932795, -0.7909895507718474, 5.824430293494384, 3.928629113843389, -2.5116621272876647, -2.78065949526612, -0.41225531438968704, -0.4635240267766285, -1.7157861602385496, -0.5839312459903465, -1.117680400564526, 0.6330057169442662, 1.5059984546642844, -0.29206146096914676, 2.2986408475001636, -4.370978977403998, 5.923230342296717, -3.2951169143619143, 1.3595957017144826, 2.4724834119815062, -3.7843655968115124, 0.6283753891103474, 0.3485577040948291] : 0.0
1.0628675743188838 : 3.05249458166859 : [2.093632784504746, -0.38809424704469975, -2.752748018165098, -1.2509461446904773, -1.0222168446909325, 0.27466710857037, -2.4791657586606055, 2.7476600342198223, 1.3080625527094458, -0.46603415248580116, -0.7431265519313079, 4.324837278068701, 3.2609838501914123, -1.5975655018940882, -3.346062289404024, -3.495188379351301, -0.2724784174242667, 4.496869416017374, -3.762741478508029, -5.012466118199657, 3.4085340927550973, 3.8604080917498687, 1.0478814569124606, 2.9582642194115176, -4.459183453825682, -6.1490571750755265, 0.6330006483357697, -1.4796247303245975, -0.41187912614183975, 0.5109788397656301] : 0.0
1.0648982761407881 : 0.04141897337678531 : [-2.8885492034449767, -5.6601328111988884, -0.8160589986859136, 0.6798752920729894, 0.8148527716711551, -0.9627237093672145, 3.272519323485298, 0.48112430281240215, 1.572299869393544, 1.6513336044758826, -0.9223017185059628, -1.2636921990506846, 7.152859437895745, 2.2605861595734638, 3.600971697613777, -1.1925085078468882, -3.3259321181635824, 6.686950410719126, 2.602663045690473, 4.838331347068888, -3.367641719719262, -1.2615247641257672, -4.410727938755287, -0.5350854985594475, -0.40123083645206536, 1.3202045316480202, -2.2573384338141276, -2.5140276607817382, 1.5441824630130254, -0.7719420023238082] : 0.0
1.0528987396775775 : 2.42902859236006 : [1.0746175621943417, 2.9671972580483734, -1.1643501453740466, 0.7429827779418479, -0.7295309933975367, 2.553470577029599, 1.0204229116913974, -1.336787936564086, -1.099315466326822, -0.34191421190237836, -1.7226552529987265, -0.6166537499548654, -0.23727304937512717, 1.559601171469859, -0.03189032188402907, -1.662870979079548, -5.96777136588067, 1.1468022070218298, 0.4268617011864727, -7.487043159246792, -3.6361476434690516, 1.6473369982217352, -4.496057479635186, 1.7616223679202516, -1.7022136249503315, -0.17898401956972876, 8.233574498607409, 2.547479698365076, 1.0397899703538152, 1.3386315169317893] : 0.0
1.054675759490816 : 1.475222888145621 : [4.3689518296508085, 2.225075980255597, -4.261870280482949, -0.4987065427819848, 0.23382422816179904, 1.6832617883561278, 7.899143848251892, 0.8202278743526485, -1.198304362120246, -4.153990735550103, -1.5787708566619527, -0.9658668517901665, -3.884048216820082, 1.9276657823520986, 2.005035329174248, -0.3443872251932909, 2.8219974832937877, 2.6333887852707347, 2.369867812429699, -2.252315960661613, -3.401285515248797, -0.35643483154668587, 2.699463082798923, -0.19007111495189832, -2.6330693137542216, 1.2219371159404888, 4.997724063233939, -0.836734366083621, 0.2576446659919771, -4.811805887857148] : 0.0
1.0561758398469674 : 0.06325058856630184 : [2.7360642830453683, 1.135466211424633, -0.4454336223593467, 0.6717543297255477, 0.9246076699732, -1.7653720189572415, -1.4327547357936132, -1.3120213238207281, 6.608463360178493, 0.044374449341876065, -2.030386450283376, -4.3789882188687415, 3.5734520227715145, 2.127706756595458, -2.457677835513395, -0.7179403025356201, 5.294507886849889, 2.1521462050240165, -1.1548989610514218, -4.8170970141888585, 1.461711295851007, -5.804747738501613, 1.0777823615079, -1.4546649451391191, -0.2973426664726131, 1.5225274652308567, -0.9984757058033633, 3.3282990318867665, 1.313074168797796, -2.4206502685987643] : 0.0
1.0681288594820353 : 0.052902509069225445 : [0.8571127335263071, 0.6002180651661284, -0.6382917946006803, 4.939221628888366, 0.7911869249635606, 0.43001101708937317, -6.416675089663507, 3.9125305691843373, -3.155387179797933, 0.3461850540782654, -1.2916497496899655, -4.765408364117057, -0.02716254449038047, 1.9915882418878308, 0.45942836069720894, -3.034001461635458, 1.255715891860417, 5.263437508468273, 2.9478940041592345, -1.416475303416344, 5.472586544510045, -2.0450837255400165, -2.9254550699452375, -0.7551882593648465, -4.571600144226032, 3.298183124693243, -1.8033742884804282, -2.6938863317957487, 5.131751200940181, -2.461980803143302] : 0.0
1.0552280792940705 : 0.07410056267196458 : [3.0618305292699346, 0.520952114644915, 2.738710181997242, 2.874681284030311, 0.5116012439305822, -1.620540738234384, 3.6404281124977516, -4.932188984576996, 2.347982716792475, 1.7733037855968061, -1.765131461825601, -1.7619242804863617, -4.439324275087652, 0.13167500355628725, -1.9756403675795542, 3.651439025087243, -6.703781296473855, 1.621822069099363, -2.6495761484793885, 0.7883136518092948, -0.6639252440998131, -3.992022332308431, 2.366422219485364, 1.3559439576445045, -0.9914569467032197, 2.2879804911445776, -4.0482481328051545, 1.2750080478438588, 1.3236302153603239, -1.7631661457300245] : 0.0
1.0620364834777716 : 0.24415939276689486 : [-3.9539391245484947, -1.70039297735778, -0.8288699616517539, -2.989451444617533, -0.05994787708478766, 1.0342758072044065, 2.6961390605834166, -1.5374690039248171, 5.0789848055216815, -5.0634091196871704, 7.648843358063654, -1.4858577076451729, 1.8825643345721876, 4.9128198022033445, -0.5184644460972418, 2.7541495765382717, -1.8980783080972614, 0.8712856488102318, -3.2789081398576663, -1.155100180469689, 1.3522457683764428, -1.2287747839634746, 3.5048711906251673, 0.9076510717172295, -3.7682893636916805, 1.082347563050706, -1.8894510881431323, -0.08434880567156466, 3.3246204343226555, -0.45023937035383765] : 0.0
1.0515360109630574 : 0.16564919366940412 : [-0.25471265328621495, -1.8174193347321619, -1.6912669519960037, 1.2407501026594345, 3.8297984195052157, -0.8995742888026514, 1.4895337435351435, -2.345874793042138, 0.3618452977225064, -2.5454494412998736, 6.35427895430588, 0.613977435730467, 3.5143394750429433, 1.9801954426518176, -0.2437164542696726, -1.4573965947012957, 1.8697893282028963, -1.5347938459641104, 1.3747833082292744, -6.891859922359867, 0.22528802586404084, -1.6152660399850067, 3.344385483524907, -3.1094584057604253, -1.7256291699863486, -2.708916667357942, 5.869576317635941, -0.4027410295040399, 0.06672625399720555, -0.36187386392244847] : 0.0
1.0710237570415126 : 0.028641716428435243 : [3.152930651456339, -0.012460763454374302, 1.510030292532119, 1.2100715007668783, -1.549041925186292, 3.2230299802412783, -1.9715112077182801, -5.497126254646979, 0.43750405228413936, -2.271576872773766, 2.6406017112363775, -5.309869285105413, 0.2941309381217836, -0.9176318971767818, 4.489894597273926, -5.169981417638681, -4.252778993287645, 0.3728304907898947, 2.7147712646387285, -2.4083260835717066, 0.0988053963460056, 3.759245985858387, -2.837780420260537, 4.190662349996596, -1.1182185763244754, 5.724195365376314, -5.600511418799987, 2.224103675127801, -0.060800640273559914, -0.22817758761415452] : 0.0
1.0571371516189676 : 0.04714906700614585 : [-4.787391395427199, -1.1480345753421581, 1.5849514167881777, 1.0610992358301221, -1.7821233664339076, -1.6075968245251135, 1.729755621065562, 4.52182560108025, -1.3597330922639599, -4.7318251491462355, -1.2620228323444314, -1.4694309968492796, 2.1425387339159756, -2.2303283850418856, -2.369752932124076, 6.699730649970441, 2.158169938443779, 0.5289460667864097, -1.558962019607666, -1.1173910226935408, -3.4706605251411444, 3.272349229599574, 3.194989084146954, -0.707165554164642, -2.8462691298480918, 0.042227598738795, 4.483338295405295, 1.9623505012810585, -1.8080484628858062, 2.4437109063500992] : 0.0
