Fitness : Violation : Position : Miscellaneous
1.2323406998513315E7 : 1249.5405860879127 : [113.18623023970542, 93.38042608341891, 418.4768787039078, 248.27957186844264, 346.612205032553, 311.45567326308037, 173.93517067828154, 233.50808783838744, 417.55469193001994, 349.4497072540589] : 0.0
1.8205600632481613E11 : 51266.23368907421 : [101.76023474126916, 40.86358558453341, 357.12904363279887, 232.83096984108602, 380.6776885523957, 254.00347927150938, 154.44050884220223, 38.078558999206834, 323.399671935532, 212.26225609058696] : 0.0
5.960255457415267E8 : 2760.3904347625985 : [76.01711191143198, 76.42482415403155, 389.89475331517724, 231.64892597174645, 330.37334530914325, 277.3138494845664, 169.19263108086326, 253.37996564751518, 440.38746664175983, 371.60244965513317] : 0.0
4.888735500193951E9 : 9158.19772011571 : [124.54699997592147, 126.06552428451204, 438.8467325458623, 234.08648680124097, 292.38764828491276, 259.9516072463401, 128.65257907241624, 234.2111586767739, 409.5409652375047, 348.6010072097214] : 0.0
3.607264943486005E8 : 9212.319392541041 : [142.78624312801213, 79.02012767025573, 448.05402342275954, 259.5975937333685, 367.530143180231, 322.6153807887433, 190.81934955703463, 218.76885665598942, 389.03326366800053, 231.00484096562639] : 0.0
2.4528391422688276E8 : 5831.0170257495065 : [129.3182674734639, 113.5668126138786, 440.35593729877974, 228.59545920099745, 329.1107214928075, 332.13247110022076, 188.72782648500464, 251.19968537234868, 414.752955289861, 310.33937514959837] : 0.0
1.8549307107325954E9 : 7676.943401777994 : [58.487846700427326, 63.140699164279965, 416.80330988167816, 214.00270268779428, 349.04751270371094, 312.4291263628377, 142.36514054795322, 197.90560793342382, 422.61802211692867, 349.1510773583535] : 0.0
2.977922111291463E8 : 3904.064339260629 : [105.24191988367943, 78.90627894515575, 395.64656064630935, 247.87513868580436, 331.09828687232186, 286.01092201548056, 157.37599208766258, 235.33041713238427, 428.94314498588216, 289.5603937550572] : 0.0
3.8069459509793655E10 : 18333.802966100568 : [69.49289220959704, 56.2663479102402, 429.2829458920652, 207.8719725553753, 301.79227781124825, 251.92167212863944, 69.09908624017982, 183.5598456655049, 316.14193068473327, 164.00243146049726] : 0.0
9.404643919394464E8 : 7613.899887883521 : [155.86092435174243, 120.99656973163353, 451.78077285496454, 270.8891455248005, 346.0335388757079, 317.8554781683158, 212.98605382404787, 275.72616717446954, 388.64757671297116, 298.5256678695009] : 0.0
1.7388420092115587E8 : 1635.3738622352607 : [89.58462511857226, 82.18792994145052, 400.0624265051423, 243.84473603502514, 344.43369523903203, 324.61528126846923, 195.79865002390034, 260.6793491141178, 455.3214699071037, 350.15511973946604] : 0.0
2.569581843990956E9 : 23142.20039824413 : [117.85552462925546, 106.43372566506278, 481.887093399616, 252.23295124941714, 417.6276295953825, 306.59327086397, 211.66526290630586, 231.51077472267542, 410.97848839661486, 402.20213342096577] : 0.0
4.088321255101734E8 : 11156.410498235295 : [80.30860571765407, 117.7157748068206, 391.8314750879433, 233.96855084278843, 339.0662594574374, 328.476216345544, 182.47861971071657, 254.99408771440505, 386.8649680887899, 313.07365941232405] : 0.0
2.38102961757258E11 : 99553.68023450031 : [82.75854420509427, -78.35476185912091, 295.69601654266796, 73.56478628132177, 336.13560850260995, 440.71210428405027, 157.00339275892992, 219.46566184627326, 449.76089831342557, 351.4368936148617] : 0.0
3.6070083532966435E8 : 8816.154813065239 : [124.9025763391266, 108.54932795596233, 421.66517680766594, 267.7853160525906, 355.9811355385912, 272.45504221756346, 184.8535396639622, 258.8420196162376, 402.48089772563367, 249.35333968950326] : 0.0
2.0654507117557101E9 : 4308.070464255754 : [131.0497133349894, 97.71254880208973, 419.58312070269204, 226.0636776852665, 369.06219017641524, 287.72933325227586, 136.90725307123955, 183.12451850873987, 387.3476799717745, 300.5227986379323] : 0.0
5.4145325863392E8 : 19114.496737494694 : [78.01159791922016, 93.96854433950473, 447.96063975869026, 259.73879482957295, 349.21117985142735, 307.7042785778232, 145.39182124368295, 264.54256656438383, 421.51333912061625, 425.59159229409903] : 0.0
2.4449439611209992E8 : 1685.0084946467323 : [91.56407257764187, 85.79001682384815, 412.5754595698272, 247.6358442315767, 352.7630085029796, 320.7402161124961, 217.8916146451083, 270.84456757425096, 451.12333381407416, 331.71492708356647] : 0.0
1.7328787474595685E9 : 11629.73792602384 : [66.58941606176018, 77.19861295310207, 418.42932556287445, 199.04629091498555, 375.15811114107123, 290.2772758450011, 159.27704630558148, 198.67325719353505, 396.6577413038057, 263.1531906987204] : 0.0
2.8115299562786555E9 : 3837.195152454122 : [73.46513382112738, 41.25571209244728, 411.78532967110584, 248.33353699241707, 328.7924168804765, 278.81587572645753, 140.40701909593574, 201.9454872172212, 368.76499058695816, 292.24111776303755] : 0.0
1.306761515739203E10 : 7769.092843618315 : [31.633660817584797, -0.7591477577784644, 365.17369015564236, 236.36108583540567, 318.06480830108273, 279.2483465166276, 210.95867145925365, 258.9906641471259, 429.912273754931, 322.1230503863226] : 0.0
1.510223668587686E9 : 4923.0674745732595 : [169.8824259344184, 133.77761489649782, 436.7830623876105, 255.9744136627238, 356.5843958059523, 309.6537855783478, 161.94326777684037, 240.1575338902706, 416.94223500995315, 270.3412691374498] : 0.0
2.5691129905569705E8 : 13507.017950356481 : [132.671469028347, 79.77935593607575, 417.2284873072754, 274.33820613583794, 352.3924964584936, 338.6812825972064, 205.7652544054464, 204.80413662965643, 419.22030056922904, 250.43252035925144] : 0.0
6.611329603749139E8 : 10392.362068470193 : [72.44965055703646, 116.71119403298667, 448.8824048145452, 243.86168044055717, 401.4846527449223, 345.7109280231763, 180.04628312206677, 261.62525548854165, 432.39189156700013, 334.07459076869094] : 0.0
1.7661899559885252E9 : 10189.157025396456 : [153.0518112312196, 131.00255496644434, 422.3817791854364, 264.6838033623475, 401.49955160500895, 265.6835814924865, 155.77586035335216, 199.32040166303014, 397.1768434692021, 312.4423447760052] : 0.0
1.6213006705449198E10 : 14110.482954083645 : [39.80510157358469, -2.433323731239028, 350.3044877008977, 195.1447017347372, 368.4298258061747, 268.78402514059627, 123.32285982084697, 241.23895317789103, 435.92835651281086, 301.4616139185559] : 0.0
7.113378672587183E7 : 3274.5842692009537 : [84.18224558186907, 89.30383018913636, 404.06304466286883, 268.4207570438336, 355.2072923267713, 324.7522143430914, 189.48652637149223, 256.68743953975064, 421.0767635573937, 311.1865089776738] : 0.0
1.781705709586588E7 : 2142.956074319009 : [110.92850464608016, 83.07772042992089, 410.4344062987332, 254.20924965127764, 346.48923162985534, 312.14863660391387, 183.75740786987427, 257.33497535113315, 425.2280512730311, 301.6557501955928] : 0.0
7.066829094886286E8 : 6630.633159017807 : [92.70057451542138, 115.01348667749593, 441.80156081715756, 254.66357103817415, 359.06410563700604, 305.9614721341612, 187.12453229096516, 204.474847820248, 377.3893230738206, 228.24248319645267] : 0.0
1.4133770362585416E9 : 2766.9940356935185 : [53.52174537208158, 57.16308905126371, 415.12409913069854, 235.43235739673185, 356.9530340221961, 306.20889975367675, 183.51338543236278, 209.09877613466352, 401.0558355848817, 304.6002162246865] : 0.0
