Fitness : Violation : Position : Miscellaneous
-0.8197947116056521 : 0.0 : [6.291530239205706, 3.037744249387975, 3.1752763023609747, 3.0056154337104823, 3.01467475626037, 3.12642585451363, 3.1381958701558945, 2.897845441032158, 2.997141169219483, 3.0126562278644737, 2.9651166000707088, 2.8644580632433936, 0.3663447322227109, 0.45879422923242963, 0.4521250946611948, 0.4586237020123093, 0.48827097083042675, 0.5650816251951238, 0.39110018754070963, 0.5450772586352588, 0.4517420318827115, 0.48741835650250626, 0.5127146804484564, 0.41415951571657206, 0.5805035869839412, 0.34553560154782237, 0.3566066972473759, 0.3892997298423183, 0.4992378225057691, 0.4750136547854287] : 0.0
-0.8196316382770089 : 0.0 : [6.340771601511497, 3.0351679689647155, 3.222023541118799, 3.0073671132134763, 2.9992311055689056, 3.1814268058599873, 3.0452900867198407, 2.944264959345141, 3.0054509166143064, 3.040097433799989, 3.0055326311319934, 2.94207720901311, 0.3673047403561653, 0.4616725278646028, 0.46521189104796534, 0.4522130472521695, 0.4675674750026387, 0.4564270839910672, 0.42047532657361375, 0.508484954955081, 0.366953668783227, 0.460771086256226, 0.5376040281409542, 0.46694289604769523, 0.5408879699091207, 0.38377355930176427, 0.39753416028955557, 0.3870154270935927, 0.5860581443953254, 0.4651066237567031] : 0.0
-0.8176338204253492 : 0.0 : [6.295526983037419, 3.07786003732795, 3.129436368250512, 3.0327899602476798, 3.0168077982992476, 3.2131669742238254, 3.126843871727184, 3.0418420887596276, 2.9648032969147513, 3.013620129893755, 3.085546021357917, 2.902826722831832, 0.4068844785631356, 0.4734298953017373, 0.3824346964360555, 0.47415209450479784, 0.520747991541461, 0.4523852528696589, 0.42223943303961275, 0.5206400580397422, 0.4107582815093237, 0.43734671225109245, 0.47667012065598396, 0.41240402813865934, 0.5601398759784542, 0.40655442810273956, 0.440504654021764, 0.41228986182426025, 0.5211730054230761, 0.46404393172828373] : 0.0
-0.8192556761079464 : 0.0 : [6.307393838586271, 3.125718531346744, 3.147460542615632, 3.043619603357644, 3.0146130886406564, 3.166740861132639, 3.075733096029966, 2.8897387587137087, 2.9463565915356718, 2.9761769934610554, 3.023269136843961, 2.9288107890967012, 0.3955380123875186, 0.417766780266308, 0.4790496563672477, 0.4156502961810909, 0.5273188654552697, 0.469480535565997, 0.36080573515191894, 0.5424027411984175, 0.3661421496699111, 0.47883128503728056, 0.5480855336026106, 0.5010548886266601, 0.5423713567607575, 0.3296179683604481, 0.4653223029210641, 0.3523397260909363, 0.5471682269232646, 0.4780405609579473] : 0.0
-0.816478318259996 : 0.0 : [6.248996235969329, 2.9757748452774275, 3.124400813055593, 3.0474891869536904, 2.981770322604459, 3.150895594241205, 3.1252194715235486, 2.995972809956356, 2.9837108833961334, 2.9382097468980337, 2.9675870574274588, 3.0038725770387043, 0.48088752588585115, 0.5095839591260845, 0.4613283592039372, 0.3837445975982766, 0.4650849159321103, 0.47628179634825873, 0.40304345550770987, 0.5387275401542434, 0.4107219842590177, 0.4797571773697965, 0.4726872873178879, 0.444621155748419, 0.5011700344935397, 0.30811347280383194, 0.45435708304385863, 0.35914783263234995, 0.6116326086648074, 0.48469229548911313] : 0.0
-0.8202424715728156 : 0.0 : [6.330430361612383, 3.0507107329712264, 3.165385632002259, 3.0837674063262552, 2.995805027201036, 3.1129385187127823, 3.0946758458084385, 2.9267519215578384, 2.948266380785415, 2.975352267056967, 3.040429846044699, 2.9229077912243393, 0.3848865583104347, 0.459001838416881, 0.4883945132474452, 0.405352589015753, 0.5256895606326821, 0.48414941513680804, 0.4280784601475177, 0.561991022354929, 0.42935466658736715, 0.4850804851427539, 0.4957194280689958, 0.4639268696343538, 0.5230706378714899, 0.3366965496206696, 0.37811753723347347, 0.3605362764591175, 0.5297680837529191, 0.4742547205208781] : 0.0
-0.8190502853315518 : 0.0 : [6.247240872849819, 3.077895507585885, 3.162371779607896, 3.0340918720409054, 3.0423701448914304, 3.195805898811586, 3.088345126932694, 2.9321152333047777, 2.9410791765976536, 3.0602401570389164, 3.0389468622919136, 2.8908850393690844, 0.409398447282011, 0.40117337718495294, 0.4961952569799502, 0.39782625263925875, 0.5341511166433424, 0.4754898290787315, 0.3511413341977997, 0.5807671104955097, 0.31440904933407765, 0.5123968518463582, 0.5092268367587156, 0.49669925650754215, 0.5236038796310263, 0.3772480689322704, 0.3976852307764041, 0.42725493981700585, 0.5112549087301019, 0.4927085146425262] : 0.0
-0.8201521055905789 : 0.0 : [6.309017132344268, 3.0683636638381393, 3.1610599109437034, 2.9871128958510482, 2.98782647868259, 3.1066548217800047, 3.134619337469659, 2.9627407765513447, 3.0032675480356366, 3.072683281279962, 3.0127565653711788, 2.8945986593129165, 0.4347841978010676, 0.46479017957904756, 0.46266356431026884, 0.46166274900333154, 0.4575326332500411, 0.4691169460717889, 0.38941367495456947, 0.5475204245695584, 0.4012095894803675, 0.4845769690876062, 0.5364838074592826, 0.47153290664309844, 0.5382205312663795, 0.32542100360727155, 0.4174905027944864, 0.3892115449395911, 0.509034842836884, 0.4474622088331402] : 0.0
-0.8188863761066637 : 0.0 : [6.309091122594743, 3.0829754655392243, 3.1232976239387162, 3.0754286671594215, 3.016742976782641, 3.141861284210134, 3.0848369792264734, 2.959243253203082, 3.005965155097475, 2.964240608190343, 3.039926495977547, 2.9455130757069026, 0.39686437255386453, 0.47917819820320817, 0.4859242932227749, 0.36563078755842676, 0.4758996857807058, 0.5142237327220813, 0.42562180249409787, 0.6092036917064519, 0.34923788803279754, 0.46475354977461447, 0.5147985205021391, 0.43907662007959825, 0.5198621304149817, 0.37673159864401906, 0.3712804220938535, 0.42864217892754164, 0.5580186211812977, 0.4344144787956833] : 0.0
-0.8192494069483409 : 0.0 : [6.282693225986094, 3.0746381451510105, 3.2004675685380017, 3.01529203495691, 2.993521054765855, 3.143573777585104, 3.121633988512748, 2.902336388366819, 2.962468916651366, 3.047006454721879, 3.068323836626396, 2.9754671018640755, 0.3623428550261397, 0.4958907376658475, 0.46460238093457235, 0.38130092389301906, 0.5587046577421034, 0.5276974573443801, 0.35691823738643635, 0.5470383194322032, 0.38143874485420526, 0.4661781438042064, 0.49968817815156746, 0.4646120592664509, 0.5326730141627674, 0.3902567686178819, 0.3899524557447323, 0.4272230896503349, 0.5487331613211344, 0.4028991910022772] : 0.0
-0.8197306388563196 : 0.0 : [6.283785341598662, 3.027453906939221, 3.185305343115518, 2.984970676289461, 2.9580971611069975, 3.2132602409429687, 3.1232073059633425, 2.893647795700881, 2.9902079897028284, 2.9931560814638303, 3.034607834477144, 2.895025951145488, 0.3621555255425494, 0.44776214087593513, 0.47825577237002403, 0.42537338893093435, 0.5112861217285375, 0.4903718345522598, 0.3650203798059319, 0.5287506475677992, 0.4095092507630586, 0.47725748920483874, 0.5205143580207723, 0.45981190908104114, 0.5875923268057021, 0.336932298089965, 0.4485463761071344, 0.3704510669201171, 0.5603365924919214, 0.43678345598890894] : 0.0
-0.8196126564481638 : 0.0 : [6.310130733986774, 3.1047100749503804, 3.2488168869813574, 3.0320115239446563, 2.9889552659319456, 3.195231263855953, 3.0691423670123603, 2.9178058379324217, 2.9705040867331887, 3.021821977262217, 2.9689393644953173, 2.8653388678197333, 0.34580784447525237, 0.48096311940250835, 0.4659211943025755, 0.4477062973925453, 0.5363472255704689, 0.47128082900428475, 0.3380059881531292, 0.5466011231411386, 0.3810704662337114, 0.4389582054991627, 0.48592818500560775, 0.4484622128012426, 0.5737949556807639, 0.3579749002095465, 0.3764450575321645, 0.4352499546139481, 0.5949372898394103, 0.478488041270252] : 0.0
-0.8200123262963708 : 0.0 : [6.31712771888905, 3.0475074101753616, 3.1577202965731965, 3.0043914178719637, 3.0232086246466188, 3.1690363724667376, 3.054728261172187, 2.9115066800338063, 2.986580998470119, 3.024852892523361, 3.011651797887336, 2.9160318368506966, 0.34868916432118763, 0.4180338987248195, 0.43705721162672884, 0.4225349429193763, 0.5118767520323306, 0.5144244730975038, 0.3947394802315091, 0.5851991300713869, 0.37536539906682154, 0.4807222427851545, 0.5098884553219374, 0.48984149823178147, 0.4966471309937808, 0.3865851632883695, 0.4092145323443281, 0.4135313098607374, 0.5069491871494829, 0.5107715117817837] : 0.0
-0.8189627184960195 : 0.0 : [6.30602200611459, 3.1449119862450376, 3.1723792707573715, 3.139889702558002, 2.9564008812245444, 3.1671358598731474, 3.1133584855174465, 2.9288599708944245, 3.042434383547673, 3.0128783267991057, 2.9404277093239792, 2.888640242725738, 0.36364871152224854, 0.4966218042730573, 0.4430612631057072, 0.42923415239103246, 0.4857298695701071, 0.5150350140288864, 0.37999235773645257, 0.5378028686860035, 0.39221950601135025, 0.5227995868835974, 0.5089552679359324, 0.4629680137807829, 0.5064550238684947, 0.3639974299038492, 0.4358654346003745, 0.391803454124406, 0.520797892047944, 0.4306629080468306] : 0.0
-0.8156744349956156 : 0.0 : [6.25159823941742, 3.208233909695598, 3.2597720158344305, 3.045566434588628, 3.0492443514943135, 3.131587214941587, 3.093449077964438, 2.9301442605273955, 3.0283377697115137, 3.061791255972468, 2.964285461906821, 2.8698825044931042, 0.4039492512931439, 0.5261251196065773, 0.439264262248431, 0.4041581241384925, 0.46456088301585063, 0.4813035222084373, 0.3303132992690855, 0.46905683205219895, 0.4196828370900577, 0.471634685808805, 0.46742804266732896, 0.5151326774893268, 0.512766097452131, 0.38171211229127117, 0.3357929095419102, 0.4219865919563375, 0.5339995723390091, 0.6204751423590423] : 0.0
-0.8202885514996492 : 3.8013393112945604E-4 : [6.258222673090078, 3.0429089341686746, 3.1865015654394595, 3.0459344490009914, 3.048538771417012, 3.1873944425031104, 3.1027628314438243, 2.9521458029008216, 2.960809904712291, 2.988643032397175, 2.9752468359606477, 2.8462937823050924, 0.39341855653312474, 0.4736009253129883, 0.4679740139198163, 0.47837223587266275, 0.4566542925560995, 0.5227470073034479, 0.4082475285181899, 0.5427431736013053, 0.4052477166042978, 0.465540716357921, 0.48254111550669887, 0.45756461357947087, 0.5337265855193702, 0.3762594966213416, 0.3694343468495501, 0.4283300508794312, 0.49395914938509905, 0.459539830268633] : 0.0
-0.8195354523699703 : 0.0 : [6.30464885479339, 3.05873143012568, 3.2001576633305477, 3.0628009646556578, 2.988376006224798, 3.115216788956822, 3.11545868484023, 2.925013752268533, 3.030189998084193, 3.0244562540624242, 3.053939772894775, 2.959245758505568, 0.3864413630702055, 0.48392692745519794, 0.5152706512063777, 0.40179074188027986, 0.5075531862955687, 0.5297216035720702, 0.3753624571129347, 0.5378750442890593, 0.4226722353425338, 0.4480582071827453, 0.5143082410792064, 0.47508756573096345, 0.5285770618905661, 0.372917686047642, 0.35043677441210425, 0.35323657019857624, 0.49710455812686394, 0.495022793225778] : 0.0
-0.8204094503121268 : 7.847648546543406E-4 : [6.265475954296496, 3.128680493120437, 3.1322371368423902, 3.0564849355845323, 3.0079724454626566, 3.128651007232368, 3.0974257432944166, 2.9312378258216825, 2.9484915962096814, 3.0437533805855193, 2.9754200512088973, 2.8373998896340504, 0.4139506059731224, 0.4330532026447885, 0.49226870749136, 0.4594526649899816, 0.48655549260844394, 0.5055656217222118, 0.3784889588201126, 0.5430519950585025, 0.3724728917597871, 0.45727509484158313, 0.45534339692839393, 0.4841838918660925, 0.5077057078402369, 0.3513778327996127, 0.4105042417227661, 0.4102741206870174, 0.5523482277752204, 0.5019883428451317] : 0.0
-0.8197527712403007 : 0.0 : [6.353964887858123, 3.085616476086863, 3.1965631362073887, 3.0492259899001084, 3.0213597395035308, 3.1676869407738555, 3.088333767651471, 2.9069541643108674, 2.952881178726154, 3.023127423673938, 3.020685676050273, 2.9012629658590336, 0.3542386051010224, 0.41775499339932, 0.44426097080338933, 0.43632583374617073, 0.5009987989316509, 0.4873774380115133, 0.4405671454809461, 0.5015573721611226, 0.45880096097171574, 0.43395277581984193, 0.49335950855363303, 0.43948095716218494, 0.5345896265409681, 0.4240822018341613, 0.4368569749621648, 0.39585670731868955, 0.5068634172051273, 0.492321698998915] : 0.0
-0.819592817828616 : 0.0 : [6.318736843028745, 3.0567590001828338, 3.1846238112646557, 3.0987950012862013, 3.021501288024149, 3.177346829373666, 3.0773301680534586, 2.9743621511144425, 2.9717341491842655, 3.0099510360958557, 3.044211357535654, 2.8535950178035394, 0.4143931294640802, 0.5095007020484239, 0.5086678271209542, 0.4029131566425999, 0.4637361960030068, 0.47877447901503145, 0.3686859876137873, 0.5290686193269836, 0.4307553279060431, 0.42700340651536695, 0.4908548175181211, 0.4533833031253817, 0.518319264975164, 0.35441557302568993, 0.3647408743684015, 0.41811445852377555, 0.5396347504492169, 0.5269394497382381] : 0.0
-0.8202179880345927 : 0.0 : [6.302013643678382, 3.0912314528769906, 3.1804477987407607, 3.0749286908341955, 2.9960657087470315, 3.0795149865466493, 3.1443324363667164, 2.9877906043096134, 2.9822676523079803, 3.0581031987825096, 2.975896659737895, 2.919942920662303, 0.41129798766530085, 0.47444246882449514, 0.4577799911250645, 0.3887557788810938, 0.4983498527488007, 0.4896432016129245, 0.40090652468141874, 0.5172323327974412, 0.365661457146676, 0.4944195636035427, 0.476137908553277, 0.45148072925267513, 0.5234910674942279, 0.3500786450830655, 0.4100277555960134, 0.44209097128477876, 0.5540314806011695, 0.4754842504336134] : 0.0
-0.8182766064850446 : 0.0 : [6.284594010132092, 3.1750219468495624, 3.2278827900728833, 3.0047196219501258, 2.997592787443196, 3.2439123081293113, 3.107155215244555, 2.960114530788845, 2.920726311250732, 3.013201465828702, 2.9594982897590283, 2.8329312258625903, 0.40622231023079025, 0.5090255100400617, 0.46310468328636867, 0.42024586532445285, 0.5257240785644897, 0.44247831351500877, 0.36312074184065624, 0.5408578368509352, 0.41287069004650473, 0.4168040338908695, 0.5218024102933598, 0.43793933444520505, 0.5216432870723073, 0.3669996252616833, 0.39544970123797996, 0.4679674285011233, 0.5089627077515768, 0.48309727571214023] : 0.0
-0.8192124393394536 : 0.0 : [6.32903359241873, 3.069840087630996, 3.182852560231539, 3.0378378103185737, 2.948380939480719, 3.0660564314398076, 3.09583715234949, 2.9308309022536125, 2.9761413940904684, 3.0165378482630185, 2.969496734386365, 2.8748821802383855, 0.39159943218610216, 0.44474188911371726, 0.45524524248239384, 0.46529250538993666, 0.45937239743487523, 0.44124384200765493, 0.3558647100276086, 0.6152964973237236, 0.4090438282362833, 0.44747733759056296, 0.4769709113573829, 0.48318264334030697, 0.5235428849016365, 0.39720417221295745, 0.42437940370479676, 0.4213028005767242, 0.5202226226161348, 0.5091521526965305] : 0.0
-0.8170346069052699 : 0.002028358392609453 : [6.247645236070403, 3.070702524366253, 3.139572044088359, 3.064180978998281, 2.9541456251754545, 3.245805496682584, 3.1667144643225087, 3.0073587062731697, 2.978325579467476, 3.0779239907122635, 2.913856442514011, 2.8995297449933775, 0.34137515104529076, 0.4277951518723511, 0.4936947271067614, 0.5311598824206711, 0.5551986606854986, 0.48050413066949005, 0.4319971599774568, 0.5377429609185407, 0.3696139269994133, 0.46703484827220265, 0.4049631649016294, 0.4099895972743902, 0.5603321291821051, 0.3955346967462448, 0.406245592075078, 0.4040629012969658, 0.5128940489041136, 0.48108136254020817] : 0.0
-0.8201170116461753 : 0.0 : [6.341269939557346, 3.0187017039306823, 3.1768783838191466, 3.005677794648912, 3.0001708184518088, 3.1474686375691734, 3.128658329333739, 2.940776031548483, 2.9490174173683332, 3.0287293674754348, 3.036546208854163, 2.945490210191015, 0.4248931415829951, 0.46611718912405153, 0.5320816409105238, 0.42317812961887546, 0.5161294339069138, 0.46061790721343815, 0.40692524731107976, 0.5383956151028666, 0.4226038824240417, 0.44385162074159057, 0.5096567867070813, 0.475865161845192, 0.5277961236361712, 0.3515980056849797, 0.35479350672193044, 0.36255049574993986, 0.5115597043572876, 0.4812936279488151] : 0.0
-0.81898133440454 : 0.0012974013682820473 : [6.289512953641426, 3.059867631026456, 3.1538924160072273, 3.0285702626078597, 3.0438355435804296, 3.1154133695027637, 3.07289796597163, 2.885032343335871, 2.958050371168759, 2.951813099953009, 3.03980405824532, 2.8719591648205585, 0.41997585414032573, 0.45799132206769405, 0.4498691727722347, 0.42436408226390643, 0.43858214216495867, 0.555992423789148, 0.3407491589554559, 0.49010947938488586, 0.4506708609544256, 0.42575884596554436, 0.5019537393350473, 0.5132276219762528, 0.5419347572124384, 0.38232952491758276, 0.37496798292256195, 0.44989272744490294, 0.5365361130769146, 0.486930433451838] : 0.0
-0.8187851871920595 : 0.0 : [6.259972072375103, 3.0567880753178303, 3.1383689169104176, 3.031290572626009, 2.984660755956007, 3.162364573448022, 3.0835231237069607, 2.954448114830224, 2.970319704324379, 3.0699018934855054, 3.040424320656173, 2.827142933547715, 0.31714014347462716, 0.480677117576107, 0.49762792504212494, 0.4450988524350397, 0.5101726024315048, 0.5311668622866146, 0.3896587112551779, 0.4597878901999698, 0.3549397971064071, 0.4643313876973154, 0.5352836793657065, 0.44217132932995906, 0.5572966794530143, 0.3540338792014018, 0.45957540741665004, 0.3760811149007727, 0.5477594267785872, 0.5088066362780179] : 0.0
-0.8192708038550023 : 0.0 : [6.223735010713169, 3.0639868830200983, 3.1746178770066673, 3.061047017093763, 3.0032173597364133, 3.1630451769063255, 3.1215849606699937, 2.8963486685577022, 2.9777990174252937, 3.024820336366921, 2.9522751599350148, 2.9419581451570265, 0.4444068820251359, 0.47361717065181136, 0.49602294604066566, 0.39941238076654684, 0.463768874066035, 0.46976329944304857, 0.40459941709006164, 0.508282697846409, 0.4042091230499629, 0.432993639368381, 0.49116541293108723, 0.49354396485869956, 0.5838650824127742, 0.3602298052745127, 0.4140780057757868, 0.416548065117989, 0.5099931632445244, 0.45792227041496464] : 0.0
-0.8204370857858727 : 0.0 : [6.299000125858066, 3.009838306857533, 3.1814048287956136, 3.007499482416532, 2.9569584306594465, 3.0949960568367327, 3.094896780380349, 2.9258732941843686, 3.0146328949850445, 3.0532362152070522, 3.0136574538203544, 2.881774579787156, 0.40524949609232475, 0.4277149850596551, 0.45668317697786087, 0.45451614657702066, 0.5092564465856525, 0.5186285412767309, 0.3760571511515233, 0.5324175269862221, 0.39215007559710097, 0.4621562130009597, 0.5095236071081846, 0.4785947108126587, 0.5657389633205976, 0.38635554777060044, 0.396893741755328, 0.373463024927303, 0.5268446680454248, 0.4485615152103788] : 0.0
-0.8188543538341397 : 5.177631804874072E-4 : [6.299338810713094, 3.076704594733, 3.2518943477627267, 3.0564538001493533, 2.935581630634579, 3.058862282728426, 3.106593895364923, 2.909516829753297, 2.9984190474984804, 3.0735471337155422, 3.0208238243972643, 2.8877891740525063, 0.37671488249084684, 0.45569512852866184, 0.4505160851865467, 0.40684154044252924, 0.5245858372707294, 0.5156299756848837, 0.438153985010695, 0.5934407656349274, 0.3799946554339002, 0.44980211969484424, 0.48357146777197174, 0.48532369365630224, 0.5073350314861345, 0.36659556816482064, 0.3697664578331644, 0.3929904362980472, 0.5935487516843353, 0.4224145968535231] : 0.0
