Fitness : Violation : Position : Miscellaneous
23.655977564623438 : 0.0 : [-1.5089874720683467, 47.44067977595648, -30.56096667699362, -7.980062953754884, -22.232672062534096, -18.616976853662486, 4.3545678388662115, 17.732172234129777, -37.95086098586373, -21.719513595195316, 24.479225809829376, -26.417722025491845, 0.07232603443162786, -32.54661335888454, -20.317068171273654, 16.19828770131298, 33.68043522452409, -32.80347605773862, -13.911806111239375, 24.495966107793997, -46.216025053773194, 35.33169491138254, -19.372537308904995, 33.8879575967822, -38.518295161338855, 18.292162479556183, -0.3087037782441568, -13.633259532425226, 14.009996138757774, -41.46167999680908] : 0.0
24.089655591036834 : 0.0 : [-1.5324970008033323, 47.406597834365684, -30.61932302799077, -8.072144095721042, -22.33991500831644, -18.72224060097538, 4.289044857404599, 17.723424653493858, -37.94576965969134, -21.714301979205967, 24.475284944647527, -26.428621994876575, 0.06518218202465084, -32.54291740751992, -20.316097436526917, 16.175352438558768, 33.667725528938035, -32.78425123057022, -13.915590214587272, 24.50116749923949, -46.22423552971551, 35.32749815940822, -19.374482078804096, 33.88656754117294, -38.525102455183344, 18.297162889071863, -0.3008810088834007, -13.624561683600177, 14.017528024892556, -41.469787789580906] : 0.0
23.80655734060083 : 0.0 : [-1.513265528542542, 47.41676595006124, -30.595266786412328, -8.028058930799606, -22.27325043476708, -18.657793709794795, 4.332057292164162, 17.73138294856801, -37.93523523402064, -21.722957635809433, 24.488026272020676, -26.427588410070285, 0.06383638123732058, -32.54210643970256, -20.30963127425391, 16.17330008897614, 33.67176732097509, -32.789590997867364, -13.926314662674526, 24.492502037660635, -46.20717899087772, 35.329976240972044, -19.372684764638326, 33.885694458173035, -38.5257937194184, 18.300570973470688, -0.31051963329708576, -13.631457023168219, 14.013921382333429, -41.470977219127306] : 0.0
23.991211339630425 : 0.0 : [-1.527279551514636, 47.421062616035634, -30.594251012400786, -8.020360771105878, -22.282573414277408, -18.673235623928296, 4.303998394315231, 17.726946435658583, -37.95373758661394, -21.71123079732028, 24.4891047191627, -26.41915939322967, 0.08120366058829939, -32.53126719153817, -20.30704759874829, 16.174546423854515, 33.680219461736364, -32.801567796359144, -13.916940660433866, 24.504167037685832, -46.22281476471516, 35.3160259358617, -19.36757356814094, 33.87066065118532, -38.518584456535166, 18.312428608593564, -0.3037323771552213, -13.62743707642328, 14.020722471257397, -41.46458905853778] : 0.0
24.29181983433648 : 0.0 : [-1.5414029485182756, 47.37586919438697, -30.670974707425877, -8.136757543851555, -22.42255656359957, -18.76476473506204, 4.2954579480190365, 17.722108066315187, -37.94781903492955, -21.721539507782776, 24.486069798168863, -26.426999891595276, 0.06482657640637265, -32.54964346048065, -20.30771058507724, 16.179058505664347, 33.6732464057763, -32.79482166330491, -13.915292185080077, 24.505083128453563, -46.21936414770154, 35.32529783297558, -19.373386850673405, 33.882196565169366, -38.520543564249934, 18.299308069835888, -0.3046037305097248, -13.630639616400144, 14.016438715430665, -41.465446749664146] : 0.0
23.198879573152187 : 0.0 : [-1.5060562422237869, 47.45800309552321, -30.53187487509718, -7.922098011878205, -22.134460311503915, -18.5031883097789, 4.416243206668863, 17.743565006875478, -37.942802172278746, -21.7214935756732, 24.488371226117934, -26.425485285516014, 0.07242158595383558, -32.548558798409864, -20.309528792453268, 16.17815834313088, 33.659271056072555, -32.795291976570596, -13.924644619199208, 24.508002323355853, -46.21606347236417, 35.32790066415907, -19.377598923504447, 33.87955140846717, -38.53352137639316, 18.30167825022423, -0.3001181068801804, -13.625420397045826, 14.012034127187423, -41.46107105222045] : 0.0
23.80291870516941 : 0.0 : [-1.5181882749439546, 47.42222664788048, -30.59161370785315, -8.02920162502474, -22.27318767986184, -18.65754760238508, 4.3234240251516995, 17.73373267514505, -37.93727866473968, -21.712798653338538, 24.482498557383323, -26.427424600564088, 0.059493931607891605, -32.54307359154079, -20.32512815111412, 16.170581211238705, 33.67945903943962, -32.78795454203225, -13.912308460351722, 24.498180689527786, -46.218101062019336, 35.32469056070755, -19.376396712245487, 33.8780115883084, -38.52466956084087, 18.301941222644174, -0.3099482725104835, -13.629229421544094, 14.020083538566293, -41.469797537928315] : 0.0
23.672935316451042 : 0.0 : [-1.5178034529630884, 47.41971988524193, -30.59313235448706, -8.011109380520619, -22.253215505692122, -18.64071934130685, 4.341923625484149, 17.729441959646003, -37.94704457430922, -21.72487928955312, 24.479078481793326, -26.428607797606098, 0.062228532741483586, -32.53995556989434, -20.31062503691702, 16.180298209580066, 33.67441982545398, -32.796339194199476, -13.914254097162445, 24.497939508823364, -46.219185232913276, 35.31846806052771, -19.37908377623537, 33.88000142079122, -38.512249144480705, 18.294911243220174, -0.306160577216582, -13.631257249427804, 14.014064082555976, -41.46875999070919] : 0.0
23.822829236956792 : 0.0 : [-1.5273388351729935, 47.414833823699624, -30.60314380662671, -8.038715718805433, -22.285013528907324, -18.668020497689177, 4.320681580971131, 17.72914056321524, -37.954665951968074, -21.717291044246757, 24.47990258634722, -26.428350256217765, 0.06699877535596653, -32.54779408993018, -20.308544461801603, 16.174958908736905, 33.676656935344276, -32.79850024677491, -13.914708602544682, 24.49198471440331, -46.22378708831536, 35.33195541474794, -19.379125085973378, 33.87797303238233, -38.52357881717045, 18.30023432776474, -0.3046946925907752, -13.625269615170799, 14.013429145827972, -41.47628327151492] : 0.0
23.72759282351456 : 0.0 : [-1.5165276653170365, 47.423580468786135, -30.58710875191351, -8.00937998634694, -22.263151402798044, -18.643909991784096, 4.331734925327163, 17.73508790732958, -37.951432362703684, -21.717583493779685, 24.4887729620898, -26.42561302291943, 0.060478070128262534, -32.54460232261644, -20.308404179268823, 16.171985306552727, 33.68108787748531, -32.793424662520486, -13.921940851118066, 24.499864119779115, -46.2177203378085, 35.33151771624574, -19.37146049688151, 33.89367031052868, -38.51247134759494, 18.301995340669553, -0.30485978384161266, -13.625361835035964, 14.012151637338452, -41.45471718145912] : 0.0
23.75654815627916 : 0.0 : [-1.5183609954553365, 47.415551999097175, -30.59660598880076, -8.02432693713293, -22.27623437273226, -18.64927438537503, 4.3309475156575825, 17.73324558164437, -37.951077498052506, -21.719309256556983, 24.48208553369602, -26.435839513565504, 0.06519061229622769, -32.54323647584235, -20.306304029479243, 16.187229535180848, 33.67514954793869, -32.792286912417666, -13.911449828180693, 24.50399127448732, -46.22480674128386, 35.32920215303117, -19.374350689471736, 33.87982396190449, -38.519026441871006, 18.293465552263086, -0.3116656118760208, -13.622807760626934, 14.017904577720303, -41.481981823020426] : 0.0
23.89589846252925 : 0.0 : [-1.5209589673997468, 47.4102279454648, -30.610664947082327, -8.04023641834537, -22.29703699353313, -18.671932441202074, 4.30692912933911, 17.713897311969394, -37.94516625147848, -21.713207335857724, 24.486420092941977, -26.427923599902392, 0.05696716608183128, -32.54680692090419, -20.31752765218655, 16.175864009472786, 33.673723074376284, -32.79158066703278, -13.9151886734692, 24.497873952399907, -46.21397486212388, 35.32311855121231, -19.37827866589805, 33.88323211370266, -38.52948222943294, 18.299967786948173, -0.30289344520628325, -13.630178494366916, 14.014422028748806, -41.46080750518587] : 0.0
23.851629543449054 : 0.0 : [-1.5265165221521064, 47.409271672159186, -30.61081433169847, -8.039562238745729, -22.29326959889161, -18.662324735044905, 4.327333704326357, 17.730053552806325, -37.95529809923764, -21.710657573061347, 24.48425216588158, -26.434723186506993, 0.06753064343103785, -32.5467318546848, -20.305730384493152, 16.177330801897025, 33.67212878921735, -32.800561486018424, -13.91541275992392, 24.50566160408043, -46.21989686186938, 35.33518714271382, -19.36590378087839, 33.87154366521509, -38.52057719797938, 18.295823897746907, -0.31191473755307186, -13.626101434178626, 14.01956406437318, -41.474495674005546] : 0.0
23.46580916620962 : 0.0 : [-1.5071203817627299, 47.44559160232705, -30.561045293916692, -7.956402893928484, -22.175180057792677, -18.574873116193157, 4.376144510058804, 17.72860451816237, -37.948572164161575, -21.708399645273797, 24.475721430280032, -26.425429450868478, 0.06322596453135719, -32.543744017006986, -20.31179265376516, 16.17210513959123, 33.673426224312905, -32.79833900059583, -13.916766697753285, 24.49576025152779, -46.2073874970308, 35.32507271445499, -19.3648050126497, 33.87936003911942, -38.52277403643081, 18.293597044377467, -0.2982432693809871, -13.62960507660982, 14.01794126299897, -41.46977176168067] : 0.0
23.73170861942518 : 0.0 : [-1.5178153514974662, 47.426939716668606, -30.561113978897506, -7.957249612971634, -22.19578218263686, -18.59487560602161, 4.342907519255035, 17.719456199812605, -37.95409661916173, -21.724622706607445, 24.48496064613542, -26.433132011685, 0.06380697971225766, -32.53816880874344, -20.323012518773265, 16.188949114451944, 33.67767613203868, -32.795132427997075, -13.91816646815813, 24.47743201139579, -46.226297687987255, 35.325144676403085, -19.378089479550134, 33.8699667442761, -38.51771924005342, 18.296508494528155, -0.2985747263454753, -13.624408754934514, 14.022220504688866, -41.47858131789833] : 0.0
23.968629783498173 : 0.0 : [-1.525425123720022, 47.40220232065782, -30.62716533545641, -8.070028204926443, -22.330466259260593, -18.701166504206963, 4.3175504401276505, 17.7299221918962, -37.95314566592003, -21.71601704785933, 24.482561518204502, -26.433128013870896, 0.06569799598527414, -32.547870516094335, -20.30990356191286, 16.176010548320974, 33.675276002532044, -32.79529005399931, -13.906331226781685, 24.49838085561482, -46.218554412699774, 35.33004922778149, -19.363384922757152, 33.88546441927959, -38.52274276105091, 18.30194145638334, -0.30520160401502294, -13.62875136950531, 14.015503187641011, -41.47226708094356] : 0.0
24.064265699279897 : 0.0 : [-1.5334663071039016, 47.39642366890369, -30.6364477971299, -8.081072230211875, -22.34750912059393, -18.708542949969868, 4.313367826348514, 17.718639885614284, -37.94809740122861, -21.71453082709928, 24.48194275027489, -26.42518429801288, 0.05817981044000767, -32.55101779154411, -20.31736812486817, 16.18182029086004, 33.67671919661667, -32.797427114336756, -13.921574091492104, 24.49697931059446, -46.2146889847003, 35.32390606324171, -19.369671019332245, 33.880773652081956, -38.526863976531104, 18.286996024290005, -0.3075660463259865, -13.619318691799942, 14.020133702786033, -41.46712026238027] : 0.0
24.141248495883417 : 0.0 : [-1.5357616618096868, 47.39301408583928, -30.64601667185597, -8.103977049773846, -22.37416847608584, -18.73244516644178, 4.306992391066855, 17.718418895274663, -37.9515462403094, -21.715405105591095, 24.4829696079356, -26.431704334640877, 0.07464692472760655, -32.54629587853432, -20.311817242505477, 16.184534403503243, 33.669234052567234, -32.794095482340026, -13.91586265960262, 24.504335411242735, -46.221653329115696, 35.33350650882299, -19.37161907676485, 33.874371817678146, -38.529930019270424, 18.29812370345092, -0.3031369426203332, -13.627076823985778, 14.019009291169928, -41.46505443735145] : 0.0
24.238913681527666 : 0.0 : [-1.5400049110592808, 47.388508450405524, -30.659354476007728, -8.114811183148749, -22.390322239796607, -18.73747221524672, 4.311017244531821, 17.72918543333563, -37.95846775866782, -21.717659848309154, 24.48834940939594, -26.428581511421143, 0.06633219579897462, -32.549737170800896, -20.314237951411556, 16.175154161681377, 33.676746697743255, -32.78919243022126, -13.910689571844863, 24.513179251073502, -46.216946575825496, 35.329120440903225, -19.37858820654127, 33.88412728738359, -38.526658857603465, 18.30059391997099, -0.30309177012652344, -13.63308929968691, 14.017248376478902, -41.46757168503669] : 0.0
23.605694331481484 : 0.0 : [-1.5034318298055092, 47.43124871463223, -30.578020482560945, -7.989528634442138, -22.223861024563902, -18.593807871297663, 4.375017970685096, 17.745128349500686, -37.95097152610385, -21.722006085791953, 24.484304378701967, -26.433843278024423, 0.05817552876944097, -32.5455221667585, -20.30039233928302, 16.180092937108313, 33.6665333568435, -32.7840880925861, -13.92805604574049, 24.48758691160863, -46.22514231405353, 35.32837307462522, -19.36752853481049, 33.87534558977659, -38.52239479639085, 18.298680431487394, -0.30513393671639655, -13.630777870272471, 14.022312583762274, -41.48134818269346] : 0.0
24.49073534185697 : 0.0 : [-1.552879446427509, 47.35750944940956, -30.698773016597777, -8.177704518336157, -22.4584463556491, -18.793500171112758, 4.287474299956392, 17.720931431617146, -37.952641113525104, -21.715003010703022, 24.483793882744674, -26.427276018518324, 0.0704195532124615, -32.55154606820913, -20.311439117569286, 16.177978393367788, 33.68355735257295, -32.79354246626658, -13.914487031079883, 24.504978197809308, -46.22536978436736, 35.3316008618644, -19.378698277443036, 33.881590900313526, -38.51746662266237, 18.297816498585654, -0.3038188144044403, -13.62265477583533, 14.02302401849494, -41.46262926876397] : 0.0
24.053059132813274 : 0.0 : [-1.524958527336495, 47.41414961949485, -30.613058670589737, -8.057055595340508, -22.31226406516066, -18.700150916003224, 4.295723934107114, 17.722116530673997, -37.94445299992278, -21.701050574802405, 24.479302762817724, -26.425728900307153, 0.07519027479653542, -32.54663651833499, -20.30493827349177, 16.18795286381581, 33.67726519934837, -32.794944073885446, -13.925069215218848, 24.49368285107385, -46.21630939931652, 35.32581647840443, -19.386612922459452, 33.87634911174543, -38.51792972875237, 18.282500140739977, -0.30727864847615505, -13.626988707237404, 14.018151019291633, -41.46839220232325] : 0.0
23.918656907341727 : 0.0 : [-1.5235344862425881, 47.4084222653204, -30.617597329203637, -8.05082119023195, -22.31640654016723, -18.67665635263834, 4.3139958797777105, 17.722605259160044, -37.954197421905576, -21.716536558307844, 24.479213091990648, -26.430052832764368, 0.06402234666516869, -32.54339292379164, -20.307300494276767, 16.185049590509323, 33.672728034611254, -32.79471579728056, -13.92071789389901, 24.501600689676884, -46.216064249056615, 35.32784904981395, -19.375206022155123, 33.88368134997002, -38.51460447669955, 18.308710515225826, -0.2944216178603848, -13.625452441019572, 14.013516647745774, -41.47058326581965] : 0.0
23.303369940742694 : 0.0 : [-1.5011916446936167, 47.44551737595762, -30.542357248578217, -7.925847030182242, -22.137260086552452, -18.52141551311614, 4.402417392132099, 17.73964194004095, -37.957384622058385, -21.718136223618163, 24.480283602738574, -26.42495856559193, 0.06690364688276648, -32.55460327590945, -20.300488872757136, 16.176851529328296, 33.681444520795154, -32.78083944769756, -13.919418036101183, 24.502936948498256, -46.20504706742492, 35.31745248847126, -19.380033210033563, 33.874101205692064, -38.50844549186553, 18.283272186586373, -0.311003691624203, -13.631114427973305, 14.013621104387653, -41.47052519940533] : 0.0
23.705894490431138 : 0.0 : [-1.515904404044307, 47.41998871717153, -30.58948893996869, -8.020730385483194, -22.271465860650196, -18.64976537705344, 4.333631039053492, 17.72521504044405, -37.948440024810296, -21.71933691363876, 24.47943417959975, -26.42767366410924, 0.06206217918352838, -32.54595848218105, -20.308873366227104, 16.176351377528803, 33.66886997659983, -32.79118886966475, -13.913706462413643, 24.504452927975265, -46.21960949880198, 35.32717304004028, -19.3768130222104, 33.88348668603366, -38.509968807611685, 18.303278923778226, -0.30704115598867365, -13.626955975575544, 14.014667878361028, -41.466043888546054] : 0.0
23.529490609844014 : 0.0 : [-1.508707449746417, 47.43814512623743, -30.54599834010457, -7.938999675362549, -22.161973928600524, -18.553160077688162, 4.370138495951083, 17.736575562610604, -37.94608046549297, -21.72099101194477, 24.467189076130218, -26.429073106226618, 0.06918932484656674, -32.53869577657406, -20.30623307641494, 16.16259629885944, 33.673091280557, -32.79473097653194, -13.92144785420405, 24.49987090448173, -46.213994628401, 35.33064794593159, -19.354521801299605, 33.878718893938526, -38.522587772983535, 18.30556623168867, -0.300792160323554, -13.62344751252401, 14.02699668410655, -41.44838911822862] : 0.0
23.568454404976748 : 0.0 : [-1.5176508390554289, 47.428643327126515, -30.580449517795095, -7.988827604316074, -22.22874287626721, -18.60318337118917, 4.357983816651503, 17.724724187146442, -37.94232015396571, -21.72565255765544, 24.483106410053125, -26.432241649933808, 0.0611170920087596, -32.539670584413415, -20.311933998589517, 16.176829812973473, 33.67700848806426, -32.79635070849801, -13.917061592487299, 24.50311360653425, -46.216248428237776, 35.32523084880792, -19.390518945882036, 33.872915418689125, -38.523834450180445, 18.293131567768853, -0.3014837838298804, -13.630857944931309, 14.015285611461149, -41.46672384669817] : 0.0
23.646330283372578 : 0.0 : [-1.5087258214053865, 47.440621317368574, -30.56226620349849, -7.975729004246265, -22.21503046998511, -18.609892217067415, 4.347642494713184, 17.72755422172152, -37.938545166169106, -21.737107369005237, 24.47694808075724, -26.438322444318935, 0.04649982877631529, -32.547826892319705, -20.30722628438386, 16.184342300826454, 33.67036644222747, -32.78762540218881, -13.921281451751373, 24.50672602375733, -46.22115436948798, 35.32690484152911, -19.377041181354763, 33.87324298782225, -38.515693149388625, 18.293342102483223, -0.3146829916770585, -13.639881869631784, 14.025456497740924, -41.47083233793224] : 0.0
23.930503586089547 : 0.0 : [-1.5280668631238925, 47.420015870304155, -30.590794939500114, -8.02812104074635, -22.274038440240453, -18.67127831277567, 4.307800469542469, 17.724598822531455, -37.95486036707089, -21.721926075002823, 24.478305277894474, -26.427548268080727, 0.07197965167175496, -32.54543027491708, -20.312423284640573, 16.17228189284051, 33.66193406161449, -32.79835886522095, -13.918107479224716, 24.488267271557415, -46.2188293074575, 35.32592434494876, -19.375045518876696, 33.87541941966277, -38.527728616605614, 18.300473855297195, -0.30338094833734897, -13.634718915164932, 14.008887393681295, -41.470711922122376] : 0.0
23.187001586686723 : 0.0 : [-1.5015599627845333, 47.46028105224447, -30.524447336218135, -7.909903899478398, -22.126641174642252, -18.495904467980303, 4.425923135227061, 17.72758390071386, -37.948802995668366, -21.715102771571747, 24.486736195509803, -26.426867613192314, 0.06602755234267221, -32.545528306728464, -20.31759433812929, 16.174428675587805, 33.66912249726387, -32.78449599179082, -13.923396474386587, 24.507905687517184, -46.210811846967545, 35.320458320251575, -19.380010692693112, 33.88106120756367, -38.517317576929145, 18.30247640741731, -0.3023418003694642, -13.634557800475338, 14.01342661204365, -41.457435147390065] : 0.0
