Fitness : Violation : Position : Miscellaneous
126.41353156953099 : 0.0 : [-2.833197123830384, 46.76373889790139, -31.251545072968668, -8.54285768038884, -22.519844986164976, -18.935565743961135, 3.9586021107554243, 18.081701425935567, -37.67481008730881, -21.685632798067573, 24.752203320659355, -26.204083437223037, 0.19548532507724847, -32.34379964041003, -20.078081629683943, 16.30450068668413, 33.60673063297868, -32.60943812427735, -13.749253982954231, 24.46798984887854, -46.23336697161736, 35.45167006430384, -18.907910744849993, 33.88791479163456, -38.571832662724404, 18.413973413364168, 0.03332550601100649, -13.36014693571435, 14.202633760692498, -41.64481822383239] : 0.0
98.56399723206272 : 0.0 : [-3.075688721802757, 46.91409660977234, -31.231072113547405, -8.747199727238893, -22.732515219766537, -18.979625605899507, 4.594814256792347, 17.554221561345543, -37.95788846985498, -21.57882627680477, 24.68167686322529, -26.26873055644996, 0.25516335867816337, -32.27284083152692, -20.031837641890554, 16.382091358567475, 33.61465142332257, -32.787224153987765, -14.02864199771105, 24.191574120520688, -46.033791644120186, 35.471438502205, -19.291900705663217, 33.60191296886841, -38.34352098966905, 18.39974936094301, -0.2609670144155295, -13.704178844399163, 14.006411574963726, -41.22376373832852] : 0.0
94.61008693636649 : 0.0 : [-2.0769623902073624, 46.428284311496434, -31.369283048376328, -8.790119653613838, -22.51125926148068, -18.74098799684314, 4.00513493230639, 17.513769629274744, -37.864116002289066, -21.7194584362803, 24.669226127697417, -26.331336037492157, 0.2204838682823611, -32.48976776399465, -20.25320806454969, 16.231134079920928, 33.51418942897841, -32.665347652180415, -13.856354452843544, 24.31708583484432, -46.435123122713996, 35.414927265203104, -19.231772217584602, 34.181442477057814, -38.56054475514412, 18.470827884078226, -0.2067407180991159, -13.549535106814462, 14.119584960755954, -41.34974712782717] : 0.0
92.8976095354229 : 0.0 : [-2.0161121686344443, 46.69297405238321, -31.30767759443711, -8.382895446714832, -22.715846826119808, -18.750529569495896, 4.689112119588746, 17.916011492416448, -37.92959280433366, -21.68341494333869, 24.53222295183173, -26.62232237675648, -0.10730965427467137, -32.58294811716024, -20.381553053962733, 16.123922309434434, 33.66316806398338, -32.941760947365665, -13.67595709639659, 24.46283756901331, -46.30714766682257, 35.519933731491854, -19.532211926039107, 33.996840923521646, -38.60607694958911, 18.115241279543227, -0.09122167744233353, -13.43119364163737, 14.193336355315228, -41.391072855775604] : 0.0
199.8214839922238 : 0.0 : [-2.5007153283537975, 46.32218804168787, -31.71941994999423, -8.48343272506848, -22.518315722311172, -18.76406536361062, 4.5420146190451876, 17.824210751205584, -38.15215269252036, -21.687774873991017, 24.94188346615625, -26.186499752940243, 0.20129516963564986, -32.130532922843074, -19.840415173859434, 16.55655785751737, 33.9703045688795, -32.30507347595342, -13.968252108238364, 24.56423959018311, -45.990816813693066, 35.31660755022338, -19.580582074517437, 33.85636333572983, -39.05489377126662, 18.414437368757937, 0.08257843531195411, -13.699018971623124, 14.14412093964929, -41.6745477892347] : 0.0
797.7375082155256 : 0.0 : [-3.4483539937061387, 47.689678099983695, -30.80867762870036, -8.66471144724417, -22.590948669858115, -18.75994843906505, 4.546190898181802, 18.154642598695908, -37.319659802043915, -22.3127183901443, 24.749301555590094, -26.316519727125517, 0.22997624556644525, -31.904847797769868, -20.273540933537472, 16.455571366874196, 33.718465193830575, -31.934279043168253, -13.653536594815684, 25.15435148266748, -46.60334645689383, 34.995798454605136, -18.411591200074284, 34.65775071233924, -38.40370607061166, 18.139867285404122, -0.8268464391218062, -13.26403093841046, 14.853490923065914, -41.6789643955956] : 0.0
543.1335389031348 : 0.0 : [-3.566597077140774, 47.193042819352016, -30.646456080859185, -9.223357596523696, -22.694967435195096, -18.76052802421754, 4.25347058972218, 17.658638134591968, -37.76308845041706, -20.87771191560352, 24.799735612605524, -26.461968186029253, 0.03372362103342699, -32.400931767863895, -20.29812227856095, 15.517107679942054, 33.58096966602245, -32.98066808030168, -13.871307972718355, 23.898768766095625, -46.36904486718028, 34.88357857649907, -19.364955222534846, 33.30658032839755, -37.94929396158789, 18.83181903153321, 0.6371802263360586, -12.981907306897485, 14.366741130061083, -41.09320372811926] : 0.0
159.89437331307533 : 0.0 : [-1.7753098759012396, 47.00833651766105, -31.29177703938995, -8.435980614833014, -22.426023284996987, -19.243889342380445, 4.4431201766992, 18.156833250670793, -37.613608813937084, -21.564208363288465, 24.426258130790423, -26.384745902862065, 0.19096610426253086, -32.18815823462848, -19.918943708070707, 16.521148964688987, 33.79620854162055, -32.599508740934326, -14.150003106883759, 24.692432847887382, -46.29662898510908, 35.06414922790733, -19.40552899629037, 33.7091041884797, -38.48842885273183, 18.59955515172942, -0.12494688180609165, -13.538845095157715, 13.784687504061903, -41.81897895422742] : 0.0
258.2126905682999 : 0.0 : [-1.9686646341164282, 46.693242735893065, -31.041450092641, -8.849193479222592, -22.653884634564342, -19.027323297673988, 3.9194318638183443, 18.132084396582815, -37.37180196752246, -21.586290803794306, 24.81747868713756, -26.410159989788653, -0.05891642880480154, -33.06439461388443, -20.408843809868543, 16.37505530535004, 33.55464916230187, -32.375968238739404, -13.911721038439747, 24.93742670569233, -46.161769652398846, 35.48029006498702, -19.357910202347387, 33.496953891649596, -38.93540670274755, 18.629842679848135, -0.2628642619995395, -13.502618509809498, 14.303573831407723, -41.14721790956399] : 0.0
106.99488060452336 : 0.0 : [-1.8166235382086835, 47.22524141876127, -31.080140509066716, -8.596262491283824, -22.763507422266507, -18.824365437392007, 4.26364675690447, 17.639513305922947, -37.77553878172601, -21.653403828297545, 24.540951051505736, -26.070024331877576, 0.34426294615471, -32.224759691192496, -20.018972079982362, 16.314323617367563, 33.86240733788765, -32.56355093453049, -14.117587805951285, 24.595412434458133, -45.974868781319316, 35.579164277459896, -19.450926325039664, 34.17070900752659, -38.47061243306086, 18.226979160341152, -0.3543676735815724, -13.518944369129127, 14.14986331256515, -41.19755087438024] : 0.0
283.3987993302223 : 0.0 : [-2.3407561383425044, 46.516832905402296, -31.426456658479765, -8.18288833290151, -22.537462979019764, -19.262002512313522, 4.3278761964357555, 18.221571007114214, -37.44832013417799, -21.849710553230917, 24.43381380921617, -26.10917761689268, 0.42288485519004826, -32.255958217319005, -20.715880697782247, 16.271335597643844, 33.886394600760255, -32.4323984424218, -13.722978969479765, 24.607277744285355, -45.973752157164924, 35.490688271125734, -19.630880276398692, 34.30888368167289, -38.65272961239682, 18.62884845871424, -0.13425052608344978, -13.54524072530888, 14.192395361321891, -40.70246382226037] : 0.0
120.36274500264594 : 0.0 : [-2.6189986146224973, 46.816644002346095, -30.970492578707542, -8.530941268172462, -22.90334856294036, -19.049181013661126, 4.386186379521677, 17.475918131743054, -37.893685732260245, -21.839511496819213, 24.63432939172403, -26.46535418364754, 0.2836741299848962, -32.7621487778038, -20.315509524359214, 16.303587617074037, 33.61134586614729, -32.793990546973156, -14.166597336966142, 24.356148465599922, -46.11838342428468, 35.183810315320805, -19.73448225879327, 34.13671298718768, -38.32103585519461, 18.21765920584228, -0.11747672874892198, -13.527010209753275, 13.88414840589017, -41.533987878274175] : 0.0
471.24556657005417 : 0.0 : [-2.1435679997584933, 46.43072366597485, -31.10219453745483, -8.627326298973358, -23.72403377331596, -17.98382248559826, 4.578606997849457, 18.309898043797993, -37.33969081093933, -21.14656586755077, 24.35811078495773, -26.171045606152035, 0.4012000919635602, -32.43009074184755, -20.77062222168737, 16.362471455462412, 33.730076745712964, -32.26733580010725, -13.219044006062845, 24.576412186448717, -46.92129216665071, 35.021352309139786, -19.30342360489408, 33.74897841879854, -38.700453356219924, 18.437849300939174, -0.4698052279124765, -14.110183963630945, 14.498103922974714, -41.0968910624629] : 0.0
312.1223130794809 : 0.0 : [-2.9206816325898615, 46.55189891790223, -31.45457819302235, -8.414950243761663, -23.079260824698856, -19.095458086787062, 4.442450746596267, 18.006210686027718, -38.04528518398644, -21.77687029681353, 24.845984527634542, -26.14017163534305, 0.40702415165530964, -31.950720350215146, -20.290522375320506, 16.522123554246544, 33.56996955340635, -32.855967867577064, -13.430765129772865, 24.870968695504864, -45.63817245712666, 35.92824046617483, -18.796962331914223, 34.041453223355944, -38.81240519671843, 18.604473592579918, -0.0460144472271769, -12.731873499146571, 14.877838030652217, -41.10752258965667] : 0.0
366.9783295263404 : 0.0 : [-2.6318039345411357, 47.211881844175906, -30.99563247077321, -8.23009048422052, -22.321294244828074, -18.531585772029253, 4.479730845803269, 18.196906063175682, -37.44703831750327, -21.989478983912097, 24.464665175828877, -26.892094041128928, -0.42567207250340344, -32.00941244351733, -20.21698409800328, 16.251196353490066, 33.426658327018274, -32.45394097486083, -12.881112963476049, 25.28442557464812, -45.744187230474196, 35.58658277141414, -19.187465323596182, 34.22839100274294, -38.39371516826611, 18.475557908498075, -0.12196429896194927, -13.25745549805844, 14.408157757750528, -41.46502745560997] : 0.0
233.6565802116488 : 0.0 : [-2.179902592781149, 46.7006544865668, -31.560829576230496, -8.758968489267705, -23.18013680616781, -18.91921927156661, 4.404248533951855, 18.145369192773714, -38.21442979049967, -21.667093797010335, 24.248844983504462, -26.52502778330504, 0.1542511285648669, -31.988699436912384, -20.09743396600212, 16.253719974185046, 33.709653483378936, -32.74985088594252, -14.008877051425781, 24.56982232736956, -45.98050958124123, 35.2522926123511, -19.095153995417824, 34.05074150158501, -38.24065257144921, 18.553833338201905, 0.07912569321085233, -13.463636694503556, 14.81050755820118, -40.629271671303044] : 0.0
95.85350438238432 : 0.0 : [-2.1513005165437544, 46.755933494291064, -31.31901331113797, -8.849957344898234, -22.885523365750792, -18.644926346485335, 4.345335040483736, 17.778537086498766, -38.037191283700196, -21.795463882742233, 24.577039978610742, -26.438506785380063, 0.01644646060235677, -32.491667306597094, -20.222633834886466, 16.26249651278938, 33.55859245667398, -32.87466286162794, -14.108462233737592, 24.576932459938366, -46.20521162827175, 35.18751108728878, -19.089499712547152, 33.54012873470047, -38.546402894672056, 18.377383628029705, -0.41631359667559686, -13.890892388737242, 13.822330229092804, -41.499053077464936] : 0.0
75.34980276044055 : 0.0 : [-2.644682008696216, 46.721062211464094, -31.168989255991495, -8.513681504349606, -22.648290162114815, -18.773838467133373, 4.030958919348201, 17.78213819230444, -37.787680529521424, -21.561504898396343, 24.636147040707897, -26.359103173021218, 0.09622632070409103, -32.55683845862839, -20.305184542554752, 16.415242017600505, 33.80172644939821, -32.76220682794959, -13.898949001659764, 24.587471969813002, -46.12392078978275, 35.47857070225564, -19.30642674736717, 34.16297876209805, -38.44717002785352, 18.28940941147166, -0.11517423074264233, -13.72691970439103, 14.032514125448692, -41.3446051665736] : 0.0
2336.0639014924714 : 0.0 : [-2.8920075743576623, 47.93268738972223, -29.967104410621847, -7.357548842134658, -21.601608423528777, -18.46198945103308, 4.065619911285195, 17.391885260798446, -38.419510955574125, -22.31924885533481, 26.05150092867285, -25.378825256289723, 1.007125054192795, -33.42412271857014, -19.964168720345622, 14.956718074737873, 35.06021487155665, -32.54578736284839, -13.817055564624406, 25.085737153639094, -45.740867537731546, 36.1481318244148, -19.98888648732177, 34.721654413554845, -37.89176088782135, 18.52649889276018, 1.0921438768267437, -12.149722017737624, 15.076830946752722, -39.56140167823425] : 0.0
145.53986647434866 : 0.0 : [-2.3369418422187267, 46.20831906807173, -31.397878357464506, -8.290985824699046, -22.509487808146716, -18.824195736514945, 4.520283108836308, 17.670178528048076, -38.03024574656067, -21.501417308911634, 24.704570764409237, -26.25185249475998, -0.09731576489689192, -32.358897190535544, -20.037881362363496, 16.10811155603107, 34.171105290232475, -32.74675932828828, -13.835540903080897, 24.341740879523694, -46.39605916124546, 35.50461950820961, -19.265439909134813, 34.036146950372924, -38.60769290556455, 18.51975264111298, -0.2680653504842742, -13.285921933576244, 14.188608447164977, -41.35528147413025] : 0.0
224.07587014656147 : 0.0 : [-2.1222826680993534, 47.06414242874345, -31.325594952829867, -9.049243161709638, -22.473968538276004, -19.22727830241047, 4.439278077873583, 17.868607502340325, -37.40001702902003, -21.523324590182295, 24.667577135479952, -26.22712000167288, 0.1445464974843087, -32.13135980179444, -20.040056999198775, 16.104962551284306, 33.7457411441933, -32.77854503700861, -14.014943701825002, 24.173709520828474, -46.232125258138474, 35.710198535348496, -19.48791910780979, 33.64940192188257, -38.65802795949393, 18.154675760913566, -0.6013669412828099, -13.639922298548846, 14.527066959885543, -41.04036524126246] : 0.0
191.96761274751694 : 0.0 : [-1.9559049550181706, 46.81566721112254, -30.963025470898828, -7.886683156019071, -21.97444454530045, -18.414214266622594, 4.489162427864744, 17.580235036116935, -37.9670887739072, -21.60563391909217, 24.44577542327375, -26.151719984030507, 0.15100128222191106, -32.40131711117098, -20.198581296325735, 16.28329338251762, 34.125954813033886, -32.4846284814933, -13.885125863232247, 24.732028505629074, -46.056853406189404, 35.71855286382254, -19.224725000865796, 34.09048334653272, -38.8813598352819, 18.362652206561833, -0.30113837401774546, -13.514388108556357, 13.750216269196287, -40.86167773195416] : 0.0
519.2565064505245 : 0.0 : [-2.23601117657209, 46.997235642092406, -31.141898958168685, -8.580449793477626, -22.751959397425548, -18.8587758283005, 4.191473827220095, 18.397609850578704, -37.89075949311489, -21.588360364761897, 24.303236880269345, -25.977724907000795, 0.5485724890632944, -32.92680155123924, -20.121722111150497, 16.70180379009863, 33.54256131486364, -32.3366755831018, -13.171283652106446, 25.032590614447805, -45.985622657290406, 35.20804206394626, -19.361132395313668, 34.13389151760825, -37.82425371913597, 18.368858788616105, -0.5941333950223553, -12.763992467190752, 14.650044674969303, -39.97190731610229] : 0.0
327.3171154018575 : 0.0 : [-1.8353079410324777, 46.91421010296746, -31.40427342343268, -8.044033196717828, -22.679482355632526, -19.356234796613073, 4.345867946321565, 17.387312140606785, -38.00400976583724, -21.54406955568516, 24.071007828404213, -26.20350059648547, -0.01417091765955203, -32.89669003972925, -20.73489820755656, 16.27509835901442, 34.07925544616372, -32.502470764174134, -13.725813688893467, 24.589339436814242, -46.66665914471505, 36.00064703551279, -18.83134824126112, 34.213967430774986, -38.704400238600385, 18.520460755537066, 0.22390117702450618, -13.282666156562247, 13.537334631749845, -41.3094375263063] : 0.0
114.84621940579873 : 0.0 : [-2.750080063619347, 46.60804678568449, -31.53744547825569, -8.461237037942958, -23.135524748240368, -18.75192636616714, 4.264168219212402, 17.71689552518168, -38.02393128293192, -21.79583850247179, 24.279799919002876, -26.437043394578552, 0.17047492025183558, -32.471609894754025, -20.399418820164225, 16.055485954503695, 33.82312824898239, -32.54633316972424, -13.956456781038357, 24.358307256219952, -46.05389541136958, 35.14514783435852, -19.142309970628823, 33.99122502753815, -38.84023188821598, 18.525341540861078, -0.14464602689840045, -13.337598869979272, 14.300676735186315, -41.213823891161354] : 0.0
147.42593712883112 : 0.0 : [-2.0175699500668918, 46.96770501421548, -31.291922663620117, -8.6785721658822, -22.633648318290753, -18.843423298884474, 4.634189251569472, 17.86271269129668, -38.101812682456625, -22.014185416849497, 24.743526049400444, -26.380935182490884, 0.320658825817031, -32.63293299060577, -20.617306207385546, 16.329809772069012, 33.83628968121655, -32.55359846265078, -13.648853311102469, 24.598242210819983, -46.266526007427, 35.082230279803326, -19.13631057453209, 34.03288565827737, -37.91734482190934, 18.515653843939127, -0.0757856547129381, -13.440297882503863, 13.965728170289935, -41.27493326300764] : 0.0
93.727967977699 : 0.0 : [-2.216243245693467, 46.62383512444161, -31.530486444464323, -8.615160044902234, -22.740644610425267, -18.669189460610326, 4.323074902341647, 17.922378376948433, -37.70860480090582, -21.85849512465356, 24.370024020673444, -26.678839028313753, 0.24296683422129936, -32.79523366877575, -20.25777662700347, 16.202341260883053, 33.794275898928234, -32.80187394441644, -13.732870725273674, 24.826983698011617, -46.16199920864063, 35.43710503411123, -19.361009105554913, 33.758407154485326, -38.45709662608835, 18.319218164838947, 0.024784969743440563, -13.362437708762204, 14.046927539436275, -41.393900776953075] : 0.0
268.0163128301051 : 0.0 : [-2.7528794177750764, 46.843065073973506, -31.654377770517407, -8.250866276356085, -22.766740653137266, -18.56058483017804, 4.447086705694825, 17.994848646424252, -37.762799443163225, -21.78284533839401, 24.248936012019925, -25.8730313090325, -0.27581382981523866, -32.37849322301304, -20.261421566972466, 16.633429839919508, 33.85755143509417, -33.09816154885629, -13.81544399226934, 24.61142486961209, -46.32982499385623, 35.49258552786978, -18.880119428858407, 34.377993570254844, -37.89638619618513, 18.67339982131561, -0.11432794972416194, -13.048190197332316, 14.228113725272685, -41.40000470854114] : 0.0
288.76553900048896 : 0.0 : [-2.017572894041849, 47.345756395795, -30.765330097527013, -8.273304060499937, -22.37375219979648, -18.72115083989418, 4.256114910067003, 17.325377013049092, -37.80030912670753, -22.058436321178128, 24.47293175130868, -26.792653280534545, 0.009839254586625157, -32.481008796517926, -20.45079587185745, 16.21989125870595, 34.1356700797082, -32.492922042409035, -13.728598093565694, 24.765583989351224, -45.5635098192382, 35.862379465100005, -19.37509589217777, 34.65478376629023, -37.46961836528655, 19.186178579965897, 0.14311976325635803, -13.618869595119268, 14.173967899608375, -41.53646064790634] : 0.0
212.0633011755787 : 0.0 : [-2.817537548485919, 46.766030268558225, -31.324115892651825, -8.811950551136734, -22.454804750164637, -18.736540831791594, 4.781426973277318, 17.648482826621965, -38.071450772764294, -21.95084280393311, 24.345860472837686, -26.160466922488183, 0.132351176030893, -32.47129698122383, -20.127544578517053, 16.48034120340521, 33.872324934964944, -32.983183039797346, -13.638146738571447, 25.03729606444528, -45.80370246570813, 35.95583826427075, -18.63342119620441, 34.19669241276007, -38.81282899913758, 18.65007956994275, -0.12744928501783293, -13.285549979290826, 13.918961190464483, -41.650787028597975] : 0.0
