Fitness : Violation : Position : Miscellaneous
0.5874018446594826 : 0.2538278524154297 : [-0.3515640780030056, 4.174558288826116, -2.7151944114926336, -6.463682172743511, -0.5225118788007747, 9.15394660267081, 8.778675251322973, 9.774470283025252, -3.072169899990278, 7.215197900537257, 1.8695911973017536, 0.0043585893452590535, 1.1263191497811738, 8.507344268180125, 1.792252153908856, -1.7031773048656396, -2.315267385971688, 6.766412277662944, -8.685667159852816, -3.36570893822289, 6.406648892287889, -4.481843206895692, 7.352473903634026, -8.764138135074603, 9.444459164297397, -6.498714773864493, -9.042079900785046, 2.2775932240783314, 8.24069273407948, -0.9730848490927213] : 0.0
0.3954671458443806 : 0.6447488584210246 : [1.2156694995722845, 5.579293208413912, -1.66087024741112, -5.433567575407739, 0.10247420288742588, 9.828104714256124, 9.108627947710575, 9.614518676623335, -3.028629389313181, 6.538313418906998, 1.3027487310245438, -1.1673545376746353, 0.3114376148466804, 7.597958088768613, 0.10959699214659913, -1.1797379441440203, -2.2700999328829896, 6.693760027986539, -8.85278216926301, -3.4563665657588176, 5.89781929170516, -4.8338903771374255, 7.500757818943827, -8.913869040831951, 9.312624180814268, -6.528760993622324, -9.167052601045544, 2.241894141986918, 8.308057177199517, -1.1557954891680904] : 0.0
0.2542620603169521 : 0.1777179967382902 : [0.9412756527811074, 5.360564273476424, -1.662963955925616, -5.439485274825827, 0.09940017990798854, 9.6128370859782, 8.845458845713221, 9.727989114827459, -3.1053361917055637, 6.446485480278726, 1.2218018968772015, -0.8764214730892379, 0.03658877186675198, 7.489224654389156, 0.9575212050311348, -1.48409765418256, -2.287593439713395, 6.537225697907893, -8.650974510208616, -3.718902978799391, 6.317748097382106, -4.634774644999962, 7.47011334484261, -8.964133305530337, 9.65396121278994, -6.5505690576254505, -8.951983447100137, 2.2714140027536267, 8.077142456363493, -0.8942411604373857] : 0.0
0.6347121364593757 : 0.8132999754517478 : [1.4549144901872797, 5.603362572531409, -1.2816356473415857, -5.201571463331696, 0.1097524518041485, 9.630889194260133, 8.554515483012583, 9.322794855350537, -3.736329865291249, 6.440459382247906, 1.397963742189456, -0.02819663864482025, 0.24568436858331683, 6.960371412376386, 0.32386843623585887, -1.5938453589318384, -1.9443411039231797, 6.69184636120975, -8.927396966295667, -3.485015577950461, 6.259215688996559, -4.628869699134791, 7.057080458967935, -9.206843438437286, 9.342268924123816, -6.498385180925373, -8.859035455409012, 2.4217786391973344, 8.595935942392678, -0.3858574947831732] : 0.0
0.526824554827343 : 0.3309494747918958 : [-0.18804610460059662, 4.4321893271251644, -2.1251919575022034, -6.276181016076029, -0.5898600105500186, 8.814675424503367, 8.59643758387212, 9.835502242772058, -3.0190802113311728, 6.796946418136485, 1.7161879320278253, -0.04325850893946201, 0.9360522273832795, 8.283507976019408, 1.5480595032775408, -0.993329060700933, -2.1503612745347103, 6.651867298032627, -8.601175708694928, -3.453733792569804, 6.409239367666022, -4.58589893494848, 7.167409987471606, -8.972426150419714, 9.514426229428576, -6.146158948920191, -8.827802804507698, 2.0049470918716956, 8.26504079664615, -1.0168654418862475] : 0.0
0.35349296967232746 : 0.4736320410203142 : [0.34099862248868035, 4.861467299246796, -2.246335521450292, -5.901304655033558, -0.256008203287812, 9.016329731524891, 8.70135722670447, 9.112128940476502, -3.2672458793003143, 7.000892941249944, 1.3407573263648866, -0.20145718156353962, 0.8347157530234075, 8.188644545545529, 1.6154108901870672, -1.2486266943322022, -2.1659293116689358, 6.568399552794178, -8.660920601931071, -3.186767949863855, 5.903524087502392, -4.640377131848721, 7.308864200211573, -8.811786677672647, 9.613071631735759, -6.167578529961345, -9.22689354434032, 2.207868140508705, 8.216728521035323, -0.9934913784941166] : 0.0
0.6118175136818413 : 0.2503387308929427 : [1.409353090682403, 5.871250589426856, -1.1142343224695441, -4.977481216648565, 0.2681175417130296, 9.764835337587378, 8.78048259701462, 9.4842929454115, -3.767990415716458, 6.047544591811917, 0.8266541183497165, -1.0852239249399442, -0.026080379556274486, 7.362517772240278, 0.9951381740740894, -1.1138969386455142, -2.17843791934901, 6.265717385749598, -8.855461780850284, -3.803467904332801, 6.2243102295505714, -4.640170808639585, 7.140741277212929, -9.048280015504243, 9.695071015647585, -6.183439579824269, -9.093174677672827, 2.3177596885547, 8.04396948161705, -0.9557923143894222] : 0.0
0.5764147269517608 : 0.46939272976056107 : [0.007810440839242927, 4.889359515742112, -2.299698532027443, -6.139494988186339, -0.8694363952268324, 8.956678728256103, 8.714883980882506, 9.475875628362001, -3.0987811587148606, 6.982384546373962, 1.9257161317474307, -0.3842275929323928, 1.0534846525100274, 8.396652182716593, 1.9379352871746574, -1.7185320546237133, -1.972549694176868, 6.480214407868086, -8.88948398986949, -3.908340012466377, 6.183304107689078, -4.629359987849956, 7.192217630479694, -8.413849047723904, 9.728931693727475, -6.12121702090399, -8.711330475237467, 2.118744259188996, 8.280034016261961, -1.1994944735960873] : 0.0
0.23505442221503436 : 0.18867500751635993 : [0.4242467234010927, 4.860242861919643, -2.051064651983756, -5.561123531518959, -0.48457717721090166, 9.1812837000872, 8.809480763103227, 9.689852646635813, -3.341046627129307, 6.741979251491699, 1.4086624888426544, -0.3782409661223422, 0.6841450711676227, 8.116515215838302, 1.4995545458588708, -1.3170096500066337, -2.0492050056599025, 6.4370226472945244, -8.941658509193783, -3.597992180109857, 6.214102445850919, -4.630523592572969, 7.365101545727059, -8.830829496528157, 9.6082395038503, -6.336187616742158, -9.121264752886008, 2.219017001616819, 8.28608080024585, -0.8733610982549561] : 0.0
0.23329538979258801 : 0.2514102770049681 : [0.8496712744461306, 5.215589156284832, -1.7021402428562102, -5.675091558524233, -0.4945557345314783, 9.510968452564285, 8.59315326789266, 9.583865979030861, -3.4555646150029706, 6.409220079285643, 1.4131023922470938, -0.4316416747806666, 0.5673940348943133, 8.035876201186047, 1.330465970576557, -1.8564001484262973, -2.5761989131897756, 6.626869001014937, -8.661820776707891, -3.3409722500645023, 6.0151092246237745, -4.455792042699205, 7.434816713372008, -8.921776048188038, 9.513188127152919, -6.289551972793997, -8.975067729846858, 2.020998406981977, 8.28148509320452, -0.7693956422719559] : 0.0
0.2880323358874799 : 0.17676477630746654 : [1.0021391307208787, 5.377057152498976, -1.5110380255940878, -5.301266394442926, 0.11095619731663216, 9.738914411937094, 8.914755438344262, 9.337549169975226, -3.4796317129022603, 6.248557962961227, 0.9609061639080805, -0.9051517785118457, 0.18364730284447747, 7.582451585942209, 0.8807222281240397, -1.775445704140008, -2.0147668061131077, 6.576174113904457, -8.752289961383317, -3.272099224381323, 6.053147013087705, -4.526059595838797, 7.272364782906048, -8.874281999660653, 9.587559079542189, -6.176052034893757, -8.871855951276935, 2.351643639019949, 8.248466662085416, -1.055434091135548] : 0.0
0.12591922245131837 : 0.06353002153776169 : [0.7302411589248603, 5.237598960351029, -1.669252858998545, -5.700281196790227, -0.22094913836491545, 9.210277178411285, 8.777665851356165, 9.795077680684845, -3.1524079932007822, 6.705965579774093, 1.54394667902626, -0.4101235336114312, 0.4871306485062799, 7.8991564325765795, 1.4073089396975433, -1.6231464457716926, -2.225078943635701, 6.606449219716398, -8.928512116362025, -3.491011563134455, 6.001340728004635, -4.456977236187453, 7.370513065740054, -8.949845103291418, 9.480195513674133, -6.3623401035713965, -9.095936939801245, 1.8887289673229772, 8.12298694465964, -1.0402297567039125] : 0.0
0.19946044510600025 : 0.10735531893788575 : [0.4381725127436946, 4.752838608483261, -2.0926082809818762, -5.771135229567874, -0.5451551214576245, 9.303670880749404, 8.760211454441736, 9.737559129544966, -3.0594208734676136, 6.767843847672428, 1.6216956181425393, -0.4601507534282413, 0.6256724383761801, 8.08161331586792, 1.4499642179665133, -1.3764614366021652, -2.1922317151257, 6.57759934619842, -8.997418165393402, -3.46211300160497, 6.191381828485381, -4.412216296617455, 7.415474588783434, -9.05227429157782, 9.569557340971693, -6.234855052983696, -8.93579118138599, 2.2063640676255085, 8.103809322362647, -1.0466210458548098] : 0.0
0.17153151632047203 : 0.08975389476248899 : [0.6461860755474433, 5.370857353185059, -1.6155377291215511, -5.533974904507311, -0.06844299495939407, 9.397079229746666, 8.848275660215705, 9.682019701506714, -3.3819652750034868, 6.495283886681187, 1.4470414898961224, -0.5405179954708654, 0.41729489467095066, 7.6585840554990465, 1.2411588130836182, -1.8981815218042926, -2.132942114607225, 6.414141066729043, -8.786724063959813, -3.365990774022265, 6.062704711684151, -4.411589864548972, 7.364255327089905, -8.831554528091306, 9.53017707691439, -6.302574083355332, -9.046481034267916, 2.0558283356757228, 8.048630480063615, -0.8311595157440719] : 0.0
1.083165814139468 : 0.35704177929592207 : [1.7706662982509094, 6.264202380320716, -0.8684695232872282, -4.506132916190938, 0.7870139574204245, 9.964757019970275, 8.729589153332594, 9.433472028181463, -3.8555946540788977, 5.859163794181872, 0.6299687887723511, -1.4696645010999307, -0.34220064258830707, 7.005588770265972, 0.20525604419637672, -1.167929425387753, -2.1664186924669186, 6.831077423673633, -8.8738760100447, -3.295792157434316, 6.013896995426238, -4.502727958423646, 7.331691050148448, -9.12704445368278, 9.364204370202362, -6.504923343096655, -9.22533301805738, 2.153114078099671, 8.203081505610179, -0.9125849098759753] : 0.0
0.5727432561102761 : 1.1801937565906204 : [0.21379165034636727, 4.448469177338102, -2.867833921793402, -6.222687684525042, -1.4116402383502609, 8.449371779831901, 7.971989183824097, 9.62977780062608, -3.7153150941000237, 6.673514746947004, 1.7775867145657154, -0.3626803559926354, 0.8020137008020181, 8.003784291747868, 1.6761935767346339, -1.3999845449512178, -1.9417820232613037, 6.608839612764399, -8.953126641948757, -3.13239298518892, 6.63622929317543, -4.11024676372339, 7.630060686376085, -8.696750795128192, 9.420799181598909, -6.1488500409341995, -8.588283451204344, 2.424279574912171, 8.553982030855547, -0.9351624947645516] : 0.0
0.17595807670868968 : 0.08860565183189814 : [0.7668327644275801, 5.1824243326985755, -1.7181264027235499, -5.5521703711693045, -0.24903743085016253, 9.435918859350577, 8.81566177669449, 9.601198035349896, -3.297097322258165, 6.682453374298327, 1.570434850342806, -0.6807601359472213, 0.6904287332804033, 8.052355550668668, 1.4830192457404272, -1.3441955388195863, -2.204915476543464, 6.510476694105864, -8.945771244253404, -3.3824495332770463, 6.089923708752442, -4.60998170098654, 7.269160426289572, -9.059856528319667, 9.348470258611368, -6.350845616901269, -9.18979782085726, 1.9418060280481186, 8.042539367558856, -0.9275834691066839] : 0.0
0.8106668405766992 : 26.21830643292146 : [0.6838370645108927, 3.8264254516707976, -3.67837677584454, -7.597416669087279, -0.6289868401409521, 8.228083087305606, 7.343207833429687, 5.829032602647976, -7.631280220168497, 2.848438933220321, -5.482733822646776, -6.27615890497305, -1.8769275554176978, 7.418861727400417, -2.0609279524587203, -2.19481041620825, -3.112632898823798, 7.085750757843444, -8.743822225787477, -3.6775393720488445, 4.847270726100431, -4.04252400764479, 6.917852282714442, -8.189652869841257, 8.925886740614606, -7.389752888338272, -8.324584785915292, 2.8243571990849294, 7.868458511611706, -3.4743847094571256] : 0.0
0.6548291537807709 : 0.26288032146869345 : [0.0039054067183085794, 4.2591730642781975, -2.5338250966217215, -6.184627006606903, -0.7478635114885633, 8.889046976994605, 8.395883258765943, 9.442409734383538, -3.3048254705888147, 7.018747487986996, 2.0025172213027633, -0.05217049810807875, 1.132413811482603, 8.448716612864331, 2.038545156454342, -0.8992867770793445, -2.1289186684156602, 6.383347520190026, -8.957046097665293, -3.2431538334461862, 6.191434289196191, -4.1941461558701185, 7.3895313359963675, -8.87012054138648, 9.704458384581834, -6.518381503584768, -9.086503412020518, 2.167814801422093, 8.24142191906915, -1.1534615351784832] : 0.0
0.5203418308375676 : 0.248847703548744 : [1.3397200550839852, 5.643065784931876, -1.1742685409016094, -5.088494501881543, 0.271046817321144, 9.81559286867762, 8.93860257856637, 9.838662308097572, -3.277619103630064, 6.3416233007763765, 0.9173510730357949, -1.3505769797682807, -0.32472253867876966, 6.9092773095409745, 0.2606764482403233, -1.5094670500344574, -1.8586312719839095, 6.673643784996138, -8.818965353397518, -3.4608254822169116, 6.194634398967793, -4.4698412893905575, 7.427726445632948, -8.549090321917781, 9.47438396757006, -6.578452848877354, -9.048073636795284, 2.1927366738940925, 8.211149229482071, -0.8953692329876156] : 0.0
0.35368330260705383 : 0.5805996413624978 : [0.7452824129939999, 5.492494797975546, -1.4244961838402717, -5.399440804652604, -0.17296152778509713, 9.714414818774392, 9.124117418519432, 9.342145588707549, -3.2522360402178725, 6.604798808074184, 1.1385045830708462, -0.7106736032200947, 0.2767559328499192, 7.736893103773828, 0.7587045586027327, -1.5177476374562162, -1.9130541628678612, 6.790849816024141, -9.355108512035958, -3.622804455844724, 6.331907148502505, -4.399156910645683, 7.5050575782488185, -9.415864090923357, 9.492958522296593, -6.2268861679844125, -9.13289951946378, 2.0861757456402206, 7.868107852043653, -0.700409614462064] : 0.0
0.18638169858593923 : 0.17465183259262798 : [0.657829661707576, 5.370517634348056, -1.5998424939321079, -5.741487370187931, -0.16003243020803654, 9.480352790073937, 8.503852758052615, 9.555193786542084, -3.389471724610156, 6.540465104076369, 1.502127260908554, -0.6478041437159732, 0.7242082533243178, 8.106324122106582, 1.4679695082478008, -1.9611399617501117, -2.120259703101068, 6.49834968216941, -8.754410040091063, -3.3765246144630856, 6.230595962536756, -4.531202043949071, 7.005268486590165, -8.849472609538386, 9.515859768109229, -6.36840852485519, -9.170337790479458, 2.1976261458755535, 8.211502410031596, -0.9676404052132322] : 0.0
0.6523252317832 : 1.6606306931363188 : [1.0303515863586443, 5.288893708655204, -1.7839503267540542, -5.6275232651282225, -0.8512980392635159, 8.83455037489394, 9.13744713161106, 10.313269235859202, -3.3640083104710734, 5.750937462967222, 0.5619878629175387, -1.1279657298766348, -0.4008558664356187, 8.506768895652733, 1.8924657970947831, -1.9585806677920898, -2.459047519391677, 6.933939376869841, -8.838767940893746, -3.569200372661194, 6.138266903489784, -4.18874022785971, 7.389246533349557, -8.337938542892465, 9.838927392434933, -6.2851418270824695, -8.705911779773922, 2.6850650332373087, 8.249567420389845, -1.1700676441114393] : 0.0
0.3266615237892021 : 0.2045974587070643 : [0.5257424709901967, 5.031467541021601, -2.2611110956912945, -5.818315581214977, -0.4883481715116596, 9.033627425727715, 8.687485763841151, 9.61770033800622, -3.2525289364534853, 6.760528666617192, 1.5878179075821468, -0.18256415485616945, 0.8097330424626712, 8.147916164256195, 1.7103775264627732, -1.7557174656346786, -1.9975971661111527, 6.395769451384504, -8.898815898931383, -3.572564131103957, 6.078572473427068, -4.599557446373149, 7.452209945851399, -8.692696991986441, 9.438944423416915, -6.091377925031124, -9.178833762241801, 2.216130144492068, 8.184076761453834, -0.9922875299529101] : 0.0
0.32743279799531644 : 0.2434472295296558 : [1.1476351517232204, 5.539100047784876, -1.6178076502111338, -5.356560839124454, 0.10985009339899224, 9.508606572708253, 8.613772309767985, 9.5708150845991, -3.340454206927396, 6.517093296450506, 1.3065275315724678, -0.6460127441472553, 0.442956252354452, 7.519815965048833, 1.3529685847687847, -1.4017497021969205, -2.0720839824801436, 6.712246860269548, -8.782333600432974, -3.353544590773107, 6.075505841572315, -4.650334807713948, 6.9991455809041465, -8.900846517551944, 9.562186410511924, -6.530652967063616, -9.07527449838516, 2.0973917847178596, 7.996267712598916, -1.0822908661551849] : 0.0
0.3094541810664362 : 0.3312187979934441 : [0.5901669874002814, 4.807911591810359, -2.091604714653124, -5.942991590595006, -0.5128634954896585, 9.319305415815256, 8.785322868533035, 9.362862501856497, -3.386841640651509, 6.727788274932919, 1.696608577814018, -0.21281354361251337, 0.6630940507433684, 8.155375678302745, 1.6656753156263062, -1.2380109646806, -1.9572832844084789, 6.514764972927542, -8.93352267364897, -3.66129115822216, 6.161622902375068, -4.387588211569693, 7.327487709551189, -8.838424189133256, 9.368587137143049, -6.564120103403653, -9.03254292703354, 2.0263397539344465, 8.109897642685226, -1.24577049714094] : 0.0
0.26235150215959013 : 0.1654028789968931 : [0.20256953990736415, 4.805607044530353, -1.96988361383176, -5.979595260932469, -0.26666332907783297, 9.312094844120363, 8.581518210038706, 9.538659404621447, -3.1189050516889747, 6.8976980178750775, 1.696625920158652, -0.25437571504583045, 0.8112829306207544, 8.182293925680233, 1.5409672002709567, -1.2686412737022823, -2.1582722081030927, 6.550490907069403, -8.990057490595248, -3.3438402153891875, 5.953680939472269, -4.564122170496338, 7.325168881201064, -9.098460639215928, 9.648806269965215, -6.155021846248022, -8.888735059427683, 2.1745762554641197, 8.083839601065666, -1.104306195271716] : 0.0
0.5467137656839771 : 2.3084590144982293 : [1.0592558697782777, 5.071779124046132, -1.5062027720753042, -5.0957545870798775, -0.18894538747628137, 8.793506242839587, 8.243085289023915, 9.13550669311819, -3.575428469759372, 5.518513988595489, -0.08511785419393089, -2.1798739821302604, -0.8544459168589894, 6.628430253916759, 0.2978374661090726, -1.1351244969083654, -2.5115273602371984, 6.986839233853445, -8.359080398571262, -2.989215919536954, 6.610199802749131, -4.7079953050940375, 7.302436219363245, -8.536416263140959, 9.736977406476191, -6.136498098181932, -8.830340807889623, 2.303245526845271, 7.79634879778608, -0.610186180741785] : 0.0
0.22265695043154832 : 0.2712971991994046 : [0.5938681974836709, 5.424619419979396, -1.5228758872703558, -5.829378319180554, -0.2445176770353717, 9.320375677897353, 8.736709636899665, 9.520999678370485, -3.3396275710558436, 6.7218881541688935, 1.3223761430813026, -0.5834628509177351, 0.3644172113104802, 8.100504553059828, 1.5316764506615266, -1.524969665122672, -2.3152711328690296, 6.583888137625126, -8.897547062378719, -3.404882589894691, 6.272192753771851, -4.293195162310742, 7.420933923566652, -9.074882684587768, 9.33294923685912, -6.255870606910096, -9.192851833565308, 1.6784245706541843, 8.231909327508417, -0.8973582752418636] : 0.0
0.6204268607593777 : 0.6638890989570254 : [0.1417627301308404, 4.3615013259266675, -2.7935165075750907, -6.8895210305228565, -0.925051875569122, 8.574415793426828, 8.170145364212047, 9.361080220674785, -3.7202808888966254, 6.720412292369561, 1.4349810121275652, -0.1768143602471634, 0.9502359337603503, 8.54036928428002, 1.4922362360098393, -1.0245564001273229, -1.8942650364927343, 6.991148720358012, -8.275996555319733, -3.2535971828986074, 6.317326582368786, -4.364325269268262, 7.887782515918264, -8.81793954390346, 9.60590476165836, -6.25609574498557, -8.65812717623249, 2.6947823154220805, 8.66533694498821, -0.709525921667576] : 0.0
