Fitness : Violation : Position : Miscellaneous
13253.358906419997 : 0.005280689626117119 : [13.05494986968015, 1.6498368210444987, 5.478582673053973, 7.570403704915963, 14.996243314889481, 30.17813490747854, -19.629714066840265, 0.5892602537515961, -19.729351927184112, -8.940157601769528, 18.27607052507276, -16.614672481367847, -11.683990980197734, -18.330377898034477, -15.256326815112637, 5.423532510805671, -15.601889624831003, -24.581661688379288, 0.22347049860542112, 26.49430788373122, 29.52355932643767, 33.076870540451985, -12.554351193794075, 2.264724674236252, -19.43757850033795, 5.651525892013119, 21.013728690979605, -7.833017247980996, 14.277359201115154, -5.935522878221997] : 0.0
16849.347587889428 : 0.03969728471681317 : [-1.7629919701197165, 25.171213474131342, -17.5165094489419, 6.652261395868502, 23.12884691209619, -9.090634344597511, 25.216037273692777, -11.17545248082942, 8.90121627117193, 7.90007885878236, -20.12675816892643, 18.40751331410078, -32.44401350922201, -17.354868826998413, 9.926774064829585, 19.414742077633665, 21.780384419286218, 23.35296627990965, 26.606772787870796, 44.0488940929613, 7.136702756621404, 3.6898548344985596, -2.4363307595882695, -22.369321247317842, -9.780815158345346, -21.227889415818442, -36.27735582024849, -34.3673551520337, -40.90013927696056, -15.639526204808032] : 0.0
14249.689781173523 : 0.01757324038953539 : [-12.109858348382012, 1.8369422360225123, 11.005465807907838, -1.8000750011476825, -14.191080305517865, -6.83859421621009, -5.201604910259525, 4.444932113197041, 0.43641358965872, 21.35619109976845, -5.0516799945727655, -9.281781816561578, -19.7974488997893, -2.5935814465063167, 5.463046838004459, -3.9835421772486743, -24.291961359788814, 35.21201011072344, 7.4682360004964945, -18.952519472806358, -8.231685013626368, -0.8371490269605353, -4.95172240777625, -4.1202608671579934, -41.093606974236096, 14.623521655097303, 13.215752196767248, -18.526288798368142, -10.223171679064981, 17.648108975388304] : 0.0
13950.538041118109 : 0.010932081600509775 : [7.74386086159128, -8.172391993378328, -29.184847437685036, -20.218397617586344, -17.55226155552854, -5.47090946685843, 0.6499823043945598, -10.59965262442186, -37.29418599244085, -8.317232096570198, 37.39299910238588, 14.870556468007077, 2.7508174824405347, -31.296958961937936, -4.421944093046285, 36.441783304068096, 25.9194550907411, 13.526372948365598, -9.816110076341186, 11.760410802276674, 19.445138240416142, -8.578957487008061, 8.147181961544435, 16.511204332137467, 49.231384185903735, 27.39571702570148, 36.88133961151766, 6.318832505752474, -10.059633709968953, 0.2988664959898699] : 0.0
13400.124792410174 : 0.0023405533847684827 : [-15.216893349049073, -39.312129318192255, -47.900167481131504, 5.407464223289507, -12.181885692064377, -11.488791670353582, 13.053850356793152, 7.931420008281816, -0.22666229342432942, -2.0696128418034725, 2.0859494441164905, -31.961094029256195, 8.380444503031406, -6.5974825229417355, 10.408397990120568, -1.2033082174488428, -0.049445971569543445, -2.572049900671235, -29.055401572701083, -28.166331596762113, -2.8196719272705923, -43.884932119832, -1.7501557637464558, 14.208466261611568, 5.126467137161153, -1.1951814468388804, 17.872516312819016, 19.058755005353092, -3.8265501368150687, 2.366077669254505] : 0.0
15835.643019013563 : 0.023623262033441665 : [-25.619793676911907, -6.132781197133969, 11.348326465031597, 28.804174894087723, 2.7515522143556552, -8.679268788241469, -31.631880278672458, -7.657683173348687, -13.018844250766636, -14.902577404813321, -8.94986402935227, -33.73670272152627, 31.43315594126139, 44.98696060951581, 43.90166714484343, -11.847559301116497, -0.9827232931654954, -13.10358645996467, -0.8374876758161136, -19.173398222693173, -34.69718695665669, 2.550670559976208, 27.35338338803274, 30.915019831034602, 4.102739315342966, -3.847776913272863, -4.694888895104864, 26.433599473242836, 16.552869825843793, 36.34192816937782] : 0.0
10065.895615904761 : 0.011401733297647761 : [-25.372911054510574, -7.83916158097443, -2.283557798120137, 2.4232143073198937, -28.789760938247674, 18.091958482465152, 13.39368902864907, 19.508213847250694, 27.24054635227549, 11.606620775901558, -16.76461258172309, -12.855969505852535, 8.007449479817133, -16.073058940709796, -1.2453563597220558, 1.2612798063662858, -26.528806564225754, 3.41412383635417, -8.184991234703263, 1.004153805382737, 0.6391679361305851, -9.582226567577733, 10.037889931782502, 9.49345979514256, 10.233225588303029, -6.556657612741841, 23.25122452245632, 13.277293741588828, -2.1788790695749363, 3.796088056791976] : 0.0
13344.35109694645 : 0.2189822764684283 : [-3.8697941509954923, 5.985657795055978, 34.47485916133462, 13.541329058408534, -26.388039959585313, -12.18224230180458, -22.18931676382326, 31.086173590841973, 25.348782033708265, -6.621440194909315, -3.643568440169677, -0.6783218347034072, 4.044276210567311, -30.54683205512859, -11.76113750540075, 2.973753592582901, -8.62814370311412, 26.94900293729789, 9.801981045983673, 35.01545496340428, 40.55664770171356, 5.839361893831352, 0.872251313082191, 14.719162402082546, 0.31583083429249115, -20.61461521765976, -13.675537053615056, 1.219823970631996, 4.21426261627898, 1.860781548564093] : 0.0
12916.96756142396 : 0.005593253305416934 : [23.426353649134988, 9.665607633772042, -2.0000669283382075, -18.76029619010771, -16.8445081094142, 27.137931941359533, 25.66126469126877, 28.637119518371087, -0.2991158471572497, -10.552447184774017, -19.598011452940195, -5.003556082635296, 30.24050999428989, 47.184604515813305, 11.044831895449903, 16.68764947270571, 6.609938955085312, 34.03226045465868, -2.1008673341349215, 6.246973487843102, -1.0698188424940263, -9.714003597147045, -26.376283598071982, 1.9645586426633699, -13.748916991067672, -24.34032413572446, -40.63415893522411, 1.463429628214215, -14.756985337594429, 3.82030555528204] : 0.0
14324.498286760048 : 0.037768166841246696 : [6.295997324008809, 22.65132718978564, -7.000543472779506, 22.741542036038524, 27.54615055667938, 15.526479941604673, -2.1010905983387893, 11.428599676368176, -18.7488434258959, 8.483088060065722, -18.211373281565045, -27.454630542574883, -19.064545061037983, -0.46904514656985086, 3.746383772339593, -25.533850839885368, -38.749936069728996, -32.28771165594275, -23.090873215575, 2.106578444329754, 23.979501074003096, 9.226324248671258, 44.0247202589997, -13.782909811461394, 10.47665951417881, 12.33970385597212, 27.396118578895333, 29.70524779030237, 6.713124408676222, 31.097925880453527] : 0.0
10428.866886611971 : 0.0011951945211802022 : [-1.4691369822517544, 1.6256890592873603, 18.093353012863954, 29.860083915561276, 21.074877643907712, 40.80938933467602, 18.038736240026633, 9.06666457926083, -1.9884447389894717, -26.165018767646483, -8.271072424863767, -16.719356364704645, 0.05430471187726286, -9.388370226535198, -5.5528413300902955, 29.936143649824537, 43.84711399822998, -5.377249833068846, -11.12044744923391, -31.635973576571395, -18.650779449044453, -35.93073287787619, -24.634514176690235, 5.1671514750446885, 32.88812367848687, 6.587911226304042, 9.480395977915903, -5.2417325511972095, -7.682405117407214, -9.329842520869583] : 0.0
14013.515979659212 : 0.0043790419143509484 : [45.99889716802768, 37.23684233267047, 40.13874977241755, 7.461498003109317, 38.47698725367303, -2.1640157603211385, -20.79414693520244, 10.331757400046412, 32.03034945567793, 24.2551334342016, 12.873557516392559, 11.09399106901645, 27.357754064938632, 9.281333976731617, -15.242762393797607, -28.183578363272005, -8.890097001174723, 13.038590669324723, 17.07164839579591, 34.03169049358481, 14.299150342360246, -21.190429315254097, -12.02271352340745, 13.970569859889988, -0.5742434187262084, -22.87398815224175, -34.20525242519373, -10.432892206870111, 33.40557419936838, 12.0585854103667] : 0.0
13046.044959757948 : 0.003013127502531532 : [38.13708125905046, -4.210026053928325, -11.339342198304564, 0.06708748529545971, 9.00871784735681, 14.603849652216502, 20.987873941471676, 17.892923455084297, 47.66685869971073, 26.333666853133227, -18.571483603589932, -11.533666577807812, -1.7880306330608704, -1.3295870326484387, -24.61759080548595, -12.416142843909812, -34.355011682810456, 6.319709388067757, -12.33185215292248, -9.997348541860593, -8.824841456095514, 21.721045398351734, -2.183820570312845, 1.1394481822286893, -15.764204192039934, -9.888655290516287, 4.471192122834914, -6.9474387972755665, -18.21779734435639, 24.043623222039066] : 0.0
12190.243628803455 : 0.011276940707880812 : [-22.186100724747796, 27.95891792646563, 13.487596815492587, 13.113686737403702, 18.289845454527843, 8.876253312006522, 8.008847309903913, -11.52654713443134, -20.763238776365107, 47.47274223815352, 37.461089112731656, 18.38280074434536, -12.308571747463557, -19.30495729043728, -26.50024370947236, -18.999802501113443, -34.56459146963318, -11.814632518844375, -13.46401567561546, 17.95999771222479, 18.58800063860975, -2.9096480121897734, -0.7352028553399644, 13.515572115471802, 1.8075263115961508, -8.136134130764137, -10.878658738583901, 4.316374458016568, 16.983173691066245, 25.00430669642736] : 0.0
14041.83858951614 : 0.04673395174687674 : [2.836275178139064, -2.1869530596320246, -6.912486074657061, 4.014501254412771, -10.898504652177898, -25.886580848440236, -20.68170731396607, -7.002567124281942, 16.757084540573945, 15.433321910581865, 21.662923304596397, 29.130112350310753, 47.47676623642159, 21.27031493677237, 13.930778167598575, 24.48306212229265, 47.93933557031848, -0.9505626525978306, 7.195472998174015, -16.371850346855496, -26.739787623643966, -20.32326602831535, -14.364488843469505, 4.593597045460811, -35.2264080955659, 23.630661275386146, 2.5274635407074726, 10.327241454727478, -0.7331408170080032, -44.45038523951899] : 0.0
13805.81040291191 : 0.008043745679058568 : [-39.51089358357373, -36.053033616308156, -24.497361002630672, 2.3518968865923657, 4.064509559157612, 6.441025407120199, 25.378118943118906, -9.668893862936642, -5.66467625043922, 4.390185216397594, 11.32474661363505, -28.87774780898913, -13.107376877103249, 18.601244344480833, -4.406404587220365, -6.992633139548545, -4.905133726579036, 17.95230122449393, 7.320616698871362, 48.90342729384806, 11.583583393774063, 8.963669259323172, 18.86075875677779, 21.23254435764688, 3.9781104836315913, 18.733964021888703, 43.82005617113724, 9.1029249320286, -17.221919464497415, -44.04809171304808] : 0.0
16410.609322479322 : 0.03621867409584282 : [28.028762930580502, 6.654792265400381, -0.7905417328362319, -37.535818726600475, 0.7025356046139761, -14.34258463836887, -0.39166889591330545, -23.05249046017429, -13.02562258972934, 29.083795063456034, -3.9736806623158216, -16.246420381225953, -40.60153244240498, 11.95946685163087, 36.27051428604907, 11.385346509926817, -0.022611333392527203, -9.162409595415681, -3.2172003894381747, 2.3506385573731787, 39.82004874723434, 39.413902751605605, 10.11961251812853, 0.7129335014385898, 7.952018978010961, -8.740685810891065, -14.112846634270493, 10.87538991140893, 8.46358256318143, 4.570169800637773] : 0.0
14111.564725866174 : 0.003560145254757019 : [-29.509409146050633, -11.476669888581634, 20.162416104352623, 42.74761299643888, 0.6845080858961374, 9.546982904535477, -16.220515830301835, -25.84414964962535, -1.7730365754143111, -19.437507150459, -29.66040318470558, -8.189804266572207, 12.626932129860759, 10.589233080171566, -1.1087937425859753, -10.973819668840932, 27.33723606189967, 42.22449541155481, 18.141700542301926, 14.272927668088283, 27.259579372109926, 33.6722531022534, 44.81441433691866, 20.684984689193957, -1.0646172325020657, -2.5655395764273234, -39.93353309771635, -19.113438895794843, -5.137169525729513, 41.4471018439543] : 0.0
12592.84316421874 : 0.020162739514480946 : [-2.500412758224602, -17.09099511827961, -11.764981178972812, 32.52037430331619, -19.642900253545687, -0.6838910417129167, 37.2402214919195, 8.016312995945512, 19.777776558683623, 11.25425528401058, 22.371204317074657, 17.58347690384204, -17.742067857389653, -10.69445445950555, -8.145202593852161, 12.496019644793044, 0.9800594584741731, 2.361364011628286, -6.656035971237143, -5.063709190065477, -13.589003806376375, -21.19792106664507, -4.805843171287141, 10.713291659328341, 5.588401619412256, -17.989864492125502, 7.650587447159044, 4.83584491416843, 14.654484006989929, 11.553429926651349] : 0.0
14295.087271584072 : 7.910619418667479E-4 : [-26.137820595534333, -7.6169742262499796, -31.735233268180288, 14.193630887587204, -30.263727610994255, -33.95338412850094, 16.977898131223412, 16.847658505147415, 33.73513345725073, 28.27821318079089, 38.89987685446991, 11.877427631129448, 34.57732045852308, -18.540391742548863, -9.465726216428932, -12.479484339019038, -1.7959704578707827, -2.5362559153883986, 21.100010805280256, 12.741404421708026, 1.8105178026649469, -5.2622987758767525, -2.2502926756521866, -18.35509517466481, -31.81384731802541, -31.41947310678251, -4.3307223817076395, 1.1206219148836745, -6.791289979544548, -8.908825234772339] : 0.0
14198.412191264215 : 0.4380912479675195 : [-46.99866874160794, -41.26449053861655, -27.66299230423593, 1.5762508450855002, 19.549814028559638, -2.639272562997931, -7.109422404324455, -17.77936768387915, -5.924541900679952, 14.63311118050958, -12.908495738789458, 5.084934979433211, -25.08786897381253, 17.37402167250182, -23.3024751242735, -2.95873747747876, -17.65828179225798, -20.884786635095825, -4.4017748274693815, 2.796640757544907, -23.65701849952969, -0.39483491410600635, 7.642242412424601, 28.845260335440152, 27.915545291020493, -12.38318534307807, -5.658516587731379, 23.82535507056253, 2.3998695073791056, 1.2807575424222826] : 0.0
16816.494395266494 : 0.005771110098448448 : [0.8264582441987756, -6.795664416270423, 10.60114501288339, -13.910895472785528, 1.635586992395686, 22.84092697457208, 35.86336657673506, -12.825198882453408, -9.497166330858523, 1.1014389748173508, -1.4287274258027551, -43.569200728617574, -34.45850232698661, -14.66954020572949, -10.254483864091647, -38.29162677158811, 12.534582426182592, 30.73348376865342, 6.600428501796035, 12.899726775092644, -3.484355866517543, 46.8588894569464, 21.302853575268642, 18.088909319913235, -22.99153866709639, -11.964014065166836, -17.003153279948258, -4.265469113559735, 1.2294111854565983, -12.470885053441169] : 0.0
11982.668375069376 : 0.030419879140946602 : [12.095700682070495, 15.067667450076907, 28.09457842030407, -0.7621147802627561, -14.77060708901445, 2.117203209935152, -10.928331062426826, -10.253932053862972, 0.05796527397972076, 18.701589283769458, -8.998628813309107, -9.909169955178545, -46.73519643438974, -23.759394961350587, -12.638120653954633, -23.448181524860082, 12.786111773469237, -6.84626891905296, -25.07584122462457, -26.722687146211435, 12.053112685285114, 17.928516594318474, -20.686957426094203, 8.733458069444318, 0.36902326493797943, 10.651794563032666, 19.445698724780364, -1.9970746597237579, -12.308236479456871, 1.6251295174414366] : 0.0
12659.521931822697 : 0.0353215060720211 : [-25.275839916656984, -10.415749309216631, -2.1319461133696507, -6.320897105119151, 26.604017463359767, 21.205063487423043, 8.737326566847297, -7.786760672274708, 15.177795856217418, 46.50924023181237, 7.921358566908808, -21.23882269702301, -6.881458716322561, -10.134321485211018, 3.296271025447045, 7.0935149804763835, 17.087559013467654, 20.374844918205667, -11.721846803558982, -32.70871990412276, -40.09074511773265, -12.298563472194518, -30.641480270057745, 0.396611774028921, 32.951207927324894, 19.733483718587976, -6.413168609444028, -0.6168583840094541, 2.38395631681374, -29.33890763221619] : 0.0
12357.998969101674 : 0.00625776167018944 : [-4.846489708589871, 0.39442179513270226, -28.03407611119559, -26.359505571481474, -3.2452238131795497, 1.634296910916735, -26.27070576917644, -0.6194582414053853, 21.384057338556715, 27.845880570708427, 25.03191912267804, 14.314534325741953, -14.459120531388749, 2.5231330079692142, 2.012086092234476, -22.07475438957064, 12.666679524855432, -9.672093781264994, -38.33980585906428, 24.67930691550901, 7.185200407903954, -3.151431251589779, -1.340073651666077, 10.888657449151497, 8.737756633113095, 26.42609888352309, 1.9584307709364657, -6.8293095690142405, -9.360418353268386, -15.357581698301889] : 0.0
14603.995612762808 : 0.37199719539364656 : [-12.77197649007982, -6.345662142801231, -26.13029019482246, 3.9529695394598647, 18.568242897166616, 19.74400680522158, 35.53879098850636, -12.397141706132786, 21.053440720670764, -4.009411484853043, -21.40118486877276, 7.427590301157369, -6.139752970326475, -24.64718741881877, -2.7385199047062976, 4.012970776888757, -10.478907865077545, -21.409008221511755, -39.710591285457966, -21.067108891702123, -0.19159590946844673, 21.830143345510706, 2.606325321991264, 23.218563805823607, 11.003836394114757, 34.47388297088261, -4.781875098331145, -15.83722195770813, -1.226656070286495, -35.794703114717244] : 0.0
14960.706021939666 : 0.0076958792990869836 : [23.77856204439076, -11.508229974408888, -33.06178243761746, -20.149341783680658, 40.682281756222594, 22.73514200518994, -2.6632909517406365, 18.332299093290416, 23.703372043029432, 31.247564680264844, 17.274467677826863, 21.72034272679238, -7.040009217823201, -27.126848971237624, -3.8723582061719135, -23.51975828583841, -3.524296689263508, 15.756491075627892, -20.8878690788404, -6.1617224452994535, -13.281270135342, -30.76311828549555, -36.63726832883768, -11.61092000489879, -5.495388433679081, -27.1546621492316, 3.9743594188428872, -11.416871211996423, 14.345271975062992, -8.475614595157328] : 0.0
15676.911622636937 : 0.007307645243811104 : [-11.995280948718783, -2.0189641896831834, 3.5140109622833413, 13.742034991640626, 2.440465406548717, 15.660349168653811, 9.46090093694838, -38.69707952340681, -1.2736740037294183, -0.534445491005652, 25.97303362534837, -19.42839106258797, -10.855385584657348, -38.7687445770776, -7.674793188364774, 2.5570613014793873, 7.710750515468128, 27.447352499624074, 43.31996389292652, 19.221647253060226, 1.5543104407027997, -13.1727567022815, -21.086714871053566, 7.508942863369331, -2.9032660689873246, 8.023213238878737, -33.216302493350454, 9.2666797555082, 14.03021894472427, -2.8724951805882473] : 0.0
16402.160568524592 : 0.051831188555044636 : [-23.78806321878256, -14.403859792757835, -29.667729163956405, 15.29449609093663, -26.828023825979304, -47.2792733439535, -13.525395764787035, -2.5100684318096835, 17.60323605165896, -12.297659797288258, 7.066575923849098, -5.574793298569734, -33.30835556831772, -13.225358782408026, -0.029955969456914033, 19.018238188849214, -9.425121452250522, 3.2655040909325734, 9.355485065576877, -18.556167844341324, -8.54868703768485, -11.210451334097133, -29.951889660364273, -48.241158932339935, -0.5466546116599886, -16.429104378865997, 8.473642884745733, 23.817210654333632, 16.411477250097825, 3.509733501952965] : 0.0
16444.162435226146 : 0.0031558296993280167 : [44.38686015404393, 25.851093780360372, 24.695406270576598, 4.963116708998264, 13.158790780312989, 37.535088976103985, 23.20414564294243, 6.239906273542893, 28.30558134090857, -28.869097942281748, -32.734894991521465, -20.242492186685773, -10.283560806195268, 4.632055751438886, -6.10615777869404, -7.239684800529728, 1.3687297338196007, 3.7964057591806046, -11.588093943131529, 31.307860883506073, -6.404436811819968, 4.367792054881324, -21.277694295678653, 13.380455560276562, 10.425364977500816, -18.954095978982057, 3.730193066422654, -15.147664779930977, 35.00069763853659, 38.06578359644549] : 0.0
