Fitness : Violation : Position : Miscellaneous
2100.0000319407964 : 0.44458038469683975 : [100.00001804270948, 1000.0000023355481, 1000.0000115625389, 159.5224431027625, 424.4556901331871, 596.0205258554463, 490.8197517314445, 613.3799290212714] : 0.0
2100.0000122452334 : 0.4444820052738532 : [100.00000587301176, 1000.0000024192645, 1000.000003952957, 159.43784338806506, 424.4412771587548, 595.8548695883824, 490.74582306227694, 613.3699878707132] : 0.0
2100.000030489792 : 0.44477256411813 : [100.0000026970286, 1000.0000197100719, 1000.0000080826917, 159.26065698300584, 424.4902947548644, 596.0433881405426, 491.19039957164387, 613.4228126089797] : 0.0
2100.000011828867 : 0.444541092592611 : [100.00000126568554, 1000.000000026902, 1000.0000105362799, 159.52913834169266, 424.4505894086499, 596.1460513118418, 490.6871817309169, 613.3542893513643] : 0.0
2100.0000118771864 : 0.44450490157516903 : [100.00000149580663, 1000.0000083383283, 1000.0000020430514, 159.36595551931393, 424.46660485231143, 595.9220162307399, 490.8311946747368, 613.3645918579658] : 0.0
2100.0000194655595 : 0.4444839048263675 : [100.0000063295245, 1000.0000097739256, 1000.000003362109, 159.5019596325286, 424.4265812617468, 595.8535085266567, 490.74493262821454, 613.3606685534128] : 0.0
2100.0000317776066 : 0.44466732907505113 : [100.0000160810761, 1000.0000132038278, 1000.0000024927027, 159.47146943302587, 424.44851216902407, 596.0876694428267, 490.88951512847416, 613.3924854289735] : 0.0
2100.000010916471 : 0.4445728305696062 : [100.00000258271953, 1000.0000009242362, 1000.0000074095151, 159.47869778846797, 424.4288841105473, 595.8979434878455, 490.67313166154, 613.4225926373279] : 0.0
2100.000034841307 : 0.4445617603194562 : [100.00000031156682, 1000.0000319855151, 1000.0000025442248, 159.48895294636554, 424.47158105368095, 596.0815279286448, 490.7860195625957, 613.3738551091243] : 0.0
2100.0000195215594 : 0.4442169953928968 : [100.00000511020818, 1000.0000008135528, 1000.0000135977984, 159.37459984977153, 424.471589391356, 595.1888663516881, 490.7740128987367, 613.3931694666488] : 0.0
2100.000020015344 : 0.44486346651910386 : [100.00000297350404, 1000.0000047998078, 1000.0000122420323, 159.36625402265514, 424.4476221757402, 596.3317080455447, 491.0852141423789, 613.3995659962866] : 0.0
2100.000027494408 : 0.4444672174776058 : [100.00000378835, 1000.0000213566053, 1000.0000023494529, 159.51322286648633, 424.51720386822126, 595.9952152615272, 490.83624926638845, 613.3603672557505] : 0.0
2100.0000219543335 : 0.4445413563001524 : [100.00000242660778, 1000.0000004026501, 1000.0000191250754, 159.53203389391354, 424.47163503476236, 596.1392165459854, 490.7341969950888, 613.3601866708947] : 0.0
2100.0000386969814 : 0.44465510475947284 : [100.00001494525354, 1000.0000032267335, 1000.0000205249944, 159.45104840450344, 424.48403126625846, 596.0535230834116, 490.81443705914467, 613.4390962697385] : 0.0
2100.0000228899553 : 0.4445610964987095 : [100.00000830137964, 1000.0000106222199, 1000.000003966356, 159.51180938226204, 424.4481170658253, 596.1366508033925, 490.79137298505566, 613.3407397514826] : 0.0
2100.0000116403126 : 0.5626990713405472 : [100.00000541804302, 1000.0000037203831, 1000.0000025018865, 159.53838421060757, 424.46718645991916, 596.1447919189025, 490.75614466178774, 613.3575055273225] : 0.0
2100.0000342739804 : 0.44448746665953887 : [100.00001155734324, 1000.0000206439875, 1000.00000207265, 159.43361532481282, 424.4693475773819, 596.0520332174415, 490.74238508023564, 613.3458861043405] : 0.0
2100.0000412696386 : 0.4441653328579396 : [100.00002452959662, 1000.0000068820135, 1000.0000098580285, 159.45851146524058, 424.49501469690546, 595.6379655141607, 490.7574700379762, 613.2716018494086] : 0.0
2100.0000169458035 : 0.44463488257153155 : [100.00000032196849, 1000.0000039478047, 1000.0000126760302, 159.51858342507344, 424.4483555028736, 596.2337908035126, 490.78863777533013, 613.3615890253634] : 0.0
2100.0000422801413 : 0.44482927791132737 : [100.0000289940603, 1000.000003368868, 1000.000009917213, 159.50142659143273, 424.5239540964634, 596.2417111725792, 490.8845194816982, 613.5089746555745] : 0.0
2100.000043732417 : 0.44440751574178955 : [100.00000968789332, 1000.0000256207684, 1000.0000084237555, 159.40439080146888, 424.4580511563165, 595.6856778336714, 490.8103423146189, 613.3640427752385] : 0.0
2100.0000149039856 : 0.4445389259020434 : [100.00000281075414, 1000.0000080581272, 1000.0000040351044, 159.4914330219387, 424.4719698280236, 596.2561876686793, 490.7853496024112, 613.3169485944711] : 0.0
2100.0000187100122 : 0.44450105686188657 : [100.00000261761016, 1000.0000118498313, 1000.0000042425708, 159.5112517249652, 424.4545018386787, 596.029466715158, 490.6929309146051, 613.3609110887002] : 0.0
2100.000025879749 : 0.5736629927367569 : [100.00000042171482, 1000.0000190638482, 1000.0000063941864, 159.4848039338512, 424.5155337729257, 595.6976403356122, 490.8477566160003, 613.3159669463197] : 0.0
2100.0000188278145 : 0.4453410177605841 : [100.00000129395531, 1000.000007684142, 1000.0000098497171, 159.38974802537922, 424.6535324925794, 596.8218746905313, 491.0709208308255, 613.7215611454458] : 0.0
2100.0000168645706 : 0.4445232560881133 : [100.00000449231757, 1000.0000087234796, 1000.0000036487734, 159.47416209328375, 424.44017913347557, 596.0992280052933, 490.69409456789725, 613.345757359677] : 0.0
2100.0000513285577 : 0.4445247993297427 : [100.00000142309312, 1000.0000116352439, 1000.0000382702206, 159.48660433441188, 424.46777516854866, 596.189089375411, 490.7611884277212, 613.3281415234741] : 0.0
2100.0000567288225 : 0.44446298149555546 : [100.00000969975203, 1000.0000326282211, 1000.0000144008494, 159.5087843659797, 424.4494315368247, 595.9552902400458, 490.70963669686125, 613.3486308157251] : 0.0
2100.000019460848 : 0.4446624225902376 : [100.00000733844789, 1000.0000086815498, 1000.0000034408503, 159.53898681793572, 424.47667010303394, 596.2947822102311, 490.8777638211607, 613.36181962357] : 0.0
2100.0000160084087 : 0.4445696006995279 : [100.00001364757446, 1000.0000014863722, 1000.0000008744622, 159.45308048641004, 424.4791616930984, 595.7783415092558, 490.8598999261832, 613.4415713306807] : 0.0
