Fitness : Violation : Position : Miscellaneous
385.62683300986913 : 18.278619161250603 : [335.3110786285789, -465.2913994056248, 255.3654303037892, 37.12020982019567, -312.06760889996707, -515.5998416376907, 376.4359706517083, -282.23652998782944, 8.901883392730639, -3.5811351963930917, -372.11292886300475, -543.9788958934589, -460.15694382771034, -222.63130678823885, -446.86236004004707, 275.664805459607, -342.49268158185106, -176.50430966845641, -364.4084564949459, -139.69049443080053, 154.30953687028784, -328.2128237434488, -539.5792035887581, 19.74557025754911, -95.07548660353643, 190.80084964296202, -390.6031446695228, 147.6471603093354, -477.0573308494935, -181.0177990162998] : 0.0
359.21035581627075 : 8.992220580217193 : [267.9320091214655, -254.18142929179584, 60.51316935755108, -149.48856896898215, -584.4784690973012, 81.77284882788747, -187.818018343546, -369.97893293302326, -1.9167729437933332, -146.36510524675094, 230.85216412135014, 157.78505151538113, -87.09946877033337, -171.92671394738028, 198.7843224575619, 178.7494168730206, 208.63688117514073, -14.461427642180581, -416.1182233292708, -388.82840190934274, -152.4837050439141, -35.54585065734126, -26.573054862654715, 356.7990216006774, -138.1782048363583, -344.1706143583549, -460.5843803517321, -480.0453035958741, -118.10189532039321, -134.71805444041067] : 0.0
307.58482046774867 : 25.70569498999457 : [225.12966804014104, -90.63669536276123, 230.8722014191436, -46.247199589818216, 30.948049867344707, 258.1464913308906, -386.9146773828853, 81.15676524636234, 196.0466732811663, -238.23762908785537, -196.11735728877164, -60.72661089518647, -551.3776773218958, -244.9324109849353, 50.30260273596588, -378.02767144527945, -317.008578021915, 214.720217009269, -422.8768255181776, -579.5761661620327, -92.80547811733265, 130.05684930258155, 298.8324934745366, 165.3426695357417, 74.59438176714008, 117.91528159795143, -483.06442964749715, -425.0162995108819, 1.5981107014631704, -26.030047542129182] : 0.0
284.7542435410191 : 5.615070645566615 : [7.153586095727007, 56.38008306831513, 19.246093689075053, -235.70969687046323, -18.14125965352582, -30.249846133830317, -13.527534030622178, -208.4203232979773, -36.66664574710009, 112.34726158296807, -69.86525778400117, -366.16734312472465, -359.0729851509075, -67.222719513111, -332.03644917212216, -378.44394395128796, -267.7513546709333, -90.61730507128645, -265.50166420658434, -385.7813262346215, -326.6047166132444, -363.2838187674777, -466.1801175786147, -245.08368342394232, -489.72797648608395, 0.15448642074622398, -331.64010699519815, 285.7045716743925, 4.696778932736834, -238.01488650783767] : 0.0
287.37483636198044 : 37.595817246271444 : [240.41805559872978, -162.27459771496882, -599.4142334311587, -270.26085697520807, -175.99949683731228, -268.566220354541, 19.875754655356786, 58.015580360581794, -34.90106917535218, 248.3182036813946, 49.95169023379927, -103.0724622386731, -486.82012720082844, -426.13766385983394, -275.18538625482745, -482.36135935213485, -126.0331167058716, -451.11510263986276, 7.252202145730678, -321.4281403381164, -323.7486206163046, -229.00305855947965, -346.7260212572661, -370.3149214877707, -549.18737556406, -408.8588309988717, -325.92319625590534, 288.3251644953539, -445.8735056405777, -42.40548223721976] : 0.0
298.16502644587837 : 3.765418837013028 : [-494.7314080724807, -23.71374708899809, 211.4316567819152, -169.14148785187308, -221.8192670042618, -462.8152493881228, -126.39140302674241, -533.9922002588457, 296.41959113766467, 90.12364025193506, 95.87617544017326, 236.63286557778054, -458.6413044834141, -472.0873862842907, -371.8143290526519, 67.4356447604435, 246.2825318479526, -406.93386814152694, 261.897515511628, -154.53038617299228, 145.23083165306417, 263.77166484820765, 170.607001662248, -541.6408446432627, -344.11119273961924, 266.64895783033876, -182.6283910218582, -177.33560422894286, -256.33865235770725, 26.250745921995758] : 0.0
280.10968638921804 : 9.054678954767414 : [112.98129584788137, -136.84070989478306, -170.2955728028026, -147.57180241740804, 145.20153151791303, 155.00654532314002, -487.7951522044388, -1.0655793725244393, -437.3507944878697, -539.5980869646328, 192.29261834890391, -236.99792418122433, 29.600580604575782, 38.24366047419835, -104.16928159161498, 158.41341865095387, 71.49232700680818, -316.0808033114418, 5.068304884133454, -85.6869350479556, 193.98328350642686, 80.53480820040255, 177.0914777473073, -294.42063758540087, -150.5964407829661, -210.98251340961752, 274.0605931361014, 238.06557753913967, -163.11299357114638, -292.3838675730403] : 0.0
325.3863650856237 : 4.488475483910908 : [223.1800979837453, -307.81035837613723, -595.415589839453, 333.48956233188676, 269.59568526683347, 99.15879930559618, 229.2915755401158, -121.42503103708916, 238.2589607227977, 236.50691426356906, 307.16898154849366, -95.85452436766458, -171.9956578527842, -223.47936407706527, 104.05691788072704, 25.3984595717836, 93.25112247199756, -178.2014674248764, -26.300534672126478, -342.91176234043735, -358.305049159266, -474.3198983599326, -99.35867414888224, 36.33096144636278, 105.16391936363058, 203.44842963119464, -444.50813983453577, -301.35575372735866, 306.4889571808606, 276.8868207931745] : 0.0
317.4682166610481 : 4.516328531775762 : [-366.2137021442894, 18.382958796913073, -195.41206909152055, -256.58704802701135, -281.10532375669334, -192.31902989828535, -258.0485815537093, 146.16139257956456, -524.4325642412025, -586.2952994762613, -560.571742543864, -200.93462672911255, -41.034525203507854, -75.71388110902598, 99.52697627718027, -327.16751940542315, 126.12607344755598, 313.7075663335579, 185.2807881411728, -222.22830645514523, -81.86067912665399, 276.91528277445934, -500.17451343275445, -27.725263898596154, -277.9180784253559, 213.93815596482432, -89.99982335782073, -150.98299108240337, 293.65340721367966, -149.4907736257058] : 0.0
309.06569531536394 : 2.7675950171745423 : [149.3840567456168, -394.316143486948, 167.0186829929166, 72.66800911629089, -346.05184722128024, 308.3285059516709, 287.3369171869823, 189.4599286868865, -67.02679446361402, -558.3039620771433, -173.7769309102796, 126.36446740904128, 231.60950533938228, 96.52694793921376, 172.69441925492018, -471.6543241926256, -115.67702426884406, -228.30556256013284, 184.19128679077443, -472.8016634693222, -126.84312375999211, 123.39568513308788, 37.75689039992224, 273.1253275968569, -332.22980296330377, 38.31570950804115, 10.193670994819769, -256.1272081947283, 79.43024878730361, -109.01143083439024] : 0.0
329.7260171111425 : 6.286245598972645 : [-113.95109996678735, 61.491461397136845, 157.93183243096615, 33.392148212016366, 46.17442156479461, 154.06289154880423, 250.58327518563766, -58.43677823472035, -39.568801448771126, -559.336712911725, 13.674357034125393, -475.31919524371676, -344.58175275972394, 158.3786280466378, -388.85643409736144, 288.99327888550147, -427.11313980122605, -188.03297354266823, 328.9479618012448, -435.5926943509048, -82.65277906307304, -569.1911945115831, -150.90060424986098, 71.94426393093411, 108.37965224875046, -394.7980573277069, -304.35270963533765, -139.93298159555124, -518.4306352995466, -311.0471139682771] : 0.0
293.1022162025354 : 4.437374878209505 : [141.407628868674, 266.77549878645436, -206.22037339000727, -6.393318241958866, 164.59772529373083, 190.80408925549, -349.5007439679806, -402.5046844519453, -374.78100804822043, 246.73424151142086, 296.92290238804816, 134.35370302319484, -528.4362191481471, 175.34443916157716, -548.3807615550371, -179.44121079073204, 104.1593906934537, 135.6340886304051, 287.6393115801776, 68.69854967134484, -110.22914577333091, 189.06318172476676, 153.92241145513123, 16.570106091742446, 261.69572605981176, -395.09603832480525, 184.28735199588934, -167.43493116572375, 102.19852469464584, 118.60145858496662] : 0.0
230.95648532856072 : 5.9121447970385255 : [58.96552106704878, -240.699940885249, -421.8120608581015, 27.325576060816402, -432.1143093624795, -393.79284668069124, -480.5784438950841, -115.07367920584326, 155.47515431797257, 240.4555299429037, 61.5017208340841, -394.0016713317533, -162.31377485368515, -199.35040095761988, 86.08368345858182, -17.70971307984509, -209.17940242441722, 178.9725585972813, 62.91711360546145, -568.1645193311514, -463.1010869924711, -377.5812916611074, -59.85405245451662, 92.91158973890259, -10.800882031457206, 185.8965565344005, -352.5083564542449, -444.67955733111415, -431.3465053407678, 69.1857195702404] : 0.0
294.1563580201881 : 15.816591944878796 : [-272.1487263378149, 140.22740144442895, -136.4377536177253, -337.1388248208135, -156.21025819991496, -391.878887475294, 3.122426748035025, -198.75053382186434, -520.600416923394, 218.05484098334193, -487.1540488495182, -192.64674140323436, -573.7724964743358, -497.09047826196735, 62.37332468129647, -509.35210039145176, -235.82332518566375, -393.35494532082885, -473.36614679720844, 135.22476017867302, -450.5457737948032, -53.34893501860518, -76.14566333167971, 34.67856832503901, 264.8788509254134, -179.19357040355257, 269.9126801034548, 295.10668615356155, -90.9460810430661, 59.98344300692281] : 0.0
329.9840457317194 : 5.128841305989611 : [328.3885301039765, -145.0710408692575, 65.83162138865839, 137.64064935191084, -59.3662516236064, -267.90230860183414, -298.3195228701785, 48.68591383098834, -357.646364678633, 96.98551633439394, -290.4853382970414, -194.6573804657122, -64.50406858685108, -488.9353063830817, 277.63260934258244, 124.05242132406255, -477.43787685265244, -342.1552730795372, -576.5055147313357, 222.7188889482586, 130.71982334234843, -477.396790934534, -156.2882693283833, 35.53066467199562, 153.78736508045674, -152.06253241059036, 13.719980035382292, -377.59865573401237, -185.02702597960075, -516.4121432030033] : 0.0
332.1298710363071 : 2.5669978672129616 : [-93.90647081983934, -515.911137065461, 16.17985696777191, -364.15900190632925, 32.14992585093359, 9.291331056435325, -458.6107093194229, -185.80143547552552, 330.3844357280934, 83.85579014702988, -124.00481776062878, -6.878499699986946, -23.963511011202012, -580.0940069835208, 36.703290984430524, 144.50682488119978, 162.2650923883538, -35.637556669821606, 266.44601425391016, 305.57197067035304, 21.430200938426708, 203.99539202334051, -333.024167155558, -289.12146803835003, -69.0948495968761, 288.8124812174399, -206.15713583333766, -144.36426669067623, -529.9665047364203, 267.0105160608853] : 0.0
222.1987108958996 : 3.4957136695549513 : [141.70511066502706, -281.0371494795613, 14.247005956274393, -377.94828893549897, -119.05870118655895, -442.64566249727187, -352.0502112219924, -125.70751807360449, -111.96412018288656, -555.4056798683407, -28.066961771474674, -100.78704623845815, -358.6888709380015, -425.2936280736867, 82.3500355966942, 228.97413154378384, -210.93296598588, 157.0737352474286, -219.26852180880087, 28.483707118364805, -117.61141758726168, -12.611003742391006, -437.75549718405495, -326.6876301349352, -349.51713688249635, -146.3797733335797, -473.72212175761246, -496.0532220430151, -305.5149382741739, -414.4368585521797] : 0.0
333.18575466793044 : 20.841040301038575 : [-48.49103731950811, -50.665688441849966, -123.80162110732618, -156.1735515230758, -34.71355754670566, -42.89851331385759, -243.77308904896682, 117.9483690085251, 169.50008740961016, 146.69694710260046, -279.84456027211917, -264.9777977908226, 21.700290718281888, 325.2534313380306, 96.70493155293387, 2.8203496771285708, -569.4106492211577, 129.4753590792484, -500.4081470240653, -257.3424434707593, -220.00183383201392, 267.5553415473273, -435.9671615889506, -128.72310833011989, -138.84328836143652, -526.6879221566076, -328.3754899656951, -299.33696880553555, 334.6288388969475, -98.48390896681241] : 0.0
272.6926046645172 : 0.8957684184156642 : [-432.5516831772753, 75.80417263847295, 156.1687528782776, -252.30197948618758, 152.2735030495861, 37.30694528815451, 170.89901473961714, 58.99627965757807, -373.6645516081329, 122.48758255718383, 118.90343177549863, -261.56751094103595, -150.96371988270243, -333.4343097591751, -235.78831518360533, 33.28562799405853, 16.69883364592482, -257.1329882960597, -507.46930159182625, -231.88499206022675, 65.18734928845521, 25.902476489577822, -78.46401381729925, -60.8454986765077, -361.2286432827741, -220.60742936813062, 11.2051791169636, 273.64293279789064, -213.77852835256562, -111.85715854592792] : 0.0
270.5892020783457 : 2.0640230347782325 : [-161.35093729629335, 84.87322336555742, 245.01215741340002, 153.765276146984, 233.0995774848751, 242.56893445386203, -525.4244387749031, 156.09728825868225, -128.51592020136206, 48.100948149185115, -93.19024300188343, -157.94709767337577, 201.20244191387826, 269.7370871434994, 125.61349841446236, -93.32727971029492, 213.3343233393445, -85.89662563448854, -4.198575191582977, -145.47961539055242, -124.13492039336268, 139.84516345869244, -76.78271415780722, -422.1869625543909, -69.3847300668493, -211.8932478378814, 174.5221702926289, 256.38332829353294, 88.83576859274271, -339.8554764450009] : 0.0
310.26861165873305 : 6.441385202063918 : [6.455489434948703, -104.42173858649744, -224.41947037343417, -467.51468578504034, -130.4138123906476, -402.87987146530656, -124.30522120433557, -200.56255033346724, -85.52150421140561, 267.8102932216927, 125.78066611480747, -531.5759448855912, 194.61264125072438, -54.56195039522579, -216.66197341622262, 317.0440323066173, 135.07609164025175, -250.58629748658015, 57.609621748851225, -253.2761995652107, -351.6898786059294, 229.91228263291484, -432.30008303660827, 223.94352117163, -478.5856789464859, 234.6345501545667, 244.06484007346347, -226.96563234717928, 255.91644052284644, -89.39857956951842] : 0.0
336.95324983084987 : 10.139275721575512 : [-461.00394219947196, -99.3123099184273, 115.70895368562067, -60.338278604887165, 320.2818160586495, 336.2160604671568, -357.8512395473623, 180.7999474923301, -136.4829247021604, -481.96585291879035, -393.77181044030806, -74.24425526788866, 315.39071919229957, -450.13735781583244, -287.0562319349702, -210.7583741862432, -48.51250090471774, 99.4346745924037, -139.78888075306435, -574.9384121162363, -33.27819713197354, -110.32802778544851, -54.24392378184875, -76.36186736839605, 147.7344850308816, -474.65911871731913, -535.7032494746559, -187.00297456508997, -429.49581805214694, 183.97448681691537] : 0.0
343.40155770030896 : 5.940117763581332 : [11.991887127743492, 351.0350247478687, 70.75234157130843, 209.6627027570513, 92.53065190799236, 312.1651451001827, 76.06684402061765, -454.4036468204874, -513.522233951695, 260.050346031081, -405.5841203726827, -365.8232330499435, -72.76790526423576, -330.2806801975679, -330.3814259663876, -133.69665060493708, -181.90969445094788, -77.99100114556319, -558.935235265733, 103.38319093107884, -449.47177673156693, 310.38077262913305, -432.9792247928399, -255.19557576261263, -286.89768426197037, -83.98341478669505, -457.8419820469019, 330.2447584039803, -154.47163262259545, -76.10116915847378] : 0.0
320.9203131740288 : 21.52843230789309 : [-214.5767938703196, -15.121881632491466, -266.93664568404097, -513.5047596256177, -544.943595949273, -74.38605061403437, 1.6958795374279418, 19.266041753864517, -363.21284502593915, 90.58669772817899, -354.3686487004233, 323.48964806093625, -227.01014000147342, 196.88035040934517, -456.1462937842647, -187.99434256137914, -393.23094209828895, -170.37030212373588, -148.56643370297962, 35.861138800729094, 256.79084244397984, 134.73433695822257, -26.45211764911275, -90.14454645445981, -486.14598934083597, 189.1192950508881, -140.02087155450909, -263.81536721809573, -460.81790183885005, 284.2320363951663] : 0.0
276.3475624101109 : 6.825299906340251 : [257.2732177681749, -65.70433932432064, -325.2699015197639, -266.76254056025914, 227.63926476265897, -510.4493993150627, -442.1832598011637, 123.74435658017353, -51.878958655984746, -518.7559742605523, -150.26025553495862, 278.1928553199707, -25.53011782634536, 106.60801832436806, -84.57732133503336, 283.12298305799516, -88.12576977225984, 193.08259390989878, -330.20690699719665, 254.6645518178033, -481.1355232353767, -489.9197620505244, 165.76572038588256, -185.67759705268494, 69.78302298870301, -229.8392381926247, -104.44029613810181, 199.02605859301235, -468.247465286811, 123.69675689194457] : 0.0
296.8775852163499 : 21.532252254690324 : [-552.5701983180052, -82.31834019143645, 14.143080894521631, -573.6978921181374, -253.95094737166073, -81.8338764374297, 5.737212670281508, -404.9240817142258, -309.3307561712177, -154.25068044512028, 162.42245038968986, 27.311306021728342, -45.90604107801705, 238.6913811566174, -343.9177435052436, -270.4399837823591, -167.74250663385268, -66.80278217801748, -189.37786403520366, -98.88203619607418, -37.238703448433625, 289.92487332959246, -125.40156993401365, -560.4252455780238, -376.9836454678775, -472.22073785122166, -128.93963234830449, -17.75991223682422, -434.89367321644886, -158.89021543251044] : 0.0
319.2495798668696 : 10.590808400662645 : [-290.492747959132, -326.5609735503366, -464.53989993638845, -274.9417931071281, -221.8488903553498, 223.28980989982313, -513.1404465469514, 162.1468795210999, -397.8327533134816, -272.50844508140096, -288.33636205954895, -175.42947115923556, -356.6490230260434, 184.4198518583508, -444.8358746063945, -460.2353871903897, 170.95643803257565, -112.50469667995327, 309.79711862529655, -76.30578879000859, -255.27602962879206, -367.83443036388906, -344.5099776489443, 77.13122614053646, -352.0384502440048, 320.2988828726652, 249.7111199186718, -369.9713099414997, -304.8049762857707, -239.4723437206351] : 0.0
338.4701974283448 : 16.851898571947647 : [207.30178348222904, -113.72400144581354, -355.24635606359385, 142.044322824682, 168.43757300255396, 179.39427556290397, 329.279335070184, 69.90522515881662, -421.32275566686246, 346.5909951367517, -86.76592540910644, 83.48535100119253, 312.64670467484564, 71.4094488597296, 60.38982878572682, 46.83504543281572, -141.01004616553456, 92.6222309236781, -341.29137560533854, 281.66351208647154, -269.94883322423476, -51.431946275653935, -134.5677471759636, 133.94406744947082, -179.70312437215094, -124.75509768416322, 222.6333389710466, 210.47836199005903, 145.78858089214438, 61.08467707286814] : 0.0
296.3002279164595 : 7.866870226852277 : [-289.47550381525207, 153.20210624106588, -267.9585659557865, 242.97159136798058, -212.25927378691472, -409.2114729905272, -325.27350843053966, 82.08677827393939, -0.33395744946426476, -317.06692398162534, 150.61669587601665, -128.5927757506825, -221.4335217597067, -156.6661682815602, 301.0144053833342, -216.07503003956978, -522.3592015972423, -165.15642663555877, 189.05319701245412, 245.43781454529395, -402.114497856643, 123.76578247445374, -52.788692182777964, -287.12948677882787, 89.14407650360494, 81.4132307640173, -210.73265922208847, -264.57538276155935, -362.5682596335562, -117.06066541875519] : 0.0
269.88933425819806 : 1.1463851804038963 : [183.87236425327598, 217.67426056577088, 156.15714642587818, -574.2915568556047, -266.5001748209949, -590.1124417216995, 38.454503078862345, -302.3375149801898, -502.05824083285984, -325.1127950216125, 213.85309340458613, -160.6446360352091, 133.2487102931417, -596.6366767826898, 126.87872874311941, -114.27491807796417, -210.33799436353573, -541.669266942816, -118.06574568651655, 246.41001038493107, 91.5703029915357, 184.3525204753214, 261.137007264986, -530.2489848507859, -367.2377397354676, -392.2515537853649, 26.342912676532364, -288.1909479548293, -479.7344251493909, 2.518946990385764] : 0.0
