Fitness : Violation : Position : Miscellaneous
233.20436258776468 : 6.920368052890417 : [91.78070881247407, -455.7039278473415, -272.6549395392609, -18.92921027838173, -406.9936353302037, -447.2225321184546, -335.8854804757143, 185.08517647152422, -14.895046763847375, -22.12136730839029, -203.66818667703217, -37.253444722018706, -323.27804781665975, 240.09655210228098, -207.00497868892825, -517.9342093101292, -228.83697951973022, -593.514611656313, 0.9871818993008493, -194.59857187322677, -358.71152802712663, -143.62921572276178, -62.91575029104431, -35.385768433251314, -118.86061252174596, -159.57682349256362, 229.51706868371946, 260.4868350250154, 102.80467262283315, 236.4110677224382] : 0.0
264.5590965303554 : 15.920156234879746 : [-175.89473710013476, 112.08048608647056, 97.97762007855636, 98.56431536730697, 351.90086683264315, -554.519616768292, 70.99193087529792, -511.10006859259596, -246.5799579433799, -316.47093160382866, -110.20891281659303, -172.82886490204933, 291.5257499050964, -69.58270229072423, -85.21340720698693, 161.81265648380565, 66.41459665171391, 218.82008353574307, 105.71536765522961, -543.2398743449069, -328.3213446291549, 31.213407640749843, -390.6462130708637, -239.1049723577404, 223.96465501549903, -330.1390796894441, -89.10892234083127, -361.2374745404559, -370.3863219954165, 173.38856218546482] : 0.0
279.05179232703193 : 0.7650847085363163 : [-159.84870156270551, 288.05946608935443, 25.171243883541948, 62.52570229098768, -184.31154370091244, -180.81127260307733, 324.5339032291168, -413.6396991393396, 110.01929291870573, -121.49667557804882, -174.03408351344194, 225.95282565663268, -229.53078842485883, 19.955756461570104, -229.25267113996642, 40.26650562726081, 205.77259213578748, -140.13879530716827, -15.363990734039021, 91.48400775833278, -48.828490863321804, 9.490031611976406, -262.682639477295, -62.1222118331321, -150.10511835714885, -58.44767174587284, 126.871934017847, -85.5876734818755, -156.79749597383105, 80.56067450427236] : 0.0
170.2455357014 : 7.3098816961173645 : [-535.4924678532902, -399.5144720944067, -223.86349853813653, 181.21044861167536, 15.684442148158944, 166.8103733120373, 90.42779648158808, 115.00126631043378, 142.94121181603322, -294.5082220163441, -126.94099118556579, 44.09024387782608, -527.8578346958851, 69.8186367164219, -334.56963652801176, 117.18250830066194, 184.24981398109765, -589.1759394851764, -567.0396451442708, -57.71179381859497, -42.309863818330086, -185.67992471339818, 141.11002632359737, 30.174678120191942, 259.2418214048946, -396.8728181013948, 10.7653006316133, -47.30769068419488, 210.35032903331995, 88.69030423113267] : 0.0
289.66010737225315 : 4.567013916501071 : [-25.222693869864145, 298.66778113457565, -144.57111073378283, -295.55087313078513, -368.49889038021814, -550.5772300130363, -107.07535498455226, -57.55303018222692, 77.16856152399549, -276.8799939090047, -170.72606121794996, -237.4620676239908, 278.43459375085564, -21.641811141363632, 57.880208732072504, -100.35104269266776, -297.7745557647246, -403.0001828459426, -59.59894382773547, 220.4536963867082, 17.701272808767897, -466.0579130552562, -244.5828074531886, 180.66547866384673, 280.8783386989429, 60.2053839181292, 64.10200291367454, 196.13216499343034, 314.9712182125719, 152.74914006083992] : 0.0
271.30258477226664 : 7.644020139215625 : [-0.3139905853524283, -94.17885054186638, -214.19312484079506, 27.52476612013311, -456.5300526798681, -193.59863831000234, -89.66373715014947, -340.00616970866065, -475.76615910011117, 164.0164373684912, 154.1099316377272, 220.76209392985373, 178.2246233701636, 110.98346891594122, 6.435642553899669, -567.9515378648823, 293.64122604215686, -580.8965434800207, -285.42450547292344, 65.42126596530454, 285.74865421709904, 305.6281941286338, 186.99900561417718, -312.15203571048505, -398.9944324497577, 174.70035327290867, -412.66371973031323, -341.69446526285174, -55.59860839506541, -445.11750406175247] : 0.0
285.5685074915135 : 2.718761986964258 : [-251.9925819875652, -22.45075679198145, -122.47178228786342, -87.86515127566514, -106.82197864775617, -183.41991497521482, -133.95360472065846, 89.16721971447902, -442.96764955373067, -117.69128084135005, -317.59419929835235, -190.21845409268212, -449.5930605728859, 249.50271155933382, -79.59774215040105, 218.91546326107996, -181.18458399499218, 112.67172559564324, 140.81893615545027, -59.15961934821689, 300.0145769363459, -157.1378211868376, 37.57579387477233, -573.1396198880591, -153.16639131918905, -286.05789851024133, -23.61111516707811, -275.5825602820043, 124.79738285401832, 230.8556630119879] : 0.0
260.88365579911397 : 5.3879285349715 : [-370.6553290157367, -180.11739318023305, -524.1551039524298, -105.46444230208374, 228.0098915001119, 187.9087584360738, -408.69664109167536, 75.95429654456375, 293.9821019702771, -57.22864694108512, 185.84648612175937, 214.8862658165276, 136.241063569181, -418.56760370119434, -328.52227771418933, 345.2416954636072, 234.96704238996574, -372.80854073278897, 200.14279827069038, -200.38945239223463, -352.16231496042985, 228.11187455361107, -94.8514642152422, 69.62666610508427, -493.39879162591177, -518.6949914432046, 186.49173872827114, -169.4600680715216, -88.00301609841479, 234.7070048878037] : 0.0
233.83077861323474 : 5.116635431504459 : [-153.72601654521537, -87.07200773013011, 285.6971049862579, 153.67273001889794, -43.04191518229202, -158.30160303590264, -91.0147159584568, -372.9312193765599, 2.7051106163746823, -184.24278723261244, -587.7889781887699, -237.7245902640351, -153.73247141403107, 109.07485823683629, -41.69215118489325, 26.136447394325728, -395.51378892534717, 4.712860312777327, -160.3789215202039, 163.74146177369806, -319.19735430148546, 63.822380646101465, -0.6208513452938007, 210.46745835859406, 176.92685155460836, 72.70118215429733, -34.19302131264715, -234.5708042046273, -109.73632717941996, 235.9190821194699] : 0.0
263.9698278997282 : 17.891591636022564 : [-199.34316360666378, 251.43590459381437, -154.86046940465135, 206.93072145813898, -53.34898026859105, -313.94304563956456, -597.6354560976105, 181.81172783313102, 106.97724541139291, -165.6822538792123, 45.09551569988869, 34.532819593741124, -20.97338002414635, 123.80766380760147, 192.17187123753388, 253.4268912725105, -197.36058680292552, -19.977512668797516, -374.7040633238422, 214.50357920223752, -480.47512761192354, 8.127590030617739, 6.083536516558027, -229.56935730510642, 352.9661136032228, 311.92933555179513, 4.690956155084564, 238.7189274086042, -224.64252800146141, -207.40196941593308] : 0.0
218.59217156096713 : 0.8343890220167981 : [-106.90748569691672, -190.9375220513071, 83.7492240620361, 203.70129522265626, 120.15919680314667, 206.59822646424902, -331.6449341775359, 226.08915759443542, 170.7458164658388, 132.5520812651969, -388.4415718425328, 84.94981485412691, 4.543602183720509, -581.92324547512, -42.45980922404931, -45.68282927288885, -7.877349848815639, 101.4672219839972, -269.23497757747793, -150.6307713658531, -109.0342586043383, -10.63088116246189, 217.64579454366483, 23.832258638146357, -21.369417460658838, -199.66045333130563, -446.26191305789723, -145.97698390252603, 93.75490538022348, -21.450441130308036] : 0.0
309.29961329689854 : 5.382275540111957 : [86.51961818363063, -88.48936712334503, -12.60095768897554, -173.85098682065149, 236.6061383846502, -259.3841587812842, -40.757976067454535, 133.15837940845128, -565.4188446428217, -112.94183761316395, -116.75147615600821, 58.98341208410284, -395.38821966396847, 145.9911892179446, 353.59032490424477, -433.9026427977185, 198.57460247123726, 276.3219428613403, -308.12841283381977, -30.71398694371986, 41.36892800229697, 273.7061452957659, -580.7015724153473, -45.739144637934814, 356.822747372536, 119.51003645069008, 180.5691029750646, -349.4643449586744, -191.3670963723226, 255.46737185401707] : 0.0
275.5537099895303 : 0.7674746167926625 : [-372.1106425300916, 231.0823247377964, -596.975133383389, -145.80267247757996, 63.605544505140784, 350.08712901435234, 7.490775200547091, 35.969573570440105, 318.4104295451762, 173.12637131145178, -231.81530781240468, -292.63157022675915, 176.2092650426685, -62.881747164221196, 269.1581548003375, -144.77265603955234, 339.5341561571125, 41.887240104963226, -260.00531141973283, -262.65774010658765, 250.38665343698605, -245.92966776043176, 74.25560142135427, -159.5300019681446, -474.23210425833497, 197.15966285234086, -189.507611181169, -35.264743862395335, -405.10763910010144, -138.58790057722456] : 0.0
201.0242920752336 : 4.662816104947013 : [-371.71723709041987, 210.0319658375561, -460.79707107736766, -579.8595659117794, -588.1171976822011, 266.36917154093095, 105.7804393257202, 82.78697818323776, 17.615676783166094, -290.51598755834857, -47.86602847376017, 226.6382468811951, -26.924905990103753, -36.33366646871488, 209.84100301629013, 214.40251262734375, 17.435828610022043, -72.42918735564481, -158.4803395559178, -355.4177882962928, 210.98008348678582, -60.70608074614347, -38.84725949124236, -426.45454178229045, 210.55358387449178, -101.21577389099966, -366.52337169475373, -94.98160940039912, 65.09094230288612, -201.18840235897034] : 0.0
228.87055035198682 : 28.993269236652214 : [-437.31935800564526, -286.458170131217, -108.66372141376849, -22.342493442426303, 265.9967326261808, -184.53189684530565, 34.9660338821069, -211.62020909958017, -259.85757646299004, -157.88336695947567, 187.4119589071677, -98.85588213015339, -391.1952153387955, 134.56723554156918, -144.26949372873446, -298.3613096194376, -154.74685592058296, 230.50959133302035, -574.3991842983994, 139.92445296853185, 167.90930833721893, 275.36998453974445, -22.798717533756218, -35.19947406072214, -143.32578834867752, -248.46272670366017, 146.26949066328575, 94.67491246836204, -472.5847896326157, -529.6157878671721] : 0.0
219.69964597123467 : 1.421983506294348 : [-332.34765127915387, -222.9965336278775, 271.56597234425783, -360.89959268001206, 280.8132869245253, -90.54129339458933, -472.029561463836, -507.7254507372824, -327.4607050861607, 14.374089507060603, -60.46096218106639, -376.2284819214184, 163.18209406282455, -59.17588379416303, 32.78096112636692, 167.73967505783014, -41.47767516602856, -310.9608216052992, -295.43719243424454, -230.53177389544317, -528.5233208200705, 19.12770185929911, -155.48690715975246, -61.75484389766898, 148.47901349577123, -27.10943577132855, -116.94761083846248, -578.8787442632569, -441.0715862723637, -219.61515806684093] : 0.0
288.4804344147584 : 12.979818101729602 : [-180.484906283853, -92.47079240585765, 2.847358572379946, -71.06764900601756, 283.98181482403214, -7.211790539210128, -194.34568826491423, 182.0232820142781, -38.024367992370614, 205.37385916943722, -113.62300862132697, 118.6247984568519, -165.3994486198098, -20.72318893481085, 325.79033018892625, -465.2350657372158, 369.6495017244837, -135.6902487913747, 193.65050570966946, 78.60010645144018, -403.23420307942405, -105.62202670770378, -18.12434907122892, 103.74776047923501, 261.99894278377553, 298.2463837262342, -436.6848318572348, 138.2554405242796, -187.76031048536265, -152.21518678003883] : 0.0
216.79117250940885 : 20.014312365768806 : [250.90251750214352, -577.7054757770265, 129.1101605805473, -329.85804068503234, -202.6361502752868, 188.67613892960105, -183.92945380907452, -429.4956580689254, 54.576725643500026, -199.0053988082048, 244.80082817247398, -150.22619369442282, -187.27113909858588, 50.01891442318663, -208.00761008332393, -247.12200188849374, 14.266659523286421, 260.0043267036714, -200.99699637678165, -132.278354053501, -423.5650531460809, 38.237110423462866, 163.59915477198015, -43.35769722464224, -157.80026112128212, -392.3347289341059, -505.6886788797095, -397.00306821571337, -291.96097550039457, 58.03468895174966] : 0.0
289.1066246065902 : 6.682711524584997 : [-97.61277406619016, -263.66424883215757, -9.204957033109451, 29.505448283849887, -47.916016738459376, 0.9106532318994596, -10.811442482059874, 296.60361064005843, -75.16152693770422, 299.37673521346267, -340.2084217288142, 314.78133104948523, 250.1332769130825, 266.6120107126228, -395.8504839420089, -251.9147166938949, -119.75731264129467, -505.6481040135882, 21.10096725164638, 245.00081714600125, 238.78944059327574, -247.4334156935256, -39.31572234587395, -116.94676705292834, 236.25531812475361, -278.5576296716717, -449.7441573800728, 245.555958737763, 48.36281594112414, 158.9858396268909] : 0.0
295.5065848445074 : 4.523639073623979 : [-174.29029025419308, -389.66564995827343, -345.16810815959013, -273.29146229982746, -500.5385547604277, 11.373319377307155, 200.1121829197428, 127.7375927441393, 313.21632701669347, 160.91504883712486, -469.757836000111, -214.68051707494092, -281.1007400755733, -219.4343407789471, 63.4031158261769, 379.8646245090006, -567.1038742484598, -254.03102070042394, -510.176007458889, -569.929745128952, -124.51570016522163, 142.4588906585879, 38.664467350511735, 359.05526225606525, -244.46480890310758, 65.30678973419346, -412.2862031959621, 215.61217032462065, -305.4095342707809, 38.713400453861624] : 0.0
249.36163153141507 : 8.564416194806688 : [-594.1430108747801, 76.0037711404334, 290.5907485022449, 290.72733635157607, -415.4357281208008, -274.41632619712954, 159.60219892368679, -330.78631835493354, -201.3728047157162, 3.395836293753405, -97.78093891386567, -112.08519203069886, -486.48195599299015, -474.51510832862033, 227.05092579867733, -162.70718300637725, -96.18099501163869, 249.44110187599978, -407.65055687790516, -129.4342507140147, 80.91121772485718, 184.05475324855962, 62.80912124549718, -352.60666099046136, 71.18245292072277, 260.77500795394235, -170.12994412121157, -309.1752190271438, 65.08680503928974, -163.2410408897917] : 0.0
133.83022476287653 : 9.569263823564116 : [-409.90123835184625, -204.00185616915027, 122.66508522651765, -18.756495925755985, 55.896513077274435, 171.78361077111992, -370.6618062921739, 141.32721079634481, -511.0685731846753, -84.14632380720958, 43.54080855256143, -4.82586535518962, -28.683951908414514, -317.6461173888815, -24.068555623514158, 106.30886695284448, -258.0095818538839, -555.8357011585092, -515.6423616322144, -21.30185262748461, -221.21318113106452, -307.5948928893623, -505.8723241723648, -332.42767674347056, -38.905122242895814, 35.82987169927833, -163.77467491265242, -186.78130450092544, -161.68495203232047, -197.90421369780265] : 0.0
265.3291329792761 : 12.58223844152625 : [257.8262202957997, 34.57447781838928, 265.174949051892, -178.16873370492272, -33.94825229448975, -54.35739558780051, -103.05818247951663, -506.4920231837697, -326.98208595098885, -242.98858185678725, 69.21620885562425, -389.5542635857295, -296.6022885524226, -426.11044037621446, -561.653088451393, 270.66445151078705, 346.4982002890014, -121.34935713902095, -222.93838025401104, 106.39152556033784, -152.84725951224465, -471.0172784245609, 52.35210707571491, -283.69356085567824, -313.53312674767795, 290.2915472515258, -138.52757473088508, -199.7457508068041, -141.75598912370077, -54.65798435905876] : 0.0
243.9326745494807 : 36.75183285596123 : [-235.76026272779396, -273.9703821951371, -196.48498661371764, -122.54089446635282, -132.8912439293474, -49.33503365862623, 183.3767008013004, -60.57677071860439, -540.5113636358827, 186.24390165858915, 244.21097824194726, -184.33683881662944, -456.56563116575546, -175.27615398142132, -256.1429909139825, 328.2907142139739, 31.3751773822749, 196.7581376779841, -552.9546080765796, 130.15839486387648, -479.4452183901089, -287.6778441312365, -109.77340923394536, -430.633114294291, -61.41664373968083, 239.4617704690935, -294.97185843706484, -126.62218091234865, 171.26204271169064, 198.0798453284262] : 0.0
259.6916364494667 : 1.6941097816312536 : [61.164791655142494, 44.47279187824158, -143.97496015712346, 162.39626115197834, 126.95975834461481, -178.8558667522454, 222.84601928647106, -411.66757122964134, -10.743208763250038, -255.63625208328696, -138.22480234878526, 81.60615956273574, 256.86898975414545, -34.499043035054456, 197.116112921722, -95.63499838397033, 304.89249576366456, -177.26802686486405, -38.354519737826365, 266.9235009984518, -276.0303876498822, -216.69578369073628, 93.05745188196515, 192.49855099850703, -578.3959722490594, -43.75469005078327, 164.02336340269667, -482.7038266784833, 133.04967585268298, 62.04151129315528] : 0.0
306.52457127322543 : 2.009669765500681 : [-518.5637194489168, 79.88755844790116, -341.5972500380978, -30.701680807630154, -272.71628818257784, -101.39119498038028, 223.00023190202134, 153.64002542271197, 88.29332417181058, 169.38751248624675, -442.5750933859348, 335.88814742892816, 29.489792401081957, 27.58757540884577, -428.5832109359062, 48.27269444987914, -20.752041796988692, -164.94591612257585, 70.3847412497168, 211.01892496454843, 14.671025834870875, 345.3179167662091, 22.632918180217473, 160.10236699283053, -456.79753121408476, -231.1616205071404, -46.480337335293314, 303.3464844704215, 329.08290324675596, 207.34031553933949] : 0.0
259.33193404895223 : 1.5214007271934937 : [-279.9631354198477, 207.01329087858258, 7.852248296667517, 280.5145154956566, 236.78841001070649, 35.10858948217742, 69.1175105456712, 48.025424238191626, -455.2531834043861, -86.72687001007426, -2.5809591103580516, 192.60847609951196, 286.2985874236932, -188.75369118295498, -575.6012337606196, -66.80377412002593, 241.59894670633665, -40.8784495244807, -356.64122770978423, -586.8061033586796, 79.71768981586291, -131.47677363399083, -402.5475507539104, 48.384574550204036, -176.2375993423823, 153.92712892203375, -375.6217896371058, -145.4870344553767, -197.40941370464748, -470.1544074679647] : 0.0
276.308167850517 : 13.77781761840346 : [219.16603726021106, 178.45019485228244, 157.2859070375004, -551.7156863960952, -297.63635768471624, -99.73283026471248, 155.35337564183564, -348.6229242368564, -223.70177349188947, -130.22520594152806, -403.0529039462733, 276.9585578533663, 241.77136128371762, 167.2169166649025, 175.612816258295, -189.07647858056794, -87.30498355778262, -73.9617561474719, 30.199504775565856, -255.5000563732242, 290.7542372953494, -15.836696124015788, 171.70013659777803, 111.54953809363002, -408.1877385030067, -473.41185325494973, -152.66791584373823, -71.1784662052263, -24.155040397472785, 189.2567020896323] : 0.0
213.92250038640057 : 6.906579025162992 : [31.77001596902778, -204.2523807303786, 265.7888267594237, -465.1131917276174, 23.735788290398148, -542.6163979291541, -124.61331498583502, -134.9640740432754, -67.08183651903627, -305.49500095139047, -397.23260129275803, -237.9675640353004, -263.64147656956607, -227.49808056250134, -345.1871858137156, -443.69437609430247, -3.312190474538445, 129.21076102745985, -490.8507738541383, -283.63844734718816, -35.45549920107237, -102.46776988547111, -427.43338041266145, -162.5230371118421, -172.11935146681532, 207.69566912416718, -23.89967496021916, -155.75937361526866, 49.67046845892787, -229.58569415190104] : 0.0
298.39551976925225 : 7.058882230073146 : [-287.9261079559883, -449.60847598631835, 321.64898776941266, -450.9233994949629, -497.8341077381664, 179.9518704924737, -69.08388619486593, 210.4682987085522, 277.2432457396168, -51.58255317806925, -130.95813696076644, 193.76695413811012, -499.2483953024396, -90.64701425371226, -313.82401553667944, -10.010215170274222, -106.51218850264831, 27.532656832945236, -378.7556965813314, 305.6273843182373, -438.37048787506933, -138.19714315044092, 266.6739789645578, -579.1638142405828, -30.165538696713625, 314.37769186285607, 87.5104081476299, 267.97302182992024, -429.5385538543507, -288.65156959028025] : 0.0
