Fitness : Violation : Position : Miscellaneous
3.4939675179894684E11 : 6.097497095844403 : [-24.5127950033567, 50.801081053312075, -127.3662636814753, 96.14523137838694, 64.36773713670351, -25.076947116101863, 181.856154571533, -172.8380312974754, -264.1157916443202, -74.34014870186977] : 0.0
1.9954049170616614E11 : 578.2533266758255 : [-191.09060368928044, -45.15564596024524, 140.657479439233, 181.10818788062238, 78.87130178485945, 105.1994828310024, 31.746754810238485, 9.393457178453275, 61.46847123145869, 460.61211158718606] : 0.0
3.040593765392084E11 : 2.315116290339443 : [24.745069887346773, 89.68827753956384, -22.846199741715154, -60.1469333890866, -124.9359749747487, 16.074520213857895, -15.835251712463531, 127.54325962950503, 127.23292547463417, 115.63215239600217] : 0.0
1.583556008448272E11 : 0.5568520412342934 : [-88.11725606693896, -123.78808757050612, -2.91004650317754, 204.32316363526198, -70.7189765993534, 16.967458032844917, 72.61206393953793, -201.67393314783288, 92.05219971535121, -297.8105475669556] : 0.0
1.4147176309471298E11 : 1.8324982064610253 : [-123.38947964184783, -198.38327134377926, 3.437761626194856, 26.002879449589955, -116.61760843224855, -11.025755678782218, 60.23641787116874, 45.33858013231, -14.432598241405744, -208.63788663620636] : 0.0
2.3850411040788837E11 : 306.6381906121753 : [-114.23532486936892, 20.503897806829514, -31.12111278467512, 113.21748495204517, -87.20530344589571, -24.19255123910699, 29.55734201213204, -27.19464075368421, -255.87799170868186, -281.0970093290181] : 0.0
2.9042341143787695E11 : 7.095169843891038 : [12.407691924864416, -221.10558791403105, -81.15336868737995, 13.296801727993284, 194.73742491048853, 101.62329331803667, 103.08816105324394, -92.38822956331197, 127.37168690431325, 13.886037371536986] : 0.0
8.817499667393628E10 : 5.4353698054702875 : [-82.10025925903786, -160.78634785844054, 33.86366268742677, -47.70098461401102, 3.216064517963332, 38.668043260555294, 126.79389117742829, 61.58911978660072, -112.1995588946786, 130.64307604107478] : 0.0
1.7473695700145483E11 : 169.19870806681917 : [-214.77150965684336, -153.19440064874033, -21.656150183662138, -6.936428394654027, 16.88089314640979, 230.67192758322443, 157.27154141465218, 4.142637834329703, -64.25774474519233, 383.0441022420092] : 0.0
4.723608509574726E11 : 2.092402221864603 : [-288.74182001481665, 19.4080865258818, 117.73190328422962, 57.36011685379913, 137.42982609916595, 163.77355673050886, 79.06711781102797, 61.470435720158065, -60.155014713660314, -201.78172153221294] : 0.0
3.94844749373543E11 : 235.58529819782598 : [-285.7285162461111, 82.11524539578227, 35.915014678890316, 193.61264085373966, -29.634846932360375, 65.55017887326892, 86.01053457066541, -120.05526739802971, -16.157171884840977, 443.5518472849419] : 0.0
1.0194482978373703E11 : 1.487462261463051 : [-68.74836912548889, -53.246091084694115, 37.90201325612637, 194.0421157757477, 100.66887497202087, 67.5218480471125, -130.45676197165272, -42.44796884247789, 68.6246630177078, 193.4015720725224] : 0.0
1.7174732665006802E11 : 1.7711117945759725 : [-79.3289350992041, -100.6796749277641, -19.593128849021348, 206.03188256171472, 221.06731327929245, 77.9631821913076, 102.32500309768005, -150.77073154801172, -28.27982648064628, -162.7989496418238] : 0.0
3.472716717456792E11 : 15.2529100979729 : [-3.4732266225786494, -46.30269227859575, -113.95463729476094, 110.15002019756326, 33.91985195019919, 237.54083353786945, 222.3971167981801, -203.5944013309342, 123.2203540047733, 26.426995883646043] : 0.0
1.6023705448314932E11 : 320.09249234770357 : [117.02881295946563, 41.903392474789825, -40.76210480664122, 179.06632575623144, 182.58019939799374, 59.3989673340285, -44.968879546874916, -108.27612508333107, -173.99506673759822, -413.7756801854374] : 0.0
1.4858385856432465E11 : 4.505922847176663 : [-31.406282675214385, 117.54898814678245, 48.13434620558564, 108.83075416692506, 82.58250614944106, 37.78473594764464, 3.2998198647264427, -194.52608866548536, -148.5224727822772, -122.09548093056148] : 0.0
2.5344255492505207E10 : 4.376041694485231 : [-101.24852998477283, -142.2597945508682, -125.75188513988941, 51.296698270438625, 96.52388214687181, 185.7851712537074, 26.122686106158334, -41.90318676214834, -8.46435354258358, 123.80234768378321] : 0.0
4.3860121339533093E11 : 13.619399785056224 : [-90.52526496673842, 41.42505404673476, 13.67696917773003, -37.57515838271638, 40.734417981784134, 250.08494012994976, -130.44962899850293, -236.68465396822904, 134.39286662999723, -27.535404897266915] : 0.0
2.0913229141293408E11 : 10.047021749376938 : [123.14772600780186, 51.891354671719824, -117.99609082121347, 140.9740927441651, -74.28509965972819, 255.06812295020876, -1.848165805283628, 120.62444798387111, -60.100503820083816, -141.67606433847698] : 0.0
2.234711811237785E10 : 0.7367273074517016 : [56.94487280790884, -83.01724042564503, -140.68551801025362, 11.919114290104517, -10.787866278676432, 57.29043924562255, 59.161454850806365, -42.62475819544703, -32.87069923088519, 255.57127971852296] : 0.0
2.090496877681612E11 : 5.6981024157162885 : [-112.98375795997447, 69.77046461706146, -68.48332350941648, 270.6798153766564, -113.28522344006666, 96.79559091964197, -18.006767002827644, 118.07218906966872, -67.40422453817388, 63.40706679271068] : 0.0
2.258646679664408E11 : 19.601942739375914 : [9.841765258129307, -146.2075994970146, 67.07075449946967, -88.2965670005145, -5.874436050418865, 6.835907124917824, 67.54592751922726, -197.37915143387386, -63.36904788973061, -471.53426556213776] : 0.0
1.2072212142725424E11 : 1.8947255414980333 : [-126.57411932414246, 43.927814429975555, -29.79799202306146, 30.53708280820905, -82.46416058258689, 269.16706666066545, 64.49324387312708, -122.50788808790696, -118.5206801518789, -35.68231162365936] : 0.0
1.1253355726094765E11 : 22.862201106271108 : [-106.80696400367049, 12.348468918628498, 41.93289753225068, 241.77578422048612, 170.17524674931315, 157.8323483844012, 1.5904359383319875, -5.58154868372003, -160.96416790842565, 9.435275481524286] : 0.0
6.3434126867493126E10 : 30.61368744254621 : [-122.2584984979016, 14.483139396887248, -120.57646337738237, 165.3117918559342, -32.96160878492947, 226.2278770159, -63.41287434778292, -146.84852090023787, -61.18043878167077, 16.46907799958352] : 0.0
2.7003595496653503E11 : 1.403588814647975 : [59.80351318174638, -55.26525858646474, 95.76890029206271, -12.248094128327452, 58.731758705032945, -37.47235317455153, 191.77750452991364, -81.01480449344123, -223.8094695059443, -81.19506805234838] : 0.0
2.5366461718427386E11 : 1.0756549360979761 : [-68.87511583308688, -157.09912916297478, 85.88116891570223, 93.99990933526797, -111.99782266242926, 135.93480284454193, 11.110137504258162, 144.31136802716824, -202.51349187231833, -354.4996824246258] : 0.0
1.2546472769182608E11 : 13.959057644627896 : [-126.25507770256618, -171.7958672341123, 31.92935835760335, 65.68958137775047, 50.34142397274134, -53.52029054715484, -36.58038301663418, 95.7897515153976, -75.38750585841072, 42.413300990428695] : 0.0
2.5593805011992093E11 : 17.474713840827377 : [-91.80179834502422, -157.49205835210003, 36.82795173213614, -5.869316559925861, -32.148623113764614, -113.76344933455226, -19.932415243148796, -128.7194434870393, 29.061847073630872, -0.037935364323814724] : 0.0
1.3747287289820575E11 : 0.2748753002852595 : [-109.40355375888134, 73.97624135867488, -61.19428423757802, 237.0167364236183, -114.72098301577438, 141.12917647186921, 159.53838853590318, -90.64374058324952, 24.761812529437975, -264.0706822119142] : 0.0
