Fitness : Violation : Position : Miscellaneous
-19.24871000959338 : 19.76392114846398 : [3.3641540136424974, 5.511659355110103, 8.706876660286229, 4.981827631535965, 2.484166769668825, 0.7363208229090024, 0.327397436141212, 9.964931555820996, 9.517683491508837, 6.532445752947568] : 0.0
-18.955087775299695 : 27.098921735502863 : [2.7338017360051197, 6.4117150360047335, 9.251044507380978, 4.9436776462326435, 2.3190199280104733, 0.9637683407260094, -0.24946679305648364, 9.880822461593496, 9.529984798708867, 6.517745120537366] : 0.0
-18.174689590758632 : 15.368310618344434 : [3.2503780502533495, 5.098786341027994, 8.565340170416624, 4.879872075274109, 2.090415310225435, 0.9469855593659418, 0.12846883852581037, 9.996398064507815, 9.51116614268427, 7.4644657855452525] : 0.0
-19.04790217255571 : 20.06425279420208 : [3.362357292877835, 5.657208348531559, 8.991855486758148, 5.4617987923353, 2.10713230925606, 1.0638137827298833, -0.03914560039828363, 9.942704834355201, 9.518985257846527, 7.489035988555871] : 0.0
-20.14956639422593 : 19.642865287611734 : [3.0204803478509055, 5.800884177734023, 8.828589154504115, 4.951049998783459, 2.175356897344943, 1.1287317591736665, 0.08691151867563744, 9.989625755625006, 9.577071399565359, 7.140797972185161] : 0.0
-18.50629791335801 : 16.102314304643222 : [3.2321921362157653, 5.412126605493393, 8.564714624239404, 4.919606668763124, 2.1790953381159723, 0.9883747098438083, 0.3416769433184403, 9.984769056456019, 9.55915000490794, 7.399853501921223] : 0.0
-19.160517020169763 : 21.021228135270782 : [2.7225910131877624, 5.611899282016742, 9.368702108099523, 5.012995260940676, 2.5304840155377537, 1.3054509477243492, 0.13621204557893968, 9.981769237699673, 9.735293552538241, 8.124544609758615] : 0.0
-18.56976994084249 : 17.422318038791488 : [3.0646941816747226, 5.119028369245412, 8.89292395334067, 5.069951660867616, 2.0944068374004017, 0.8084276534480663, 0.30105022413370636, 9.990054256983612, 9.896413481272509, 7.449561580559256] : 0.0
-19.070615434695924 : 18.87493113131304 : [3.670403488842282, 4.935333235395336, 8.753894803281565, 4.853648054208705, 2.285784481667212, 0.8066480730615487, 0.014787004973182971, 9.994394990570239, 9.282903615168163, 7.068990507815699] : 0.0
-19.238957352102588 : 18.453191352727874 : [3.59770690924942, 4.853442518081324, 8.831806494708056, 4.944294346304236, 2.2867816049196126, 1.3941219016622675, -0.1126226135593511, 9.999572567478427, 9.474695096095179, 7.075022994957934] : 0.0
-20.540822331720037 : 27.739621000133717 : [2.8277645095505877, 6.242077353188882, 9.38436361141315, 4.6400334023365755, 2.6772371080370623, 0.6229964734499611, -0.17675572865145617, 9.9808259244347, 9.454145851597676, 7.036382098719921] : 0.0
-18.760387615619756 : 21.047662812860352 : [3.715139535157964, 4.971905331243184, 8.693644790481795, 5.060598649767569, 2.1182261454731037, 0.7809693126400528, -0.12121335838806414, 9.980275530430593, 9.777123199025738, 6.126947591241767] : 0.0
-18.569373325397237 : 16.9621048125284 : [3.4414999971990197, 5.466010006430691, 8.606027181235739, 5.3044686291091345, 2.068540324636704, 1.3524081881785353, 0.24384454563076163, 9.989275929670889, 9.538486102356625, 7.480757434071991] : 0.0
-21.338996407003634 : 29.991196450385388 : [3.916276141431834, 5.861518952785339, 9.324119398419787, 4.75747420067859, 3.018127135666779, 1.1047932665527833, -0.05256327962408083, 9.90649868211009, 9.516515295090095, 7.239365644698042] : 0.0
-18.730125262436133 : 18.77129613483884 : [3.4611977296780863, 5.154115746283473, 8.697333106046814, 5.089325656839347, 2.2299300924023155, 0.34266363851715154, -0.06601470653419397, 9.980748365297943, 9.664934403955536, 7.322164973453048] : 0.0
-18.48168061642744 : 21.906778896352467 : [4.082525243346298, 5.050064646252212, 8.576423511462261, 4.854325634205271, 2.6887227387081105, 1.815183523033666, -0.061998483066546844, 9.971424780299813, 9.5633803529135, 6.413597339941115] : 0.0
-19.353874191844255 : 17.74414705448148 : [3.4012610010465627, 5.10438754691115, 8.888130192530312, 5.260529125581051, 2.447911745947053, 0.9168131832705275, 0.24674761102873904, 9.999131709453168, 9.438366076938365, 7.4188452655792965] : 0.0
-18.520137356589004 : 16.687459587605623 : [2.893948429490549, 5.068696682180398, 8.89765216248195, 4.959422438425952, 2.4980002506842744, 0.9924247995853439, -0.056153446578314364, 9.979135127471643, 9.464156027366617, 6.992088893022327] : 0.0
-19.62896053186651 : 21.836054969917768 : [3.6558719446353622, 5.433140657239023, 8.934944044767974, 4.830471273694577, 2.6108614735471947, 1.6166098675491094, -0.003015226976154667, 9.95291176984282, 9.369904030967362, 7.325916534037044] : 0.0
-19.238182352885858 : 28.39559979354594 : [4.115818840068032, 5.814845222439807, 9.56229242488233, 5.397179304301851, 2.5566048482473516, 1.1668880710657266, 0.6958008043108249, 9.989660009131327, 9.415576514433962, 6.358621774292031] : 0.0
-20.24848361625945 : 31.883189066012044 : [4.241732216349397, 5.364830219263924, 8.71158792199505, 4.8790473178810565, 3.8917553243376415, 0.9121830001817397, -0.006677886055933002, 9.954439176457978, 9.785446305046289, 6.5884959617559185] : 0.0
-17.78941717485789 : 14.732243886182278 : [3.0725963605544475, 5.076686618515749, 8.658464380923839, 5.25455690180386, 2.419325198681116, 0.9697008069567296, 0.2779810526294103, 9.986622105733705, 9.529006178392104, 7.474550893327274] : 0.0
-18.377726032192534 : 17.53101820008799 : [3.1655849468782664, 5.43943649656695, 8.884684340734584, 5.072812155618803, 2.1972724685983422, 1.3993256860725132, 0.0470357249081258, 9.966147588082212, 9.41571016880409, 7.8601254474089775] : 0.0
-21.62494563085582 : 30.196436613145764 : [4.102730170263183, 5.5714902847075845, 9.361849500329601, 4.634436072657745, 3.187632227271026, 1.0363183150111959, 0.23038493482934383, 9.992214865447124, 9.409055436504737, 6.585222829562855] : 0.0
-18.0894747199729 : 16.816396968661266 : [3.0579576249433105, 5.287310149082, 8.833825284866869, 5.261456135084535, 2.125586697222669, 1.277867986973638, -0.18207539337794681, 9.952035337926999, 9.56292574990902, 7.236464449764643] : 0.0
-20.350558250783934 : 21.564017533681863 : [3.3305817793908035, 5.631089627804483, 8.732541366058097, 4.791298362331916, 2.558632120505634, 0.7626969993648007, 0.03874192128265505, 9.969722315715568, 9.633463295809607, 7.1538023104892625] : 0.0
-19.170815287544784 : 18.134356401526595 : [3.554599281149631, 5.145843371655289, 8.581051439025812, 5.11004389396724, 2.6097858373357408, 0.7456282647923506, 0.28821837487241125, 9.985430222552864, 9.485923903506267, 6.833008300512538] : 0.0
-19.900377446142457 : 20.8479354386208 : [3.5556238300699916, 5.5543035755740355, 8.744913617877032, 5.279592763257876, 2.467783590655584, 0.9771813302878101, 0.07430415650162478, 9.9543651739886, 9.488577250970891, 6.640769000676407] : 0.0
-18.70484878502853 : 24.655590918805164 : [3.4303885573638846, 4.596276252517126, 9.744133750785583, 4.909902938420526, 3.35343687417252, 1.343460939561845, 0.2245271777975726, 9.998181380825919, 9.430386334862288, 6.096991090412443] : 0.0
-18.69495785956321 : 16.340497741954884 : [2.95501089713858, 5.122399251606689, 8.781420348296944, 5.108240272314577, 2.4099282767046524, 1.182658446618081, -0.031216844998102483, 9.981938808772677, 9.602288001547496, 7.051945416873213] : 0.0
