Fitness : Violation : Position : Miscellaneous
-487.1732550207516 : 4.80324896756204 : [-569.7984667071946, -495.90181060444104, -518.8865995493129, -516.4138675671186, -507.5188073095346, -555.2404442154907, -514.8685787863951, -598.7867904610265, -533.6848296302957, -487.5180157502385, -576.0633678589498, -503.1387538435142, -534.3604582891313, -564.2337447157927, -493.5423484338035, -500.8969016971739, -534.1553056475725, -527.5826564412889, -513.0107759177387, -543.5437665652187, -501.37574763631517, -526.7483397927009, -508.7262802548449, -501.8761401228933, -493.3231493040389, -557.2849155627673, -539.3287066088487, -532.8969750984086, -525.377757458723, -523.2212602364623] : 0.0
-499.22163948388885 : 12.216345553325635 : [-578.0059154542379, -502.69483471198606, -531.4165127399697, -543.1550050479675, -550.1866954721654, -586.2704672719051, -540.2850033111533, -530.1317096354513, -524.2543155532657, -491.07028446918105, -576.3202833095519, -504.8035662571452, -541.6168710888754, -593.8948555310076, -578.2485954263517, -533.4129140571738, -512.9337185953304, -540.7198818302181, -512.5665696956399, -506.70864732682014, -513.3237590310848, -531.656479531284, -536.3811210749794, -520.4997606280238, -517.2915516802841, -521.8221179520406, -556.5478303646817, -530.4043807577954, -555.6473619308545, -575.0414577936496] : 0.0
-495.9146544102046 : 13.255298777175748 : [-502.11628244657084, -510.27769737375195, -514.0518628784632, -584.3328388557946, -512.9851787144875, -555.6439394408566, -560.8823703146326, -509.867752077922, -585.7946099484714, -522.105721717168, -560.2376125576815, -508.1768557117111, -526.74914199455, -566.1643466985768, -582.222767006119, -564.6480640561709, -549.0155257147094, -583.862545692772, -543.9840021163558, -503.6225615166681, -509.14533343699964, -506.71045648182474, -504.6669814034167, -515.4228030360485, -503.10415309086886, -537.3095928215105, -578.6060549963713, -554.6187442173007, -507.44377884029973, -500.67701337905527] : 0.0
-483.3620773415549 : 11.28906973820142 : [-590.9844155545562, -535.4713007876753, -526.9131546976272, -573.8940081125818, -487.6036036160574, -542.4483813565571, -503.6940784746982, -479.14120380222045, -527.0466119665105, -510.95375849626697, -554.878500765525, -491.0226561520846, -511.10901602032544, -533.6421951369447, -546.6569342167152, -486.0309306754963, -516.4071797216673, -513.1623887280844, -595.7034951982276, -492.10066694648435, -493.314152083162, -505.2105180788813, -522.8313444617288, -491.2004996193608, -519.4494008028385, -567.660320186589, -513.3033272785927, -530.1957444705167, -502.12491549689497, -508.51012369734656] : 0.0
-493.1105566375813 : 12.312729915474847 : [-532.9180891305326, -487.5116280674028, -551.0088047622489, -504.76529670288545, -562.3998499634365, -580.2307215492306, -573.0840621707068, -592.8551501985282, -576.4574995416825, -503.494805608772, -572.9595676976601, -503.8300114830896, -532.4672629784109, -549.6546174957625, -555.6078844165779, -502.82824168142315, -519.47617908959, -538.7604598578212, -574.4949486039914, -500.5975644805126, -501.8994353600681, -507.64617705044947, -590.4123785443481, -503.67617648866053, -531.526024664724, -529.7990259998396, -517.118461877129, -526.9747945228007, -527.6648831693366, -502.0710192073385] : 0.0
-495.90592338359534 : 8.776003928833727 : [-586.403651378783, -540.8444178133742, -539.0804197733145, -536.443402352285, -543.9108664669031, -543.1068469784702, -563.9289029382933, -507.6643936501017, -561.3471124216452, -486.40687876925233, -568.7032050512962, -507.2746034473999, -539.875769388989, -529.1748416399195, -515.1049372613326, -500.0161180958265, -505.718233062292, -562.4990661949672, -518.7265648716036, -517.7082395408163, -504.2895992710669, -533.8442275370455, -544.983297016848, -503.71677606308833, -507.10622720917246, -548.1522808759493, -518.5988158317903, -528.9442421412552, -515.0080671914768, -520.597531557588] : 0.0
-492.78906744075374 : 5.840354111943292 : [-497.8258426318719, -551.7772432029261, -519.9935701226566, -545.0009237833426, -506.4328124092974, -595.9250555659837, -510.0996299514291, -518.0221527128542, -534.0878356048513, -530.1721205317842, -587.6046566604014, -518.3331003358996, -515.8753476002738, -566.0504484071682, -533.9719847921772, -501.1276989805218, -502.06466618892955, -540.4155375169705, -540.0641525493193, -500.27607528368503, -494.68923982079076, -504.092237370167, -549.8958166476139, -527.4607999334928, -542.2024048131562, -516.2800728683594, -537.8624161191174, -564.5830592000426, -545.3608254783599, -493.36001306476896] : 0.0
-502.55361578635717 : 10.946237396730375 : [-507.08300048784156, -499.44365023877697, -554.0988038620311, -518.1416838426859, -540.807042373023, -592.7213867291528, -529.6508211861521, -503.85235915781027, -580.1051061572107, -502.3786197599164, -551.8715022316088, -517.5161495180258, -498.44933733025795, -577.2651302158948, -574.6971914259288, -526.2722368368818, -511.6278205037797, -518.8239173235715, -516.0522533700838, -541.3202393338465, -508.3166310911472, -518.9138355635749, -563.887602949389, -510.36692992225096, -516.4303230320726, -516.9697830477073, -510.33390670479804, -520.8022601717798, -545.9037920862762, -578.371717767121] : 0.0
-501.4763640992252 : 25.4389675482696 : [-547.9679733916973, -514.7783352226706, -555.9420050741971, -506.8782357922425, -570.1151187515784, -575.8823242661826, -524.2870703894953, -534.9452278408977, -530.6103432171692, -506.2308109764497, -538.0540876578473, -500.649044828327, -492.1219959797353, -577.0654270980198, -502.979762199229, -504.1306013689324, -529.0898420196793, -508.7256070400768, -503.1715364111143, -525.2835258337379, -499.9509858889156, -508.8060399087773, -577.4453673081732, -504.5176145124557, -544.8655180968431, -503.07611436625916, -582.4893752837943, -569.2352224556543, -503.46289125184603, -541.0627285427965] : 0.0
-482.1193701249061 : 2.4272449990064406 : [-530.979794615914, -493.9349764634708, -494.37148726377444, -483.31491923003574, -508.68246200859767, -487.7651589500779, -519.3821213042792, -493.10163226979864, -520.1728079651255, -475.67171578339673, -492.7445026743373, -490.3237159282058, -563.4860245440359, -524.9516594234067, -544.9020931431285, -513.3529884774615, -505.13219511896455, -569.9165563722411, -521.4489073918068, -502.9334216845387, -518.6203962761149, -507.65977521870605, -504.543156260799, -548.1133824577947, -521.0305336505709, -535.4178704601541, -533.6945746000374, -505.7553066482944, -577.7167776877455, -482.28319992469454] : 0.0
-495.7670595698156 : 19.560260498480165 : [-577.9799783959385, -491.12260427369415, -530.5334835139348, -525.5614087144224, -510.5079975937263, -572.6441527320669, -524.0465716712215, -521.6425142878303, -585.8907787138908, -507.221718804811, -599.9110214979333, -493.1977246829082, -528.6521430381919, -583.560695729971, -583.0811859921725, -496.1954452666739, -527.1248514336665, -535.2233552532035, -514.3125732255999, -518.1053849188494, -504.99987377725404, -506.02931629281784, -519.0801739548059, -506.2085320339643, -577.7821663851565, -531.7329323473984, -523.6584153070437, -507.50579228813297, -512.213498989576, -515.4545082907625] : 0.0
-477.10023238855814 : 2.544235748224443 : [-482.492323121867, -516.2959384864571, -506.0384492241773, -468.9970351422951, -499.6366954489205, -538.6644785725784, -509.45711446481744, -532.0236464508736, -559.4187986908703, -480.2521381161422, -569.3450947769425, -480.58908565006107, -489.777842608785, -509.0102333461854, -478.1092371654829, -498.90123205903194, -528.7727661130535, -526.9135276337875, -552.0867899722016, -528.8770711363102, -504.41673656468316, -515.912555190622, -494.0267886917795, -520.3943835444857, -489.4635683011824, -482.19484857132613, -503.9454615418587, -533.4669351161051, -510.0631447256462, -541.0302602010215] : 0.0
-493.0909296517806 : 9.498438016356602 : [-540.1178140810061, -502.9166617404597, -498.85503013525306, -565.7004862746946, -527.2697208247723, -583.434574159888, -588.4066682564643, -532.9002769928355, -585.1505309683173, -529.0567171573439, -582.059877710898, -496.5053821431503, -589.4510216403378, -591.2109423742094, -532.8855753297139, -496.154237418506, -506.2805974350688, -581.2284633102961, -540.1739322184699, -554.9058218919454, -531.4801063384932, -511.7420493489866, -518.8513165276248, -516.6333709769003, -526.226090853547, -537.8163390601151, -538.562247254585, -504.3790098679365, -559.7092226495906, -555.4645901015263] : 0.0
-497.49297834541545 : 10.848729102701752 : [-547.7728491679519, -493.7783811842172, -581.4517199386046, -545.0151308776253, -555.8427883622094, -593.337374105418, -544.0033670457333, -528.3158477450697, -583.4316448341751, -493.3957006002572, -523.4507700694136, -513.0083001156713, -530.1633945929946, -596.8907348754624, -525.0452063691297, -543.6469507737495, -553.5753254636375, -597.3237508761727, -536.0469914019772, -505.58203543163216, -507.5882626754154, -539.6343539762348, -518.7892603359387, -499.9043125610088, -531.9053601434293, -557.8253966206864, -549.339678362583, -523.9112524188043, -534.0258803712954, -522.9649743297882] : 0.0
-494.1474926012073 : 18.015813852895857 : [-577.3871505686793, -512.0470177608969, -503.69317652188244, -515.59017296154, -530.6928637605224, -571.6225574167901, -579.4260684237419, -489.9266190618729, -592.1325807519297, -487.0544130899397, -564.7216443930549, -535.7682916245961, -487.37037939299853, -565.360819903007, -550.945492232934, -536.8411620400698, -512.5443905054585, -559.2343514459662, -518.8833026944957, -532.106743590912, -504.9337955926888, -519.0328467933209, -553.9635167328576, -501.7446261758176, -525.8116508896328, -494.05746300134354, -588.6354266350827, -513.6643754662576, -551.7702799005237, -520.5011089489772] : 0.0
-497.96750293057414 : 27.79994376028659 : [-541.516933690324, -536.8903250825875, -574.0247506557241, -526.0772311457071, -506.9870538574387, -577.3233196867295, -534.4633925699974, -537.2231060569038, -574.9408829917675, -527.7304734665731, -576.1807148668735, -502.74778525342043, -550.6562624167304, -548.8563272472944, -560.6083716552839, -531.334518182413, -512.6921800578764, -549.4859105186729, -505.8590893753653, -566.4652687145056, -493.532441364488, -527.8716617579583, -549.7385284120617, -564.4549735991261, -525.7889520687693, -563.2624072608376, -512.3089477600035, -571.1650143852282, -541.1109610215216, -517.9741651949339] : 0.0
-490.303908516511 : 3.9513614160750308 : [-542.1612610399598, -545.950130376395, -496.0680089999835, -513.1818695072307, -535.3757559048779, -514.6298111247391, -524.899256363843, -505.8880415478726, -544.2649524796258, -528.4753119687846, -558.4235298627673, -507.5938277375498, -513.9125063265378, -564.789656858488, -570.1853846580514, -492.57721867882924, -534.2724731233086, -565.1651695875025, -509.1047669882922, -528.0592341158914, -492.92917670613326, -507.1571310025349, -523.054705984867, -531.9244043336039, -522.419584128508, -551.5785213475265, -539.6731845689333, -512.7215879405817, -498.83202354436276, -569.2181863862129] : 0.0
-500.9111723543935 : 5.343778761759877 : [-530.3459742986396, -533.1364250011251, -519.3475934576466, -535.6847114860163, -546.9624909771328, -584.0845388113669, -521.8993684923, -527.7385174522153, -578.7266150735155, -528.8758223153925, -598.2399465145243, -507.770941843474, -586.2940368765685, -554.6007655865153, -556.3734288739059, -497.6037030570121, -520.4733362660673, -546.4405754255965, -511.0841793486477, -523.1621844686545, -498.32103620492455, -507.86388424115097, -540.3622405268701, -513.3225053842999, -532.6863799066566, -536.2788193593684, -509.0406067862615, -524.81970841096, -550.416547607801, -523.944999078239] : 0.0
-487.44195131440824 : 8.409794504307108 : [-521.5405643513178, -544.4119978311489, -495.0540499184241, -552.8684092945266, -552.6254086634641, -569.1656055603107, -546.9292815481616, -544.8330087681786, -559.4622506927451, -518.8355454519196, -513.0006215634205, -498.97914732643835, -538.3415872989091, -592.9500204843628, -509.46147619294317, -543.5027100798172, -497.9131736424142, -574.1507714547528, -517.9010640323287, -569.8086527415319, -496.17536988460114, -518.3589443146273, -537.1225778328751, -548.1607854429217, -493.59184559769557, -536.4115266279323, -525.0419990561526, -515.4592190709185, -513.5277264780433, -528.5574892828139] : 0.0
-498.4344212042822 : 9.474835972182655 : [-511.930914496509, -514.9611474734173, -504.1985216877547, -547.7893251699533, -527.8212810342027, -555.0975643289889, -591.6698176281234, -528.9780298551516, -580.8808085380414, -539.610279708118, -574.541948029584, -513.438479876494, -523.5375818333184, -564.5925259763438, -499.51513188827704, -520.0239963969743, -527.870858769079, -504.56677042037427, -501.89901264131294, -508.9797520621569, -505.8893678618813, -509.47257627848694, -512.1786281081623, -550.4790147537008, -514.3461705587317, -576.4780597812833, -533.1321959803971, -560.8551841610542, -498.55840346896804, -545.2939610551593] : 0.0
-495.1881553743317 : 4.20368586904085 : [-498.06181839452427, -506.6763797433808, -500.9522558578042, -536.5872390272245, -515.6827766629102, -540.6066369557948, -511.7227301864308, -502.40011831440654, -565.9396940901956, -486.2225596988335, -562.984419522658, -495.235550831467, -569.8344558969204, -496.50829446674953, -525.2459501024639, -497.91929999388947, -532.5494937443766, -568.3204979572115, -532.625101319955, -527.3568938254754, -492.6993814397014, -514.6043803418588, -542.7583809559317, -509.06230259797206, -517.4265330354935, -526.3060725525189, -536.7176489340875, -545.1126465193569, -506.8550894370236, -592.0314652292149] : 0.0
-498.93000344936274 : 7.151981831310005 : [-594.0747219997302, -494.432915857139, -550.233490650057, -514.3853422167574, -513.6059304201103, -575.1753305330557, -538.0304746860741, -544.5056407689758, -557.0908689737707, -506.469203496878, -544.0500392144681, -499.19595824529085, -490.93153283299296, -576.187097290104, -539.9677139857706, -510.43992367109547, -518.0157842206954, -578.3797218066338, -512.8516377890069, -530.1566574708152, -510.70010522157895, -518.6584802179061, -541.341677656693, -544.8931104287666, -518.4528624040631, -596.181646499456, -590.4877939217115, -502.8860482626486, -564.7537934923397, -499.0938332491512] : 0.0
-490.1301136710037 : 16.658445549421216 : [-557.6175089942934, -489.1230777380522, -528.1599780279752, -548.6152519018382, -527.7346928102743, -559.8788939849132, -552.2008433424612, -514.971860231848, -540.3790537691872, -509.08701636624534, -534.8767214930824, -501.0191015017525, -577.8631515183973, -553.7097150018415, -485.415936204129, -534.8931020838803, -529.3709140370843, -553.2379977343703, -534.4707735720885, -505.6366777222366, -488.37818678641156, -548.987672930278, -508.74325236934556, -510.83491696324796, -533.8836655989714, -532.0416626141701, -573.0528187853407, -554.0230095807946, -523.6924848766203, -496.58348587907557] : 0.0
-496.0404107741424 : 10.530304879515354 : [-515.8240956854404, -488.40694372658265, -561.3499546769966, -534.5896460755862, -567.809615468961, -587.9312861569457, -512.324087381691, -515.124487816032, -553.9040917075608, -533.1392622493506, -580.3903812952879, -493.66020905290156, -599.7043505170842, -592.6965730664315, -554.268264025844, -499.3214154521073, -511.02399457820167, -532.7011300934319, -517.8138082173958, -559.8914525074953, -526.5545314111989, -516.4854572687241, -519.9176061211136, -580.995696782912, -538.1811470084817, -556.3097077506966, -567.6594660471319, -544.7378922528811, -524.6509391105883, -523.7284497031148] : 0.0
-490.6206160431227 : 2.236395616734595 : [-543.9964634484861, -585.2524301457368, -511.6086252281441, -502.77081305144316, -510.24333446603106, -542.4742363510833, -549.1019700018858, -518.612332278948, -509.3769854424519, -493.318350797546, -590.604633100912, -488.0512811562153, -521.8336067101095, -533.0309311804695, -494.9310867670006, -519.0923785490963, -551.912819135188, -591.9038379381495, -498.3563188332064, -503.87734451514893, -497.10493338551737, -525.9911645193425, -513.0794188942139, -508.9149510767485, -510.21284512595264, -552.184354845036, -573.3955235941803, -498.9918676466681, -543.3710206075176, -517.3581716188119] : 0.0
-497.68731949449506 : 8.2322027139372 : [-539.3318712214796, -544.5261913229466, -535.8000268164449, -512.2180029979847, -555.5104017142687, -577.1166482167907, -559.6397512584707, -546.5502974190608, -593.7951853280315, -522.8264852985747, -587.0944342401843, -495.11798460758763, -567.8102527723579, -571.9632264120179, -573.9112433817738, -512.3176057347916, -519.1816691993374, -585.309544209069, -574.9878766714298, -518.8993338977335, -509.0403651734665, -518.8670257292218, -533.0324783874348, -527.5079932759019, -512.7478554751431, -516.6870633947835, -577.0024576939187, -538.4354740421982, -529.4282672865897, -515.9578179293308] : 0.0
-486.0495948784387 : 10.53270224506654 : [-565.0766758659763, -498.664379914877, -498.10152748650285, -557.8851148763167, -546.6645828560456, -575.1349108036536, -508.2674059246059, -544.6002850036522, -534.194988190844, -476.5505502640957, -563.45947653576, -487.4421975044162, -586.1781610225859, -591.7893859422156, -518.999363165861, -506.7488091915971, -581.6005128213322, -520.0834448258556, -560.9527896558981, -519.0936411450427, -509.1034535552732, -506.3251993623383, -538.4853936845539, -574.454386253913, -509.23561275747727, -516.6725035351823, -506.82196045721594, -535.5565132447413, -511.91699863527685, -507.69503027560216] : 0.0
-494.60890237772503 : 6.866334046276778 : [-552.9254850645864, -500.2397347711849, -537.3710833754432, -528.2052243878693, -548.2820578302299, -580.8719769345635, -515.907623552222, -497.4431237936012, -593.5877365484264, -499.2337437683515, -590.7535719612013, -495.4983587277313, -523.636393856104, -554.2567015766197, -544.636732412006, -487.8334817298408, -507.8357565916414, -590.1728299164415, -529.9155450318464, -550.1746104447822, -521.9393441281042, -511.23565166185756, -544.0138833966581, -503.4136200084512, -550.4197819367108, -539.7828817226028, -511.65893824731836, -527.8832948692946, -568.5330311457471, -533.4255722943893] : 0.0
-505.906097312549 : 22.160765786019525 : [-546.9695757512269, -553.13942227241, -554.7283641266359, -560.0006219516584, -512.8878945348572, -536.4623862482226, -539.4588659026684, -510.1422284423223, -576.2081936590607, -505.4498525332921, -547.2719724767708, -503.33676242564155, -591.6821805423081, -583.0625392811451, -599.4658580802898, -508.0660808565793, -522.1565784136425, -569.6553502561526, -534.7471634474994, -529.2307421371165, -505.7449010505532, -515.4357657741002, -567.7189610585128, -521.3335798820284, -586.2630878193331, -555.7195001680934, -542.2968621386462, -505.2211462085294, -547.6097649812896, -506.4148779626746] : 0.0
-495.61480602099874 : 2.5442206724575174 : [-527.7039171390963, -538.8876557077276, -527.3097338238579, -566.4912556915742, -495.67432199041593, -584.7731764757261, -549.271607572005, -522.1671965593864, -547.1631737214325, -532.8720979437845, -546.8284906504033, -501.55258365165065, -566.7905367157472, -592.5548800286504, -515.318477789833, -522.9866490527567, -537.7868101221223, -568.8006648616198, -513.8826586911457, -515.7306866047684, -495.9426515336952, -522.9941138652816, -520.0796697202496, -553.4766777898906, -522.2520441742312, -563.3207625459206, -537.1936113333218, -555.2804301689179, -545.783613819536, -529.5043544543202] : 0.0
