Fitness : Violation : Position : Miscellaneous
-508.10235156412676 : 4.536795169920518E10 : [-65.11382471621926, -65.26561817362983, 82.87042816887308, 80.71421370748101, 92.76781158985207, -38.27301715312672, 47.94824868365231, 51.98845318760763, -19.130753535867157, -53.63735392976858, -27.620781287691386, 70.47934124592575, 28.54594469426999, 64.16812780690523, 64.78589906019988, -9.637972460248136, -14.793211038435786, 56.060587183995494, -80.85728654137858, -79.7024998685349, 43.616155984485516, 65.90200037226202, -65.21320923503804, -10.128833414046, -63.64859206993187, -62.79705988638376, -30.525014178020342, -15.978175018824416, 26.417976966655203, -60.168584327722094] : 0.0
-516.7293049861668 : 4.332252667972443E10 : [-95.20906650443139, 12.415026693077436, 69.98056478296061, 52.192300701405, -46.472040264075545, -87.87170226383132, 44.3568743738189, 9.739872847813771, -72.63359974747883, -15.296664655907179, -38.0141918662173, -54.40090932971595, -48.401296102240906, 52.11877450499665, 39.22058107760023, 31.18843529784732, 8.19212632189084, -70.97345041221257, -32.04829287090631, 67.81899722935069, 62.80624218615591, -38.09999085958924, 82.78874248130376, 63.648589682757915, -14.944431416900102, -33.56035658055801, 84.84477199856082, -43.25186642492156, 57.92186769506088, 48.83825461151554] : 0.0
-495.05419648213405 : 5.255015152129593E10 : [-36.947476426485686, 3.3158963136457515, 70.69421907475834, -39.67732658526441, 20.21108622662276, -52.23163393303932, 81.19481465706018, -75.92573362277125, -47.855929286978146, -34.10760727117264, 90.22745532439151, 78.55922171786622, 34.96804871140504, 84.92410953891718, 49.02032054080423, -34.52949957284328, 86.92628525332061, -66.90571375892077, 7.039046787258812, -35.88542204317332, -45.245549247449325, 52.74231845483877, 45.960221163915406, 41.90035614260104, 31.992791868193677, -89.10129100554667, -70.78286741228949, -71.35484175487883, 70.36680111947302, -14.911902726233567] : 0.0
-723.4039762279299 : 3.838024270835211E10 : [-67.87912306529788, 9.59521182125767, 40.090750601023714, -65.13984687850719, -37.137455118711536, 28.360255268295433, 4.304892656819916, 89.86679013218313, -51.6212496160307, 25.800937897481873, 53.412128931029514, 13.391811084004088, -51.97316332990451, -16.447044140548776, -45.107845431915685, -51.164792774620835, -88.07298463698758, 34.64113822605185, 23.51995113579078, -26.522238761600008, -48.96557580531307, -90.60804499623947, 76.84778654478392, -59.37146762630825, -60.199115200363124, -17.274038077569017, 40.80073421698405, -37.9512826343021, -79.7672962276475, 70.7489011865969] : 0.0
-613.181379147908 : 5.104443022987371E10 : [-40.7259057134774, -14.649361976330184, -76.4657480646135, 2.37809188165107, -45.26626538348607, -78.79050056017742, 67.8143187216329, -59.72108053927147, -89.06928975847615, 63.25473344013008, 69.97790936926145, -7.035523597162069, 93.2168401634374, 92.84993699596714, -9.55147212200356, 86.94593396496703, 19.32509785131012, 31.540884016506396, 3.0651492864110024, 90.35665136608571, -51.76218257567089, -8.149779053651102, 43.27220925679137, 3.1455703214217863, 24.768226574310553, -44.502518884569355, -46.695634283941665, 12.256343070716866, -13.47194957085016, 26.083426098977245] : 0.0
-694.9128923874318 : 5.190275592041054E10 : [-77.17471219116881, 30.971606518895612, 99.79029031969006, 93.68609542911827, 20.315730791030546, -33.3918062108363, -17.32736443046617, -44.29549616827426, -17.564234295039952, 94.19553510891646, -26.33957426413687, 26.55473765734071, -14.325685426337479, 16.40945296285345, -7.316918920022999, 79.71241986933174, 71.30111308699108, -35.0462066752993, -12.021988014013182, -69.22218232240837, 61.67682610855825, -80.72677536380992, 53.328759779974774, 81.9301274217512, -52.64264576381763, -41.0215749843984, -25.600469807933266, 36.78353610909838, -51.101838167795854, 70.1834415369028] : 0.0
-547.7245282648298 : 5.051991258981225E10 : [-48.06162803547802, 13.423589138416839, 69.82618154990115, -39.43920383899772, -68.2049152902706, -36.67466085556, 18.330098237966496, -40.90587304459088, -37.478636586692176, -32.655554740332455, -24.311012534907547, -44.85282956054141, 55.84156515304153, -80.90385366882731, 51.02570266478779, -74.23038737063843, 99.72175888600731, -65.30850459243966, 4.056991621007043, -61.67844009481136, 81.17370001622095, 27.22454517849033, -38.73022140688656, -60.76507215749409, 1.1393921215548986, 58.297392216313455, -96.47557571040633, 68.75085268023076, -78.98434180484699, -13.666020324678044] : 0.0
-640.9596266555807 : 4.869886124750648E10 : [91.7690752669319, -67.78917601256582, 52.141050272461655, -1.3050693031429432, 99.98668295676981, 53.92874948869125, 85.28854597418163, -52.59264689594622, -29.781062292087064, 9.49587166557103, -46.851808550883575, 18.5838413785429, -61.92741809393999, 52.460625701252255, -13.05160155146783, -81.53260351672016, -15.006598513440373, -85.71694809858755, -4.052092488811895, -76.59068812698472, -26.8577347980562, 25.064938434866733, 14.452542825334985, 31.730489479834688, -3.8537920600889777, -84.29309971982262, 0.48793867228791044, 47.60488186308207, -6.1501356952637, 68.1078635849068] : 0.0
-667.6693723479867 : 2.6050589331183323E10 : [45.92199565513204, -19.16815356560619, -65.28644055419417, 96.98131673651261, -22.465234920538684, -69.47815760215106, 42.04737355014114, -53.37532308881987, -53.91691029916279, 68.17096550719563, -40.058416040453096, 68.97115508705764, -16.10527325110576, -4.748338198183276, -45.925678661414494, -15.206374202638173, 11.14179718238465, 74.55986802175909, 19.87634171045719, -58.03739592833603, 22.65320353168194, 8.516655038163787, -46.7499815187939, 43.58054746214145, 31.134175622146216, 29.024658230192017, -32.69373884613927, 26.62443817444435, -1.2227452814406377, 19.79448984961772] : 0.0
-723.7307159853924 : 6.3309977755982216E10 : [-53.15096204264451, 93.15569527976893, 98.97305751636715, -42.400686576711315, -35.347007319095354, 24.603321688013654, 47.7460891785303, -33.38174840917019, -30.833149017946795, -55.26881314740053, -68.39637222409479, -49.52694208728883, -99.37400600753242, 84.43445468312237, -94.30929353033737, 66.97600924921954, 20.519668598064445, -8.684704253072084, 54.686415988757894, 16.19970593759537, -59.43825950719999, -72.36131476757507, -26.952375613821445, 68.77585619723872, 27.801606946573614, -34.27037149761603, -94.99485746564542, -32.19476005898347, -39.3463534644588, 30.965730204197342] : 0.0
-557.9300062636803 : 5.407655277321002E10 : [-28.375097636785924, 63.277418586944066, 30.941630825147655, -34.76488665803974, -62.709823757998784, 41.49623717530372, -83.96461613035349, 9.126569687871694, -71.44103895789091, -61.59681325329957, 96.78031276707418, 23.80448147510492, 11.42668454940825, 15.817942540753776, -61.464738165454435, 9.550520878315027, 23.405598068828624, -92.77932820833938, 8.097741267762387, 48.7727423015433, -86.27754213047913, 82.02795971015527, -93.54762864931257, 18.042326377402972, 58.78034771268443, -11.124173866191981, 55.57067356313766, 47.1093056297166, 76.52359924751573, -24.378891861497266] : 0.0
-500.99593015665425 : 2.092410019890593E10 : [41.8457501720624, -69.18438552296021, 25.46549792835009, 40.394941313265505, -19.09121890508637, 6.808569177177873, 9.729677849658174, -64.17218362453636, 47.43979480764315, 40.437393363518005, 62.92132875729385, -72.06237103215153, 79.38353221236267, 54.094291331741545, 52.41972449944061, 20.860098505329603, -15.670595697420403, -53.81408489698365, 58.66183735939629, 1.8609569947530176, 11.400582478309445, 52.57967127453459, -16.776298382157748, 55.432107584711886, -1.554228723460974, 32.845182958377535, 28.09606984716143, -48.66294749436541, 61.716743816889846, -91.03138680125262] : 0.0
-555.1653659233077 : 3.426329647584299E10 : [14.04226870537547, 17.750880728015247, -8.647044565141073, 95.38315388903558, -1.6774772063335917, -54.5633579531901, -32.250531755263445, -43.93597459041973, -0.2898689403889936, -51.070851016790144, 29.42194907514893, -15.347392151879681, -91.75474051710894, -5.753274429629407, 28.546098692771977, 47.704466976246735, 45.84207424413523, -74.2979969614289, -50.56160126200693, -91.08234059055428, 40.31462052052127, 2.8162378409817705, -66.11719255289978, -56.2523772813103, 5.403390317883144, -36.12360449107535, 19.34808575234584, 65.99443490070155, 28.780850803288597, -75.37065463705008] : 0.0
-610.2146992494321 : 4.6689966034019714E10 : [-39.71473320893577, 95.91580629642758, 19.876414340580226, 60.16169657528121, -55.77117120859178, -50.47147557659599, 34.02699012508114, 28.655835252556695, -29.40397760263467, 80.1624036123938, -38.39451892032524, -83.94575136872643, -22.456101703849022, 61.02961362212547, 71.27878931352913, 5.285259675885925, -58.308226234758536, 65.76480837386512, -82.31022647307427, -30.58412795887577, 69.06391242472466, -92.64661289478495, 20.862155297191634, 5.766508279261814, -67.76542343453681, -21.807320546253603, 55.97608373828944, 37.00647768352094, 41.16612908384511, 30.531185697101932] : 0.0
-631.4295398122333 : 4.265021082954355E10 : [-13.794790027005561, -34.11044923416814, -87.93479406191176, -1.1152521260874693, 74.23301506607167, -53.411978690972816, -6.756123526923503, 0.8998962069026248, 38.64206962039595, 37.20370722763122, 84.26893563460213, 59.61432658292548, 59.96220061453347, 77.52783705903799, 78.15271081573893, 81.80345011473558, 86.45388573515925, -3.4186175787304904, -18.987876760402386, 24.88241853849108, 57.08783581561552, 52.967015075737415, -13.710515393154939, 50.65575028257331, -76.04722511479224, -30.74538687679393, 1.6036525367095626, 26.93396825107132, -56.25943220785224, 20.152726424477066] : 0.0
-579.8901569416857 : 5.160182291410903E10 : [-25.949298336908953, -65.35135796523608, -49.41133866837828, -23.157149634052416, -36.68859532189255, -28.726585486043277, 94.22012557943034, -7.328714604439483, -15.966981849297056, -67.57089622107755, -74.95016063235951, -13.113622555129268, -7.771811405854962, -51.3110810836223, 86.0597610521271, -86.14914437635395, 41.456975078817266, 75.04606944564114, 56.92804970179856, -47.38610413979134, 50.840447185221166, 84.60086064312745, 67.68025411308955, 24.82242207010235, -23.832605354158233, -94.51469951893337, 40.265805932670986, -66.44150518607914, -50.95829255374076, 86.13874151097707] : 0.0
-680.1849853810354 : 4.56858128448139E10 : [-33.17379101735011, 45.05724217586771, -34.89593248187987, -72.06160231846505, -6.69846476434379, -2.810778082316901, 14.527232528811098, -59.54465901351492, -61.10350040440672, -79.476367896364, -65.15537136252358, -43.95315559492121, -1.44745061525294, -24.16648658540924, 46.719363305577176, -92.3402501678271, 32.41516669552627, 31.861247979052223, 47.48027450420011, -95.6391191935649, -71.62137547574413, -29.36791930298284, -52.51392946497271, 32.31238865625322, -95.40378134848365, 39.11878745918982, 38.64655906312719, -81.39323865526136, 40.70991190565783, -67.47685159434255] : 0.0
-530.2686614003351 : 4.53979209029988E10 : [38.20507835107877, -7.221690153777324, 77.92009645776253, -85.31334203462136, 53.26881495132583, -75.60955776840956, 17.101719286431766, -20.355244620089636, -49.299286181649784, 63.23643424915335, -63.09814299058089, 89.48993528513292, 81.14168271103955, 68.08798771501773, 47.141170979045, 66.55555287459899, 56.7439247310803, 42.005542124120794, -69.78568599220668, 2.182755924890337, 40.95516807433781, 14.00919599771646, -16.614954660382068, 59.31791254085667, 50.19423063518904, -47.32550918269742, -84.81034905418498, 3.921931569654684, -63.72216211097075, -97.63039730902823] : 0.0
-581.4381373545176 : 2.0781440508956863E10 : [35.047325139181325, -59.29047081058596, -21.88089325093936, 12.638750806571547, 43.555347393497364, 56.098276385516755, -41.445909360480506, 25.47518619560023, 22.477791050012854, -31.821160564769805, 14.027764919949774, -24.003635825707036, 49.51656058459014, -45.90985459319484, -45.02210549598101, -23.723824594676923, 40.845084899474465, -69.23922434939739, -10.825555046353934, -31.659744720757885, 17.525062651993224, 66.33466450600797, 91.98293293490994, 21.23790455768073, 12.323655059357131, 78.6435944790087, -37.93658076959072, -23.86923691718836, -32.971681384016414, -11.906905515690916] : 0.0
-601.4224733435874 : 4.743334559657559E10 : [31.36789363018354, -78.06356683359931, -32.93937449235784, -96.50118212553377, 32.02305867110894, -2.116759777039533, 37.23467625996884, -39.787697815695886, -63.66235648921528, 86.69631906761899, -85.54045845084232, 31.256081812885014, 19.26717775543574, 0.042622566786967554, 24.337203098069722, -65.34036644608064, -76.59117084119791, 69.77519024786173, -24.12679065969735, 38.4174110526579, 66.12662454375982, 91.48953656005531, -28.816733249222747, 62.1759981931265, -33.98458513394131, -0.3363637664582271, 43.23918293194373, -72.68183098764271, 20.08647689233625, -47.19572397322566] : 0.0
-680.4283563347607 : 5.0180913038326866E10 : [-57.270603296245405, -83.97520259421805, 73.98263241093318, 2.184313272553055, -98.49263831514091, -9.905209097137174, 23.5952649306048, -46.545677908836765, 49.305582725318004, 29.65328754343281, -54.72009491494967, 50.2943433616646, 8.537018274275724, 70.6982641714057, 47.72807984454258, -24.56987606945473, -48.14435247374909, 79.70159089090737, 61.30599004296129, 24.9776919342668, 88.05164977220763, 37.426732937261605, -20.589189563398413, 84.11230926707825, 15.663511796460163, -10.734612557383308, 91.98131043757988, 11.63501581857546, -63.07049024453227, 7.037543498662373] : 0.0
-525.8869246420398 : 4.25669655372106E10 : [27.868527081330768, -50.22624694311778, -36.75563604027219, -4.128817880629512, 17.516713596209456, -29.598191891482855, -40.52711821713251, -18.084453122210704, -63.60568977964307, -74.70308835166885, 39.32740663704535, 45.522057924378544, 92.5434230448818, -1.6980870828996188, -49.63813721401611, 90.36030861450726, 96.53118759943305, 64.67102966667161, 56.77865271069792, -52.231547781577916, -67.02142686010173, 54.549479008970366, 37.06672040310198, 43.256845995466264, -28.46244534435884, -77.0745260849267, 19.44928032218096, 50.17150744883869, 63.7956400746463, 41.25786142926431] : 0.0
-602.3947881801317 : 7.706339635887979E10 : [-61.353209843695744, -26.43227469869396, 82.3811202362402, 85.15933163818298, -70.48821158319392, 94.79907582047068, 60.32516842936734, 66.59913660808891, -24.22066198835502, -41.52100880240891, 43.47524440823514, -97.10737050441516, -66.39688966953061, -73.64942289613734, -84.38713398997962, 88.72674971094747, -37.19712458359353, 70.18965507564144, -52.996297245555304, -22.457883574061654, 61.39228839187405, -75.73943844508604, 10.488760520931677, -58.09513504589283, -78.1401798675719, 3.9847966152869496, -5.530856279446766, 93.918703380576, 84.69367415389863, -47.08716084028186] : 0.0
-595.6622961253279 : 4.3451822109307335E10 : [-57.53246569057882, 32.61738859954183, 23.255823080450817, -79.58664148646756, -76.81178180923659, -9.269114943473959, 50.87165627245193, -83.62723269464307, 58.087466038509014, 16.829795384385196, 13.709939811089356, 31.239968498592305, -92.7493274695601, -60.526282961773646, 50.64445130880155, -95.64416366101125, 46.005874351027394, 68.28990205826881, -1.2532060747995502, 48.00281917039352, -28.360526124029303, 1.163268733594947, -41.7424402220922, 12.780637237100661, -65.19507836792388, -41.95685374503392, -11.157232202844426, 78.62713361928655, 52.609894644298215, -2.0165076947375464] : 0.0
-574.4066144395994 : 3.775868381467825E10 : [35.26548539746179, 46.494484392884935, 20.781790032168672, 25.46097518977758, 68.9123595614515, 49.47683542824629, 74.67551438610823, 82.26480998476669, -47.60463933166983, -35.13769794658999, 49.99577673128796, 91.32674165413982, -29.456325022480844, 19.599600177586737, 30.351371646589087, 86.1163340791024, 11.229465415712937, 27.128473843272296, 26.56404457614977, -80.46913425698953, -38.81937457463671, 37.781183760098415, -2.600614805542868, 82.62642767676469, -18.22089115801007, 26.10799215429086, 36.45183488868499, -54.46282174518747, 63.60815775608546, 88.76396762233865] : 0.0
-789.4427401437482 : 6.658929659938575E10 : [-37.66526613848452, -91.37679695383707, -22.01473565762081, 27.870136407008886, 95.27246314978791, -83.49329083630377, 54.1545824277832, -14.523255147813046, -45.169313497324765, 6.287807235352268, -86.59736840298629, 61.618751754574966, 10.494531161566748, 55.902799959541326, -63.74020519745105, 10.463438728249862, -51.51138297949602, -88.39613544460741, -95.3125649898466, 22.552571804127098, 69.56619682253788, -61.84483382823727, 78.36844369016413, -25.905630795422567, 25.07762015065567, 57.29140630177427, 92.70908203748169, -76.29630153435285, 45.78252742698456, 89.78301892716581] : 0.0
-552.3841491450008 : 4.556594802845086E10 : [26.378297994674, -14.378245745843188, 51.92227629918927, 94.60109957968592, 65.41314899188532, 66.45884087641019, -89.82027855087055, -0.6742332286950585, 55.86888700786787, 83.99766009631503, 72.72393360525459, -20.273680145564725, -6.953476609232794, -2.2841915816368754, -86.98169573989782, -9.82084759210376, -54.730878698436605, 25.652247827538446, -3.3989950015005728, 8.896420739510503, -39.15359558453024, -56.533024355970426, 34.10299362036118, -16.901290359517304, -32.71109124335527, -20.234200915002287, -64.55534931334762, 70.42763016918542, 87.09737904820253, 68.0969418941462] : 0.0
-585.8338682509772 : 3.834903265652861E10 : [-22.880001302002896, -62.90938838788531, -52.03256262171626, -17.991080817894357, -3.2437375883213946, 84.34450763587208, 7.08962214114014, -14.62667813588417, -73.95737202612926, -55.92837458316639, 77.78298114983315, 88.57159479592983, -9.685535756497728, -31.498592890062866, 40.30105495630028, 35.586368295707516, 73.68024562474258, 33.370490130423946, 35.06756081583458, 45.760873978417806, 15.874553589470011, -21.58691745750761, -89.33369380598968, -36.94757000708111, 25.593127164667827, -21.301294892392235, 30.612692116458447, 70.56247156913099, -77.9867803038509, 31.814817333062194] : 0.0
-634.1609484284336 : 4.546367047670564E10 : [79.22358280677139, -4.085436693447406, 76.27370403027383, 75.69637465714135, 19.515800824679737, -55.268879091457734, -37.737471273753755, -56.456277625101194, 32.19720409647189, -62.638621416509295, 16.82349835889922, 57.93044887435296, -89.50435910368464, -1.1863246070789628, -16.281206321528785, 66.16322831916477, -62.499438949283004, -3.463831967153496, -4.20978122173026, 2.6139043632195325, -88.26669958007689, 41.05631223934782, -45.013731934509906, 45.9055033169265, 87.52358203374126, 34.40665754784221, 25.661882636141257, 90.92141229591215, -26.811095619638174, -39.91778242563458] : 0.0
-468.489285600855 : 3.2098132110269928E10 : [-13.962191647221466, -42.23950766320787, 91.4761659693174, 72.8481202485082, 74.46733186062092, -39.93958564184016, 44.1959093682309, -11.95122262901615, 13.849412791730096, 51.29399303198852, -6.06119378981429, 24.14851626726889, -51.96557786507455, -79.24455909736056, -33.92018304829702, -21.169255752451477, -79.66131946948165, 51.390203791334855, -16.462889953567135, -35.67953650607178, 28.238271151331734, 43.812929078003684, 23.317846200177797, 57.31462904406541, -65.4378991148928, 44.343743110856806, -31.99764567971232, 78.1036073479078, -34.04142874767702, -92.08872714618089] : 0.0
