Fitness : Violation : Position : Miscellaneous
12771.714055634628 : 0.014485270587243344 : [2.3537155633923668, -5.621207703903975, -8.475584195755186, -9.556474016042925, -17.527339709747014, -28.996842146979972, -35.148546694508774, 1.7801979072415586, 19.853039508879043, -15.70177938614879, 15.494210842338592, 23.42149172639224, 29.940479362637024, 46.00068972351102, -0.5806828872868586, -9.835031914293486, -11.627685007160848, -2.7203054001183595, 11.007477404141246, -29.344164911064297, -5.622731757897997, -31.46163194420938, -22.639361857076146, -0.37243421106972363, 18.395894213260625, 5.345650084709796, 30.490327731762267, 33.86372327717634, 22.6847404417785, -0.6251904112695065] : 0.0
13671.494922530552 : 3.8739696376849744E-4 : [12.672260779198286, 0.3340420968193475, -10.616112675444162, 25.225656262182625, 12.56107701491225, -11.069328513111316, 17.30829056608866, 1.0946397633419036, 13.475974720018442, -3.8532672284136105, 4.49455847958877, -19.727825439597574, -14.01787610738257, -20.183735356523385, -36.436606162088495, -36.69682308044989, -39.32817379248017, -24.770377375938075, -42.79549354285743, -10.331571374460026, -38.43497169017105, -33.725073333855164, 27.02094565574111, -3.957941241479176, 3.5109392571843068, -0.5386489520321636, -5.669863685872976, 19.686022057597814, -12.850615169063829, -1.6651786851649497] : 0.0
14216.180137365152 : 0.0015153658273939403 : [36.30202231436909, 21.559011931512163, -1.5583445101128657, -21.424408205219226, 18.897564994955967, -0.05740755738878178, -41.42652847251416, -5.516893738054019, -19.810787512286485, -8.518088163260213, -14.905073242930595, -7.715267748609506, -11.882907672995135, -15.496672635111167, -12.75962677648878, -2.5987526581854112, -15.996229346916088, -13.013435361289293, -8.722943404533375, -30.593293019618564, -10.64588760117839, -11.199489050078572, 6.8309606733881845, 17.76827894619734, -21.92630434352549, 31.797819667351206, 19.556413445932975, -11.842811513813903, 21.379213115100093, 22.110619334558255] : 0.0
15187.710504912347 : 0.004057685942872317 : [15.337740554923126, -22.837528643120944, -23.846457449277136, -3.0589907368367335, -10.998171200378225, -20.20404739397757, -4.174925126895836, 7.887348300544872, 2.952838730074779, -23.571040456905887, -12.404977730155077, 17.176983518774925, -7.699271695766139, 34.79644073997574, -0.519475316348089, 12.003599698797562, 23.26675403388355, 28.926885537256027, 7.4657627927452985, 13.539012825887642, -8.16126627583467, -4.124416916195543, 10.496529708295188, 46.09374403810031, 43.010786031861365, 41.3159775277489, -16.216452685806452, 0.38272270918375106, 29.553903315845517, 36.21323330979792] : 0.0
15677.231556821076 : 5.364816075273134E-4 : [-3.9567132222599923, -9.627942675587786, 24.18544641934958, -15.951498665980655, -30.992058443729665, -18.821399433965304, -12.170244023606937, -19.332216345115413, 1.8015774203425785, 18.412896877768183, 44.58272377873662, -3.4313636237623104, 7.493338859612482, 17.2530582242075, 5.530765115079291, 1.764376796792451, -10.63787484904774, 15.0860015733511, 1.8733523971618515, 10.325052554400568, -24.444397197467747, 23.382875132638905, 20.721572510834562, 16.044556154793177, 12.689874653055796, 27.893106265044985, -13.900489299355659, 8.816288378700811, -19.742333060852275, -10.967833075436463] : 0.0
14750.431174537138 : 0.0028007386082469663 : [-5.126374558458366, -4.39199699754659, 3.239897334612124, -8.126676245775437, -9.366160677863363, -11.331514421801128, -7.148192492083872, -38.15044921793174, -3.6477755430826395, 37.38835300067862, 8.590376231065006, -13.627812240388248, 14.87595251649249, 20.953476190447198, -37.53388685698975, -37.730804201251416, -17.505284310617576, -44.12871244140882, -25.710095719448532, -9.762701699998626, 20.668141349467952, 3.876921835571136, 11.837532322037125, -16.82579374409018, -17.53136853003793, -7.338321394325948, 11.524163897598745, -0.7752615683968074, 7.366912151353574, 19.440158821424447] : 0.0
14407.853239575894 : 0.05445377291727687 : [31.44593652917527, -5.880996422067168, -2.6700463291126724, -2.451711247788591, -2.5093933096270433, 21.947890886047333, 1.1437903765797177, -18.214365452392045, -27.692980832843123, 5.219687547955088, -34.822538197768665, -22.726949631536616, -14.386299311167605, -3.587719839135101, 12.857660759986885, 5.554829660933812, 3.7231210116073363, -6.622122919463159, -14.770791007516246, 15.620820647292142, 5.5923874522439885, 12.05628722703234, -7.385302929245152, -2.965683479037624, -44.47036111833589, -14.958629929607014, 11.44003578828071, -0.9629411658802045, 30.701524179627093, -10.753465102639625] : 0.0
11593.878934099346 : 0.05409049998994343 : [-20.895249188191265, 20.09009526903193, -10.418845753673983, -22.73604740211662, -7.022746311752588, -6.161079618779517, -3.4879065425145264, 19.891455622731005, 9.760711504451116, 2.8667542716157115, -3.361217539497396, 10.497589034927888, 9.640549200402532, 27.593393415247228, 18.915126398221055, 25.414176800749917, 0.2890257106586298, -30.641819174191035, -32.30460441172712, -11.155406577325872, 9.51111173121216, 2.944135852113062, -4.5865803474202185, -15.393647993567411, -22.047712959486468, -29.725580278171194, 17.979897914833003, -17.040305423849787, -9.929517265504689, 22.21780347631337] : 0.0
12055.48133682113 : 3.073090273079041E-4 : [25.02422608981937, 10.659957536572103, -18.993171439933075, -11.64152254894246, -21.47484508213877, -39.37235124851931, -37.30157551543744, -36.80115290739384, -44.879067506607356, -1.644356958500822, -10.624098417343543, 15.1312586193574, 14.568733706468816, 13.837705082406025, -2.4975925075369974, 16.19987408040256, 4.566908162050602, -18.574745943797563, -28.923797096839266, -32.27155352209515, 12.54428212740503, 3.2899742191811017, 10.153293570220335, 28.33231426457658, -1.4434314514347149, 24.462952787260175, 5.4697416773764544, -28.24118963818459, 4.05612344952864, 19.964305566182233] : 0.0
14200.554422598025 : 0.002111529845913 : [11.59394010572505, -2.946411429544664, -15.598654628991026, 20.538739383584073, 1.0709765090059093, -39.21050849368101, -10.14612280263826, -5.268981886483296, 8.77918673236043, -11.425610764520528, -46.89906399011978, -40.54426898298416, -30.42807270471404, 13.768085726286408, 12.614683155296248, -23.890234432892438, -3.457464817794609, 0.04465973583565841, -4.162740625362737, -28.07923400537493, -32.34579002442409, -14.955976112621808, 2.4726741848902165, -4.644885541666355, 34.475855950686906, 16.286854609145188, 5.807600939813721, -3.9713136396907327, -10.779800453720208, -16.06243069438159] : 0.0
14099.225127035274 : 0.18283748430437202 : [25.75741294284434, 15.008762250311616, 18.495353711952124, 22.24151008185231, 24.92893141504492, -16.12399541564315, -34.417653327753655, -12.718674344054582, 2.3590842789650104, 5.354085372173705, -11.632493211665434, -0.4432625122119589, 6.439848008065283, 26.8199484221391, 8.735115150073137, 35.87836988658175, 22.828387177145427, 36.85358165310924, -0.6062929667368095, -27.10100768300435, -14.13943797960393, -13.827392608618712, -4.101402752424705, -18.443302210244507, -0.5622573844498362, -16.264361668039932, 45.85361768511687, 7.551612038612223, -7.84463778470365, -13.282344325105036] : 0.0
11506.134034110642 : 7.352965244853849E-4 : [29.448964020964365, -11.087475993078428, 8.894888673386678, 5.289769109660535, 24.69199041139414, 29.90861875088125, 8.002992458572312, -6.854989960111343, -25.709965651052027, -23.326811797036385, -39.282327142209375, -7.253095396587597, -12.185740803932259, 7.197036889826929, -13.093991874322572, 7.014548365558099, 9.125284003888215, 16.499461763655383, -6.004835104704245, 2.254037007012009, -2.2669181720267364, 27.710180254774002, 12.096583695245208, -19.422108056780726, -10.343754204942101, 15.683384357315433, -6.853357108831714, -1.2360187767728963, -32.00037834464678, -30.42736340098726] : 0.0
15623.947970920883 : 0.2746889969249578 : [-3.807778981382487, 1.6563261356219652, -23.04507476397649, 13.386769451078596, 49.086925482482606, 47.39113851134593, -8.256234644474764, -23.278468426968306, -24.153015658358328, -33.184268050016016, 2.985206231566565, 22.29996572443801, 28.847916993440943, 1.3229232336273142, -10.970369708537625, -3.535358949483392, -36.32492620660132, -9.267653074541464, -12.264017865199037, 4.901280843454224, 14.857635793028251, 21.650823901714446, 17.650068764455348, 3.158227575256525, 35.59499327230881, 8.371472976352129, 41.270755098269255, 13.181476153998275, 2.8439798255396127, 23.65807915680225] : 0.0
16285.23798939241 : 5.470737987503045E-4 : [-15.382967992239543, -16.538502229089907, -34.752450569172225, -46.505894467425954, -29.396929176680924, -48.83344556077498, 9.826472179523163, 5.622194715323186, -5.719971355081288, -22.851351773139566, 14.63150812826877, 32.422284575343454, 30.005502454728283, -3.881004032636489, -25.825458174339833, -29.535664282681775, 5.898991202747403, 2.689859021776531, 7.317263091034395, 11.51434612070885, 12.118859394552949, 18.716499206780675, -19.510720021709325, 6.170241425446425, 29.841250430358258, 3.891166057228361, -22.236290580573126, -14.6782397087401, 25.307382329252082, -0.6188281327113643] : 0.0
15792.816617240314 : 0.7632095336167005 : [-38.49934517288454, -19.95031731663318, -13.930338637686674, 1.611521533562044, 13.536443275597819, 25.43968593097594, 10.661946539009028, 26.86656635920989, 43.38242497826474, 0.45429105260684643, -6.772528541541622, 46.91430472018749, 35.53919267153742, -18.75529286184514, 3.623327244863204, 12.315553816314338, 11.011398744505591, -9.243975301766355, 15.45705669419026, -9.585835250926223, 10.286179362275089, 5.435971996503493, -19.25504627746635, 1.431254062239342, 2.778718507580129, 10.838667600279326, -20.10090854928171, 14.709327043887317, 1.9370560768035787, -15.807929426801985] : 0.0
14568.36091207142 : 0.021957941000132892 : [13.777069009247832, -40.3103845358053, -16.01170684457565, -37.59430970547813, -12.77127903739558, -31.06290379591545, -11.948328773590902, -15.398936848803672, -19.40391824703817, 5.4659874029960545, 29.200975437696382, 36.08423570341956, 35.712104267622436, 46.99256339139586, 2.7600775028147453, -29.135247475221583, -13.831449353380918, -4.9942383776598405, -25.873921285044617, 19.612840597933484, -3.730872173647933, 11.338043977496792, 25.180873352520024, 19.180089620899423, 9.520949950127601, -4.322839110468973, 17.800154477958245, 14.226246528419384, 14.900694682275851, 10.858775408955832] : 0.0
15664.605132956396 : 0.00609583390020243 : [-11.0211520582302, 10.739794542679304, -32.36640734951425, -10.917307359117428, -34.05271365692284, -44.84651685610515, -44.359953847710806, 11.339964702484473, -11.536529963555202, 32.611423372980255, 21.000805151917703, 20.21195218435396, 15.638354407778838, 17.758465049092752, -30.06681089026631, -25.347392354946848, -8.880398440017515, -0.4074766041166118, 12.975345200379737, 3.6429178033354948, 14.51543220413394, -3.9335315915937343, -1.410123382660366, -17.762528083927805, -5.134078146706706, -23.847476163808242, -13.07558871559543, 13.926198626355479, -20.40794108002131, 8.654530822345883] : 0.0
12898.004155843002 : 4.3311078655180096E-4 : [-20.779097683345853, -14.470873220270551, -35.56942265495099, -10.261516412322989, -22.251077151359144, -14.029626722321995, -31.8705027487295, 10.359053890409786, -8.159029751956396, 42.200988439020634, 44.74248205655773, 21.928467665698875, 43.04280396501153, 6.0351266620588095, 8.940047493201263, 6.636729187133639, -8.08532181124665, 3.1947291807358726, -32.94442541552875, -6.033668887606275, 24.587379905707486, -7.800973373151795, 1.6324371947210565, 31.63920258302839, 36.720570641577915, 29.033254898764184, 26.198099844349603, 19.721830637785402, 11.208324958104157, 10.417207843116547] : 0.0
16122.082340987165 : 0.00688503836396895 : [-15.736847690486709, 24.356640832597996, 6.490010614174558, -8.80104601555553, -11.801232749393396, 22.29625411246655, 24.738319965786488, 22.642664182054325, 2.8171131904859017, -32.56636005617055, -8.822049797517359, 5.14318690419741, -47.11610594143707, -40.99796847605772, -0.9176649768191947, 6.357177414926484, 9.893164828707738, -14.527458221289322, -21.373071621235518, -40.88047044000478, -35.23445928828976, -40.883683576871974, -3.116116053357672, -5.650206005814227, -18.991282224088486, -33.0091579819116, 7.157132758093501, -18.893293502138256, -4.132009240633629, 14.835423681532294] : 0.0
13026.114625918308 : 9.126329513410525E-4 : [-24.91039487728881, -11.124840387124248, -8.433225464818378, 7.533062043023699, 13.436684901723684, -2.204425568258782, 16.632851319982553, -4.664182980962957, -19.53805385540104, 10.890076982738657, -24.219143255054483, -16.355269995142557, -35.8824348295077, -47.14463624368557, -9.356726782900413, -7.633303741966557, -1.9016253289736476, -9.234511779224022, -9.117654761154416, 44.31648536272088, 4.237583620849275, 6.987844754739747, 18.283300488106775, -13.296492557914574, -6.016584591087977, 0.021991296495006196, -8.00975608701301, 14.727575123193684, 36.348813211364394, 24.27889316566889] : 0.0
16397.272972986535 : 0.010675193463143747 : [-10.6997774834603, -1.8165394696972967, 12.919178014765592, 40.039595553059804, -3.4180561517848798, 38.0380072227755, 7.747171968093241, 20.35227139167866, 16.756479519577404, -17.0342453849769, -12.879141762798533, 25.917081012873783, -7.005361191546582, -5.801865770522571, 32.10042502566807, 7.428731826581913, 12.051270111918702, -25.333205160856316, -9.226443164943422, -13.197347726524336, 5.594110664610459, -12.709739275460645, -4.117363412598504, -15.823633032079467, -30.285261319285627, -25.10819636410085, -12.056241905836078, -0.5063155874518319, 18.64736966023407, -10.621997943915218] : 0.0
14728.874487057714 : 0.002678367317595387 : [-44.78894567452569, -22.2025996755459, 9.881222975692811, -15.716864616241491, -4.5966380936424684, -9.358924033579678, 18.952536140372622, -27.592358602181417, -4.596508566295707, -29.825980212440655, -21.293699091132517, -2.6537465096316595, -2.367469036742513, 9.009550346523572, 15.429371408235946, -14.09313630653888, -30.521304351276335, -8.479583841042837, 26.13246176852161, -2.52977366340111, 12.662897834234455, 4.526343285079911, 1.0192534413130012, -8.820473257460957, -4.046889482406868, 37.324928606981125, 26.710236829482284, 8.606849441346249, -3.5225547058096396, 13.330144546199652] : 0.0
13757.759869929372 : 0.0041405863791484105 : [35.52133086937206, 33.13311451965994, 11.696951358886398, 12.752216790188477, 11.165099528751764, 15.625885530337852, -2.574817799134748, -4.064736565021441, -13.947776543259158, 42.09658536111163, -0.46246625733343194, -0.6862617987318869, 10.18237004918053, -19.51639717339377, -19.75236782241934, -29.300104610439128, -24.806681112337433, 4.355577730616638, -34.60825355998285, -18.771126108415306, 32.696291099717754, 33.00246564373078, 7.821696449599461, -2.8525510151484905, -5.568628552682437, -3.0153681462672957, 0.7618834902203204, 33.64154193316105, 22.865969934932686, 14.85584611621351] : 0.0
14910.919118821124 : 0.002096986706179497 : [25.09845997345321, -22.265354772039387, -20.4573957431026, -1.2224988863711788, 6.103169673242917, -10.658604746687562, 6.476101581856199, 19.402574829214924, 8.223494383194456, -3.1902527179211075, 4.913130373287751, -25.319926776329844, -32.314274079012, -14.312848466608028, 16.281008151987333, 10.377036512191019, -5.97791330259011, -1.6355621804988303, 28.569892798193663, 6.192681227756003, -17.45365165431083, -22.5485709368692, -48.14391839720069, -6.279586965046267, 15.801210513240196, 38.094052399333975, -11.923130927636763, 9.819992037421242, 3.071837153880661, 13.926141672994742] : 0.0
14307.26992005429 : 5.579759893692564E-4 : [14.485183597520638, 18.323963080392122, -39.52961409619229, -18.569203823354695, -5.440151572090073, -39.58853083730209, -14.063795755468785, 11.439442699279432, -17.15917631981772, -15.314155454367143, -3.9250870911982467, -3.8156101963704305, -9.476678185566294, 5.533600480365468, 19.370832553387608, -8.737553253581705, 20.311392099388566, 22.1138006994271, -9.383771891483686, -28.293664525655355, -31.60168422893945, -20.900116328721438, 5.65479866101845, 45.80995833474462, 8.582960422988293, 2.6884136674785495, 4.4511981747623155, 5.168719899250486, 29.50818884356313, 20.375829319215786] : 0.0
15425.709109514433 : 0.11730412757766574 : [-6.638876436402697, -27.44317063114335, -16.39738138454721, -2.283221809218851, 22.396195520925456, -11.057758494663775, 18.216324399866462, 41.25576417417625, -3.5683476383748154, -8.151602524171992, 19.533229824916344, 23.268907576049994, -18.105616721116135, -28.010226327753298, -28.770931448700924, -31.364055615793326, -8.770284144761089, -28.09597803701072, -13.603482435066583, -47.00745225526461, -11.221902256263448, -10.366719927771578, -29.81506249727569, -0.23090929189588197, 30.92953677286053, 23.828139236882336, -7.745834297834445, -2.583500994653214, 7.423893185066311, -1.9109670401807524] : 0.0
15339.215414696639 : 3.6820359093029016E-4 : [-0.26976094101633663, 27.642218855381312, 11.788971385213438, 4.613645032184625, 7.8446221524612, 21.734078685542382, 17.407457118908667, 2.0008042905019128, -32.07545928612347, 7.109952323591628, -31.982267766384123, -42.22222422940485, -12.220402351317116, -28.70303584312822, 0.4623569921093136, -11.292791869837878, -17.17802590711484, 7.6295549324760135, -15.436894162774069, -9.464052861402969, 4.470419827916915, -13.424627259459573, -3.824223261170476, -20.137078879416297, 16.929050044886672, -13.824566375504666, 24.2648750769141, -2.1690933665448657, -7.287351222950694, 23.09652914361101] : 0.0
15061.616054761978 : 0.03099310897897126 : [8.210862779394823, -30.2601304551875, -21.88145644813604, -12.574756198269988, -4.147636520010792, 18.689511466737223, 11.684280399325768, 16.390322747536047, -2.367063542404307, 10.7721016206517, 2.456514187211653, -9.62288515446096, 24.33793559836025, -47.23612160643004, -24.067749735456275, -26.619656697789644, -9.04753748990963, 2.768567279862225, -4.800785795809645, 4.341922699978454, -17.592405876765653, -41.33591811940738, -18.394525966937113, -11.667902740690057, 10.606902415717173, -4.75121627562724, 24.735126905399966, -6.871421475699332, 16.90409804753469, 5.876441856106851] : 0.0
13468.303753658636 : 0.002281361363631144 : [-7.416725966736086, -35.914752569521646, -12.37754681490484, -12.571985880154749, 6.843868416471846, -21.295949234625315, -43.18967093851824, -5.861882596733843, -18.617251888787415, 3.022675479356307, 35.74176651393432, -13.731286262519866, -16.413313820224122, -4.558296211400204, -18.232497517935457, -25.899212390999, 2.5845336382987227, -7.957576889819066, 9.887909191194213, 20.984401224802355, -2.8086927828834227, 12.595256279937455, -4.377687140971801, 34.126317584227714, 36.36576161005987, 29.41494626839023, 24.846952162444875, -2.8070309746432667, -10.807748091544603, -24.272215904378676] : 0.0
14132.85987248065 : 0.10393347914706452 : [15.870704718967545, -0.22503265411350704, -12.738876887598984, -41.27694221307522, -47.32150876983597, -47.34156888721197, -12.38964453072029, -29.90373865303833, -42.83725635046723, -15.219109789894757, 37.29325481676942, 27.36824173116073, -6.891355720278273, -36.572291141248165, -10.87177949924899, 9.485480539024419, 4.198320221224771, 0.519157233777058, -9.60333304638814, -32.81283057594298, -12.864532141274697, -18.850997380553096, -2.5850340520712756, -21.29209945229627, 0.5738269050494864, -0.4399389215132121, -1.190983879044289, -30.08665449859479, -17.744007730906908, 11.84114577097342] : 0.0
