Fitness : Violation : Position : Miscellaneous
4.959403516538467 : 2.4811971485114057 : [-41.12831708732157, -35.883784755065975, -48.97900196855589, 93.99330672216949, 30.89961947746414, 98.75212777601466, 29.791390711190367, -32.026305596518974, -47.19539031979889, 26.25993518610931] : 0.0
7.380518278038852 : 2.185168535501374 : [-41.22015268129882, -36.064426564991265, -49.317758335816805, 93.65258381839988, 30.684571604918222, 98.64943783253084, 29.805757376696235, -32.03990464093285, -47.14419084687746, 26.27762115169383] : 0.0
5.699574842977716 : 2.3900780851824366 : [-41.161740430649346, -35.93517412211516, -49.09628866484716, 93.82131269678024, 30.767271471591798, 98.70164002054076, 29.784839773049086, -32.037233553748095, -47.188197651296704, 26.24839617622773] : 0.0
5.639618597122086 : 2.324861556222826 : [-41.17381614741898, -35.96424925001877, -49.1259272818152, 93.80533213957918, 30.778910815980453, 98.72222962327172, 29.805388321842482, -32.02186747915684, -47.20411455974961, 26.256200161484557] : 0.0
4.996666975576253 : 2.487615934764287 : [-41.11727128427026, -35.864171684645584, -48.957533455033385, 94.0012318841514, 30.9116022579623, 98.73025069312602, 29.79883866612708, -32.02373730936184, -47.200139507359495, 26.263981056215155] : 0.0
5.240628214283452 : 2.410896370767987 : [-41.147413245964515, -35.91177658019023, -49.04496738263924, 93.90375374218655, 30.836504152101803, 98.72232331211362, 29.790756605271845, -32.01981600553091, -47.20209519022918, 26.264321245521305] : 0.0
5.2029094789319625 : 2.455192474953275 : [-41.134909692205454, -35.88163925543044, -49.00235183690586, 93.96670088521063, 30.86211819932435, 98.73235602707014, 29.776200923592754, -32.01102625561792, -47.188429960875766, 26.256658936064863] : 0.0
5.612085777607938 : 2.3645416168950364 : [-41.17467051278577, -35.95491052676209, -49.125941323011844, 93.8173735866065, 30.777919654714644, 98.71150651673761, 29.78969607540213, -32.033578628451885, -47.18818054247768, 26.2654996061367] : 0.0
5.096231426486451 : 2.447102592699549 : [-41.12421849069765, -35.88829385131042, -49.00078592893998, 93.94878538359418, 30.873903313945753, 98.7315070331065, 29.78288985245581, -32.02951419845135, -47.18995967612926, 26.262489646097624] : 0.0
5.014182137006451 : 2.4607377807068413 : [-41.12847846499403, -35.89340574687557, -49.00426644442383, 93.96828490506512, 30.892801820883783, 98.73338135259085, 29.78673044445572, -32.02868089009256, -47.20291167228157, 26.255678376959768] : 0.0
4.9572406399273685 : 2.4477273102864867 : [-41.11235561415772, -35.86374876402279, -48.96640850738449, 93.9971993595176, 30.907200264879904, 98.74876056074528, 29.79826314647202, -32.01696110975802, -47.18343205051944, 26.256156537317516] : 0.0
5.75869060632009 : 2.3405819196813917 : [-41.180779761793126, -35.98705839654839, -49.14415787570637, 93.78526681273175, 30.747676115258336, 98.7070641644682, 29.7940840708303, -32.02680004512601, -47.19363481210976, 26.258365300950523] : 0.0
5.021122670216843 : 2.460356707372409 : [-41.13116727377677, -35.88850330595449, -48.993755202536136, 93.9684360839696, 30.886605094016264, 98.73847802979122, 29.789080757647266, -32.02877399038741, -47.187767530686074, 26.254046554975375] : 0.0
6.258056666873175 : 2.1907203758014564 : [-41.25691532061139, -36.09778210502789, -49.30134461365429, 93.66697709119143, 30.718872639002917, 98.70671379010406, 29.789372461825952, -32.025325644313284, -47.199077868742194, 26.264906716251325] : 0.0
5.015335707919318 : 2.4341881997418935 : [-41.12871691414951, -35.879915535078766, -49.00141816767608, 93.9608327430861, 30.89697361534529, 98.73804573590002, 29.787442529262673, -32.023892362880616, -47.196954701207765, 26.266414449004365] : 0.0
4.8386945582875835 : 2.473983620476206 : [-41.11349210585893, -35.86100980284128, -48.96316685112614, 94.01179078063464, 30.92882272116996, 98.7520200168867, 29.787982345886263, -32.02159614903867, -47.20343213282751, 26.275475290189718] : 0.0
4.923390033074048 : 2.475890849278816 : [-41.12053570920608, -35.87109745267028, -48.98595837226222, 93.99003651360366, 30.90371809249788, 98.74175120990424, 29.782581411720656, -32.02662162883806, -47.19963436522572, 26.263508004411246] : 0.0
4.618509046412035 : 2.475985953504015 : [-41.107436056364946, -35.83535114195001, -48.926901471505474, 94.06594758197821, 30.98725275047087, 98.78475955247998, 29.787833036205924, -32.01789577465078, -47.20196695153783, 26.261217223602] : 0.0
5.6138350325198685 : 2.3242738423500002 : [-41.17978060798565, -35.97129553402927, -49.13131806847703, 93.81016577956368, 30.782629332179578, 98.72629547181022, 29.789566809671655, -32.01862770218929, -47.200179984332266, 26.261531655610106] : 0.0
6.2664429045426955 : 2.2123093195371974 : [-41.23001784689666, -36.08317721805546, -49.27926140858071, 93.67081611190682, 30.725800602248214, 98.71237357124346, 29.787410151290626, -32.03803671955584, -47.21071934822631, 26.257330056350742] : 0.0
5.122676246364165 : 2.4324938042494346 : [-41.120593866518156, -35.880181004453135, -48.986306581419385, 93.96391206007804, 30.886179388431, 98.72294211679764, 29.789462625516983, -32.017151271021454, -47.18496358996164, 26.256552271383022] : 0.0
5.498517962137214 : 2.390598709356653 : [-41.167490836872474, -35.94462346239947, -49.09094544068202, 93.85480536192264, 30.788826991610563, 98.71112963712444, 29.79005752158125, -32.025001899619504, -47.1834588945095, 26.265983263274677] : 0.0
5.309618286738303 : 2.409342081607534 : [-41.149762861291336, -35.93227773201913, -49.061214196802986, 93.90932629654323, 30.84300475835039, 98.71879881686351, 29.790410047808912, -32.02256998480541, -47.19668667182912, 26.255078918006337] : 0.0
5.38011889338616 : 2.387223761748762 : [-41.15653846862565, -35.93560642993043, -49.07894378924514, 93.87363837283006, 30.80856475908206, 98.72133200402429, 29.7907515918326, -32.01778654070066, -47.20314785508958, 26.26431821043773] : 0.0
5.322368341259609 : 2.4313404003522714 : [-41.1429444386476, -35.9090503818486, -49.06182642490241, 93.90957416684469, 30.834163934206437, 98.72695685749153, 29.790106532474695, -32.02981295221737, -47.20274053967937, 26.26325784073724] : 0.0
5.388775981644056 : 2.380327706835177 : [-41.158888002813114, -35.939266811632486, -49.07177244696547, 93.87058768290649, 30.813593578258775, 98.72627347682574, 29.793085559384167, -32.01970674555848, -47.19743126007829, 26.258705933374326] : 0.0
24.148438532114746 : 7.703461556775865 : [-40.96596687103481, -35.70358671096809, -48.672522801824385, 94.48604196022677, 31.78348588813671, 99.8547828996007, 31.255351092129587, -29.87006681861985, -42.382225173151625, 49.567943322270935] : 0.0
8.847609096850132 : 1.9408155374900564 : [-41.59629624478036, -36.55645977854656, -49.65671091552399, 93.47309072464003, 30.67914299261085, 98.74960702798168, 29.786447679277035, -32.05652578647473, -47.22575982075097, 26.261646940510293] : 0.0
5.729659244828259 : 2.323984494079725 : [-41.18273036407528, -35.98603707731371, -49.16633391323923, 93.78502576274937, 30.762030106099765, 98.70799275597786, 29.792905326262286, -32.02783889717219, -47.19716142600354, 26.263178015326876] : 0.0
4.946686144271157 : 2.500832633730577 : [-41.13397226064947, -35.87986546335151, -48.97511179324895, 93.99817054551593, 30.91916349870239, 98.73962684665526, 29.7850690297942, -32.03414876679382, -47.205098129603186, 26.265348534145517] : 0.0
