Raw 9D
0.203208147858537
0.20974247309147034
0.1870438259141209
0.20934028742395377
0.19903638555189007
0.1908758759367394
0.20323543192471685
0.18477190432228702
0.20315979445876425
0.1870754091573094
0.18821534248825506
0.17909274356081525
0.2047962473020122
0.19572921255632755
0.19949762466869544
0.18077044547453225
0.21649963768518138
0.19894095429145073
0.18397194618895327
0.20071303885653985
0.20000630763793856
0.21044546180796833
0.20780791795647652
0.17793959752188743
0.19024122977252533
0.21057681466555764
0.1898558407636518
0.1922400882992601
0.20125045045165194
0.18058371478909924
