Raw 2D
-0.03282942927015366
0.008187778552404648
0.009192647728619718
0.019268101054139723
6.701134109804384E-4
0.015601986910649512
-0.021931204648076564
0.015842518190887982
-0.04779818617549915
0.010882164245492572
-0.014210820992484535
-0.016852641916643075
-0.02317734524897156
0.014802585079537843
-0.012172796599483445
-0.06691968360612169
-0.014574346456685374
-0.008278127827593448
-0.0026316796142135026
-0.022831192353369088
0.028720014504112976
0.04648708730363147
-0.008772949890741665
0.024689067226846335
-0.02213951582045393
0.014163908957691955
0.024378115284649705
0.008198905140444737
-0.01855782189517051
0.010610188188406741
