-489.4201490209187 422.4679972684128
-489.5535815996178 422.0590384390156
-489.4182664081774 421.6196835859801
-489.5207790450689 422.46370853911804
-489.41268491357835 422.6282540166633
-489.47532873691705 419.32874942218535
-489.4373324855473 423.72407745407133
-489.3863809282951 426.1328614087115
-489.4479889933637 422.49542861419195
-489.4560898802082 423.69142622710064
-489.44762554371806 422.2291912358461
-489.4818058821358 421.7804449864335
-489.46238626584324 421.0047282762121
-489.4386144503769 421.55779944240317
-489.4149324302788 421.8411702766348
-489.415089411129 421.59620846181144
-489.4287002319958 423.837097559788
-489.44923429914877 422.10678835131023
-489.4537714155724 424.14255427810565
-489.42011583192357 421.988390991188
-489.5304662488667 421.8629702491196
-489.51583155302495 422.148175881669
-489.45627176574556 423.0561517449188
-489.453031292478 423.3752379434826
-489.4247535329625 419.47286190966
-489.461463437764 423.9819107285106
-489.43648346889756 422.4065045194078
-489.51351409405106 423.08527389175214
-489.55400992029683 422.0409749694862
-489.45063454436445 422.8414338936637
-489.42369673181287 420.0772002267354
-489.63737455534033 422.17868387771745
-489.477711644665 422.4033078763489
-489.41923517863484 422.6185924104474
-489.44424133622726 422.6084894947635
-489.44193777182034 424.3935896481393
-489.4324776384751 424.6079549897626
-489.43910465477813 421.85929976436853
-489.4505451451384 422.0048176854309
-489.498928793722 422.05121017726185
-489.5099994860831 421.4235104938525
-489.43198789311543 424.56958138189503
-489.5357113441943 423.1804951745875
-489.45528158217024 418.3136410428638
-489.5591062937213 421.9540035367238
-489.61066295074056 423.7676617125071
-489.44079338360064 421.3936008268751
-489.4804306467079 421.5247940134726
-489.48218550179763 422.0727516427695
-489.4765161623477 423.5649294087615
-489.4260616661155 422.5436409664115
-489.72376877661816 422.8146020166357
-489.448289736421 419.64724048555996
-489.4319535465534 422.13108738693285
-489.4563530628099 424.3799385707383
-489.500766771354 421.8786094068573
-489.49693886803993 422.2327014682099
-489.52985044868126 422.3165424651305
-489.50941305560946 422.3010522238372
-489.43484469444337 422.3279783275975
-489.4298067866558 423.5438109489385
-489.4761332498134 422.8751542382798
-489.45773968703804 422.47590770156455
-489.32117291034433 422.9526349970233
-489.42990527503116 422.4402043627667
-489.56858764305775 421.76701452890563
-489.4514075827901 423.62800893384303
-489.4511468239146 420.12934283487766
-489.4230075727353 421.3271029534177
-489.5082365270195 415.07217188153317
-489.4654931109543 423.38650069281846
-489.4570149869595 423.35322536122857
-489.450739251125 422.7504985702931
-489.45198730994287 422.8663870461608
-489.4590651179026 422.72389547935944
-489.3884910218021 422.557235859205
-489.4949039585757 422.56566154537137
-489.4871281863514 419.4362181463493
-489.4367055727346 422.09018399467783
-489.22099946582216 422.0773815204801
-489.66051596513853 422.6109256571857
-489.42967335415045 422.2846343143668
-489.3563218406104 422.42444827831514
-489.4304767098091 421.25467840977205
-489.45180218450764 422.4547080489759
-489.46051703167046 422.2307329884278
-489.4248933498072 422.4927678738726
-489.4813603479646 422.5283868261241
-489.43062085914585 421.9551456854773
-489.45529609903167 420.99947473441205
-489.487301504601 421.0697778659901
-489.4336100345929 421.32123776035723
-489.5058952153795 422.95177394652325
-489.4716134282468 423.42011486538604
-489.4679586749087 422.62379159862707
-489.64111881758754 424.2925444627265
-489.4065117274757 421.4942331787568
-489.4568845302099 416.9465200359457
-489.4930796069259 422.50312207048376
-489.4968371052836 422.5911017320105
