116.74234906803042 -492.40317144590205
-180.8212019989055 395.2581436636349
169.74343546829562 -276.02869434194855
77.66571470414817 -419.8130196842459
237.79228199849558 -63.11383203028254
386.3738768873983 323.6767896917569
-96.16811214535312 -333.47877109967527
-297.8529363349296 -386.080316156013
235.89854351537974 -139.23999284166666
-486.58384168965097 -258.3463865714168
6.621182915605004 298.85355613056583
-458.31586021145466 195.36755904139045
352.4993293062099 4.328110030377786
78.17829487312338 276.8864511655331
245.42616110370795 291.8012456935463
-313.95325291237134 -107.43313154508951
-33.69294132515711 397.56573613717455
-356.01574616087083 253.65398007803492
494.25585742931946 125.24619510982063
-441.06976856610737 153.9216483209559
354.7345477912694 -424.47097119983823
33.48951824611299 83.53699477717055
6.134497366130461 -177.08919128761102
137.98437321519134 -314.83853039766825
286.68071969314803 352.6060893252692
-292.4459957723527 -38.379239657124174
-207.82750914244195 177.20117209253522
161.4755884007891 204.04601788247749
309.95759423258744 -184.66529203611782
-375.1111648301968 -174.79054186506204
-404.33050269426064 -266.36744744082205
-377.636374792213 154.8473761654442
-153.3603656652822 428.318485966343
-491.74168922880034 -217.91582346300265
199.53043115606067 54.36866379710568
100.57408139851918 214.64137519249675
459.61658826453856 397.7721927295511
-306.9816915082192 465.33547038037295
55.275624142152424 30.40607703010744
-265.7519290361112 -326.5606352896481
-96.36864124599578 -312.7721236822272
-16.22762649787279 21.802023159307282
471.9264831908648 261.9347474877886
-119.25001475729755 20.191479729296816
-175.9161624798448 329.9328172273863
194.92669736575078 -308.8534822591613
-146.95202818913288 -223.59377525339795
-231.78500239305953 316.6928371625846
216.88225837799973 -67.52943199681317
300.92529372024046 182.59976539315392
-279.7710366082603 -396.1595513113433
-311.5827059840759 191.42362512664158
12.622940423726618 -485.863451443411
371.946593541453 306.4047874314973
-488.71801949828233 -21.097248197100555
-468.25967160797256 -464.6451742327112
398.38019055879397 76.59910451722601
-279.15719449048225 -433.0082422555387
391.44324195108527 189.2819621216497
-284.9695498006525 231.75021351654618
-259.6129494340414 -451.62243447649377
-62.89705631411681 -325.08492418336414
-434.14535653191234 339.90116046185915
-196.88501288885965 -498.00363780535884
220.88851644675708 -1.3315433472128575
-266.3785582851182 184.5840224028277
-168.39148820202564 -447.50787217489284
374.7662121038246 -300.5083320597609
-447.5515855795926 265.0510199171164
-217.947273232182 -285.18197839933214
357.6368102261041 370.0648652623486
-66.1076997848993 -366.3741691891248
382.99107700590037 389.60345979552153
-37.46614129242977 459.2579391250746
-69.27429760904903 385.8032593103309
-83.26330314659134 -244.1193693267496
254.85917495060403 -492.03892282062003
-296.4441613402897 -56.33546261106039
155.93681711181455 365.9185062736923
95.86683153291722 -209.91607548688995
231.16881117424862 85.847474733848
337.76529758736046 237.13540543479417
349.7167096929405 385.99103318353343
-68.26611050608875 -361.15266429408155
-447.2565812438721 -352.3897113754726
-350.52261487737144 74.27156627821148
113.97528873415126 -249.66737443597853
-327.41564098406764 -351.7804301713701
-61.09270653709473 391.29236884202794
39.681546900097715 -404.67488303939626
-170.5850353199898 -286.10022449070004
253.505193543411 -437.41380736778336
395.4204295047274 334.7700940415998
-15.678922299561009 -338.6410078865396
-443.60865870831543 276.2894908156875
295.3831648701114 -248.15276893945105
-357.16435452077087 -112.5103537270511
-288.37206251605306 -48.54975641540847
81.58704981134008 -432.651056250113
-245.43965664032186 -457.09617218393885
