-489.4555117519439 422.4785438818043
-489.45551824795507 422.47854764663896
-489.4555115184889 422.47856342923114
-489.45551523690153 422.4785436368233
-489.45551408447506 422.4785559094392
-489.4555146794291 422.4785624363167
-489.4555110305183 422.47855397219485
-489.45551239831656 422.47854987476524
-489.4555149748226 422.4785500535236
-489.45551075803974 422.478557155829
-489.4555195569317 422.4785463546833
-489.4555109512957 422.4785547118138
-489.45551094018646 422.47855083835253
-489.4555124654186 422.4785363672504
-489.45551370995963 422.47855776504446
-489.45551215413786 422.4785470299705
-489.4555121302267 422.4785516528873
-489.4555089051714 422.47854668102923
-489.4555134220498 422.4785619972061
-489.4555136773289 422.47855075838197
-489.4555160652716 422.47853809393985
-489.4555146816723 422.47854191960045
-489.45551738159736 422.47854521840577
-489.4555080006964 422.4785493594339
-489.45551121795404 422.4785271512043
-489.4555130255618 422.4785569915728
-489.455513187281 422.4785451577843
-489.45551379095264 422.47854855170544
-489.4555147106647 422.47855577309974
-489.4555129958806 422.4785437576285
-489.4555204829354 422.478552988935
-489.4555117388134 422.47855617706546
-489.4555149337625 422.4785445902371
-489.4555137883609 422.478553187161
-489.45550954227747 422.4785473888999
-489.4555142739403 422.4785471359504
-489.4555140729949 422.4785598121511
-489.45551054117584 422.47853924557313
-489.4555125386166 422.4785495127802
-489.45551352326163 422.4785671152574
-489.45551501626085 422.4785465493943
-489.45551232603873 422.47854897393097
-489.455519105208 422.478544175008
-489.455512079668 422.478546511755
-489.4555155648641 422.47856490704856
-489.4555124797363 422.4785505136939
-489.4555144096107 422.4785539110147
-489.45551185119945 422.4785521759103
-489.45551233872607 422.47854859229665
-489.45551467130963 422.47854693456975
-489.45551564110895 422.47855332806313
-489.4555062585088 422.4785469392022
-489.4555121441186 422.4785509568314
-489.4555142189336 422.47855497649664
-489.45551375921127 422.4785541955001
-489.4555140904112 422.4785505612318
-489.4555128927402 422.47855096276726
-489.45551299900717 422.47855460787247
-489.45551425858287 422.4785536256702
-489.4555141618357 422.4785523275639
-489.45551151322036 422.47854799421896
-489.45551481978276 422.47856585246814
-489.4555112734847 422.4785581933314
-489.4555113011599 422.4785580403593
-489.4555088267949 422.47855477132055
-489.45551743362154 422.47855199419655
-489.45551267369683 422.4785537473377
-489.4555111178313 422.4785545876489
-489.4555144094545 422.4785611681526
-489.4555133633007 422.4785459962792
-489.4555139372195 422.4785433794085
-489.45551633329205 422.47854995934864
-489.4555132738478 422.47855498844865
-489.45551397856264 422.47854322773264
-489.45551174295434 422.47855224362786
-489.45551100701766 422.4785477296333
-489.45551155069563 422.47855432992856
-489.45551267004214 422.47853551564185
-489.45551645569924 422.47854267540237
-489.4555149868347 422.4785515577538
-489.45551238002304 422.47855305188517
-489.45550894260896 422.4785473058712
-489.4555201389674 422.4785509306012
-489.45550798034157 422.4785512976788
-489.45551116028105 422.4785511961983
-489.4555179143015 422.4785374791851
-489.455512707688 422.4785560721523
-489.45551243872137 422.4785509297911
-489.4555085503514 422.47855340552655
-489.4555144058111 422.4785459604427
-489.45551083487953 422.47853056544636
-489.455511282816 422.4785480974657
-489.45551294746053 422.4785473262965
-489.4555141235086 422.4785537391944
-489.45551192565995 422.4785669459566
-489.4555122011641 422.47855655352663
-489.45551851833386 422.478558578223
-489.45551355216253 422.4785491106045
-489.4555139926832 422.4785543837712
-489.45551305992916 422.4785479236929
