-489.2177286236364 388.1203419569637
-490.89503077537324 190.4995151227787
-489.805837984751 182.9583665726007
-486.24832149429744 424.9591969527151
-496.7807693669639 206.25061306130533
-493.577949630565 232.1472138464066
-489.02891218584966 -292.3183908715172
-489.9090761693674 432.06993589420495
-488.435034004125 -496.41982779960847
-490.4662635633571 444.13416710176386
-490.13057716026276 411.5576680008437
-492.28813178240773 193.92442646301407
470.58579468291407 -291.34593928751934
-491.1705333727408 421.55779944240317
-487.26128197829564 495.7286579211056
-489.58248957246553 429.0992980135816
-489.76663926567653 397.56573613717455
-489.0343086432196 -123.17300996098254
-490.86913443385424 -315.31651217618173
-485.8465111784815 451.1770735606979
-487.57681544546824 421.0953019608045
-490.64075111915196 -313.00798662931936
-489.90243774476784 -307.43132453282647
-490.62884998763593 -277.6311588754983
-490.1587945612832 436.43798028781106
-496.8165494876399 423.9819107285106
-485.7999628106866 441.92516556114805
-488.913589071601 -276.49428490905666
-489.2214864005329 453.57203381021526
-490.43033610365296 417.3895109656267
-489.9440495860498 204.90026245384573
-489.4407316149434 421.01538277922145
-490.3065416068707 -310.2326342078749
-488.40549213368206 428.9902467722204
-486.5887429716621 203.6680872286292
-488.8898208628676 452.921126543288
-488.604171545991 409.2824824765283
-489.06116310306027 454.68959775454323
-487.77355234475203 446.165732889953
-489.16140910456784 -326.5606352896481
-488.74685213501124 -312.7721236822272
-487.89061228420746 94.04534324026127
-488.9444376683355 59.249903096704344
-490.05183010099813 385.193329422392
-490.43141732078635 431.33022186445123
-489.3174419280092 -315.5965173677505
-486.76404969996105 198.70803010806824
-494.40772676221184 204.90763443940162
-487.8202837328819 420.3572082556289
-488.877934007554 197.91829373365806
-487.1566727121944 387.95242426613913
-489.3509715926658 457.9658773379948
-488.7215859913232 -320.4754365422684
-485.71264469474636 -324.6388079576677
-490.185526101866 -145.337040705253
-488.97397905441727 413.7366916608037
-486.5885572644512 -326.3303823948898
-491.0808469522781 432.73482982767996
-489.43300606275045 189.2819621216497
-488.5167752290786 443.3618990533407
-486.98348912645145 440.15402080632816
-482.62195596821385 -298.6114155171732
-489.11976087075504 421.2263985987153
-490.04392100883507 454.16357764102383
-486.83530850772013 444.8248905769578
-490.35620208916714 197.90085180311553
-490.4971626847114 -302.876356032698
-489.0187718959303 391.6572843794743
-490.0141061430836 -313.43149234861437
-485.4460817166233 394.8802276115226
-484.24009275495627 -316.72148605529907
-485.1853656559249 -302.7322548391954
-489.3263346401444 418.84175903924097
-488.5550387681386 383.81683733868897
-491.607274875575 442.90162965516544
-488.7698373965394 -271.6723024015213
-489.95868439928233 443.33055749602704
-488.31497165979226 419.4362181463493
-489.6924703555641 432.95925313684614
-489.4330989163559 -329.143142917549
-490.91117145700093 -272.9922311370526
-491.85086753365 184.28385135869854
-489.6879541507069 465.844031358651
-487.6648549099595 -324.37225224169833
-488.54685366411286 193.73001516659534
-489.4917089185442 425.0378957824821
-488.74420482820244 402.081637570284
-486.3824671563433 432.8075259701668
-490.27214832476056 410.39613413716756
-488.09487854400504 403.2142529705268
-485.3334697187479 430.78672399797495
-485.80005620578925 16.84259900666177
-492.59215360880415 452.3155638207329
-489.36939132043324 -338.6410078865396
-484.1020386028314 213.51766716721562
-489.5259210423983 434.89874804520105
-491.562660968994 417.18717840100885
-489.569353838113 409.27879648375034
-483.8362220604643 183.95844658286165
-490.15817743148057 54.026810536727766
