-489.3606563392586 436.140268439584
-489.67433188727716 408.29741660882144
-489.1300534924151 415.1341844385814
-489.7521390824235 424.9591969527151
-489.7090217609382 417.3576309905553
-489.7258823013229 429.49416620078665
-489.73310600083147 -292.3183908715172
-490.49596918035456 427.81616977598424
-490.0067899173023 -312.17910317408393
-489.13462750461815 425.19340716418134
-489.68902768695386 422.2291912358461
-489.8687973905836 419.55647783818114
-488.81101691453 413.6229715239068
-489.41234667460367 421.55779944240317
-489.68093887639543 449.67756340606115
-489.42857215386965 429.0992980135816
-489.68538294724533 406.9652562526169
-489.07645527164203 419.84786425858385
-489.915228617904 427.87050377421383
-489.10078639927804 442.9002618026266
-489.73818719839613 421.0953019608045
-489.5463042072802 418.54598712383665
-489.5855960347897 428.89534154234497
-489.89535451568634 411.53373522519576
-489.40179594732695 414.14274346464407
-489.39681371885973 423.9819107285106
-488.99269841518696 436.3488268095713
-489.1846079953279 -315.53592900351134
-489.23245832165634 425.0727304587016
-489.3367475357326 421.8165203621631
-489.80145556364073 -293.9847020130275
-489.4407316149434 421.01538277922145
-489.47755679998875 436.17326966067975
-489.3150465189916 418.3217340420866
-489.3409785543052 407.8096827685216
-489.4663530888423 418.19154529290074
-489.3670290335324 419.21599290088966
-489.568790022656 417.26109208274016
-489.5208164689522 446.165732889953
-489.2103987656782 424.7340754696079
-489.5549189079665 441.70544766052825
-490.31288466452077 424.56958138189503
-489.05289344336626 452.10656315430225
-488.95901233782706 428.50891527912154
-489.3385945560209 431.33022186445123
-489.5010320830686 418.4646730059511
-489.5388723765451 412.4313004098571
-489.3895462596198 424.59783301640243
-489.5364902534626 420.3572082556289
-489.51185262721356 424.771193906229
-489.4243631046614 425.0204613703852
-489.3509715926658 457.9658773379948
-489.6064792490909 418.52551147869417
-489.3446478974996 430.849538468167
-489.04593001066445 425.0423592039465
-489.40960508166165 421.8786094068573
-488.3923076423398 435.1711986730576
-489.32121036665535 432.73482982767996
-489.22537356850006 431.7664855787108
-489.13999495430977 423.264961959051
-489.14904268845635 440.15402080632816
-490.38566276628285 422.8751542382798
-489.11976087075504 421.2263985987153
-489.67351961419104 454.16357764102383
-489.424415559979 444.8248905769578
-489.5444954709156 429.35124210308027
-489.77128281930214 -302.876356032698
-489.26901806795746 435.2286148601921
-489.40036683152323 419.2491474714999
-489.1656412239756 415.07217188153317
-489.1731211713135 423.95484432796775
-489.29420906281337 425.67608277887734
-489.3883129520191 418.84175903924097
-489.45198730994287 422.8663870461608
-489.11471124088473 426.7031414021843
-489.2363856116764 434.8048803581132
-489.4563796257704 425.00840770972434
-489.3273120986735 419.4362181463493
-489.0690081295454 427.68620509249575
-489.2769583829678 397.00814762804384
-489.7123816494019 425.96479267638534
-489.5348213722301 429.1966685996837
-489.6811552930378 426.5357656845248
-489.3081244196179 446.10181805496484
-489.4156291702999 421.1640191465742
-489.4917089185442 425.0378957824821
-489.40470968255715 402.081637570284
-489.5887945858551 425.2995025463762
-489.35654182094606 410.39613413716756
-489.10414587724426 432.5568190569612
-488.9438747453049 418.37137385810775
-489.29200574053766 421.08011633342693
-489.4480556672191 417.1915506337427
-489.8366891566377 438.9905001712218
-488.9136306236155 424.1873474090142
-489.5259210423983 434.89874804520105
-489.24918530623637 417.18717840100885
-489.62327110847303 416.9465200359457
-489.52213705036837 450.9865318238361
-489.739824956764 417.40534765050904
