-489.45551439763483 422.47841621208556
-489.45552328014355 422.4784880923442
-489.4555021216346 422.47846417473227
-489.45551622976006 422.47852242398585
-489.4555006696121 422.4786052549567
-489.45551406767447 422.4784888818808
-489.45553216733515 422.4785668170414
-489.45540679402075 422.4786820722079
-489.4554981789212 422.47878730816944
-489.45551075803974 422.478557155829
-489.45552391278056 422.4784420326082
-489.45546277476444 422.4785090035113
-489.4555018084459 422.4785832476116
-489.4555089486178 422.47866010803335
-489.45554223791754 422.4784984527297
-489.455517449177 422.47845727421844
-489.4554956368054 422.47872798277706
-489.4555174547808 422.47853296451666
-489.45551034541006 422.4785861392336
-489.4555454022027 422.47832573619894
-489.4555110486813 422.47856329632646
-489.45552412501434 422.4786555087146
-489.45551623135276 422.4784968473714
-489.45549323493066 422.4785493594339
-489.45550321453334 422.4784659682605
-489.45550877490217 422.4785569915728
-489.4555098494902 422.47840637484194
-489.455508441407 422.47859800441773
-489.45551164949376 422.47849011555104
-489.45551977602315 422.47859131727694
-489.45550610377535 422.4786461539439
-489.45553371016337 422.47859906197044
-489.45545434296946 422.4785691847749
-489.4555218808043 422.4785518336684
-489.45550179496803 422.4784348225535
-489.45551045454306 422.47846027224176
-489.45553560400356 422.4785807256068
-489.4555236763805 422.47853924557313
-489.45548005209685 422.4785495127802
-489.45551067991676 422.4786095038736
-489.45549174429163 422.47858454877684
-489.4555302840622 422.47860441916333
-489.4554782532962 422.47857458056654
-489.45550795700296 422.4785907963395
-489.45549745624197 422.47853040535915
-489.4555455582864 422.4785505136939
-489.4556011736041 422.478543983448
-489.4554828718554 422.4786122373236
-489.45553885854315 422.47855472842946
-489.4555133206557 422.47858813120865
-489.45551876538394 422.4786173282489
-489.45558736402484 422.4785121299936
-489.4554894724603 422.4785400823234
-489.45550762048856 422.4786195767467
-489.4555210285986 422.4784941805048
-489.45550183436035 422.47858923271326
-489.4555122057976 422.4785451032727
-489.45551414865145 422.4786155916654
-489.4555042060896 422.4785108049797
-489.4555088763953 422.4786038957312
-489.4555143571769 422.4785441768979
-489.4555176532553 422.478405861311
-489.45551004191776 422.4786172320116
-489.45551324151313 422.4784670252843
-489.4555045865736 422.4785324439506
-489.4555011860962 422.4785135622326
-489.45548204245836 422.4786385940654
-489.45547905812657 422.4786151185752
-489.45546450072754 422.47858340880737
-489.45550888010354 422.47862190672174
-489.45549315555076 422.47857579566744
-489.4555082611798 422.4786877232724
-489.4555345857293 422.4785748198658
-489.4554867823412 422.47847436058123
-489.4555230735892 422.4784825611213
-489.45548574988237 422.4785380300532
-489.45551043830403 422.4784889203575
-489.45552244061594 422.47849645513884
-489.4554989259873 422.47853962607644
-489.45550494581664 422.4782880100319
-489.45550313872184 422.4785344559441
-489.45552828057424 422.4786639451758
-489.45551322258314 422.47834387620685
-489.4555126714291 422.478592210011
-489.4555553960684 422.47855082210447
-489.4555601815863 422.47852469746533
-489.45551110469773 422.47827380411354
-489.45550544807827 422.47863585565335
-489.45553201918835 422.4785057207857
-489.4555031793599 422.4785876354788
-489.455549514507 422.4786210234684
-489.45548649486034 422.478479484529
-489.4554971620241 422.47868645172616
-489.4555142340879 422.47854455194545
-489.4554634077084 422.4784797227271
-489.45551835756794 422.47853163674955
-489.4555040294638 422.47850902792476
-489.4555081767036 422.4786356360003
-489.4554990307239 422.478573950194
-489.45552051789934 422.47864882230175
