Fitness - Violation - Position
[0.27586546692769387, 0.9675752647184678, 0.10452424344324629, 0.24417186750285935, 0.008466645615618718, 0.049048817340553885, 0.04844288938398933, 0.5537786161665161, 0.2887772348629105, 99.51512245995487, 95.79584005588686, 79.18028408955769, 0.1286260106486673] - -273.02194694188364 - 117.8370490165953
[0.27586546692769387, 0.9675752647184678, 0.10452424344324629, 0.24417186750285935, 0.008466645615618718, 0.049048817340553885, 0.04844288938398933, 0.5537786161665161, 0.2887772348629105, 99.51512245995487, 95.79584005588686, 79.18028408955769, 0.1286260106486673] - -273.02194694188364 - 117.8370490165953
[0.27586546692769387, 0.9675752647184678, 0.10452424344324629, 0.24417186750285935, 0.008466645615618718, 0.049048817340553885, 0.04844288938398933, 0.5537786161665161, 0.2887772348629105, 99.51512245995487, 95.79584005588686, 79.18028408955769, 0.1286260106486673] - -273.02194694188364 - 117.8370490165953
[0.27586546692769387, 0.9675752647184678, 0.10452424344324629, 0.24417186750285935, 0.008466645615618718, 0.049048817340553885, 0.04844288938398933, 0.5537786161665161, 0.2887772348629105, 99.51512245995487, 95.79584005588686, 79.18028408955769, 0.1286260106486673] - -273.02194694188364 - 117.8370490165953
[0.27586546692769387, 0.9675752647184678, 0.10452424344324629, 0.24417186750285935, 0.008466645615618718, 0.049048817340553885, 0.04844288938398933, 0.5537786161665161, 0.2887772348629105, 99.51512245995487, 95.79584005588686, 79.18028408955769, 0.1286260106486673] - -273.02194694188364 - 117.8370490165953
[0.27586546692769387, 0.9675752647184678, 0.10452424344324629, 0.24417186750285935, 0.008466645615618718, 0.049048817340553885, 0.04844288938398933, 0.5537786161665161, 0.2887772348629105, 99.51512245995487, 95.79584005588686, 79.18028408955769, 0.1286260106486673] - -273.02194694188364 - 117.8370490165953
[0.27586546692769387, 0.9675752647184678, 0.10452424344324629, 0.24417186750285935, 0.008466645615618718, 0.049048817340553885, 0.04844288938398933, 0.5537786161665161, 0.2887772348629105, 99.51512245995487, 95.79584005588686, 79.18028408955769, 0.1286260106486673] - -273.02194694188364 - 117.8370490165953
[0.27586546692769387, 0.9675752647184678, 0.10452424344324629, 0.24417186750285935, 0.008466645615618718, 0.049048817340553885, 0.04844288938398933, 0.5537786161665161, 0.2887772348629105, 99.51512245995487, 95.79584005588686, 79.18028408955769, 0.1286260106486673] - -273.02194694188364 - 117.8370490165953
[0.27586546692769387, 0.9675752647184678, 0.10452424344324629, 0.24417186750285935, 0.008466645615618718, 0.049048817340553885, 0.04844288938398933, 0.5537786161665161, 0.2887772348629105, 99.51512245995487, 95.79584005588686, 79.18028408955769, 0.1286260106486673] - -273.02194694188364 - 117.8370490165953
[0.27586546692769387, 0.9675752647184678, 0.10452424344324629, 0.24417186750285935, 0.008466645615618718, 0.049048817340553885, 0.04844288938398933, 0.5537786161665161, 0.2887772348629105, 99.51512245995487, 95.79584005588686, 79.18028408955769, 0.1286260106486673] - -273.02194694188364 - 117.8370490165953
[0.27586546692769387, 0.9675752647184678, 0.10452424344324629, 0.24417186750285935, 0.008466645615618718, 0.049048817340553885, 0.04844288938398933, 0.5537786161665161, 0.2887772348629105, 99.51512245995487, 95.79584005588686, 79.18028408955769, 0.1286260106486673] - -273.02194694188364 - 117.8370490165953
[0.27586546692769387, 0.9675752647184678, 0.10452424344324629, 0.24417186750285935, 0.008466645615618718, 0.049048817340553885, 0.04844288938398933, 0.5537786161665161, 0.2887772348629105, 99.51512245995487, 95.79584005588686, 79.18028408955769, 0.1286260106486673] - -273.02194694188364 - 117.8370490165953
[0.7713735026550695, 0.9518867940749542, 0.07274440752159993, 0.31576920542447195, 0.17721349874306377, 0.8702952766186849, 0.31265777185285526, 0.5887565823475451, 0.7849958775080992, 93.59749232117281, 96.97064413333965, 99.918219207015, 0.5924186828392732] - -291.28436124932006 - 124.43743272802423
[0.7713735026550695, 0.9518867940749542, 0.07274440752159993, 0.31576920542447195, 0.17721349874306377, 0.8702952766186849, 0.31265777185285526, 0.5887565823475451, 0.7849958775080992, 93.59749232117281, 96.97064413333965, 99.918219207015, 0.5924186828392732] - -291.28436124932006 - 124.43743272802423
[0.7713735026550695, 0.9518867940749542, 0.07274440752159993, 0.31576920542447195, 0.17721349874306377, 0.8702952766186849, 0.31265777185285526, 0.5887565823475451, 0.7849958775080992, 93.59749232117281, 96.97064413333965, 99.918219207015, 0.5924186828392732] - -291.28436124932006 - 124.43743272802423
[0.7713735026550695, 0.9518867940749542, 0.07274440752159993, 0.31576920542447195, 0.17721349874306377, 0.8702952766186849, 0.31265777185285526, 0.5887565823475451, 0.7849958775080992, 93.59749232117281, 96.97064413333965, 99.918219207015, 0.5924186828392732] - -291.28436124932006 - 124.43743272802423
[0.7713735026550695, 0.9518867940749542, 0.07274440752159993, 0.31576920542447195, 0.17721349874306377, 0.8702952766186849, 0.31265777185285526, 0.5887565823475451, 0.7849958775080992, 93.59749232117281, 96.97064413333965, 99.918219207015, 0.5924186828392732] - -291.28436124932006 - 124.43743272802423
[0.7713735026550695, 0.9518867940749542, 0.07274440752159993, 0.31576920542447195, 0.17721349874306377, 0.8702952766186849, 0.31265777185285526, 0.5887565823475451, 0.7849958775080992, 93.59749232117281, 96.97064413333965, 99.918219207015, 0.5924186828392732] - -291.28436124932006 - 124.43743272802423
[0.7713735026550695, 0.9518867940749542, 0.07274440752159993, 0.31576920542447195, 0.17721349874306377, 0.8702952766186849, 0.31265777185285526, 0.5887565823475451, 0.7849958775080992, 93.59749232117281, 96.97064413333965, 99.918219207015, 0.5924186828392732] - -291.28436124932006 - 124.43743272802423
[0.7713735026550695, 0.9518867940749542, 0.07274440752159993, 0.31576920542447195, 0.17721349874306377, 0.8702952766186849, 0.31265777185285526, 0.5887565823475451, 0.7849958775080992, 93.59749232117281, 96.97064413333965, 99.918219207015, 0.5924186828392732] - -291.28436124932006 - 124.43743272802423
[0.7713735026550695, 0.9518867940749542, 0.07274440752159993, 0.31576920542447195, 0.17721349874306377, 0.8702952766186849, 0.31265777185285526, 0.5887565823475451, 0.7849958775080992, 93.59749232117281, 96.97064413333965, 99.918219207015, 0.5924186828392732] - -291.28436124932006 - 124.43743272802423
[0.7713735026550695, 0.9518867940749542, 0.07274440752159993, 0.31576920542447195, 0.17721349874306377, 0.8702952766186849, 0.31265777185285526, 0.5887565823475451, 0.7849958775080992, 93.59749232117281, 96.97064413333965, 99.918219207015, 0.5924186828392732] - -291.28436124932006 - 124.43743272802423
[0.7713735026550695, 0.9518867940749542, 0.07274440752159993, 0.31576920542447195, 0.17721349874306377, 0.8702952766186849, 0.31265777185285526, 0.5887565823475451, 0.7849958775080992, 93.59749232117281, 96.97064413333965, 99.918219207015, 0.5924186828392732] - -291.28436124932006 - 124.43743272802423
[0.7713735026550695, 0.9518867940749542, 0.07274440752159993, 0.31576920542447195, 0.17721349874306377, 0.8702952766186849, 0.31265777185285526, 0.5887565823475451, 0.7849958775080992, 93.59749232117281, 96.97064413333965, 99.918219207015, 0.5924186828392732] - -291.28436124932006 - 124.43743272802423
[0.7713735026550695, 0.9518867940749542, 0.07274440752159993, 0.31576920542447195, 0.17721349874306377, 0.8702952766186849, 0.31265777185285526, 0.5887565823475451, 0.7849958775080992, 93.59749232117281, 96.97064413333965, 99.918219207015, 0.5924186828392732] - -291.28436124932006 - 124.43743272802423
[0.7713735026550695, 0.9518867940749542, 0.07274440752159993, 0.31576920542447195, 0.17721349874306377, 0.8702952766186849, 0.31265777185285526, 0.5887565823475451, 0.7849958775080992, 93.59749232117281, 96.97064413333965, 99.918219207015, 0.5924186828392732] - -291.28436124932006 - 124.43743272802423
[0.39955236030679486, 0.4065846484188775, 0.6755449170805616, 0.4406471077393103, 0.8969168138783286, 0.3986370149612531, 0.6283915722484171, 0.9111959253398465, 0.6409204227132986, 97.62767754654504, 97.9928372307026, 98.67089645535611, 0.2952726421491667] - -293.3285203237115 - 126.17463648025215
[0.49417017193759605, 0.9928854055270385, 0.9570355567913333, 0.43192786573349773, 0.07810250498797458, 0.9778837570226139, 0.21807330295620836, 0.5182587754010739, 0.8058406404460308, 95.65060292831473, 99.74083276406418, 98.13881570072229, 0.654903332493843] - -294.06574033396873 - 125.48738708785292
[0.31809520190190566, 0.9556595804322606, 0.9247697133652601, 0.8354643637953753, 0.9006011997972394, 0.9607978490352002, 0.026396053492094784, 0.936054752469371, 0.7230595796706732, 98.76296576931006, 99.10304146702693, 96.35975130303882, 0.8557751175383917] - -296.296846379278 - 125.66602726790506
[0.31809520190190566, 0.9556595804322606, 0.9247697133652601, 0.8354643637953753, 0.9006011997972394, 0.9607978490352002, 0.026396053492094784, 0.936054752469371, 0.7230595796706732, 98.76296576931006, 99.10304146702693, 96.35975130303882, 0.8557751175383917] - -296.296846379278 - 125.66602726790506
[0.31809520190190566, 0.9556595804322606, 0.9247697133652601, 0.8354643637953753, 0.9006011997972394, 0.9607978490352002, 0.026396053492094784, 0.936054752469371, 0.7230595796706732, 98.76296576931006, 99.10304146702693, 96.35975130303882, 0.8557751175383917] - -296.296846379278 - 125.66602726790506
[0.5501721212755213, 0.20035229043268435, 0.2623975825031577, 0.8190430597204154, 0.7247617754981781, 0.5146069706520843, 0.7632170074133494, 0.7262569379737025, 0.9528257025086757, 98.68540715424703, 97.95497469279434, 99.54910096179532, 0.6655845403749489] - -296.7894826150493 - 127.12729164848764
[0.16302451106128268, 0.9518867940749542, 0.4441348932026552, 0.6936046617213815, 0.17721349874306377, 0.8702952766186849, 0.31265777185285526, 0.21262621916533603, 0.38366666732188265, 99.7448605744072, 98.48532206666982, 99.918219207015, 0.5924186828392732] - -297.4890691146459 - 127.99231470512044
[0.16302451106128268, 0.9518867940749542, 0.4441348932026552, 0.6936046617213815, 0.17721349874306377, 0.8702952766186849, 0.31265777185285526, 0.21262621916533603, 0.38366666732188265, 99.7448605744072, 98.48532206666982, 99.918219207015, 0.5924186828392732] - -297.4890691146459 - 127.99231470512044
[0.16302451106128268, 0.9518867940749542, 0.4441348932026552, 0.6936046617213815, 0.17721349874306377, 0.8702952766186849, 0.31265777185285526, 0.21262621916533603, 0.38366666732188265, 99.7448605744072, 98.48532206666982, 99.918219207015, 0.5924186828392732] - -297.4890691146459 - 127.99231470512044
[0.16302451106128268, 0.9518867940749542, 0.4441348932026552, 0.6936046617213815, 0.17721349874306377, 0.8702952766186849, 0.31265777185285526, 0.21262621916533603, 0.38366666732188265, 99.7448605744072, 98.48532206666982, 99.918219207015, 0.5924186828392732] - -297.4890691146459 - 127.99231470512044
[0.16302451106128268, 0.9518867940749542, 0.4441348932026552, 0.6936046617213815, 0.17721349874306377, 0.8702952766186849, 0.31265777185285526, 0.21262621916533603, 0.38366666732188265, 99.7448605744072, 98.48532206666982, 99.918219207015, 0.5924186828392732] - -297.4890691146459 - 127.99231470512044
[0.16302451106128268, 0.9518867940749542, 0.4441348932026552, 0.6936046617213815, 0.17721349874306377, 0.8702952766186849, 0.31265777185285526, 0.21262621916533603, 0.38366666732188265, 99.7448605744072, 98.48532206666982, 99.918219207015, 0.5924186828392732] - -297.4890691146459 - 127.99231470512044
[0.30556587549658293, 0.098202916068141, 0.9953006034462406, 0.2828029121168219, 0.26063123784706715, 0.21587915527090112, 0.4405533014399494, 0.5873921347044677, 0.6639879735965009, 98.46313288056521, 99.71464756160248, 99.04084022033834, 0.9060006151976485] - -297.751779021496 - 127.74898712810136
[0.30556587549658293, 0.098202916068141, 0.9953006034462406, 0.2828029121168219, 0.26063123784706715, 0.21587915527090112, 0.4405533014399494, 0.5873921347044677, 0.6639879735965009, 98.46313288056521, 99.71464756160248, 99.04084022033834, 0.9060006151976485] - -297.751779021496 - 127.74898712810136
[0.4188573435315773, 0.9518867940749542, 0.7220674466013276, 0.9661818295431892, 0.9456118578420906, 0.8702952766186849, 0.31265777185285526, 0.21262621916533603, 0.38366666732188265, 99.7448605744072, 99.48139186673168, 99.90069271063197, 0.7962093414196366] - -300.03513855796314 - 128.04404348028675
[0.4188573435315773, 0.9518867940749542, 0.7220674466013276, 0.9661818295431892, 0.9456118578420906, 0.8702952766186849, 0.31265777185285526, 0.21262621916533603, 0.38366666732188265, 99.7448605744072, 99.48139186673168, 99.90069271063197, 0.7962093414196366] - -300.03513855796314 - 128.04404348028675
[0.4188573435315773, 0.9518867940749542, 0.7220674466013276, 0.9661818295431892, 0.9456118578420906, 0.8702952766186849, 0.31265777185285526, 0.21262621916533603, 0.38366666732188265, 99.7448605744072, 99.48139186673168, 99.90069271063197, 0.7962093414196366] - -300.03513855796314 - 128.04404348028675
[0.4188573435315773, 0.9518867940749542, 0.7220674466013276, 0.9661818295431892, 0.9456118578420906, 0.8702952766186849, 0.31265777185285526, 0.21262621916533603, 0.38366666732188265, 99.7448605744072, 99.48139186673168, 99.90069271063197, 0.7962093414196366] - -300.03513855796314 - 128.04404348028675
[0.4188573435315773, 0.9518867940749542, 0.7220674466013276, 0.9661818295431892, 0.9456118578420906, 0.8702952766186849, 0.31265777185285526, 0.21262621916533603, 0.38366666732188265, 99.7448605744072, 99.48139186673168, 99.90069271063197, 0.7962093414196366] - -300.03513855796314 - 128.04404348028675
[0.4188573435315773, 0.9518867940749542, 0.7220674466013276, 0.9661818295431892, 0.9456118578420906, 0.8702952766186849, 0.31265777185285526, 0.21262621916533603, 0.38366666732188265, 99.7448605744072, 99.48139186673168, 99.90069271063197, 0.7962093414196366] - -300.03513855796314 - 128.04404348028675
[0.4188573435315773, 0.9518867940749542, 0.7220674466013276, 0.9661818295431892, 0.9456118578420906, 0.8702952766186849, 0.31265777185285526, 0.21262621916533603, 0.38366666732188265, 99.7448605744072, 99.48139186673168, 99.90069271063197, 0.7962093414196366] - -300.03513855796314 - 128.04404348028675
[0.4188573435315773, 0.9518867940749542, 0.7220674466013276, 0.9661818295431892, 0.9456118578420906, 0.8702952766186849, 0.31265777185285526, 0.21262621916533603, 0.38366666732188265, 99.7448605744072, 99.48139186673168, 99.90069271063197, 0.7962093414196366] - -300.03513855796314 - 128.04404348028675
[0.4188573435315773, 0.9518867940749542, 0.7220674466013276, 0.9661818295431892, 0.9456118578420906, 0.8702952766186849, 0.31265777185285526, 0.21262621916533603, 0.38366666732188265, 99.7448605744072, 99.48139186673168, 99.90069271063197, 0.7962093414196366] - -300.03513855796314 - 128.04404348028675
[0.4188573435315773, 0.9518867940749542, 0.7220674466013276, 0.9661818295431892, 0.9456118578420906, 0.8702952766186849, 0.31265777185285526, 0.21262621916533603, 0.38366666732188265, 99.7448605744072, 99.48139186673168, 99.90069271063197, 0.7962093414196366] - -300.03513855796314 - 128.04404348028675
[0.4188573435315773, 0.9518867940749542, 0.7220674466013276, 0.9661818295431892, 0.9456118578420906, 0.8702952766186849, 0.31265777185285526, 0.21262621916533603, 0.38366666732188265, 99.7448605744072, 99.48139186673168, 99.90069271063197, 0.7962093414196366] - -300.03513855796314 - 128.04404348028675
[0.27508606063776064, 0.9367341148626919, 0.16700333965255063, 0.9359473240397279, 0.7895927559262582, 0.5295594326944393, 0.8816085037066748, 0.5971506709989199, 0.8512895499762683, 99.34270357712352, 99.58644403150242, 99.94618126202604, 0.5092375333831357] - -300.74506637905915 - 128.14869063965784
[0.27508606063776064, 0.9367341148626919, 0.16700333965255063, 0.9359473240397279, 0.7895927559262582, 0.5295594326944393, 0.8816085037066748, 0.5971506709989199, 0.8512895499762683, 99.34270357712352, 99.58644403150242, 99.94618126202604, 0.5092375333831357] - -300.74506637905915 - 128.14869063965784
[0.27508606063776064, 0.9367341148626919, 0.16700333965255063, 0.9359473240397279, 0.7895927559262582, 0.5295594326944393, 0.8816085037066748, 0.5971506709989199, 0.8512895499762683, 99.34270357712352, 99.58644403150242, 99.94618126202604, 0.5092375333831357] - -300.74506637905915 - 128.14869063965784
[0.27508606063776064, 0.9367341148626919, 0.16700333965255063, 0.9359473240397279, 0.7895927559262582, 0.5295594326944393, 0.8816085037066748, 0.5971506709989199, 0.8512895499762683, 99.34270357712352, 99.58644403150242, 99.94618126202604, 0.5092375333831357] - -300.74506637905915 - 128.14869063965784
[0.8611486383187119, 0.8190604245626693, 0.052630119759645766, 0.4748832959669076, 0.9458703817595271, 0.840606139960757, 0.4382721998663937, 0.9884299871734727, 0.9087377222622615, 99.79325333766351, 99.82688116957824, 99.13632583161174, 0.8801205830564722] - -300.92349011317896 - 127.91041838608437
[0.8611486383187119, 0.8190604245626693, 0.052630119759645766, 0.4748832959669076, 0.9458703817595271, 0.840606139960757, 0.4382721998663937, 0.9884299871734727, 0.9087377222622615, 99.79325333766351, 99.82688116957824, 99.13632583161174, 0.8801205830564722] - -300.92349011317896 - 127.91041838608437
[0.8611486383187119, 0.8190604245626693, 0.052630119759645766, 0.4748832959669076, 0.9458703817595271, 0.840606139960757, 0.4382721998663937, 0.9884299871734727, 0.9087377222622615, 99.79325333766351, 99.82688116957824, 99.13632583161174, 0.8801205830564722] - -300.92349011317896 - 127.91041838608437
[0.8611486383187119, 0.8190604245626693, 0.052630119759645766, 0.4748832959669076, 0.9458703817595271, 0.840606139960757, 0.4382721998663937, 0.9884299871734727, 0.9087377222622615, 99.79325333766351, 99.82688116957824, 99.13632583161174, 0.8801205830564722] - -300.92349011317896 - 127.91041838608437
[0.8611486383187119, 0.8190604245626693, 0.052630119759645766, 0.4748832959669076, 0.9458703817595271, 0.840606139960757, 0.4382721998663937, 0.9884299871734727, 0.9087377222622615, 99.79325333766351, 99.82688116957824, 99.13632583161174, 0.8801205830564722] - -300.92349011317896 - 127.91041838608437
[0.8611486383187119, 0.8190604245626693, 0.052630119759645766, 0.4748832959669076, 0.9458703817595271, 0.840606139960757, 0.4382721998663937, 0.9884299871734727, 0.9087377222622615, 99.79325333766351, 99.82688116957824, 99.13632583161174, 0.8801205830564722] - -300.92349011317896 - 127.91041838608437
[0.5646198400286221, 0.8705429082801623, 0.9771726765221066, 0.009935357773566966, 0.7360836481814177, 0.7731595264379103, 0.9029178608403114, 0.6611083924418331, 0.8645296085580654, 99.3121267959463, 99.58000635062061, 99.67894497347606, 0.7330539943376924] - -301.2886055877494 - 127.69367034555133
[0.5646198400286221, 0.8705429082801623, 0.9771726765221066, 0.009935357773566966, 0.7360836481814177, 0.7731595264379103, 0.9029178608403114, 0.6611083924418331, 0.8645296085580654, 99.3121267959463, 99.58000635062061, 99.67894497347606, 0.7330539943376924] - -301.2886055877494 - 127.69367034555133
[0.5646198400286221, 0.8705429082801623, 0.9771726765221066, 0.009935357773566966, 0.7360836481814177, 0.7731595264379103, 0.9029178608403114, 0.6611083924418331, 0.8645296085580654, 99.3121267959463, 99.58000635062061, 99.67894497347606, 0.7330539943376924] - -301.2886055877494 - 127.69367034555133
[0.2971235726609157, 0.9664841281994896, 6.027061816642476E-4, 0.9713912315835567, 0.6515008525925488, 0.6668072026454237, 0.8381709687002568, 0.7158349712012477, 0.9348486107992808, 99.73502627675025, 99.98608610262743, 99.23106413163512, 0.798281138569811] - -302.2094884401156 - 128.17991968588115
[0.2971235726609157, 0.9664841281994896, 6.027061816642476E-4, 0.9713912315835567, 0.6515008525925488, 0.6668072026454237, 0.8381709687002568, 0.7158349712012477, 0.9348486107992808, 99.73502627675025, 99.98608610262743, 99.23106413163512, 0.798281138569811] - -302.2094884401156 - 128.17991968588115
[0.2971235726609157, 0.9664841281994896, 6.027061816642476E-4, 0.9713912315835567, 0.6515008525925488, 0.6668072026454237, 0.8381709687002568, 0.7158349712012477, 0.9348486107992808, 99.73502627675025, 99.98608610262743, 99.23106413163512, 0.798281138569811] - -302.2094884401156 - 128.17991968588115
[0.2971235726609157, 0.9664841281994896, 6.027061816642476E-4, 0.9713912315835567, 0.6515008525925488, 0.6668072026454237, 0.8381709687002568, 0.7158349712012477, 0.9348486107992808, 99.73502627675025, 99.98608610262743, 99.23106413163512, 0.798281138569811] - -302.2094884401156 - 128.17991968588115
[0.2971235726609157, 0.9664841281994896, 6.027061816642476E-4, 0.9713912315835567, 0.6515008525925488, 0.6668072026454237, 0.8381709687002568, 0.7158349712012477, 0.9348486107992808, 99.73502627675025, 99.98608610262743, 99.23106413163512, 0.798281138569811] - -302.2094884401156 - 128.17991968588115
[0.2971235726609157, 0.9664841281994896, 6.027061816642476E-4, 0.9713912315835567, 0.6515008525925488, 0.6668072026454237, 0.8381709687002568, 0.7158349712012477, 0.9348486107992808, 99.73502627675025, 99.98608610262743, 99.23106413163512, 0.798281138569811] - -302.2094884401156 - 128.17991968588115
[0.2971235726609157, 0.9664841281994896, 6.027061816642476E-4, 0.9713912315835567, 0.6515008525925488, 0.6668072026454237, 0.8381709687002568, 0.7158349712012477, 0.9348486107992808, 99.73502627675025, 99.98608610262743, 99.23106413163512, 0.798281138569811] - -302.2094884401156 - 128.17991968588115
[0.2971235726609157, 0.9664841281994896, 6.027061816642476E-4, 0.9713912315835567, 0.6515008525925488, 0.6668072026454237, 0.8381709687002568, 0.7158349712012477, 0.9348486107992808, 99.73502627675025, 99.98608610262743, 99.23106413163512, 0.798281138569811] - -302.2094884401156 - 128.17991968588115
[0.2971235726609157, 0.9664841281994896, 6.027061816642476E-4, 0.9713912315835567, 0.6515008525925488, 0.6668072026454237, 0.8381709687002568, 0.7158349712012477, 0.9348486107992808, 99.73502627675025, 99.98608610262743, 99.23106413163512, 0.798281138569811] - -302.2094884401156 - 128.17991968588115
[0.19432069255143342, 0.007816288485361755, 0.9762459619508465, 0.09378544417846785, 0.858400382217824, 0.8534397232498548, 0.9867994792498189, 0.6815389222942165, 0.9727052230196174, 99.87852781016328, 99.57757596283821, 99.52191782618189, 0.9182398811869288] - -302.8866708429933 - 128.34701348453896
[0.19432069255143342, 0.007816288485361755, 0.9762459619508465, 0.09378544417846785, 0.858400382217824, 0.8534397232498548, 0.9867994792498189, 0.6815389222942165, 0.9727052230196174, 99.87852781016328, 99.57757596283821, 99.52191782618189, 0.9182398811869288] - -302.8866708429933 - 128.34701348453896
[0.19432069255143342, 0.007816288485361755, 0.9762459619508465, 0.09378544417846785, 0.858400382217824, 0.8534397232498548, 0.9867994792498189, 0.6815389222942165, 0.9727052230196174, 99.87852781016328, 99.57757596283821, 99.52191782618189, 0.9182398811869288] - -302.8866708429933 - 128.34701348453896
[0.19432069255143342, 0.007816288485361755, 0.9762459619508465, 0.09378544417846785, 0.858400382217824, 0.8534397232498548, 0.9867994792498189, 0.6815389222942165, 0.9727052230196174, 99.87852781016328, 99.57757596283821, 99.52191782618189, 0.9182398811869288] - -302.8866708429933 - 128.34701348453896
[0.19432069255143342, 0.007816288485361755, 0.9762459619508465, 0.09378544417846785, 0.858400382217824, 0.8534397232498548, 0.9867994792498189, 0.6815389222942165, 0.9727052230196174, 99.87852781016328, 99.57757596283821, 99.52191782618189, 0.9182398811869288] - -302.8866708429933 - 128.34701348453896
[0.19432069255143342, 0.007816288485361755, 0.9762459619508465, 0.09378544417846785, 0.858400382217824, 0.8534397232498548, 0.9867994792498189, 0.6815389222942165, 0.9727052230196174, 99.87852781016328, 99.57757596283821, 99.52191782618189, 0.9182398811869288] - -302.8866708429933 - 128.34701348453896
[0.9215090154442327, 0.08258857106525604, 0.052630119759645766, 0.0994755296025509, 0.9458703817595271, 0.5789985906874018, 0.7750630802387724, 0.9884299871734727, 0.9087377222622615, 99.79325333766351, 99.91344058478913, 99.85708969095688, 0.7849293721144239] - -303.10812180884307 - 128.67386046993045
[0.1704015275640215, 0.9601292802587821, 0.058543704414464326, 0.9115697135206704, 0.9131271061148694, 0.7511873317189881, 0.7772348400258761, 0.7416821643400343, 0.9320547249489264, 99.98717906462457, 99.89619891000585, 99.87613623217901, 0.8536493793543283] - -303.1515867412284 - 128.53894040978219
[0.1704015275640215, 0.9601292802587821, 0.058543704414464326, 0.9115697135206704, 0.9131271061148694, 0.7511873317189881, 0.7772348400258761, 0.7416821643400343, 0.9320547249489264, 99.98717906462457, 99.89619891000585, 99.87613623217901, 0.8536493793543283] - -303.1515867412284 - 128.53894040978219
[0.1704015275640215, 0.9601292802587821, 0.058543704414464326, 0.9115697135206704, 0.9131271061148694, 0.7511873317189881, 0.7772348400258761, 0.7416821643400343, 0.9320547249489264, 99.98717906462457, 99.89619891000585, 99.87613623217901, 0.8536493793543283] - -303.1515867412284 - 128.53894040978219
[0.1704015275640215, 0.9601292802587821, 0.058543704414464326, 0.9115697135206704, 0.9131271061148694, 0.7511873317189881, 0.7772348400258761, 0.7416821643400343, 0.9320547249489264, 99.98717906462457, 99.89619891000585, 99.87613623217901, 0.8536493793543283] - -303.1515867412284 - 128.53894040978219
[0.1704015275640215, 0.9601292802587821, 0.058543704414464326, 0.9115697135206704, 0.9131271061148694, 0.7511873317189881, 0.7772348400258761, 0.7416821643400343, 0.9320547249489264, 99.98717906462457, 99.89619891000585, 99.87613623217901, 0.8536493793543283] - -303.1515867412284 - 128.53894040978219
[0.1704015275640215, 0.9601292802587821, 0.058543704414464326, 0.9115697135206704, 0.9131271061148694, 0.7511873317189881, 0.7772348400258761, 0.7416821643400343, 0.9320547249489264, 99.98717906462457, 99.89619891000585, 99.87613623217901, 0.8536493793543283] - -303.1515867412284 - 128.53894040978219
[0.03748087019648, 0.9661575866202179, 0.9883576016942486, 0.01440340049269978, 0.9033436663966087, 0.6165614927517734, 0.4950413705443831, 0.9799137384103245, 0.70857368002328, 99.98074414624696, 99.77377988835909, 99.79370779130882, 0.8508960236950547] - -303.6301820256533 - 128.32180300992684
[0.03748087019648, 0.9661575866202179, 0.9883576016942486, 0.01440340049269978, 0.9033436663966087, 0.6165614927517734, 0.4950413705443831, 0.9799137384103245, 0.70857368002328, 99.98074414624696, 99.77377988835909, 99.79370779130882, 0.8508960236950547] - -303.6301820256533 - 128.32180300992684
[0.03748087019648, 0.9661575866202179, 0.9883576016942486, 0.01440340049269978, 0.9033436663966087, 0.6165614927517734, 0.4950413705443831, 0.9799137384103245, 0.70857368002328, 99.98074414624696, 99.77377988835909, 99.79370779130882, 0.8508960236950547] - -303.6301820256533 - 128.32180300992684
[0.03748087019648, 0.9661575866202179, 0.9883576016942486, 0.01440340049269978, 0.9033436663966087, 0.6165614927517734, 0.4950413705443831, 0.9799137384103245, 0.70857368002328, 99.98074414624696, 99.77377988835909, 99.79370779130882, 0.8508960236950547] - -303.6301820256533 - 128.32180300992684
[0.03748087019648, 0.9661575866202179, 0.9883576016942486, 0.01440340049269978, 0.9033436663966087, 0.6165614927517734, 0.4950413705443831, 0.9799137384103245, 0.70857368002328, 99.98074414624696, 99.77377988835909, 99.79370779130882, 0.8508960236950547] - -303.6301820256533 - 128.32180300992684
[0.03748087019648, 0.9661575866202179, 0.9883576016942486, 0.01440340049269978, 0.9033436663966087, 0.6165614927517734, 0.4950413705443831, 0.9799137384103245, 0.70857368002328, 99.98074414624696, 99.77377988835909, 99.79370779130882, 0.8508960236950547] - -303.6301820256533 - 128.32180300992684
[0.03748087019648, 0.9661575866202179, 0.9883576016942486, 0.01440340049269978, 0.9033436663966087, 0.6165614927517734, 0.4950413705443831, 0.9799137384103245, 0.70857368002328, 99.98074414624696, 99.77377988835909, 99.79370779130882, 0.8508960236950547] - -303.6301820256533 - 128.32180300992684
[0.03748087019648, 0.9661575866202179, 0.9883576016942486, 0.01440340049269978, 0.9033436663966087, 0.6165614927517734, 0.4950413705443831, 0.9799137384103245, 0.70857368002328, 99.98074414624696, 99.77377988835909, 99.79370779130882, 0.8508960236950547] - -303.6301820256533 - 128.32180300992684
[0.03748087019648, 0.9661575866202179, 0.9883576016942486, 0.01440340049269978, 0.9033436663966087, 0.6165614927517734, 0.4950413705443831, 0.9799137384103245, 0.70857368002328, 99.98074414624696, 99.77377988835909, 99.79370779130882, 0.8508960236950547] - -303.6301820256533 - 128.32180300992684
[0.03748087019648, 0.9661575866202179, 0.9883576016942486, 0.01440340049269978, 0.9033436663966087, 0.6165614927517734, 0.4950413705443831, 0.9799137384103245, 0.70857368002328, 99.98074414624696, 99.77377988835909, 99.79370779130882, 0.8508960236950547] - -303.6301820256533 - 128.32180300992684
[0.15124617837677562, 0.9786123785668249, 0.9843382514542112, 0.9229126197100104, 0.9196147120674103, 0.9769983324633762, 0.8389371759868143, 0.8119040901823127, 0.8336154706738654, 99.95722127107148, 99.59767032556701, 99.94548478500441, 0.9499172167829634] - -303.6520516935292 - 127.94765787217122
[0.15124617837677562, 0.9786123785668249, 0.9843382514542112, 0.9229126197100104, 0.9196147120674103, 0.9769983324633762, 0.8389371759868143, 0.8119040901823127, 0.8336154706738654, 99.95722127107148, 99.59767032556701, 99.94548478500441, 0.9499172167829634] - -303.6520516935292 - 127.94765787217122
[0.15124617837677562, 0.9786123785668249, 0.9843382514542112, 0.9229126197100104, 0.9196147120674103, 0.9769983324633762, 0.8389371759868143, 0.8119040901823127, 0.8336154706738654, 99.95722127107148, 99.59767032556701, 99.94548478500441, 0.9499172167829634] - -303.6520516935292 - 127.94765787217122
[0.15124617837677562, 0.9786123785668249, 0.9843382514542112, 0.9229126197100104, 0.9196147120674103, 0.9769983324633762, 0.8389371759868143, 0.8119040901823127, 0.8336154706738654, 99.95722127107148, 99.59767032556701, 99.94548478500441, 0.9499172167829634] - -303.6520516935292 - 127.94765787217122
[0.15124617837677562, 0.9786123785668249, 0.9843382514542112, 0.9229126197100104, 0.9196147120674103, 0.9769983324633762, 0.8389371759868143, 0.8119040901823127, 0.8336154706738654, 99.95722127107148, 99.59767032556701, 99.94548478500441, 0.9499172167829634] - -303.6520516935292 - 127.94765787217122
[0.15124617837677562, 0.9786123785668249, 0.9843382514542112, 0.9229126197100104, 0.9196147120674103, 0.9769983324633762, 0.8389371759868143, 0.8119040901823127, 0.8336154706738654, 99.95722127107148, 99.59767032556701, 99.94548478500441, 0.9499172167829634] - -303.6520516935292 - 127.94765787217122
[0.15124617837677562, 0.9786123785668249, 0.9843382514542112, 0.9229126197100104, 0.9196147120674103, 0.9769983324633762, 0.8389371759868143, 0.8119040901823127, 0.8336154706738654, 99.95722127107148, 99.59767032556701, 99.94548478500441, 0.9499172167829634] - -303.6520516935292 - 127.94765787217122
[0.15124617837677562, 0.9786123785668249, 0.9843382514542112, 0.9229126197100104, 0.9196147120674103, 0.9769983324633762, 0.8389371759868143, 0.8119040901823127, 0.8336154706738654, 99.95722127107148, 99.59767032556701, 99.94548478500441, 0.9499172167829634] - -303.6520516935292 - 127.94765787217122
[0.15124617837677562, 0.9786123785668249, 0.9843382514542112, 0.9229126197100104, 0.9196147120674103, 0.9769983324633762, 0.8389371759868143, 0.8119040901823127, 0.8336154706738654, 99.95722127107148, 99.59767032556701, 99.94548478500441, 0.9499172167829634] - -303.6520516935292 - 127.94765787217122
[0.02093775953211363, 0.9329903603135674, 0.9923282792890181, 0.9568501177140867, 0.8223338381989309, 0.8973265186655976, 0.6250138980164923, 0.9946967998416317, 0.927066225969218, 99.9335803824142, 99.83386161921528, 99.84737094745753, 0.7894350398192584] - -304.01108750464635 - 128.0668961516869
[0.02093775953211363, 0.9329903603135674, 0.9923282792890181, 0.9568501177140867, 0.8223338381989309, 0.8973265186655976, 0.6250138980164923, 0.9946967998416317, 0.927066225969218, 99.9335803824142, 99.83386161921528, 99.84737094745753, 0.7894350398192584] - -304.01108750464635 - 128.0668961516869
[0.02093775953211363, 0.9329903603135674, 0.9923282792890181, 0.9568501177140867, 0.8223338381989309, 0.8973265186655976, 0.6250138980164923, 0.9946967998416317, 0.927066225969218, 99.9335803824142, 99.83386161921528, 99.84737094745753, 0.7894350398192584] - -304.01108750464635 - 128.0668961516869
[0.02093775953211363, 0.9329903603135674, 0.9923282792890181, 0.9568501177140867, 0.8223338381989309, 0.8973265186655976, 0.6250138980164923, 0.9946967998416317, 0.927066225969218, 99.9335803824142, 99.83386161921528, 99.84737094745753, 0.7894350398192584] - -304.01108750464635 - 128.0668961516869
[0.018595707011257054, 0.986009328311034, 0.9628604812853342, 0.03687560562960174, 0.8111336839883614, 0.9219158993888982, 0.9069939981212884, 0.962696702145712, 0.8619531503491786, 99.84161575166104, 99.78068991447238, 99.92696189007766, 0.9404970968391066] - -304.4378540385935 - 128.21157232351408
[0.018595707011257054, 0.986009328311034, 0.9628604812853342, 0.03687560562960174, 0.8111336839883614, 0.9219158993888982, 0.9069939981212884, 0.962696702145712, 0.8619531503491786, 99.84161575166104, 99.78068991447238, 99.92696189007766, 0.9404970968391066] - -304.4378540385935 - 128.21157232351408
[0.018595707011257054, 0.986009328311034, 0.9628604812853342, 0.03687560562960174, 0.8111336839883614, 0.9219158993888982, 0.9069939981212884, 0.962696702145712, 0.8619531503491786, 99.84161575166104, 99.78068991447238, 99.92696189007766, 0.9404970968391066] - -304.4378540385935 - 128.21157232351408
[0.018595707011257054, 0.986009328311034, 0.9628604812853342, 0.03687560562960174, 0.8111336839883614, 0.9219158993888982, 0.9069939981212884, 0.962696702145712, 0.8619531503491786, 99.84161575166104, 99.78068991447238, 99.92696189007766, 0.9404970968391066] - -304.4378540385935 - 128.21157232351408
[0.018595707011257054, 0.986009328311034, 0.9628604812853342, 0.03687560562960174, 0.8111336839883614, 0.9219158993888982, 0.9069939981212884, 0.962696702145712, 0.8619531503491786, 99.84161575166104, 99.78068991447238, 99.92696189007766, 0.9404970968391066] - -304.4378540385935 - 128.21157232351408
[0.018595707011257054, 0.986009328311034, 0.9628604812853342, 0.03687560562960174, 0.8111336839883614, 0.9219158993888982, 0.9069939981212884, 0.962696702145712, 0.8619531503491786, 99.84161575166104, 99.78068991447238, 99.92696189007766, 0.9404970968391066] - -304.4378540385935 - 128.21157232351408
[0.018595707011257054, 0.986009328311034, 0.9628604812853342, 0.03687560562960174, 0.8111336839883614, 0.9219158993888982, 0.9069939981212884, 0.962696702145712, 0.8619531503491786, 99.84161575166104, 99.78068991447238, 99.92696189007766, 0.9404970968391066] - -304.4378540385935 - 128.21157232351408
[0.018595707011257054, 0.986009328311034, 0.9628604812853342, 0.03687560562960174, 0.8111336839883614, 0.9219158993888982, 0.9069939981212884, 0.962696702145712, 0.8619531503491786, 99.84161575166104, 99.78068991447238, 99.92696189007766, 0.9404970968391066] - -304.4378540385935 - 128.21157232351408
[0.9396206685018504, 0.9189738096331912, 0.9808169543543, 0.011737906452392727, 0.9471759578691721, 0.9081219936724891, 0.9361882879301378, 0.7983210151958795, 0.9423905935483621, 99.99417162799385, 99.9135378147935, 99.88868938377075, 0.9582276247362503] - -304.4787753041234 - 127.95175921180953
[0.9396206685018504, 0.9189738096331912, 0.9808169543543, 0.011737906452392727, 0.9471759578691721, 0.9081219936724891, 0.9361882879301378, 0.7983210151958795, 0.9423905935483621, 99.99417162799385, 99.9135378147935, 99.88868938377075, 0.9582276247362503] - -304.4787753041234 - 127.95175921180953
[0.9396206685018504, 0.9189738096331912, 0.9808169543543, 0.011737906452392727, 0.9471759578691721, 0.9081219936724891, 0.9361882879301378, 0.7983210151958795, 0.9423905935483621, 99.99417162799385, 99.9135378147935, 99.88868938377075, 0.9582276247362503] - -304.4787753041234 - 127.95175921180953
[0.01874043509824, 0.9913422767041733, 0.9883576016942486, 0.00720170024634989, 0.9822374165270691, 0.8716617102137569, 0.4516140977824919, 0.9899568692051622, 0.9791101802844524, 99.99037207312348, 99.88688994417954, 99.75261389199898, 0.8508960236950547] - -304.52720877230456 - 128.26390445881077
[0.01874043509824, 0.9913422767041733, 0.9883576016942486, 0.00720170024634989, 0.9822374165270691, 0.8716617102137569, 0.4516140977824919, 0.9899568692051622, 0.9791101802844524, 99.99037207312348, 99.88688994417954, 99.75261389199898, 0.8508960236950547] - -304.52720877230456 - 128.26390445881077
[0.01874043509824, 0.9913422767041733, 0.9883576016942486, 0.00720170024634989, 0.9822374165270691, 0.8716617102137569, 0.4516140977824919, 0.9899568692051622, 0.9791101802844524, 99.99037207312348, 99.88688994417954, 99.75261389199898, 0.8508960236950547] - -304.52720877230456 - 128.26390445881077
[0.014013633149636676, 0.02529164072626068, 0.9999779356830475, 0.11122670499491699, 0.9877690535544204, 0.9999034870221117, 0.7757456681213606, 0.9297555732957201, 0.8779155743115061, 99.91000760754244, 99.96310868965767, 99.91746368596023, 0.8580869689910705] - -304.5330232394954 - 128.6979983630881
[0.014013633149636676, 0.02529164072626068, 0.9999779356830475, 0.11122670499491699, 0.9877690535544204, 0.9999034870221117, 0.7757456681213606, 0.9297555732957201, 0.8779155743115061, 99.91000760754244, 99.96310868965767, 99.91746368596023, 0.8580869689910705] - -304.5330232394954 - 128.6979983630881
[0.014013633149636676, 0.02529164072626068, 0.9999779356830475, 0.11122670499491699, 0.9877690535544204, 0.9999034870221117, 0.7757456681213606, 0.9297555732957201, 0.8779155743115061, 99.91000760754244, 99.96310868965767, 99.91746368596023, 0.8580869689910705] - -304.5330232394954 - 128.6979983630881
[0.9841965335974097, 0.9893795323802985, 0.004571029568255031, 0.001264533532984724, 0.7593650092649238, 0.8623945721075998, 0.8400818909480053, 0.8410062262576531, 0.9878325685323168, 99.88578251630747, 99.99604794393497, 99.89767819049221, 0.8577573134320715] - -304.76857393185537 - 128.3565373431348
[0.9841965335974097, 0.9893795323802985, 0.004571029568255031, 0.001264533532984724, 0.7593650092649238, 0.8623945721075998, 0.8400818909480053, 0.8410062262576531, 0.9878325685323168, 99.88578251630747, 99.99604794393497, 99.89767819049221, 0.8577573134320715] - -304.76857393185537 - 128.3565373431348
[0.9841965335974097, 0.98882912009183, 0.0022855147841275153, 0.001264533532984724, 0.7593650092649238, 0.9542976629328958, 0.9748244547877417, 0.8526402270736969, 0.9713933155653569, 99.8302291514222, 99.99802397196748, 99.78746804862072, 0.9107030995034253] - -304.88822977165484 - 128.24885026527232
