# FVC 4D Coordinates
5759.1858 467.0423
1622.9954 549.1864
1796.4385 567.8508
3599.4477 721.2363
3812.0117 425.7101
2535.5130 435.6292
3638.2397 357.3459
2709.3275 382.2869
4683.1649 535.1192
1655.6012 398.4663
4043.6333 438.9258
1421.0905 542.0003
2364.8152 565.9117
5760.4211 509.6137
2732.9343 537.9119
5078.3138 566.2818
5540.8398 566.2933
3264.7470 591.5240
2411.9192 547.4222
1962.7335 717.7836
1835.7908 607.5927
4490.3692 538.0028
5011.8352 509.3361
828.9121 694.9164
1511.3821 536.5071
3147.9582 532.8598
3995.2621 467.0015
3308.2035 296.4840
3635.9152 488.5408
3991.0649 312.2145
4996.5733 548.8740
1511.5348 639.8076
3585.2382 301.4890
4514.8708 496.8065
4629.9032 410.1904
6726.3273 371.4501
7880.9573 455.2956
4362.4557 526.2427
1829.4079 444.3754
2506.3942 637.3767
7421.8161 321.6470
5419.6781 525.8984
5193.0800 587.1167
2565.1298 688.7571
3598.3369 528.7126
4186.7896 501.2879
1933.4156 586.8819
6838.0078 465.9582
6876.5226 476.6513
2543.7037 495.4445
1177.3649 543.5036
3369.9842 538.6154
4932.9622 538.5530
1309.1058 694.4526
3397.6042 485.2796
1160.7623 543.9963
2868.0915 609.2241
422.0400 606.6446
5649.2380 582.9374
2660.6662 522.5233
7619.9984 440.6648
7695.4802 459.1121
5733.7939 446.9473
4225.6192 551.9731
4491.5439 542.6559
3487.2391 452.8991
910.7415 550.2494
2462.8944 572.5385
5707.0010 457.2950
3812.1126 354.5857
5812.3094 610.8455
2646.3222 572.4447
4681.5924 623.5951
2544.8608 497.7757
1136.5272 513.5681
2233.9006 473.6299
3976.6127 686.5892
2217.6884 542.1492
5215.9465 424.0495
5480.7689 657.8818
5497.5579 471.6547
4085.7674 499.9011
1826.4519 527.5128
3482.6751 535.7149
1703.8275 584.7722
3600.5951 519.9441
3919.3446 524.4889
1848.4618 378.8660
3477.3027 630.8579
5726.3461 508.8569
6683.9216 523.7794
5793.5626 396.4669
1110.5571 530.9283
2656.5393 516.9581
2110.4066 577.6007
2593.6620 463.7014
3675.3909 478.9922
7333.5866 579.2328
7270.0906 433.7839
4981.2102 584.1809
4026.7695 592.5596
2730.0179 653.6469
1905.7779 626.7410
5091.2972 634.2714
6588.3933 490.9285
5967.1947 413.6883
6795.7706 579.0321
4278.4685 361.3310
4986.3761 453.3426
5327.6140 550.1103
3779.5249 492.8136
6767.7952 373.4330
4693.0975 421.5719
1214.6968 590.8246
3885.1835 481.8495
3849.1782 553.2469
3275.3382 516.1577
7366.4321 413.2034
4097.0562 453.8072
2166.6250 490.9689
5494.5521 512.5632
5611.7938 519.0307
6540.2413 485.5942
4273.3554 439.7171
3458.8875 397.0670
6415.6749 299.3301
5510.9417 637.9059
1154.7049 622.1111
4858.2794 495.9104
2904.3854 540.4653
4649.8161 455.2586
2944.7048 581.6960
4431.8610 484.2584
4110.8662 546.3994
2405.9682 563.7683
7214.9547 525.3857
4301.1720 572.4015
1885.5747 531.1908
2387.7773 432.7991
2381.7744 602.9571
2094.3718 625.4271
2829.3823 536.0841
4780.3420 491.9861
2323.1669 446.8858
5056.5542 585.0004
3891.3154 523.9693
2065.4314 519.4328
3046.1622 372.5710
3327.1524 490.9673
275.4853 602.5162
818.6005 567.1104
1764.2388 511.4568
3844.5584 559.8515
3755.8132 627.6525
7442.1386 444.6101
1467.9661 463.2145
1438.0513 546.9616
2561.4644 579.1051
2302.0223 404.2965
4381.4412 405.3682
4864.9097 497.2014
3526.3936 517.1044
2726.6285 425.4826
1194.6714 474.3421
3066.0902 459.0611
3649.6539 591.7285
1965.4881 581.2297
2819.1793 539.8082
2501.1298 604.1943
6303.1935 518.7374
4137.7415 453.1383
653.0811 615.2823
5057.9558 553.5494
1175.2565 654.2296
2053.7972 351.5635
1456.9897 561.0572
5416.3767 521.9081
2944.4227 680.4783
4948.7976 469.2757
7814.5714 428.9701
6219.0843 505.5785
4727.0748 453.7513
4299.8823 465.6539
4572.5822 433.6157
2839.1799 408.1099
4007.5163 599.6115
4950.0498 367.5475
830.3122 568.0416
2790.7789 506.7892
6849.8907 337.2432
5567.6505 503.2659
2178.4854 690.6395
4998.6511 511.1817
3377.5703 593.6326
4442.1713 481.9091
5593.2166 459.6985
3155.7649 446.4299
2176.1883 458.8516
5545.2157 551.4529
3181.5150 664.8165
987.6046 494.9408
7718.6629 445.9438
1349.4525 632.8780
4312.5551 564.3115
3579.4640 571.3591
2939.0746 403.7538
3497.5158 683.6293
5763.8189 393.7904
2338.9456 619.9974
1189.5539 563.4917
3764.1072 494.3233
3453.4615 583.9938
3535.3577 549.1939
3823.6179 639.1639
4294.0156 383.2594
2402.4615 505.5684
6707.2221 492.8051
5177.2642 498.4243
3289.0528 460.1493
2648.8793 649.8957
3923.5959 566.5719
2356.5563 624.2431
6422.0072 416.5590
3152.5666 523.3436
1047.6720 492.2035
1404.2184 566.0318
3612.9257 637.7834
4308.1677 564.1154
6431.2572 553.9788
2642.3848 480.3582
7225.8699 401.1763
7877.0133 423.6371
5564.2405 539.5715
2862.9585 480.6137
4017.0753 575.8740
2760.2535 634.4366
3721.1385 520.8191
4635.6898 516.8489
5355.1017 432.3759
5468.0434 402.8461
4187.6370 518.5083
3609.9977 719.2677
3939.5276 602.1137
5385.0360 527.6115
5653.9340 637.9445
2579.5392 453.7569
4464.7640 582.9137
4097.1166 547.5794
2058.6295 644.0611
577.3238 653.5520
6794.9925 538.9365
4600.0266 575.0366
4143.7293 553.2193
3792.0186 504.7893
2363.4797 456.2691
6032.4635 494.9830
4135.6803 381.6068
2439.6815 512.5273
3198.0879 642.8363
3966.2553 559.9075
4731.3503 496.5842
4291.8809 506.3320
2795.9093 461.4157
6054.6332 616.7930
6639.7404 417.6434
2906.5199 473.2804
2143.8435 556.7428
3580.8836 446.1479
3130.1528 498.0783
7344.7697 441.8870
3473.2873 580.4359
6550.9580 450.7976
5889.8410 352.1427
5200.3728 426.7373
4448.1909 398.6355
2821.9390 468.2934
3905.3592 529.4843
6153.1313 436.0793
1575.4968 599.8429
7133.2015 483.1084
4779.2258 541.6133
6011.7102 295.4431
1332.3963 514.6920
2491.5510 499.8145
2607.3660 368.8719
4712.0626 436.1738
1583.6100 578.6245
4172.9717 520.4651
6427.0317 438.6552
543.4186 662.4713
4156.0379 530.4545
1885.0094 647.5789
5921.1230 584.1541
2544.6985 365.3287
1129.1677 556.9122
2979.9888 527.2126
5250.9508 616.3068
2343.5892 638.3633
3792.5466 572.5939
5817.6158 482.1655
6450.6881 383.2094
2301.9946 678.7751
5786.2359 570.3894
4470.5080 480.1939
2679.9296 527.5977
1994.2092 617.5935
6132.7052 375.9322
3363.7141 306.6228
7535.7766 411.7278
4300.3253 566.0243
3725.4028 466.4329
1863.0077 515.3794
5078.7426 675.8005
2859.6894 580.5168
2431.0637 439.3043
5846.6646 507.1324
2320.8420 520.8473
4390.4694 432.2546
7991.6577 363.3966
3611.7628 485.3774
3508.3566 598.1595
1208.7924 484.5680
5303.8755 564.0293
7705.0132 503.4403
3787.3094 310.4102
1286.2482 620.6953
6758.2651 448.3718
3148.3282 368.7673
5524.0253 503.4839
1782.5340 603.5824
3577.0055 600.0306
6433.6050 488.0134
1326.5835 565.6314
1513.5377 593.6408
4265.2443 477.9996
3140.8234 581.4692
1483.3382 608.2340
2797.3923 520.3320
1909.2188 611.1106
5640.3463 613.9713
7520.5789 461.5957
7131.9292 481.5491
3324.2469 329.3282
5203.5220 650.7881
6450.5789 577.3609
3362.9448 597.2867
6737.9805 445.7146
7475.3191 440.1890
3571.8421 529.3307
5776.9140 556.0470
2133.4294 543.0900
4647.5094 426.2583
2101.0615 596.5733
2682.5991 568.4781
3533.7568 463.9542
4760.2985 567.9071
4816.9981 399.8561
3049.7750 496.9110
1326.4367 445.6920
3565.1091 508.6596
3364.8776 483.8804
3884.7032 582.8998
3559.5554 601.6701
3377.9945 469.5867
7606.8124 431.3771
2397.1221 367.1680
3099.5494 412.2583
4500.8254 527.3498
4847.7626 576.9432
3664.5356 553.5444
1360.3556 479.8373
3914.1991 537.6934
3491.1109 514.0804
5683.5343 453.4742
7515.3767 394.2767
2165.1951 501.5000
2822.3272 357.6554
3156.7699 400.5275
4764.8554 505.5601
6287.0650 593.3533
2442.5259 617.2763
5213.5256 405.5298
3364.0937 587.0318
2949.6182 488.1778
3004.6783 478.2446
6921.7940 495.0782
111.4264 556.1368
5924.4992 372.1852
3534.2158 547.5409
3742.3366 510.1349
3067.8191 672.9079
3276.1770 516.5855
3810.8763 543.8258
2677.7436 501.8047
785.0441 683.2620
3732.6937 429.5262
4249.2263 527.8389
4078.0313 481.9425
5216.0242 418.1925
389.3204 678.5922
2104.4389 634.8704
1121.5915 586.9333
5891.2110 499.1742
3535.0497 541.3016
3015.5001 472.5086
3635.9502 671.9198
983.1027 585.5986
2552.8984 597.8843
1868.3009 532.0526
6612.9320 426.2180
6649.6293 376.7123
6197.0339 397.7163
3457.1141 539.2620
7326.7766 338.2624
4585.0178 499.2245
4678.2761 460.4826
2031.9112 477.6224
1771.2688 630.1255
3195.6623 477.9315
6590.5598 575.8809
3230.3763 426.9856
1234.8187 613.5428
5443.1853 491.1647
530.5611 555.6162
3859.6903 511.9842
5468.8729 540.4362
4034.0487 456.3051
840.5754 704.5616
2564.1773 573.6036
3382.4841 406.6366
5460.5795 624.5260
366.9985 679.8138
2630.4111 538.7382
2163.6891 580.5952
5137.7302 610.5240
4733.6472 327.0392
2200.5282 578.8207
4157.2601 572.7325
5474.8273 374.2646
2763.5934 628.6308
3710.2759 512.5577
1708.1149 501.9994
1995.8566 583.1223
5518.9364 537.0049
1155.6469 524.6437
2951.4847 411.9073
4503.6473 627.5434
3932.2089 679.1824
6325.8115 500.9645
709.9291 621.9119
1470.3448 602.2950
2660.8756 670.4265
3807.5949 576.4531
1912.3574 516.2450
2601.0728 576.9792
2580.3337 606.0596
6354.2679 529.3887
5186.8021 595.9924
5238.2049 552.3010
786.7249 478.6006
1932.7668 557.3440
2721.4135 505.0013
3960.3566 548.4363
1341.4561 624.0430
3301.0453 551.2939
6160.4202 547.0272
4929.7289 518.2362
6812.8082 412.0000
6632.6085 318.7975
3873.5085 323.2430
4823.0160 485.5049
4103.6321 562.1160
3648.3909 557.6178
5964.4432 538.6070
4194.5912 551.6345
2598.5979 445.3708
3958.3580 609.5948
4324.7503 579.9698
6490.9449 387.3022
3474.8519 659.9686
1788.5599 409.7132
2778.5344 508.0693
3620.5188 493.5340
1489.6931 613.6988
6069.6630 615.6836
5751.3799 491.6830
5471.8667 497.6527
5461.6643 593.4324
6168.2714 524.8136
3650.7329 571.3754
5022.4655 449.8371
1239.5752 652.9594
2007.4343 544.1313
3016.2198 487.4786
2005.6088 549.6960
1437.2108 582.9765
3595.8299 524.1528
6059.3700 459.2660
2881.8857 521.2195
1575.1417 593.1170
6329.1927 453.4081
2768.3302 610.6247
2942.5548 651.6555
2405.2066 415.5001
5473.2276 577.9115
2593.8580 656.9435
2904.9808 487.1433
3812.8967 646.0589
1154.2456 619.2686
3811.0184 418.3682
5045.5093 526.6764
3348.2065 598.0263
6587.4481 365.0693
928.8210 623.9904
3174.7603 491.2690
6800.6704 494.7109
6622.9412 340.5352
3275.6729 528.8669
1462.0516 551.7902
2455.9041 454.9997
1006.1794 545.6969
5957.6354 383.8386
1737.3212 563.5881
2534.3725 504.2713
7125.8463 474.2263
2276.9815 662.3284
1610.1922 529.5626
2249.9554 464.1699
1624.4730 627.1160
5398.6934 555.0516
4184.0573 344.4006
898.3118 534.0107
5563.0901 433.4452
965.7834 633.0337
7380.2895 441.6555
780.4127 707.8208
6869.5178 463.9805
8439.8446 479.7904
5301.2309 470.0641
3248.6018 560.0192
3149.7360 565.8614
2257.9547 626.1503
3786.1777 363.7548
4836.0047 335.3792
3536.0730 578.4569
5432.1783 472.4303
3303.9448 561.5634
3377.2581 528.4179
4342.1447 415.5991
3708.4074 505.5857
4326.9553 529.6080
4841.6275 323.7235
2268.0609 692.9827
3653.3393 350.1963
8065.6297 446.2998
6363.4608 498.0759
5701.7594 541.1483
3915.4449 546.2716
5389.0169 351.4521
3049.9383 569.5209
7414.8023 489.4299
5536.0764 549.4114
3295.7041 497.6008
2895.4837 316.5779
2270.4261 512.5877
2964.2536 586.8896
877.9308 632.0524
4300.0590 440.0083
4990.2398 541.1103
4711.8579 520.9015
2426.0703 487.8557
3992.4654 444.8469
620.2163 629.6978
1246.4018 572.7408
1770.0682 540.0587
3007.9654 335.0185
1934.1981 497.3624
2934.2492 528.5391
4677.0624 648.0151
4848.6900 498.8241
3627.9474 395.6746
3759.0396 639.9009
3254.1318 596.6800
7163.9191 414.5961
2911.2790 396.7221
6237.1233 456.8711
5383.5548 584.3123
1535.3161 541.1546
1660.8479 672.0859
2423.0782 624.2215
3760.2299 437.5923
1588.6182 488.7245
5434.3820 443.6616
2055.3548 568.6179
3226.7701 516.4120
1608.7322 471.0705
5863.5802 570.3659
4328.4232 549.9602
1662.6292 605.7681
1965.8953 454.3609
1942.3908 577.1181
2490.4456 555.9216
3779.7261 628.0538
3835.2453 523.9527
5775.2580 432.2560
348.1900 675.2247
2715.5868 491.6428
5058.6263 606.1678
381.1860 613.3265
4975.1625 697.1293
608.9294 665.7839
3903.7412 555.7143
5142.3075 561.4894
3039.2066 378.1376
3290.9927 499.5957
962.6718 487.6151
2758.4014 437.8216
4404.1150 618.4724
4404.7689 404.6406
3159.7150 497.6635
4521.1051 470.2594
1075.7235 622.4963
5080.1451 657.5421
394.9556 586.9803
4461.0111 465.3722
3425.0814 534.0064
740.3096 658.0441
3003.8604 614.0165
6381.8325 448.3397
4053.4617 612.0329
3898.8939 413.6898
5372.0991 419.4204
894.4119 578.8401
6603.3802 564.8533
2229.1190 543.2603
4438.5015 598.3867
2459.8208 622.0516
4726.3427 626.1256
3656.2459 655.0216
6796.8032 387.0013
3598.3653 494.6103
1765.4736 551.2288
4732.3177 539.0098
3569.8799 463.7109
3443.4878 606.8032
4878.0498 567.3134
7075.9776 497.2897
3779.6296 474.9743
1629.9970 471.4512
5416.9129 423.6488
3361.7655 450.3000
2655.9990 474.3254
413.7690 569.2421
890.5508 580.3539
3048.2403 374.1944
6094.8119 330.4155
8731.8439 389.6970
5500.0192 514.1571
3900.3292 572.4058
4725.4784 418.6370
4655.3248 564.1671
1094.1363 641.9511
5323.2103 582.7643
4532.5736 479.1266
4431.4177 468.7821
5100.3771 480.0080
5131.8175 453.0598
3850.0425 434.8462
3788.8239 625.5290
5840.2311 591.9578
5238.5160 481.9707
1213.1188 623.5063
3681.3243 464.1613
3776.3397 566.1101
4387.9602 626.1557
2668.9868 350.6244
1640.3584 594.9883
4181.9260 407.5999
5907.1188 569.9050
5505.0595 540.3493
2376.3912 549.1369
4642.6192 443.5555
6962.0198 531.5873
3309.8191 536.2810
4969.7042 517.7618
788.9710 600.2773
2537.3347 602.6150
2503.5998 583.8761
6049.7729 292.6044
5326.5121 420.7555
3017.5901 511.0098
1696.3336 468.7332
6782.4731 477.6169
2147.8353 497.1405
215.9913 685.7708
1764.3780 550.9929
2813.0448 293.4378
2571.1302 521.2426
4063.5523 411.2068
6004.1779 531.4980
461.6333 598.7915
3206.8183 435.5487
2191.4956 559.3420
4389.6678 417.4010
3520.3879 507.0499
2520.0186 529.1346
1463.4317 457.2008
5146.8209 422.1979
602.9087 581.2889
2716.0985 448.3803
2190.0384 450.4165
1499.6525 651.2291
2637.1159 621.5449
2968.7903 483.1340
5084.1853 410.9628
7786.5933 330.0682
2726.4618 569.5476
5823.4773 437.4888
2023.9868 641.8813
5812.3889 481.2522
4005.4208 371.9660
5024.3861 512.1643
2484.3377 499.4541
2005.4933 531.2192
8239.3289 490.9854
4734.8700 475.6063
4742.0585 500.9684
3333.6569 432.3170
3210.7261 375.2703
6427.2594 577.9358
3530.6450 574.3633
6043.8545 431.1925
502.1780 677.4439
5322.1451 351.4604
3953.3150 389.8081
3895.3395 633.3888
724.6458 569.7963
5588.0386 518.4943
4694.1809 504.1019
7367.6320 442.9043
4107.5288 549.6198
4328.1527 374.8362
3904.4095 306.7898
1987.8542 609.9682
5999.0314 355.9474
471.5256 663.2214
3724.9106 338.8169
2923.1527 518.6662
2310.4084 540.6538
1789.3738 512.4505
2254.6945 539.9663
2010.1799 572.0329
3410.2493 492.0659
3348.4962 357.9068
6774.3398 563.7500
1768.7492 426.2421
4841.5619 503.7659
1594.6946 605.1805
3170.1158 386.0701
3555.1438 546.1957
3957.3390 529.8470
3297.4640 555.9573
2402.0053 602.2984
2022.8032 476.7215
1879.2112 586.1559
249.7962 639.8953
3831.5626 530.6799
2529.5659 602.4530
1367.9194 589.6161
5041.8260 381.0086
3653.3963 487.4396
788.0779 500.2078
2887.7724 380.3864
5619.0916 513.8787
3316.6904 521.4576
1306.6381 554.7550
2738.2445 512.4033
2686.2097 432.0063
6285.1641 532.9507
4143.3314 538.9223
2672.0872 615.5693
2006.5318 555.2469
6455.4488 455.5126
4249.1916 529.7251
4619.9621 416.9205
1892.1801 608.1422
2915.0623 557.4399
1034.3053 465.0118
876.6553 541.5056
5249.9324 358.1536
4290.0349 428.1270
1867.9119 579.6143
2463.7628 588.7233
3197.5823 465.5282
1585.5975 569.9901
6875.2483 420.4441
3213.4615 421.0478
1156.5479 617.5308
5494.4634 524.3836
348.1055 666.2412
6329.7126 442.1574
6642.7017 465.0631
1055.5097 616.8857
2592.6755 615.4454
2309.3886 537.2351
1028.6357 536.0789
3518.5777 390.0923
5736.2849 458.5270
2837.0289 568.6056
3806.4751 465.1185
2699.3194 462.7868
4186.5332 554.8734
2706.6804 415.0401
3699.0572 444.9542
7674.3956 264.7433
1343.5141 615.0070
1863.3278 571.9108
3574.6536 513.1155
4269.4391 634.8314
1188.3121 591.7221
3667.9822 573.8659
4568.5952 565.8203
2718.3306 447.3970
4573.3771 506.3770
4691.1450 480.4644
4366.7696 478.5812
3160.2890 614.0417
2837.9903 543.9434
2256.6092 640.2832
4528.9241 513.6090
3606.1513 453.7003
2388.9360 455.6825
2496.9261 599.8897
5328.9310 488.4323
4361.1572 487.2895
736.1179 585.2295
3584.9664 626.3884
4670.5075 596.7297
5970.0118 538.1669
1989.9499 641.3893
5232.1219 466.0545
5070.4348 499.3312
2563.7934 626.2655
2476.3905 468.8499
5003.3401 501.7392
3762.7846 602.8071
4120.4715 335.7879
831.9785 501.8988
5884.9353 526.2324
4810.5270 365.9227
2772.4798 515.2180
4996.8146 593.0693
3051.0182 677.2024
5391.2677 610.8527
3569.6087 401.2023
3085.9545 511.0859
4469.8191 472.4564
5790.1219 539.7236
1510.2002 522.5871
1786.0745 483.5085
3332.1788 462.6694
4069.2632 407.5679
2600.8811 511.1920
1867.5880 518.4621
5850.3153 390.2617
1735.7162 375.1891
3125.2423 594.9431
881.8845 588.6391
1463.0460 498.7864
4726.7307 560.1620
452.8152 602.1646
4120.4198 465.7288
3591.4940 557.3587
2145.6918 442.9096
2143.4106 662.7684
1761.9937 649.6283
2156.8656 588.3119
5998.5310 361.0815
1286.4014 543.5294
3453.9150 390.0751
2497.5154 505.6265
2654.7746 483.6793
6499.5643 538.1131
6417.1137 568.2835
5121.9326 530.4061
1298.0260 600.1591
6711.5815 363.1653
1300.6916 564.1944
2067.9535 619.8624
3474.2224 519.1637
4110.3885 587.7605
6597.0415 532.2753
4004.8468 560.5906
8156.4361 476.3929
7088.7335 444.1271
2520.4037 643.4933
5074.6565 460.1134
517.6742 558.3867
7087.0491 485.3820
4117.2676 404.5781
6383.0433 581.3256
4973.4631 370.4557
4247.8862 479.5847
2845.1088 466.9921
3675.3264 540.3636
3881.5791 396.6481
4369.5455 613.6698
5585.9285 571.7933
6129.0081 349.7808
7376.3820 506.8637
3403.5615 545.7114
2844.3329 577.3048
4252.9799 423.3764
3517.0655 497.0499
5166.9637 463.7082
2606.7313 477.2690
2242.4316 358.2225
2478.9018 547.3668
2874.3677 649.7674
4008.3450 381.8167
5501.5780 538.2542
1014.7812 594.0292
5514.7400 460.6295
5114.9599 454.3434
3625.8522 520.5037
2435.7067 437.0611
2186.9817 527.2143
1841.7736 530.5794
3450.9884 378.9554
4317.8258 610.8832
4695.0945 539.1319
5872.6785 493.3066
5341.2386 439.9960
2394.6571 508.3864
5087.6694 458.0713
2649.4182 468.2200
2383.9846 551.8979
1165.2697 614.2068
3725.7446 621.4441
3542.0890 425.5894
3246.0163 600.6755
7914.5384 295.0211
2948.6045 664.3284
250.8776 662.3168
2632.1274 558.5142
2622.4330 511.2776
2952.8048 591.1391
4470.8206 476.6746
2883.9789 616.3365
8333.3371 447.9163
4932.0497 461.2763
5267.3741 433.2026
2836.4960 545.6956
6517.3373 505.1160
5981.5174 512.4421
2466.1419 635.0689
3140.2887 570.6278
1914.3486 467.2110
2481.0840 578.5594
2973.8486 621.2303
4449.9830 472.1229
6771.9007 465.7857
2891.3757 448.2667
2576.3652 593.6439
5071.9362 457.8749
6464.3753 501.4186
3842.7309 601.6998
5882.1451 461.1062
8692.5116 385.9801
1491.7140 577.8186
3951.5150 348.3469
3946.5668 440.7357
3258.6170 635.7181
5426.5834 402.1951
5590.5020 528.8502
476.5519 650.4423
6382.1366 467.1903
4116.1516 567.4846
17.1694 713.2514
1939.9370 530.0587
4474.0578 701.9751
4035.6747 451.5254
5564.4635 478.6079
4437.1835 648.9264
2618.9003 571.8888
3285.1442 548.0698
5680.7888 647.0482
2906.3668 451.8457
8288.9254 365.3527
1397.5148 538.5590
2378.1765 509.3580
3937.5719 522.6401
4062.9803 575.1733
4689.5731 348.4973
6713.1395 490.6027
1104.0798 544.5646
6617.9989 484.6893
3290.5802 504.8793
8146.6207 430.6304
4960.8284 390.8643
6392.4550 547.5515
2103.5446 509.8166
1181.4975 492.1280
2703.9867 570.7721
4773.3192 333.5423
2080.8644 538.8916
2047.6710 518.7755
1688.3822 387.9043
3216.3225 550.1729
1255.5710 611.9498
7249.5408 500.2025
4880.0539 435.6072
8202.1614 523.2069
262.4009 613.4518
3953.3544 565.2865
1730.1073 652.3349
4175.9586 706.5756
3741.0251 442.0814
5352.7425 566.1757
2474.9273 556.8073
4615.6168 481.6641
5205.6606 544.2708
6718.6140 558.4556
6415.9168 402.0000
4019.9985 385.9270
3253.5154 468.6665
7159.8670 458.3362
7742.6811 507.7055
2650.0547 622.0513
2290.9723 565.0858
3772.8790 461.9991
6772.8102 575.8031
4656.3641 585.1334
5632.6751 529.9551
3168.9362 512.9713
2122.3219 530.3211
5004.5141 345.8320
802.3476 606.1381
4594.8628 466.3551
2288.9854 557.4762
4117.5483 524.4256
1755.4417 572.7294
6410.8286 462.1431
2811.9417 513.7295
2626.6395 631.1213
6587.5032 578.0156
4056.8946 351.4701
2540.1352 579.1047
4211.2489 482.4431
6510.0684 408.3054
617.6337 627.9606
2560.6481 579.6425
5524.0562 391.5304
5302.4127 567.1203
967.3877 499.0613
6332.1557 498.7509
3811.5119 570.5407
5772.6955 586.2554
3519.7244 401.6842
1976.3026 503.9650
3560.5336 473.3086
2907.3527 512.9035
6756.0716 524.2325
3695.1710 543.4938
2871.5821 521.5021
5677.1768 538.1585
2895.6441 453.0785
5288.0853 407.5986
2019.7042 646.2771
5169.7262 599.1274
1748.6482 505.8074
6331.0525 530.1166
1971.7940 693.7185
4037.7740 550.5640
2537.2715 462.0978
5084.9786 488.5110
4199.0096 569.0377
4426.4967 553.5733
6943.4637 420.3637
4209.2865 455.6800
2113.9236 543.3676
2540.0661 511.5782
4554.6162 496.2614
5549.7997 397.2644
6895.5177 476.3562
2560.6332 512.2620
2879.1992 495.5981
2608.1550 440.0306
3363.4705 545.3399
1549.3736 514.2980
2442.7168 565.2924
4949.5004 642.2351
2891.3436 509.2703
6879.4524 431.2746
5629.9340 439.8079
3594.6307 645.7480
2854.9673 459.7960
3133.7543 519.4662
4295.1025 636.5703
4023.7222 467.6407
3165.0201 673.5382
6775.5883 520.3769
6688.6544 536.6793
3364.2398 498.7620
8284.3529 286.2527
4429.2467 398.2073
6290.1496 550.8203
6686.3456 441.4681
4512.0690 532.6908
2172.0623 365.3809
3401.4178 646.6418
3163.6761 537.9531
2366.3951 535.1776
1701.9557 537.3359
1174.6552 558.4126
3796.7429 605.7703
5716.0113 384.1927
5358.9413 400.2735
4085.5483 588.6749
1930.9615 574.6970
5291.7587 368.1048
6693.8340 422.0973
2740.7696 489.9967
2094.7394 656.8910
3048.2369 522.9074
1604.6330 534.4330
2701.3698 539.1822
5177.1128 604.3721
1443.7921 398.3342
6069.5380 536.0915
3571.7902 578.8478
5415.2894 383.7032
3829.6638 472.1370
3049.1239 295.7237
4918.7404 636.6129
5715.4951 545.5652
3404.5292 562.2303
5567.5217 553.7330
2566.4826 677.1526
6864.9417 491.6311
5448.9849 443.0009
1737.2970 510.6498
1663.0826 490.3355
3139.7053 512.1162
1602.7684 539.6484
5614.1779 453.9567
4653.0348 437.7444
2056.5158 634.6485
7791.6443 413.9492
2355.1259 576.3809
3980.8820 373.3477
4364.5878 379.0098
5843.7243 461.0315
1134.5139 575.7263
6436.2749 371.3920
2035.9113 518.2071
2484.3543 657.4327
1767.7753 500.8937
5103.7477 599.2221
5011.6528 539.4751
3790.2633 414.7852
5674.9340 562.4338
4015.7448 593.2508
1302.6826 470.8606
670.1419 628.6179
3963.8033 586.0643
2205.3819 598.8551
929.1324 653.4954
5816.0264 312.7140
2632.0907 443.8132
3155.9067 695.7541
4393.8455 604.0920
4547.8327 528.3782
1200.8733 475.7671
8228.9049 508.9250
4671.1083 587.0029
1837.6207 560.2360
1312.3753 530.0891
1194.8449 611.1592
2850.1524 403.5238
2895.7350 495.8268
3811.5813 460.0353
3097.1547 685.8692
3677.5298 452.1167
1118.8225 616.3011
614.2951 569.3419
5747.1020 622.0568
5007.0490 369.2345
5180.2982 487.9686
4014.5438 410.1872
4183.9104 482.2856
3512.9150 632.4610
4810.8963 607.7971
4629.9051 503.2713
1487.5125 605.2775
2586.9329 485.3419
4344.9970 486.3456
3916.5335 561.7657
2839.1340 553.4783
2130.6149 562.8360
6470.8531 455.4778
1332.2718 427.4843
847.8484 664.5105
759.8797 604.6807
4559.9729 526.9884
5727.4654 524.8995
2533.0848 625.3416
5577.4033 457.2459
1516.6172 595.3769
2602.0300 546.5837
3215.1534 453.7995
2990.9485 597.8686
6349.7786 517.1361
4870.8801 644.5037
3498.3340 489.4407
6022.9831 462.2791
2213.0027 457.7122
4560.4058 706.9830
1196.4955 643.8365
4480.4138 476.9188
4957.8902 418.1023
1374.6138 555.0823
6406.7352 540.5369
3385.0612 444.8833
3752.3653 539.7904
1273.3726 624.7531
3499.3494 582.0661
2795.6572 694.9231
4747.1001 575.2087
4943.9318 597.6813
6691.0292 514.7953
4049.3052 547.4846
1582.3050 565.1509
1138.5499 610.4134
3355.6749 511.0680
1186.8158 628.3253
5428.2039 630.6568
1146.3758 579.5297
3955.3535 507.1224
4209.7640 391.8216
3037.8609 542.8327
930.4310 641.3505
3297.6884 487.7241
2369.5276 391.2112
3208.1558 589.2602
1092.1976 626.1033
2952.6906 519.2081
1571.2411 494.9484
1371.2464 653.8780
1627.8146 562.9988
4509.4754 525.6028
2180.2885 532.6871
2291.6768 664.4240
5488.2927 524.1936
5298.9631 405.7263
7813.9736 447.0892
4093.4659 492.5236
4838.5090 587.8373
4183.8336 537.7439
2069.7351 536.1105
5356.7178 432.7060
2841.9005 612.1690
5973.6288 319.7977
3289.4041 635.9413
3410.8880 534.9023
832.2276 615.5565
5298.0484 386.2226
1992.0846 624.3556
4822.6169 517.5357
4850.6326 441.6658
510.2093 633.6801
1034.8846 649.1371
2165.8335 458.2081
2763.9649 524.3076
633.7262 648.6034
5085.3183 672.1429
4689.6471 664.0378
3580.9627 515.6707
814.4556 584.5583
5520.7391 626.3365
5933.4242 502.5499
5756.9525 399.9553
1587.4988 546.7707
2289.6598 534.4314
3952.0234 521.4224
4777.3967 508.5345
2872.1711 626.7724
2170.4393 563.5596
3351.5587 486.9087
1802.6852 582.6809
5550.4191 476.1286
2938.9060 553.5736
5148.0423 552.3295
3873.0208 510.4597
5114.7166 600.1035
2721.4163 549.6778
3022.5419 577.1985
3813.9713 704.6011
4529.7133 391.5600
1905.4505 532.3476
845.3302 595.9866
1898.1260 539.6758
3171.3527 471.5437
776.0187 487.0986
3429.1973 489.0215
2905.5998 531.9802
3377.0915 549.9828
3369.3013 525.3506
2672.9128 483.5490
1998.9942 375.9255
4228.6506 561.9294
7575.2090 341.3165
4869.7683 419.5730
2765.9474 688.4454
2437.8366 592.0634
2834.9073 612.2410
2783.6052 507.4435
3607.0301 595.1804
5342.5596 496.6706
443.4861 624.9124
6864.4548 519.6765
3421.5247 623.1189
2940.0806 427.4966
1426.7662 596.6004
4791.7599 659.4528
1988.5871 486.1899
3873.6568 576.8901
945.9908 570.4938
6868.6699 462.6248
821.4614 698.6631
1808.0746 705.0458
1009.5205 663.1588
1102.2600 648.4686
5526.0353 446.6311
1164.8373 651.2296
4990.0483 549.7264
5996.1779 455.6608
7687.7575 456.4297
2681.4283 661.1853
3774.0478 475.5527
2590.8374 481.4882
4273.2463 439.4038
6034.9238 370.1568
4310.7333 489.8496
3459.5705 411.5531
5426.6470 601.9948
5280.8230 696.8637
4183.7501 374.0915
882.8709 639.8547
2137.7399 496.0272
2071.8714 479.3602
7751.3543 492.0810
3964.9573 463.5320
3771.8052 481.3701
4892.1118 417.7487
4523.6083 621.7897
2767.7440 464.7702
1749.6680 628.5645
6246.3623 403.3857
611.1065 584.4427
2495.4660 635.8835
5799.8341 552.1843
4383.1114 481.3560
4819.3348 647.7435
1662.8258 556.6704
3490.0778 410.8653
1409.7001 443.0506
5817.5160 539.8519
2953.0561 368.1225
4708.0479 513.5526
4518.8347 343.9340
1957.2796 643.4883
5068.8168 573.5493
4712.6808 473.0299
1335.2176 581.3514
6715.6241 457.3569
3554.9656 493.5073
5432.0081 445.4377
6754.5387 501.8794
3354.6169 577.2418
939.7403 614.5018
1824.3245 505.8049
5030.0870 462.8685
5964.5167 591.2441
3672.4698 351.4270
4445.3103 616.8074
5187.1497 294.7237
1887.0305 641.2563
1840.2196 554.1463
3783.7332 576.3674
1077.8746 464.0687
3386.3113 453.7918
7917.8321 348.5076
3099.4684 471.7325
2451.5480 473.8861
5422.5433 623.7340
3953.2774 502.4175
1022.8869 482.9160
4554.6987 495.3519
2913.2321 522.5302
5818.4337 551.8881
4365.0122 561.2762
1172.5755 552.8729
2390.8460 561.7249
4465.2578 549.3036
5821.4686 543.8411
6091.5557 360.2849
5447.8572 581.6495
3675.7034 484.2205
1731.5547 525.7267
2855.3372 658.2170
6944.8799 464.5829
4653.0448 579.2923
5029.1012 500.0550
3585.2972 631.7000
1777.4523 625.9954
1826.4066 639.7791
4945.1213 643.9115
1726.5998 602.7050
4962.4356 552.2839
5090.8944 418.8067
3595.7783 505.2301
4016.8103 642.6330
2143.7616 585.4077
3402.5253 492.7277
4063.3364 363.2026
1069.6570 569.7880
5191.3344 706.6452
2362.4483 451.9250
1732.3648 650.1587
3528.7326 473.2400
3916.0541 348.5506
3720.2298 499.4826
1587.3129 389.4783
2089.8462 529.1875
372.1589 681.3462
3366.9133 434.0973
852.5815 606.9201
670.2706 631.1267
4538.4884 682.5147
2199.7476 369.2342
2352.7694 637.7694
6331.0843 558.5804
4134.1717 578.2549
5908.6291 444.6806
2595.5261 483.3157
2386.8077 629.2399
3675.7257 567.9371
1186.0209 628.3095
6359.5450 509.0568
2183.8916 664.0516
3449.3138 538.1213
7268.5072 539.8075
3421.9759 498.2574
5326.4713 712.0495
3466.4978 629.8734
5922.3270 565.8578
3574.6000 364.3170
5564.3659 623.9842
5235.8315 464.6319
1209.3150 619.9535
1058.2041 640.5969
4954.2145 415.7728
1668.7050 551.2147
4664.3524 551.2596
1711.1369 516.3982
4074.8367 524.5274
3250.6579 560.9390
969.4548 592.5929
5529.5349 509.1016
4221.5505 526.4603
4499.1727 531.0714
7392.5049 496.3379
3393.4500 594.2947
1907.4775 616.9300
3637.2303 663.4230
3250.8676 637.9169
1111.1530 566.7923
5130.3327 447.8185
1982.6253 598.0790
3354.3913 419.2990
3221.6071 369.9303
2477.1957 531.2895
5090.4802 649.3506
1444.5389 518.0977
4721.6634 516.6670
4555.7713 520.0396
2526.3719 553.9614
1940.0731 523.9779
4630.4520 467.8155
5276.5338 621.4954
2288.9910 650.0587
6677.3575 361.5852
4296.7063 656.4641
2156.4028 574.0349
4901.3324 474.4827
2676.6929 481.7372
6570.8342 494.8299
4722.3351 672.3308
4106.6553 554.7055
3843.0983 565.8025
4395.5721 500.1130
1238.6237 593.5944
6204.2918 444.5448
4470.2579 353.5069
4916.6451 516.7689
5360.8030 572.1787
2763.0202 632.9282
3244.4927 516.5181
6322.7613 539.4453
1783.7888 625.4275
4612.5610 417.2115
1503.4191 661.7218
3989.5487 491.2885
1345.9292 502.7329
8138.0072 469.8886
2803.0448 520.7683
4689.2425 552.5626
6030.9925 476.7844
546.7400 644.0875
1368.6089 490.7485
4481.1487 415.2949
831.6622 623.0067
3215.3831 619.1591
4807.7607 613.8781
3516.8237 505.7333
2445.9648 419.5568
5093.1419 478.7233
326.8772 689.0653
5001.4990 482.0707
3164.5140 420.2660
2071.3651 444.0172
157.1108 664.6508
508.2440 678.1816
2926.8860 456.9869
4249.0268 482.3012
4651.3746 476.9369
3984.6104 650.3762
1179.2730 537.6285
644.5314 631.2491
1979.9013 427.1779
5615.7045 518.5768
1906.0134 652.4460
3502.2879 526.9350
4441.8643 349.4492
4171.9620 701.9055
3908.2514 481.3130
4343.3767 572.2622
3147.9051 651.0711
2263.6384 587.0211
4995.2289 479.0221
5125.4461 552.3528
3822.7402 452.6444
4508.6125 668.2807
4084.8860 546.6662
1023.5133 665.9813
4902.1967 655.8875
1674.1019 502.9707
3073.8886 435.5438
1075.7401 501.3066
4383.9688 498.9629
2401.2013 598.5115
5051.2626 515.9055
3180.0266 525.6605
2135.7784 544.7716
6295.2751 430.3218
2291.0883 307.2917
4568.2414 470.8685
2681.4031 408.3807
3519.9150 583.6714
4419.8198 402.6867
3605.2889 562.0864
8181.5123 569.7435
463.0512 713.5598
4371.2581 486.8632
3979.7397 530.6560
4272.7661 624.0568
5411.7376 549.7819
4027.2744 535.5043
4970.7196 494.9788
3393.8134 582.3994
1137.0948 510.8173
1895.8246 512.6055
3067.8100 521.7370
5367.6989 516.5675
538.9977 634.6009
890.2742 453.1992
3902.4469 442.3479
3874.4856 548.5671
2738.0247 546.8992
3307.7576 499.4920
434.1681 648.9914
3437.2664 557.7895
4991.5463 548.2447
2376.9269 682.0755
2435.6526 604.6441
6324.6749 544.2041
5745.0810 428.4745
3610.6414 535.1610
2876.2778 613.0082
5602.1036 500.6632
7097.6257 476.6838
3670.4070 382.5071
6139.2536 265.5892
4625.7437 551.4257
2275.1919 511.4638
2818.4528 498.4211
4211.3156 625.4495
4112.1304 510.4304
4414.1331 525.7806
1628.5287 634.8656
8142.3316 403.9711
6772.1583 477.3389
3519.0612 434.0571
3314.1732 458.9500
1958.6441 535.0448
3225.8750 583.3081
4983.2161 461.9099
6278.2134 480.8081
5980.5788 534.6040
6758.7085 305.1440
5309.2578 580.3986
3748.4412 555.1130
1853.1790 528.1252
3108.9606 396.2470
5910.9255 412.4350
6171.3164 507.5669
4141.8511 593.9746
3123.0476 592.0659
1157.6124 468.9153
3970.8154 574.7684
2131.4298 578.4308
1706.1292 397.5870
3854.0377 512.4739
4298.9564 565.3304
3085.1513 448.5345
5007.7737 425.5231
7417.4430 516.5795
4368.7294 526.2819
6195.0262 438.2240
3121.8570 664.6754
5682.4123 411.0776
2335.0314 499.1765
4313.2375 506.4950
4501.8866 658.2371
5066.0385 425.5199
836.1757 555.8960
1081.3304 659.5454
2492.3484 587.7525
2034.0706 600.3227
538.2530 623.1393
2641.2323 393.4593
2166.5600 540.6045
1230.5929 530.1681
3730.8747 505.7967
2040.0876 585.1841
3803.2353 484.7272
7618.0264 409.5259
3672.2874 537.0410
4067.8375 495.8726
4257.7143 506.1316
5010.0687 397.0496
2814.2678 614.4023
3237.4500 558.9913
2231.7109 460.6195
3761.5771 675.2192
7224.9850 397.6033
515.6453 694.0758
1866.1554 590.4082
5280.7209 310.9072
5911.8599 506.5470
6316.2226 492.3213
2561.1922 589.0604
992.9406 569.6851
3011.8697 352.2115
2139.3137 606.8116
3463.9993 523.2723
4117.0824 662.6614
3641.1578 543.1119
2199.2911 522.8557
2831.5773 479.2417
7470.3733 440.4910
943.8396 503.3405
4068.6436 413.9812
6487.9883 437.0261
2391.5217 656.1897
5944.3846 570.7333
3785.0985 397.4162
806.0982 511.3860
6660.8458 502.0536
2713.1160 688.2546
3108.1855 506.7635
2428.5457 455.9455
5508.7068 403.4757
6144.2046 429.9330
904.0740 600.4588
1826.0462 533.2501
5340.1489 332.3228
2676.0511 585.8515
4500.5948 465.0738
2767.7252 588.4270
4567.1618 654.8803
2026.1466 511.6464
4940.4524 536.1436
2676.5535 586.4111
645.0289 610.4203
4197.6815 366.5425
1893.4354 520.2370
3963.1015 567.0061
5733.0599 464.4201
878.2592 533.5278
3008.5786 599.5791
2634.1148 598.7276
797.1864 627.0204
7498.4551 521.6879
3739.4550 691.2109
6788.7765 480.6281
758.3377 501.8056
2204.6822 482.9125
4768.5604 500.5038
2425.5503 533.2252
2073.8735 579.1566
6230.8899 378.4800
4343.8047 618.5916
5117.3544 391.9752
2220.5724 606.8443
1618.4564 552.7660
1784.9243 509.4458
4465.5607 498.6826
3179.3055 532.0458
4856.4716 542.2902
3971.5126 632.3404
6177.4715 543.4402
2834.7195 445.7891
3300.2317 417.6997
1439.4489 594.0401
2233.6225 416.7381
2870.6425 558.4002
6147.3054 611.8258
1477.0022 588.1186
6315.1324 527.4511
672.9621 621.9699
5621.5907 410.3800
3510.0160 465.8565
5882.3315 423.2366
1293.0417 497.9576
1411.6111 615.5403
3920.3482 552.0835
2548.4372 482.4897
5850.9558 455.7208
5940.7597 572.5796
5164.0000 420.5362
2198.7130 511.7302
3371.7348 588.9366
7261.6486 538.4483
4997.8501 606.0662
6229.8091 377.8081
3666.7672 533.8453
1903.5808 608.3130
2434.5570 439.9295
4594.1317 576.9351
3847.0218 579.7509
1336.4075 577.0603
2467.5253 526.3611
1120.5409 509.0244
44.4830 722.3110
3972.7442 494.5138
5304.2396 579.2729
5114.2797 624.5025
1548.9625 550.2653
3956.2146 506.0183
4790.1712 608.0002
3191.7608 467.9485
3291.2526 652.4846
1714.3281 532.2799
3704.6571 433.0147
1376.4441 686.2911
4173.3381 600.1677
4297.8429 546.1518
5184.7726 625.3512
4518.3160 415.6602
4862.7201 631.7562
4034.6610 332.6013
1879.1485 597.4403
5317.4017 508.6722
1809.7723 633.5430
2898.7708 499.9697
1233.9242 634.5642
4152.1341 486.0626
6594.1357 533.2641
3346.5576 541.2278
3857.7992 595.3966
2521.4989 560.6618
1702.0369 635.7949
3012.2091 507.7943
6019.4479 502.3471
4207.4671 416.4827
6133.8666 383.3674
6209.1216 430.3976
340.5971 583.2618
4114.4425 498.9967
6457.7587 521.8262
3029.5847 444.5986
3300.5916 557.0617
2032.7653 561.5640
1668.6381 634.6730
5070.8652 650.5418
5770.0013 452.6572
2789.1239 670.5216
6743.7454 511.8162
7279.2185 384.3438
2732.8377 447.1937
3820.9773 472.3035
2335.4164 579.9781
5235.5761 476.8729
3537.5798 605.4123
5440.8276 589.1450
2142.6501 602.0909
2066.5610 545.4337
5113.8976 606.2814
5914.4594 456.6567
2318.8902 487.0184
5749.6852 508.8641
4719.7697 503.6786
4878.3016 445.5081
4927.3500 578.0318
4007.6721 476.0857
3614.8249 431.7223
5047.4308 544.0047
5352.4641 474.6413
4523.3336 662.1464
2257.0195 457.9923
6432.9128 434.0962
4680.7971 431.4964
7184.3513 412.7244
2642.0025 554.3468
645.0912 576.3690
2399.0497 538.4088
4386.6340 630.1494
2455.4919 533.8983
4364.2051 653.4002
1901.8854 543.7896
1967.1420 580.9568
6558.0316 528.4215
3169.4148 562.4678
4106.2869 482.7628
3415.8232 597.7380
2656.3155 433.0123
1647.5909 448.3364
3810.1309 431.3592
4410.5440 456.8000
787.8186 620.4541
976.9587 561.3278
2294.4133 503.0080
4155.5931 505.3054
2639.9444 551.5366
4408.5805 598.3356
3707.6134 519.0025
5363.8400 453.3152
1638.9653 536.1109
5072.4399 548.1803
2134.6390 485.5853
2810.5263 395.9787
2212.8095 649.5655
3266.8728 583.6747
7062.7775 502.8305
5954.3466 462.7170
4492.5744 581.7654
5543.2615 520.1847
2395.9155 624.6410
3622.2700 584.7698
3483.7675 488.6885
3134.3928 524.5130
3093.1018 625.7160
1946.3280 411.0293
4638.3439 453.9296
6365.8085 529.8118
1240.5719 450.4915
3295.9242 508.5872
3411.1827 576.4179
4930.7479 530.2204
4050.0502 420.6293
2192.1702 497.0769
2321.0273 500.5135
2770.0345 491.8796
4159.5616 632.7827
3615.6609 469.0260
2774.2779 605.6464
1461.4609 543.9202
2216.4223 596.1599
4581.0869 629.0225
1670.6855 478.2444
3719.3563 565.1430
3845.5316 371.0771
3725.3319 611.6645
2127.3461 700.2710
5235.5888 386.1115
5953.2779 411.9874
4423.5386 675.5113
3951.3580 514.1769
1557.7253 638.1500
2444.7085 698.4632
3190.4442 634.4507
4493.1703 440.4286
5274.8487 472.3316
2960.5200 546.7686
3167.7647 555.1962
4774.3540 576.1970
1474.2898 647.9795
6976.1643 410.3394
1522.1452 700.7507
4723.2311 410.6835
2452.1775 630.0315
3183.4107 485.1775
7609.1128 360.8659
7552.0443 439.4696
4777.9289 473.5972
5813.3633 580.3993
412.4900 667.6668
1528.9988 639.4123
439.9902 602.5693
981.5425 648.1777
4282.9480 346.5391
2710.0053 539.4866
4485.1669 612.2089
2241.1800 498.1054
894.0394 680.8463
4351.5035 419.7033
4323.7587 424.3703
4413.7655 481.0315
1727.7412 616.5189
2126.3846 510.0570
4085.7230 439.8198
5981.9696 343.7463
3692.1180 412.1628
8058.5771 381.8197
4203.8540 514.7751
702.0374 583.0188
4788.3902 527.4798
5375.7736 430.4964
3988.5747 488.7617
3483.7458 614.3018
1891.8032 642.8866
2808.9993 645.7152
1878.2146 621.2040
6272.2456 326.5956
2866.1700 521.6327
4297.4421 485.3748
2662.7729 337.3897
2046.1068 555.5615
5553.4054 536.6622
4148.3145 469.8574
2576.3136 496.5544
2783.6683 532.7825
3108.6258 507.1930
5379.0114 552.0442
1733.3403 508.6841
4845.7107 545.7768
3353.6421 475.3511
1288.3100 542.8658
3970.4847 511.0153
3841.7055 443.3494
4016.2667 476.3725
6948.9679 500.7842
2116.1928 484.8813
1530.4227 440.1860
2081.0444 501.9039
5685.4309 413.9509
1397.9368 481.1876
2673.5383 536.0789
1355.4641 499.2795
3631.4726 596.7192
3076.6190 579.8329
3270.6152 514.9310
4639.4251 588.8289
3445.7301 588.4946
5001.3399 436.2950
3834.0083 439.8495
5365.3957 421.5654
357.7958 612.7836
1392.4085 631.0974
3103.6472 400.5401
6985.4808 451.5438
2027.9024 585.9135
4797.2448 587.8428
3531.2292 617.1825
4854.8643 424.5756
3836.6159 619.0181
4773.2656 382.6514
5374.7610 522.3538
5550.3097 446.2363
4541.3172 572.4733
2699.3564 474.4493
3747.6360 590.4067
2672.8879 521.0533
2990.3634 627.3891
602.1277 655.1421
2911.0553 558.2964
5544.3882 416.2260
1362.8022 491.4335
5235.6478 622.3943
5243.0960 520.5478
3814.1881 447.1106
2633.6161 691.4517
3549.9833 379.1319
4547.4311 549.8036
6260.2563 474.6746
576.1394 643.1975
3288.8935 565.1944
3828.9299 556.8512
6145.1534 464.5433
1531.0552 584.2523
2519.2118 561.7172
2691.6336 454.2331
4719.2238 563.0553
2599.3145 585.5142
7130.7551 469.0070
7117.9363 482.5128
889.6158 435.8548
659.8414 668.5471
6665.0218 556.5615
1816.2092 590.2919
5087.8384 443.0260
2961.9409 489.6040
4538.2606 557.5458
4387.6675 556.9148
4407.9722 417.5585
5056.5333 270.1331
2113.7525 652.9935
3717.5168 475.3252
2553.6826 509.4737
572.6378 577.2659
2756.8689 488.2137
4444.0853 499.4133
4178.2770 435.6757
3452.8827 555.2649
4661.6605 373.4227
3275.3840 612.7742
2479.5119 615.0708
5372.6641 472.5708
4713.9844 582.0080
5186.5001 552.8268
1659.9705 591.6624
5833.4378 506.9215
2650.0252 645.0143
4504.9600 649.3357
3616.3074 436.6420
6931.2866 385.4130
3134.5169 448.4214
5520.0134 342.2846
2723.3636 602.1969
3147.1359 704.8841
5469.0997 282.8819
1982.5731 411.9953
1719.5981 501.1336
809.5723 683.2189
3861.4436 499.7818
5402.0177 551.4374
2220.1667 553.1406
3390.6483 586.1109
4142.9868 553.0799
5122.6129 436.1001
2890.3121 484.7016
4397.1528 386.3585
2504.7820 514.9273
1859.1983 571.2116
3847.0253 566.3774
6061.6823 488.9218
3544.7884 425.6777
6329.8454 581.9644
2392.9081 456.4850
1617.7085 561.4943
3259.4224 515.2028
4020.9024 409.3119
1701.5470 689.8641
5999.1721 458.6020
3833.3892 597.0934
1617.5851 612.5755
4470.3045 534.2968
2075.8177 462.6973
1128.8144 542.2057
6802.7814 550.3074
4492.3862 511.7746
4844.1567 676.1825
2595.1609 496.7733
5750.3695 665.7618
2486.6457 572.5287
4762.9455 639.9548
2374.8452 459.6100
3856.3094 564.8200
5908.1256 559.5848
808.9719 607.6884
4510.1943 541.6329
1627.2473 679.5238
5293.6828 560.7197
1775.8636 466.7913
6154.4679 485.1817
5029.6217 574.2712
5401.0136 507.5123
6011.1939 526.2628
2722.1330 537.1250
4655.2534 541.6358
2232.2030 625.8056
3859.4367 389.9401
5869.6776 453.9000
3783.0881 445.6174
5685.3299 502.8710
3833.9917 617.8130
2628.9790 540.0940
3696.7070 448.6810
745.4795 499.0707
1865.7722 591.9502
1032.4774 554.5009
6706.0880 469.4181
3048.5240 609.4353
5076.4819 479.7942
4496.0215 469.9438
5772.2176 367.6890
6772.5554 445.2505
4440.6535 507.1123
3785.4888 446.5698
2799.3360 538.7803
5616.4687 382.7398
5994.1620 530.8319
2130.8624 565.4545
3630.4323 518.5933
2194.4274 549.4131
1223.0655 565.1070
2611.6436 486.9899
6129.7130 551.1030
4097.3392 495.1957
6316.4295 364.8750
5938.5829 387.2847
4400.4615 439.2402
1910.3717 560.3965
5259.5438 443.6504
718.2815 571.0902
224.0031 652.4422
3960.6637 413.1540
4880.4549 563.3380
2520.6014 457.2400
4568.2336 452.7119
6670.3491 442.1329
3121.3628 414.1087
5492.0644 409.5397
2012.0792 588.6081
3006.4872 491.6069
3969.0835 496.3659
1646.8364 595.0065
4536.7328 519.5271
4416.3245 468.7940
5467.4630 526.0374
2406.8531 584.4592
4622.3083 546.0365
496.2925 624.2127
755.6544 586.4526
3775.1682 462.8625
3927.8982 305.6337
4998.0487 648.5439
3368.5983 455.0836
5151.8646 418.6887
5893.4032 497.5653
1596.7772 511.9524
3724.6097 494.2207
6037.5604 484.4499
2511.3184 519.8233
1556.8087 623.5672
4162.8933 666.6108
853.2431 589.9668
6467.6076 435.9381
7741.8927 575.0102
7228.1025 336.3352
3478.0432 486.8937
3221.2785 350.3937
5256.6786 445.4730
3909.5742 672.8497
3578.8824 388.2098
4541.4017 464.2438
3141.7415 355.3284
4772.0954 342.0212
3970.9582 445.5618
4962.1375 475.8559
3363.4111 426.8869
4216.9052 502.8212
7978.7419 455.6870
5750.3593 439.1370
4136.3425 593.4928
4030.3211 525.0338
3508.9167 551.9318
3689.8396 487.2287
3544.8203 460.6574
3663.8302 526.4628
4140.4680 462.5451
1233.5803 563.2681
1990.3413 598.2856
5983.8394 448.3559
6161.5412 343.0868
2348.3623 536.5080
2703.5716 550.4367
3785.8881 496.2848
5367.8140 471.1759
709.9215 671.7272
3476.0167 510.0050
3273.8414 419.8580
6718.6140 560.6394
2482.2396 357.1397
4588.7688 456.4406
2855.1736 497.3754
3117.6280 399.4782
3535.1793 491.6421
6361.8146 336.5707
6069.6875 371.6724
6498.8878 529.8219
5522.7076 516.5206
5992.9321 493.6735
5922.8277 431.7453
900.0807 583.2159
5267.6032 340.8043
5534.4806 523.9191
1321.4837 665.9317
4802.2626 509.8050
2469.6814 673.9169
5068.8723 441.4373
3754.9451 397.2630
5304.0642 477.0779
4877.3037 402.6836
827.4123 645.9677
1382.4502 628.9363
6771.9258 423.5084
879.6086 503.1139
4054.1350 646.4003
3874.6695 677.0187
3994.4190 451.6444
2245.2648 585.2230
1566.1567 539.6318
4304.9754 505.8277
3171.4620 583.6266
3864.5596 436.7854
5652.1890 411.4516
728.4079 660.4809
4104.2093 590.2698
4325.7461 397.6821
293.4795 635.9247
2322.5382 531.9542
3048.4616 493.7433
7405.9571 494.6436
4834.0948 405.3214
1741.8056 576.6746
5942.8101 481.1862
767.7249 500.2692
4037.0052 623.3123
4586.0629 464.8813
6435.0171 438.3911
5810.7430 566.7130
2981.6117 563.0538
1119.0742 549.3706
2963.7577 564.4505
3490.4076 687.2267
2027.9848 653.9873
3082.1459 419.9125
4844.6069 496.8446
4545.9034 604.3865
2117.9329 506.1328
1520.3398 539.7447
588.4165 535.2529
5124.1943 624.0660
2152.4127 528.2312
5492.7723 518.1747
4869.4143 611.4955
2889.2819 625.7515
4477.2055 636.7147
2432.3927 664.7627
1657.2271 526.6658
4232.1218 470.5441
6444.9717 433.5914
4415.1559 424.8039
1795.1923 632.0081
4696.1273 497.0984
4045.3898 488.9624
3426.1774 616.5804
7468.0492 515.6577
1794.4485 503.5176
6984.1129 408.0065
6457.0628 462.3059
2776.4267 518.5151
5364.0884 479.9503
1124.5773 598.5514
4674.2241 579.6339
401.3704 565.0730
2229.0861 646.9626
1372.8357 633.3681
5168.0752 371.5709
5030.5110 336.5842
2129.0056 541.2549
2377.6520 547.5793
4147.6232 465.3761
2094.0805 720.9015
4594.6589 468.1800
6141.4383 597.2534
1735.1753 383.0235
1394.1870 490.0407
2601.5482 496.2926
3212.7768 670.9560
1211.5557 613.5924
5792.5972 586.2175
2913.8764 501.3417
3190.8317 708.6703
4598.1132 515.1728
883.0071 495.2203
4658.5968 398.7241
5145.8777 367.2660
7188.3304 292.8584
5607.6602 362.4824
5764.5416 482.3024
1773.1819 609.0844
5760.0457 498.4696
4554.7019 622.6873
5436.8106 332.9329
6032.9030 409.0524
4141.9157 546.4883
7140.6625 425.6612
1977.7337 614.8813
1421.9518 659.6302
1767.9913 587.3142
5245.3278 638.7258
4936.8207 596.3462
5482.5903 565.9969
5797.5373 530.0260
4538.7140 420.8253
3407.9075 521.7845
3813.5991 507.0101
5587.8959 386.5704
5310.9793 537.0119
3155.0694 454.3578
3354.2088 428.4043
1365.1279 575.4740
2299.4754 550.8574
5193.5005 523.6475
4314.3005 406.1628
4247.5082 644.0690
5333.9480 561.6300
2505.0092 622.3210
2725.0282 529.9403
2843.7167 526.4706
581.0859 591.2895
2518.9187 532.1110
3673.0947 488.0116
566.5396 612.4531
2041.0793 455.4618
8220.6522 423.8048
5339.3113 508.7819
2331.3176 547.2827
3205.9578 476.7193
6239.7789 461.2447
421.0818 678.3186
4428.9601 453.3014
3156.5818 615.8656
2636.9580 519.5096
1056.9284 591.6673
3079.5150 445.4985
6250.7655 605.0604
4822.5200 450.4154
5032.6281 648.1542
1175.6925 673.2600
1454.5937 468.5410
4169.9717 529.2106
6126.4142 399.7472
4301.8860 628.3766
4896.0282 607.1543
1651.8007 572.4461
4830.3564 598.4938
4546.9721 327.6339
3557.5733 567.1010
7473.2205 466.1551
3203.7928 601.6055
3573.4108 571.1271
2363.4475 508.2650
1225.0789 633.2370
5333.3450 667.9981
6178.1447 435.4333
2307.7756 520.0560
3107.5334 651.4465
4168.2864 460.5819
4942.9210 678.4852
2338.0891 619.9002
4505.6772 705.9579
1675.3156 499.4422
3401.5000 516.8361
8269.7464 314.8654
3135.8065 349.2919
4396.5472 504.5281
2458.9049 469.7139
4806.7121 475.3007
941.1314 629.0980
1244.0239 491.4359
3276.2946 636.2826
3990.3944 442.3060
5608.3517 600.8246
1760.0738 594.2056
2009.6556 691.1422
8301.0816 412.0314
3430.5635 583.3508
7258.0375 459.0702
3190.9718 612.4889
4965.3628 585.4447
4763.4099 637.3507
4802.7903 529.8909
6822.5505 432.3962
2791.7113 469.1554
1615.4511 611.0596
3912.7938 422.3061
3378.9638 570.7975
6943.1939 452.1666
7145.8991 478.6646
4146.1713 414.6113
1810.5564 559.6248
3063.6132 641.3487
417.9935 617.3608
2169.0964 571.1447
5101.3191 448.3639
5113.4246 415.8362
2012.9624 591.8496
2185.4301 454.6881
4763.1375 499.2130
1010.1776 535.5668
3110.3441 603.2969
7608.1108 319.3305
2276.7533 526.3571
5929.8533 497.1521
6747.0936 529.8878
3251.5424 455.8137
4426.4940 420.3776
2697.2628 550.0693
7794.4884 427.7429
6174.1250 484.2001
4562.3931 515.6721
6335.4968 392.9206
2133.4851 628.8300
5388.1155 532.1201
2553.0712 385.0393
2483.9911 497.4689
2976.0262 555.4992
2281.3505 601.5480
1734.7929 513.3825
3622.5434 510.7963
1583.7755 626.9060
81.1818 660.4743
4282.2114 443.4071
5226.9916 702.1255
2062.4476 378.9570
4097.3098 446.4621
3955.1060 444.7001
4095.7969 457.1955
133.9444 660.1538
5667.2773 564.3501
3821.3278 588.7627
846.1410 632.4271
2849.8562 656.4186
2861.7261 412.3490
5638.1582 582.4054
2897.5529 533.8854
3842.5669 364.1248
2841.5592 381.2204
1125.9182 502.6661
2559.8763 545.0795
4339.7285 403.5429
1787.1010 519.2022
2847.4873 494.1969
1812.6313 476.3245
5519.5449 557.2924
3806.0838 477.4089
4065.1523 531.7390
5111.8098 646.4963
2624.0539 602.3044
3786.0495 567.5917
4690.6100 477.6163
3784.3936 483.3392
4787.8916 290.0871
1584.4625 676.3540
3504.2822 577.4688
2084.0782 713.3957
1648.3147 538.4990
6048.3550 476.4627
6907.7042 494.2188
5365.3909 517.9608
4078.8634 487.0487
1387.9012 527.7798
1517.2941 594.4444
5939.4626 585.1649
2098.2695 482.1788
8592.4219 440.6935
3788.6931 367.0193
3689.7957 466.2962
5296.6350 523.4779
5109.0177 515.2116
6220.9916 496.4521
4195.6703 581.2824
2497.3729 446.4221
6491.7592 517.2640
3428.9571 613.5952
4027.2670 438.3646
2535.3946 572.4333
2444.4898 439.8727
7028.5268 494.8810
6984.9127 479.2459
4373.9513 653.5402
5292.8132 635.0967
1604.6993 550.5543
3309.7753 466.6178
5352.4604 542.6231
5786.5409 616.3373
2190.9247 542.3115
1930.6828 497.0876
5520.8672 470.3785
3031.6449 511.3875
6842.3020 272.9064
4957.7046 551.5119
3186.2054 608.2122
4903.5756 616.6031
4979.3574 351.6323
2690.7112 556.0531
6723.9722 276.2251
4201.0159 602.9949
4782.0721 617.6226
3536.2728 537.2531
2513.8724 339.0170
5011.1766 450.7066
4315.1376 456.1146
1343.9107 539.5980
2045.1424 517.3067
3569.0656 497.3543
3760.6005 627.3631
2802.3620 532.3441
1961.0352 513.0854
5100.0580 403.3275
5132.2761 540.2048
5570.4012 468.0743
3569.4552 573.8474
1114.7830 495.3475
5879.5187 598.8418
2237.6783 522.9978
1585.7996 530.3757
1322.8417 667.7945
5990.5494 456.5315
929.5140 532.1617
3201.9298 524.6642
4957.9126 594.6997
2628.4718 473.9963
2517.4204 524.0213
4338.5440 515.4795
1646.0169 647.7847
1711.3533 579.0072
3752.2129 570.8916
2619.9080 482.0547
3808.0994 578.8758
3259.1105 464.0944
6419.9006 367.7002
4775.4216 602.0103
2911.9322 613.4803
3495.2262 551.0273
2181.3340 583.7607
365.2330 598.2060
2003.5935 671.2306
5529.8003 436.7630
5083.7950 455.9920
7304.0808 495.6130
3417.0497 661.1031
3428.3386 436.1190
8074.7043 429.7363
4843.0129 606.6443
1233.0988 368.0688
4618.3917 489.9432
5418.2013 536.7457
6054.0732 497.9091
5203.6764 544.8382
7090.4680 415.1443
5561.7308 495.3817
3336.9498 295.0045
3921.0412 571.0611
1882.8583 652.5612
1004.0773 636.1070
2726.7206 429.7312
5989.1717 445.4044
2878.2903 453.3635
1939.5700 544.1987
3175.6706 558.6749
4508.0324 508.2552
2021.8051 554.9018
6218.6086 515.3680
3518.6086 378.2009
3375.6440 544.5077
5691.7307 476.9897
3061.9694 535.0601
7031.3894 315.3522
2249.2540 524.1198
5013.1937 421.0085
3348.4764 534.7860
1902.3867 672.1644
1387.0641 479.8558
4178.5689 479.7808
2142.9613 514.6647
5023.7061 555.3632
5468.5721 432.0899
3699.1686 542.3833
2715.7668 444.2762
2113.6626 521.3181
4164.5344 474.8846
3770.8257 551.0387
969.5490 680.7395
1386.7574 396.9221
7583.1277 452.3614
4960.9067 530.4121
924.6322 644.9806
2882.4664 609.1591
5656.1359 462.4850
3898.4885 417.9110
1239.7925 477.6432
1940.5106 521.9919
634.4237 497.1411
7671.2426 512.5062
3053.6442 524.2765
6491.9294 492.5356
3001.6238 609.3727
1324.7567 461.0662
7794.9855 452.3470
4287.1023 683.9294
2522.2659 510.6123
5952.6767 507.5537
506.4854 566.5851
1708.1138 489.4703
5237.9677 461.8151
1135.5960 609.3165
2388.0160 572.4919
1145.8775 516.0595
1122.8517 645.1795
3873.5273 519.3696
2310.9131 472.9410
5189.7896 493.5844
2082.2592 543.8731
5146.2453 546.1681
3216.5418 491.5296
8399.0254 378.4217
2562.1550 440.3295
4658.5037 406.3946
2651.2720 539.6612
6607.5319 456.3581
5235.9721 632.6177
4072.8904 313.9307
3358.4936 532.5129
7080.3248 448.9215
2804.2685 490.1170
1166.2609 592.7071
6452.4937 561.3935
2542.4431 665.8325
5089.6894 553.2909
5986.5341 464.8033
2967.3929 508.8373
4033.1519 563.3599
4108.8263 467.2863
3904.3897 513.6117
2680.7166 467.3397
3873.9109 395.0403
1822.3664 562.7214
5121.8197 410.8088
2771.8728 634.3708
4978.8465 397.3993
7766.1475 450.4100
2810.4449 453.3248
5993.7124 460.3761
2540.7744 518.6620
910.3504 555.0269
4503.2351 443.6642
1600.0569 584.5881
1239.1300 564.2292
288.3325 663.9828
1339.6541 479.6685
5315.5014 408.3847
3729.9176 420.3486
5469.3622 558.6503
529.8205 667.4425
4445.1782 496.0422
4170.0629 591.4391
4463.0058 519.3638
3162.2473 477.2272
5494.2643 415.3816
3188.7559 698.7927
2107.5058 512.1501
2410.0477 509.9074
5526.2312 597.7427
4966.9685 574.9773
3683.2572 610.7860
3086.3651 523.6921
4762.2478 477.6502
2532.1835 589.4599
4917.3423 474.8815
5060.2400 566.2640
2146.1783 448.8419
2117.1360 689.2212
4596.6450 484.8859
3784.1728 478.3295
7645.3599 463.0142
3349.6425 504.9600
4403.0382 619.4122
1880.5716 561.7856
2101.4388 522.0576
3250.5460 467.8194
3666.2287 380.1797
5157.6318 452.9709
4268.6437 515.6107
3184.5806 614.8319
1138.8389 621.6372
3807.4848 567.6329
5225.6145 438.9043
3088.6113 532.3359
1674.5489 578.2586
499.0315 625.9211
2897.3676 568.1745
2959.3567 669.2330
7703.4524 367.1204
3140.5227 419.2959
5845.7446 440.0313
1511.2270 582.5164
1322.1974 603.4496
5535.9064 657.5173
1153.9155 686.4446
2375.6937 550.8344
2030.3263 612.8709
1870.2795 490.4894
2345.0423 660.6700
4998.7438 419.8483
3061.3924 359.4371
4362.8540 615.8949
3047.1960 440.8157
545.1752 550.4349
3266.4946 438.3960
6941.6408 504.1250
4367.7001 424.0851
3657.3219 300.8998
1455.7108 513.4105
2195.6206 411.2318
4349.1047 646.3952
435.4946 602.7780
3949.7354 509.7518
4280.6452 458.9961
2022.4537 593.4896
1494.6590 642.6578
1516.6959 630.3370
3516.6092 574.3964
2796.4470 572.1595
2780.8405 377.4219
2961.5967 524.3303
3074.4282 393.9073
3588.7361 311.3194
3282.6669 338.2936
5579.0184 505.0870
5684.3687 576.0505
2553.3232 566.7575
5143.3139 401.7909
6355.3822 554.7024
1786.3775 565.0895
3467.1792 502.2937
5664.4984 446.0132
2323.6301 569.8064
4759.6751 616.6604
4180.3754 580.8596
6435.1010 534.7295
2182.1383 595.0041
3472.6760 396.1108
1580.6318 611.2869
4189.8675 617.0475
4364.6091 444.8263
3071.8740 645.6754
7685.8670 346.6433
7226.8402 489.2404
2537.2648 546.4491
6853.7780 550.5514
2970.4592 553.8184
3198.2160 585.6317
2511.2883 510.2543
3153.2171 487.1749
778.0699 613.5057
3493.8993 494.7498
2255.5431 526.5287
2749.6758 559.2033
3043.6985 441.9108
4708.4801 499.1877
5085.1205 454.5868
3648.6695 620.7128
841.7504 618.1741
4093.1348 557.5697
4695.4255 440.2212
1701.9517 510.8894
4773.1950 682.2699
2323.5840 441.4428
4905.2103 518.3884
2833.0284 653.5089
4431.8371 424.9103
2721.7181 513.0722
2428.6271 449.8423
3700.7283 468.0439
6010.5234 463.5024
7004.1109 383.1823
5684.3070 325.4420
556.9577 475.5088
3058.0571 438.8335
4427.2176 657.4013
1232.9454 489.7173
6008.7538 380.3204
5527.0724 627.3350
6868.4143 554.7629
1685.9789 532.1076
6548.9378 522.6772
3594.0967 585.3663
1277.8907 566.3739
6098.9984 402.9574
3362.1515 475.0661
5177.8746 575.0970
4097.8455 496.4574
2604.7606 534.7166
4066.1543 360.0634
1748.8807 463.9070
4458.3361 518.7118
2662.2701 430.4566
5371.7601 502.7224
915.6380 579.0541
4022.2261 520.2249
5077.9785 503.9779
5085.2590 374.3563
1547.6772 557.0258
4366.9194 418.5927
972.7502 467.2745
6386.6756 493.9225
3965.5562 534.8762
3105.0310 669.3412
3277.2489 613.6964
4010.8523 501.9094
4015.8383 543.6895
1073.0306 653.0452
5981.6176 539.0143
4775.3961 532.1531
6254.7920 486.8151
3310.6867 625.4726
3791.1454 495.5161
2849.1515 527.6718
5561.7402 282.7188
7430.1294 506.9493
5487.7254 485.4675
3714.9531 536.9624
6902.1151 311.3720
2450.2198 507.4566
1949.0236 662.1888
1014.9000 592.6242
3418.1394 653.7891
6661.5988 323.0836
4973.3972 516.1067
6468.1162 502.2818
4717.1164 510.4089
3137.5374 440.3941
6272.3192 356.3795
5512.2729 477.6387
2063.8800 570.5877
6320.9310 563.9676
3664.4734 603.8965
4287.0372 553.5329
2261.4348 565.7359
6144.0385 390.2982
2260.3254 455.8301
4647.0300 543.0212
1272.6457 521.2290
3348.8301 621.0711
5318.6166 459.8634
5574.5635 445.5912
5523.6634 582.1640
219.8022 609.2975
3293.1797 450.0100
3968.0760 474.3412
1325.2563 566.5780
3693.3000 496.0703
5408.5355 403.8453
3138.2070 626.7683
4718.8848 522.0733
5170.8607 576.3036
2711.8173 553.8823
4953.6724 516.3132
2129.7284 508.9297
4806.6000 439.3859
4624.1766 510.9636
2352.7863 542.0156
4709.4952 573.4097
2115.9022 577.5808
1608.1689 640.2264
858.4639 575.1883
5959.6438 525.2476
1306.5445 570.3597
2947.7511 655.1106
2452.1170 535.1350
5129.9171 646.9269
4288.0042 518.9151
4768.1435 514.1359
4584.4236 532.5048
2161.7279 586.6980
4839.1450 565.7007
3429.3911 499.6192
4864.4029 576.4290
5295.7081 509.1999
3720.8881 555.2342
4430.1337 609.0384
3490.7163 426.0090
4324.5446 443.9607
8270.5258 286.2123
2024.8281 539.5815
3946.0281 461.0646
6262.3759 369.5102
5871.3329 510.1288
5840.6377 484.2183
2704.4401 545.4982
4635.4696 617.4212
2270.3848 463.4845
4446.1253 532.2749
3078.1069 644.7263
3528.2546 552.7852
1486.1662 611.0281
4741.7879 461.6762
747.6068 513.9109
5529.0743 440.7838
2409.8946 569.1821
892.0559 566.2712
2774.0528 500.1653
3419.9198 463.8007
4380.8106 568.0594
2392.2921 496.3261
1251.4045 466.5586
5338.0389 608.1136
2938.9953 542.5998
3035.8840 560.0225
5734.9793 473.0197
1088.0583 604.9640
2805.0987 523.1174
1210.4412 668.2864
5448.2318 442.9521
3611.8604 387.8148
5386.0934 455.4002
3061.9240 496.8592
6059.9337 480.7187
4687.6316 366.0595
2101.5254 642.0138
2311.1184 626.8055
6480.0408 513.4668
3160.5258 315.4047
4205.7995 504.7018
7080.2282 418.1278
4321.3541 451.9317
6206.0705 405.0038
1916.2871 624.2579
7727.9012 500.3505
6011.1168 502.3916
4480.5571 549.4997
5111.0168 270.8496
1442.2444 599.9366
7216.2949 448.3002
1778.7081 644.8506
4330.3141 693.0317
1405.3061 414.9671
4026.3356 584.2405
3089.0908 552.2025
6366.4000 480.3210
2231.6871 589.2834
5999.9360 497.3268
4292.7337 581.1151
1546.7531 430.2749
4837.1150 441.7836
6629.2741 381.0343
514.8343 451.5181
5311.3852 392.3299
2097.1901 694.6930
1206.7765 439.9344
4622.1340 461.0193
3937.9436 550.9425
2977.2146 468.3797
7192.7783 448.4802
6044.2923 318.1461
6100.7260 579.2104
1969.9081 602.1742
4016.8936 528.0951
2548.5922 529.3309
2534.4646 436.1051
3667.8255 406.3167
3068.5707 555.4365
3362.9200 628.6274
2550.8542 591.4708
3478.6737 486.6127
3178.5256 586.2297
1996.0660 369.5575
6551.6947 424.0910
5207.9240 578.7113
4980.7527 619.3582
7825.1876 430.8596
688.4323 651.3886
3663.0338 520.6854
381.4519 660.3759
3789.9045 463.5150
4914.0641 417.5939
1150.5253 575.4249
3437.7401 558.7298
1957.8253 601.8803
1250.8441 492.8414
5866.5574 526.6334
953.3752 620.6493
5184.6175 414.7134
3976.9791 532.4228
1090.4618 635.8540
5849.9501 502.3615
6462.3076 519.7799
3956.2496 403.1571
4732.9343 471.6153
1786.8627 632.2016
6973.6849 538.9077
4788.2917 384.4396
4342.2741 592.5931
3618.9509 502.7575
3203.8227 477.0864
5983.1382 482.4058
4005.9394 586.6329
2792.8308 515.8927
2191.7079 507.4195
4812.5398 575.1422
2964.6272 556.9345
2111.3669 585.6883
1784.8053 674.6727
3101.8821 434.4755
1296.4083 449.5754
3193.9293 593.7349
500.1361 577.7013
2898.8003 434.2945
6487.5639 516.8505
6550.1205 483.7219
829.9526 694.6602
5840.0279 442.6450
3467.6095 534.7480
1896.1936 526.2451
2986.1279 535.1302
4752.6892 417.8825
933.7088 586.0250
3443.3902 593.0644
7327.9124 407.8934
521.2019 629.9549
2001.0938 403.7850
5308.1741 540.3609
3097.8753 688.1486
5939.9612 514.4270
2032.0188 541.6752
5891.6661 299.1418
1241.0805 504.6168
3339.4862 535.3328
2440.5761 560.9141
4820.4418 545.6177
3611.7105 393.4215
2383.8059 629.7755
3554.5150 534.9528
5051.1984 510.7948
2682.4991 628.3006
4119.8450 407.6560
7737.8610 367.4616
3323.4725 666.6483
4172.1198 487.1107
3572.8476 660.0804
2418.8844 533.8949
4925.8730 407.6251
3494.0622 523.9660
5403.9740 530.2251
7171.3900 457.8235
494.8217 546.4015
4943.8796 506.2528
4942.0947 528.8339
5000.1564 508.5907
4440.2860 658.1179
1951.8084 543.5184
4022.4346 356.1695
3656.1851 377.7885
5237.6919 565.8930
2207.1218 511.4160
3629.4146 577.3249
3565.4713 550.1986
2573.9399 525.6521
3957.7313 444.9149
3598.0999 557.2120
5930.0745 493.8367
6167.0039 429.9177
4870.6748 610.4518
2199.1521 657.9545
4796.9525 546.5314
3624.0868 503.0976
3200.8301 622.2415
4712.2982 375.2845
5371.1350 433.6051
6281.3077 524.8532
1214.2752 539.8474
4085.6522 591.6084
1021.3452 634.7133
3756.4638 416.6917
5105.7345 499.5007
5830.2351 568.6238
3849.1503 427.3370
1062.9842 567.5495
1946.5437 508.5155
2342.9402 603.2670
5507.2797 370.6258
4962.4718 615.0492
1929.2965 591.2081
6461.5029 428.2774
5046.6802 448.7692
169.5313 582.5478
2942.0582 415.3018
3986.1861 458.9983
6088.6396 565.0928
1885.0217 511.6018
4016.9903 424.0559
6432.8814 349.1987
3541.9666 290.2441
2597.4889 716.6029
5258.1891 395.7023
5968.9334 443.5431
3736.1180 492.2755
2909.3000 635.7506
5798.6832 346.1178
3153.6303 490.6845
5371.6457 432.4571
3009.0438 464.9260
2734.4782 562.7681
6292.6258 516.6903
4249.1211 597.8309
1468.6532 478.0025
3493.1215 585.2799
3631.0041 623.6125
3982.2154 365.0567
4721.6850 593.7262
4188.6313 645.7639
4414.4592 620.9281
5943.4294 534.6887
3078.2432 480.2980
4834.4450 526.8696
3697.8155 514.8037
3899.2992 596.1802
6025.7280 513.8589
1117.4883 607.4377
4123.5795 438.0302
4567.3321 547.3476
1747.8099 669.0542
3923.0604 588.6514
6050.4564 412.4030
3684.9879 561.7327
3781.7401 430.6773
4375.5656 666.0861
4336.1144 373.2390
5695.1697 479.7830
1627.2185 568.8079
2555.9089 595.5968
3865.9629 639.9055
2160.7986 514.2867
504.1109 675.4321
3473.5665 559.5412
2720.2391 627.7918
1318.3675 544.1164
6579.9265 417.1038
3148.4274 504.3535
2847.5505 499.4175
2865.5083 551.9662
4818.1054 403.8169
3756.4587 650.6083
532.8551 556.9446
3914.4135 537.3694
6179.1981 463.5098
1109.6404 499.3808
4372.9054 574.5592
4319.3655 484.9059
3484.1093 529.0542
3014.8619 645.8448
637.3600 642.4048
1596.3295 489.1994
3594.5501 669.5092
6412.0047 457.6963
1492.6007 521.5373
1494.9426 547.6514
3355.3430 484.4094
930.0716 540.9701
2506.7988 505.2176
3249.9416 364.3426
7794.1511 444.9430
3103.9440 525.1035
2761.9487 369.1129
1566.0975 533.0127
5572.4395 659.6489
5067.2192 614.8564
2671.6179 479.4118
2599.8384 427.2913
5032.0085 634.2594
3924.3349 464.2784
5502.6554 624.5370
1250.2008 619.1276
2278.1017 461.8581
5527.8731 540.1424
254.1685 625.0860
1806.6606 546.0255
4955.0873 554.8509
1183.6337 588.9919
482.9477 680.4804
5014.9894 571.1610
7342.3709 551.9037
5810.3247 491.8759
5640.2468 467.3544
607.8701 609.9121
4944.0740 358.3259
4396.6813 540.0765
581.1971 671.9159
3749.1386 406.8813
3539.2869 342.2328
6005.7754 421.9735
4218.0598 356.2595
1954.1775 597.0302
2438.7430 533.1303
2115.2473 455.7283
5357.8276 546.1100
4422.9725 476.8606
4911.9407 566.7820
3823.0586 385.3587
2524.4518 532.5925
1893.9838 537.6895
4890.5189 392.9991
1464.9494 577.7334
1572.5970 627.3512
7532.4113 391.8538
4288.4772 445.2487
1739.0059 578.9960
5012.7666 559.9931
7176.3507 524.5063
1761.8688 435.5175
3924.7950 517.2081
5596.1661 485.4453
4454.6598 474.6857
1167.9686 619.5231
4429.2877 646.2418
5570.5067 402.9899
1507.8671 519.3148
6243.7002 511.6688
3967.1224 567.8913
6321.6016 421.9136
2451.9526 448.4953
1561.9547 617.9590
3547.5878 615.8150
3246.9719 515.0292
4867.4179 677.7914
2616.4004 427.2887
1067.9083 604.7496
4299.7624 477.6991
7068.0939 383.2574
3777.1898 494.5254
5214.3532 494.2460
4357.7831 452.6503
4138.9105 541.2194
2227.5345 535.9302
3072.6566 623.6988
5892.0567 646.2492
5196.6313 565.8018
3685.2343 538.4927
3499.8961 629.0935
4304.8488 536.0556
3588.3540 423.1686
2444.4756 711.0626
5568.5895 590.9810
5525.7456 494.5643
3978.3717 543.1027
4756.8168 540.0091
5977.6819 575.9922
2854.1405 506.6480
3786.7511 354.8198
5546.0375 386.2987
7856.3987 421.2390
2204.4543 577.0453
5246.4005 587.7113
4061.0413 534.0003
2092.3222 645.3415
1445.2447 562.4698
3808.1147 452.8012
986.7712 560.2184
6300.9405 529.8759
2361.5408 472.6012
4898.3312 419.7588
1380.1455 506.6154
4480.4704 591.1036
4421.9514 415.4516
1909.7608 552.0203
5529.6231 476.7830
6576.4193 583.5424
4916.3215 443.4063
5731.9804 500.2819
2551.8640 603.6274
1178.2780 386.8457
8032.9432 572.4281
1888.1023 696.0126
6405.1562 473.1974
2763.2895 525.3065
3285.4713 477.1643
2919.2574 667.6846
5612.4087 433.5655
5603.1958 366.7838
1936.7468 483.8765
3566.2322 563.7098
5011.7447 493.9819
4370.4613 277.5570
1714.0286 466.3578
5717.9782 426.5781
2244.5426 553.9957
3211.8211 530.4273
1640.5105 608.0489
3898.6148 397.9237
1527.9583 671.7418
2533.0781 580.7978
1206.8432 646.7546
3913.5329 407.6097
4632.1551 482.3199
1865.3370 592.0174
3596.2142 453.1813
2542.9747 531.5875
5304.8184 497.5731
3405.5950 611.5186
3008.6123 572.6742
3124.9656 608.5001
2506.5135 554.9397
5463.2254 614.2341
7384.2144 460.8591
4327.7190 633.7180
4810.7113 596.4212
5617.4092 482.1545
7160.9845 460.1813
1469.1737 448.8918
3960.9003 417.0125
7984.6388 416.6186
2151.6732 545.1364
2192.7511 681.4069
6260.5009 359.1226
1426.3569 565.4633
5678.6688 575.8651
3899.0081 397.6766
4121.1741 639.6792
4768.6435 414.7785
3059.6639 527.8646
2465.6738 671.4123
5272.6252 425.7986
7359.8056 514.6238
6761.0532 469.6619
5670.1473 620.4744
3860.7861 404.3760
1956.6049 660.8841
3679.0352 493.6801
814.3945 596.9422
5812.0352 632.5282
5409.9771 609.0473
1961.2960 503.4889
1679.6772 531.0048
5161.5988 548.0645
1477.4232 629.2280
2616.9593 469.6205
3204.5719 485.8117
3719.2449 452.4869
3705.4981 308.6017
1849.1321 637.9102
4904.9172 334.9512
3331.1767 697.4725
1131.9968 599.4011
5145.7159 587.0075
4484.4172 610.2095
5147.5415 477.3033
5178.9899 514.7338
3318.5961 560.9500
4821.1092 563.6064
3405.0017 506.5745
1747.6076 633.2701
260.8561 534.1853
3828.1298 457.3883
1521.8672 585.6883
7788.2470 436.8926
2497.2929 350.6911
6268.1955 555.5037
5005.8089 445.0003
3251.9633 502.3495
2894.4204 484.0877
6239.6195 500.8554
3360.0424 543.6402
6303.2239 502.0930
2340.2841 442.1089
1793.3455 640.5152
3701.2214 568.1520
3035.1138 658.4770
3907.9935 505.7178
3040.4693 474.4972
6998.3602 451.2192
6162.4655 491.9678
1670.2984 605.4126
2733.5687 574.7760
4978.5560 655.8082
3520.6685 604.2671
2583.6836 575.7313
1675.6164 679.9087
5521.1470 587.9957
2624.9156 589.9407
3468.0193 536.1328
6425.1282 408.0899
4184.7345 622.5093
4508.3594 420.5245
3176.3063 487.1286
2530.9397 458.7769
7237.9349 416.9811
4238.0549 438.5381
4134.5068 448.1094
2871.2339 508.9449
5482.4484 409.3818
1119.2716 629.0932
4428.0727 448.4373
5347.6105 549.5174
812.3939 614.8899
4535.8741 464.9993
2284.2656 542.2668
3692.9159 497.5964
1266.1913 680.8189
1908.7533 418.2367
3529.9691 556.0035
4358.0769 595.9593
1297.0275 529.6830
2782.5706 473.8454
2074.1879 538.5783
5474.6025 440.0118
6081.5212 302.5935
3022.4143 511.1990
3271.6112 491.2487
1464.3485 486.5115
2969.0626 577.9844
4031.7051 517.7010
5235.2655 451.0578
8117.2806 486.1177
765.0761 557.2394
5237.0635 490.5994
4323.2381 485.4137
3125.5591 618.2944
1541.8550 506.9793
721.4207 582.7336
7530.5718 449.3512
6517.1774 321.0700
4999.2678 669.2185
4314.3967 654.4523
3101.9593 386.7847
3996.5266 491.7126
2648.7341 505.5840
4029.3830 390.0009
2009.5090 548.3787
2115.7514 616.1280
1184.1949 507.4378
3378.5257 674.9756
4062.3026 647.8455
3786.7672 469.0732
631.5378 617.0628
4586.0756 488.1645
8481.4905 446.4496
3417.8260 443.7752
1250.4498 532.4309
8400.6922 306.4705
2453.6878 572.0249
5707.4505 519.9457
3320.3276 501.4776
7336.1956 453.4340
3414.7889 579.0957
5032.3047 540.3560
4657.4305 469.2078
4768.0389 647.2652
6382.1859 525.2127
6535.3297 554.6869
3812.6008 559.6768
2543.4127 617.0211
3384.0875 508.6525
6335.7634 526.9820
1839.9434 584.0099
6988.6554 553.7758
1853.8908 621.8674
2973.5204 440.1642
1957.8263 567.9570
3726.2573 441.8605
3040.3274 549.6775
3496.8864 528.8249
5907.4502 561.2785
3630.2909 529.4864
3512.9163 528.3497
2236.2628 534.0116
6022.8857 628.1331
6125.0554 437.4929
3839.0621 451.2004
4586.8190 453.2794
1565.2307 504.2472
7302.6971 508.7765
2630.4918 408.2478
4348.2355 688.6540
4011.7582 457.7142
6040.6789 394.0154
3665.0048 563.1554
3974.8505 577.7156
6456.3134 437.6731
3796.4564 504.7517
2657.9823 625.5784
3675.6999 519.9428
5626.0691 425.5934
2599.7108 447.3671
8289.2714 470.0558
1852.9536 527.4333
3153.2530 504.3814
2516.3528 634.0794
3979.1324 623.6387
5448.0484 508.6426
1185.3747 436.1913
4654.4187 554.7597
5248.9749 486.6494
4390.3083 544.6394
2269.2850 623.3702
4906.4679 477.4657
3533.9746 513.7893
3754.1977 516.1692
2762.2690 578.7017
3119.8166 663.7933
413.0610 610.6500
7101.7577 546.2326
6012.8518 570.8755
3402.4004 552.3233
6341.2236 511.0975
2258.4099 580.4046
5135.6485 442.5834
6699.8073 558.6538
2060.0432 582.9060
2767.7817 665.8440
6681.5342 495.7536
3518.8609 486.6241
6326.9195 478.3745
3528.2982 457.4409
1813.3235 670.2828
3525.1267 412.2684
1344.6324 650.8028
2450.9334 571.6503
3076.4953 647.7963
1743.9302 672.9382
3719.7260 456.4971
1851.1129 532.1531
3519.9093 631.0819
5595.5380 355.5324
1730.0679 485.0837
3068.8261 330.0943
3087.9216 360.6367
3021.1161 495.6197
3932.2443 420.6458
2084.2539 586.1674
185.3047 593.0518
1480.7039 627.9996
1866.2573 511.8865
5457.6893 660.9915
2182.5339 439.1739
2152.1395 561.5239
1149.0500 406.1955
2377.3242 693.2571
3351.3243 500.9733
2771.8942 632.5992
5182.5970 578.4253
2445.8243 588.2970
4918.2636 575.7632
4078.5039 480.5920
2963.0636 438.7934
3585.3705 658.5676
3076.9267 490.4702
5345.8477 522.8517
6415.9550 589.8131
5059.1911 374.1866
2898.3990 355.0453
1935.1833 527.3060
1390.7739 402.1128
6506.7193 441.8678
1337.5348 564.0483
2154.0986 471.8460
3580.0159 613.6000
2060.1091 612.4428
3327.3003 482.3963
5079.7304 406.0077
2232.3572 693.4466
3525.0906 555.3448
6538.8298 523.5102
5888.7934 407.2531
4671.1664 487.7063
3609.1424 518.3404
5734.7209 664.6664
7588.3752 450.0010
2930.6279 558.3053
3475.4622 598.2569
6751.9128 523.6803
5168.9225 454.7660
4628.7113 642.7023
4671.6023 571.0018
1807.8823 540.8392
3863.3224 561.6017
2336.5925 629.4226
8382.0894 411.3751
4788.6837 570.3844
3176.5423 474.7419
489.9499 500.8936
2074.2170 556.3183
4745.5845 463.2953
6284.5084 572.8925
5066.8860 576.9540
1801.6047 519.4930
1888.2561 610.6601
1858.6106 508.1592
2859.9353 505.3608
1091.0323 646.8123
5775.9281 590.2410
2192.9708 517.5838
4086.4194 447.2838
3480.3003 354.4394
5129.2348 577.1221
3051.2084 507.5821
3788.7785 635.7258
3920.3743 465.5131
3391.5682 476.0884
6078.9466 453.8060
2323.4067 625.8354
757.8844 630.5168
4920.7067 579.6871
4300.4985 345.2924
6712.3195 390.4143
1888.1866 447.1528
3248.8260 557.4988
447.7238 481.1624
3415.1349 639.1789
3516.2516 402.3186
4422.2556 563.7134
6911.8633 495.0191
655.4611 613.3934
2542.2991 692.0141
6652.2962 384.1699
3852.4028 570.4768
3320.7296 386.1124
4083.5642 527.6189
3416.8998 507.2650
3146.4012 678.1355
4178.5519 608.5916
3452.8216 386.9581
8060.2989 429.6254
4832.5215 618.6627
5017.6097 554.2460
2207.0890 534.0442
6150.0427 443.8766
5847.3393 441.5174
2548.8363 531.9620
4074.8538 565.5293
5545.3398 410.4443
537.6743 642.4592
6825.7329 452.9895
4760.7131 451.2429
2753.5932 671.5031
4614.4798 554.4045
6401.2304 423.4275
5618.9271 662.0440
7792.1019 410.7849
1198.3893 415.6657
3131.1062 551.0356
4123.2430 493.7829
3365.0311 605.7143
1172.1469 503.2047
6309.9858 468.9549
6373.6356 362.6591
4082.8275 496.1361
2722.9952 436.3125
6333.7292 360.9653
5760.5070 433.2282
2684.3051 478.7749
6566.7214 472.0854
5954.6928 510.1073
4064.0629 610.7798
5080.7176 585.2688
4140.1498 509.6287
3339.6753 401.3832
6109.8447 447.8085
3153.8825 622.8949
4499.3122 456.6911
6538.9952 401.5622
2894.4634 575.6398
3381.2709 596.6714
4746.2805 565.9659
4411.6326 521.1498
3253.0589 512.2451
3426.4492 589.5509
1309.9288 573.9038
2993.6601 420.2150
6028.9755 377.1963
1154.8010 619.9323
2370.2647 543.6573
3603.1427 504.6097
2362.1849 629.3015
5069.7941 575.8101
2600.3574 518.4702
6250.3861 566.3328
1879.0687 584.7731
2898.3085 506.1020
4862.9462 391.1973
4632.4145 521.6921
1526.3486 494.7690
3353.5862 660.7725
1517.9099 525.4251
2228.4670 564.7394
4337.4340 461.8040
6511.7975 406.8003
2105.5183 585.9565
5989.9088 568.5808
5142.6534 644.4307
3779.9945 666.9181
5812.6500 430.9618
2781.1088 560.7948
2018.5663 485.6827
1630.5880 684.6102
444.7203 585.8026
2372.0056 695.0307
1751.3834 561.4166
8270.5167 481.2049
259.9100 609.0276
4588.0583 563.7687
6713.1128 562.1012
4035.6930 531.8869
3873.4407 649.2092
4863.4531 467.6630
8085.0506 488.6196
2440.0725 616.6784
823.9966 650.4215
4002.8227 483.8410
4677.8775 580.8063
3828.6807 573.9778
3272.3818 384.7186
2031.2129 596.1520
6557.1867 316.6587
1713.3293 610.6888
1789.0049 517.9295
2210.9426 571.2568
2857.6629 444.1269
7486.9870 432.3649
5123.5140 534.3120
2593.3394 503.5452
6094.3992 550.7251
2870.1498 439.8104
4530.7604 704.8890
2773.2464 380.8272
5628.2477 352.7289
2356.7392 435.2644
2371.8783 618.9209
706.3501 603.7151
2221.1075 677.1250
6717.0929 450.5053
4598.2563 462.8868
3456.1828 494.7492
1162.7367 670.1978
4672.7340 349.7908
5465.8411 369.7020
1042.1851 495.1321
6440.9225 486.1845
6655.7281 482.1602
987.9634 487.3201
3690.5778 403.4409
2167.0556 542.9687
2033.9793 475.6919
7247.2077 543.9663
1799.9330 571.3381
1296.7244 560.5933
3535.9809 467.7326
4296.8882 612.3077
3078.2435 480.9120
4951.8609 577.5409
2973.2428 575.5018
3820.2076 493.6405
1231.0003 508.2321
1254.6672 425.6646
1754.9923 556.4170
2525.4954 517.0530
2881.8407 578.0401
3221.8720 558.0558
4354.1170 447.3512
6167.8070 404.0094
4480.0871 664.0176
3039.4677 515.5332
1929.4476 530.0712
4103.9520 529.9417
4330.0199 497.3992
5719.8295 479.0240
2774.4927 430.6177
1196.8226 595.6320
1575.1468 660.5992
3198.4783 555.1394
3353.0166 618.6332
5371.3888 459.0221
6017.7364 405.0385
3743.9042 587.7330
3738.2527 409.9872
5529.7194 537.6941
4640.4769 550.8359
3110.6357 493.3691
3770.2897 570.8533
3047.3335 603.4565
4030.1731 571.4828
2894.2396 475.0651
2777.1081 607.0803
4197.8486 424.1826
4738.0488 529.7387
2186.5274 495.7255
6609.7065 440.5351
1276.3456 573.6908
4468.5505 323.9749
6998.4796 539.3642
4952.3824 484.1596
2476.1983 566.0418
1418.5819 546.5840
5498.3838 510.6667
6915.9162 485.0525
3825.0843 437.2903
477.7974 673.1803
4780.1044 635.8834
3913.1365 460.5829
4062.7329 499.5322
2177.9762 621.9077
5428.4057 623.7682
4389.2114 415.3509
1951.5563 657.3967
4595.3055 561.6347
691.8274 681.0538
2123.0355 657.8005
2863.8032 533.4293
3880.1649 627.6574
5036.1902 561.5543
2324.8724 502.5991
6681.6349 458.8320
6117.4710 465.6576
1345.1648 512.4782
2850.9927 503.0865
7323.0446 431.5550
3776.0154 575.5794
1509.8663 501.5669
4130.0058 559.2580
2350.2554 456.9434
4560.1871 575.8706
5544.7917 633.6937
2674.2468 374.3186
4676.8565 566.2321
4258.4322 573.9895
4879.5586 479.2682
5059.0638 566.4447
3904.6913 597.1782
1544.7832 617.3129
1993.1013 553.0450
3650.5367 400.3668
4932.6242 439.8596
1682.3222 616.0544
5534.5359 424.9627
3395.1403 453.3564
3024.7619 500.5900
1946.6866 434.4293
1276.4478 463.4585
5957.2639 505.1445
1558.4245 565.4531
3238.9401 469.6218
5150.7654 380.9746
6622.3967 371.6667
5114.4294 466.5120
3689.6081 499.9761
3542.6051 456.5272
4793.5625 497.0313
374.0011 618.9100
3007.0763 458.5783
4483.7114 515.9046
4026.2917 305.9133
3534.2103 399.6094
3301.6359 610.7656
1645.4075 615.6050
4576.3238 430.2659
1803.8969 525.4415
4097.9522 571.9655
3629.4139 431.9781
5476.3774 547.6621
2798.1449 496.0751
2177.3760 619.6629
5322.5984 510.1792
4117.3176 509.5883
6221.6023 517.2777
5613.6810 405.6192
3526.3725 387.8291
2859.3659 471.9763
5049.4495 550.9068
3464.9140 350.6487
2260.1437 534.7762
2402.7988 597.1637
4320.9384 405.4423
3220.1330 460.6607
5158.5675 512.7780
3295.8906 419.9218
1885.0805 636.2665
2317.5333 571.4305
1072.3744 554.4248
4960.2636 404.6999
7669.3598 479.6706
2849.0482 570.2112
1896.1224 626.4038
3817.4379 509.0419
3853.9251 656.8199
4767.7426 574.0723
3633.1585 466.7196
5511.4803 487.3553
1193.1517 540.9335
1285.8708 606.8126
3022.1669 626.8792
1805.3481 496.5766
1397.7572 585.7530
2812.8312 529.1922
3602.4845 544.2922
6346.2516 542.9585
6385.4255 501.1642
3371.2381 688.4680
2224.9766 629.2163
1762.3541 493.8098
2561.4005 544.4560
7036.8921 507.0628
2028.5413 673.1732
3764.7333 493.0714
3120.8684 652.8958
2392.2450 335.5025
3991.3524 509.1122
5731.0985 533.3328
1581.8276 630.3841
536.1597 566.7088
3220.6687 600.9222
4569.8945 447.5928
1265.2445 654.8187
1785.7993 585.0351
4183.7604 601.4686
2105.0208 580.6467
1095.2027 597.8100
4885.8770 475.1308
2659.3121 666.9977
4706.7414 576.6769
2451.3663 403.0298
5715.8575 569.0017
3468.0917 537.8200
1959.7429 383.6929
5926.0857 657.6832
2310.7562 437.5180
1579.1718 438.3337
2147.3609 580.0681
672.4984 686.8807
3938.5852 574.7806
2012.4445 618.5860
6595.0056 452.5207
1396.8459 525.4729
2463.1812 496.4735
6847.2861 360.3259
2525.8629 661.5024
4851.8437 523.8977
4975.8309 470.0047
6268.1779 391.8249
2925.0700 548.7115
7969.2683 417.7564
1572.8697 606.0130
2522.5507 507.7673
2136.5573 632.4726
1663.4709 643.2767
5592.0181 514.4384
1624.6148 629.0446
1060.7169 565.8039
2403.2572 563.2853
765.4621 629.2244
3524.0226 434.1253
1201.9553 630.2485
2999.0731 592.5372
6543.5041 346.6183
1482.4391 618.3444
6921.6027 561.8565
3401.2128 548.7549
4444.8183 318.0016
2130.9100 569.9061
2918.5294 482.7736
6965.9072 533.1997
2484.7499 560.8776
5600.0904 491.4832
3815.1970 439.3109
2512.5517 577.4798
2080.7880 365.8665
2212.0984 592.4478
4255.8015 545.3527
2595.8426 620.3018
3236.1091 578.0205
4840.1047 489.0167
2653.7697 614.9644
7096.6625 504.3337
3280.1487 531.3466
3345.8816 366.1988
2656.7261 593.1375
