-5.119999999999516 -5.0980976812388406
-5.119999999999809 -4.95881651568332
-5.1199999999994645 -4.781632706703439
-5.119999999997782 -4.815193507289059
-5.119999999998854 -4.868011784482553
-5.1199999999996315 -4.932253789539572
-5.119999999998638 -4.608237412909599
-5.119999999998399 -4.688540015372702
-5.119999999998725 -5.086599667448549
-5.119999999999802 -4.922417269661533
-5.1199999999976065 -4.805601957547792
-5.119999999999712 -4.798332401702709
-5.119999999999503 -4.820116038612053
-5.119999999999804 -4.717552361679276
-5.119999999997397 -4.753960883018642
-5.119999999999338 -5.031317367311961
-5.119999999998994 -4.982013201469846
-5.119999999999832 -4.879847605886788
-5.119999999999261 -5.0023957347589985
-5.119999999996972 -4.929828866023799
-5.1199999999983845 -4.806745290867517
-5.119999999997936 -4.855973750962789
-5.119999999997988 -4.86679534911198
-5.119999999999374 -4.642852552654792
-5.1199999999983365 -5.03566483125417
-5.1199999999962325 -4.720378170660154
-5.119999999999871 -4.831830717766908
-5.119999999999197 -5.113715993871396
-5.119999999998321 -5.1057671647752265
-5.119999999998861 -4.988776579678241
-5.119999999999636 -4.591595957868451
-5.119999999999569 -5.041277961825164
-5.11999999999858 -4.847965846735512
-5.119999999999322 -4.736935916555101
-5.119999999998544 -4.967047437822325
-5.119999999999232 -5.04092878042462
-5.119999999999106 -4.896399049810199
-5.119999999997415 -4.769806223470527
-5.119999999999841 -4.842146216708312
-5.119999999999678 -4.766724617522035
-5.1199999999997114 -5.025079136485974
-5.119999999999786 -4.989397879948314
-5.119999999999465 -4.983654644104986
-5.119999999999937 -4.9619760322173505
-5.11999999999916 -5.041209318277229
-5.119999999999816 -4.732868304353225
-5.1199999999995764 -5.009696537118006
-5.119999999998635 -4.732534017555823
-5.119999999999999 -4.852986989715409
-5.119999999999592 -5.030461117473331
-5.119999999999732 -4.823575101239299
-5.119999999999843 -4.614476515971767
-5.119999999999441 -4.966752842256347
-5.119999999999816 -5.061655218680116
-5.119999999998699 -5.108013675831786
-5.119999999999336 -4.941410248347763
-5.119999999999241 -4.601142372496287
-5.1199999999989085 -4.722800087400293
-5.1199999999984325 -4.77024180037985
-5.119999999998357 -4.693512467900547
-5.119999999999738 -4.7152820567378
-5.119999999999317 -4.850905719974238
-5.119999999999837 -4.902388005902204
-5.119999999998726 -4.846840596645336
-5.119999999999822 -4.815932043063802
-5.1199999999999255 -4.840490072419365
-5.11999999999961 -4.988830291589645
-5.119999999999012 -5.0714688414156495
-5.119999999998976 -4.918233254224579
-5.119999999998924 -5.068742760962058
-5.1199999999970585 -4.688946793875866
-5.119999999998496 -4.714239574466411
-5.1199999999998145 -4.702838554142634
-5.119999999999851 -4.9957817840667005
-5.119999999999161 -5.02492337087127
-5.119999999997567 -4.836748156431474
-5.119999999998759 -4.970941950248157
-5.119999999999752 -4.658394086815646
-5.119999999998705 -4.684376269203332
-5.11999999999944 -4.937929027501127
-5.119999999999695 -4.738869858853023
-5.119999999998436 -4.682678018090213
-5.119999999999845 -4.940978446355659
-5.119999999998406 -4.835012809713536
-5.119999999997883 -4.810924929661389
-5.11999999999939 -4.941701114791943
-5.1199999999997825 -4.605740521016191
-5.119999999999803 -4.811623170026356
-5.119999999998512 -4.986774901168975
-5.119999999999612 -4.800018262660136
-5.119999999999126 -4.920298312440211
-5.11999999999912 -4.873407619679511
-5.119999999998179 -4.874856902497857
-5.119999999997722 -4.600132746146631
-5.119999999999656 -4.9637903007605155
-5.119999999998995 -4.785123912176669
-5.1199999999990915 -4.737709456203049
-5.11999999999887 -4.684763314069759
-5.119999999999687 -4.6583191191297555
-5.119999999999438 -5.048796150555498
