-5.118150946978519 -4.951385516650282
-5.10151696104173 -4.89156724001746
-5.111005538013883 -4.582787786631099
-5.107602686175386 -4.762277155990032
-5.11199172252358 -4.964287919667552
-5.107871491661012 -4.909909660040684
-5.101072210518721 -4.479263410663052
-5.102148760015643 -4.72848531664548
-5.1037360876264275 -4.561935693849586
-5.117043606492687 -4.917740187162213
-5.089203473554653 -4.65393547537302
-5.088927838071434 -4.512254196687256
-5.101159088332794 -4.700795993462341
-5.0939898902414456 -4.952881115376327
-5.103973822308381 -4.985521981959645
-5.0966629621603605 -4.925142387603989
-5.101240470129806 -4.86842778736925
-5.119074324983533 -4.863460523120057
-5.098139235133763 -4.932134581035616
-5.102132571592371 -4.840995483910849
-5.117914825132374 -4.8244233155269
-5.114112600196598 -4.97458686989989
-5.1159174787766775 -5.0359107338715905
-5.1185877568926825 -4.861774527657019
-5.119071647983269 -4.771455816564343
-5.1036261550318525 -4.615667323495595
-5.115828925161132 -4.968274499664965
-5.1175271494596455 -4.880670938308963
-5.100405219005236 -4.7052147044625885
-5.110611717645062 -5.118198654189104
-5.108785718476555 -4.552436325199156
-5.115009583133242 -5.025875510731738
-5.1172464344078925 -4.6155620927723096
-5.097105080090747 -4.8488435406487245
-5.106803615912184 -5.080034538853816
-5.096225318728822 -4.32457614712873
-5.117333039862256 -4.922990366342249
-5.119960236066959 -4.741874328740304
-5.1180804969357565 -4.620232629303591
-5.090260765406313 -4.418624210823399
-5.11613985446335 -4.935374358836173
-5.109809634824643 -4.688399144974207
-5.114205846457049 -4.595611236836608
-5.1143093431221 -4.739984414781463
-5.106657321876611 -4.698119985419052
-5.113336512000142 -4.857932072948746
-5.102625800801207 -4.883946017737676
-5.113457875326699 -4.783610730999495
-5.117842615109202 -4.855473482214533
-5.115551020339552 -4.679869473288016
-5.115310027718273 -4.792585552040947
-5.1080157373036545 -4.599820109185785
-5.118903662089961 -4.7144950218601265
-5.080576774456084 -4.877176790760335
-5.099371281171667 -4.9165129768949605
-5.095485789485322 -4.835352710069426
-5.1154906645240175 -5.038066911363389
-5.115268714380526 -4.79698075754667
-5.1184772792302855 -4.918345125148785
-5.114966540322377 -4.690163796882376
-5.115045197646539 -4.909169244043715
-5.1032323271268805 -4.984700496836542
-5.107109591659883 -4.9490950204216695
-5.1116861231989805 -4.827565127412482
-5.117552937252876 -4.674355403028521
-5.119395154095709 -4.841001080954938
-5.106568801482185 -4.933317083724225
-5.112480170446788 -4.877691928473178
-5.102177966575263 -4.430565145839305
-5.11587927433176 -4.873474578360536
-5.112872882652145 -4.94998358695832
-5.111695214495825 -4.566275340335659
-5.117378456049817 -5.048781558804906
-5.099611893100257 -4.889917721760676
-5.108669888706606 -4.753112095772021
-5.088915824674732 -4.614989540732018
-5.111653961398471 -4.688799013050694
-5.0994915459966155 -4.634061199208441
-5.108297030617014 -4.998667977699416
-5.103960198751206 -4.797754348334729
-5.112203543739865 -4.976791879675619
-5.102960773300257 -4.775296859721879
-5.099688293736895 -4.692126005173381
-5.107242620236306 -4.723694673004254
-5.116057204028484 -4.854206246178618
-5.111873627048082 -4.8042395101013415
-5.1021750828572525 -4.573074025272135
-5.118942052752421 -4.919555127931405
-5.11263872441702 -4.931332449699571
-5.108076613260197 -5.068312158298097
-5.11715079162342 -4.876133820214321
-5.112472387456478 -4.839693997571427
-5.111652799880116 -4.690112220596825
-5.115976728280831 -4.657403407668738
-5.110806690501392 -4.93254155246343
-5.08726091671004 -4.838425259537553
-5.117946969351289 -4.837204016030797
-5.11046402431854 -5.059925833714061
-5.1155062380282725 -5.044629926064632
-5.113035419117464 -4.888097534137521
