-5.119999976608584 -4.92896815331402
-5.119999997397622 -5.04881249028227
-5.11999999145733 -5.091405423810542
-5.119999975722563 -4.766799584457666
-5.119999995158625 -4.592982629392463
-5.119999993551033 -5.0759336025224995
-5.119999986661503 -4.99583816966683
-5.119999995160422 -5.0298823281023015
-5.119999992534092 -4.957342504259792
-5.11999999352158 -5.014928530186001
-5.119999994079622 -4.855282217126329
-5.1199999980773425 -4.650157898445432
-5.119999997481434 -4.922713175680153
-5.119999977403513 -4.716154377202534
-5.119999985910041 -5.095418771630259
-5.119999988779926 -4.936145016994294
-5.119999976249844 -5.052315210528091
-5.1199999868819255 -5.014940847271786
-5.119999986473239 -4.59458587458181
-5.119999972815972 -4.588923591986742
-5.119999985301806 -4.976500893749829
-5.11999999762234 -4.906193846060128
-5.119999980149682 -4.711244747327507
-5.119999996199476 -4.773404801363485
-5.119999989162373 -4.863021014392739
-5.119999982629159 -5.016970965161693
-5.119999963108283 -5.086947581442165
-5.119999989450891 -5.003561683126927
-5.1199999784974075 -4.7732800212528605
-5.119999996548075 -5.044552385311681
-5.119999965892744 -5.040895620432337
-5.11999997851024 -4.765724795455653
-5.11999999068539 -4.874562676558519
-5.1199999759039265 -5.0387518294509706
-5.119999983336651 -4.883059617234405
-5.119999991257982 -4.949807584066898
-5.119999983901202 -4.990600809536538
-5.119999955301621 -5.007249780195147
-5.119999992130863 -4.956068991007019
-5.119999990559615 -4.760039988300677
-5.119999986223572 -4.7653827300314
-5.119999964154295 -4.930407614969235
-5.11999998361326 -4.748033750885913
-5.119999992374414 -4.94106278557235
-5.119999994809785 -5.028658584684864
-5.119999996567939 -5.004036857399981
-5.119999990164693 -4.967491173950659
-5.119999993020448 -4.824820991056416
-5.11999999266269 -4.977244359372042
-5.119999977811437 -5.074844846599508
-5.119999979531183 -4.592370757683744
-5.119999999171785 -4.935135715371207
-5.119999959483209 -4.697221421033495
-5.119999976074627 -4.787548366342867
-5.119999989461786 -4.70776212575114
-5.119999978802564 -4.857068198301293
-5.119999982783673 -5.08776191989789
-5.119999996724974 -5.0660175158148455
-5.119999996983996 -4.820884427270554
-5.1199999845059825 -4.765460916254536
-5.119999999100764 -4.861165402217191
-5.119999972521516 -4.882265627913067
-5.119999995121237 -4.803061218655937
-5.119999974993931 -4.696434483604046
-5.11999998419993 -4.855597615199655
-5.119999971701024 -4.76117797398275
-5.119999976845671 -4.9228898543786235
-5.1199999817808255 -4.973938499536601
-5.119999992355847 -4.97806983870669
-5.1199999778961285 -4.837698767613514
-5.119999995351197 -4.826756784968287
-5.119999987994067 -4.917726977328551
-5.119999996427607 -4.954334197462003
-5.1199999955652515 -5.04150855636059
-5.119999999200006 -4.608527801299451
-5.11999997778792 -4.659886966641308
-5.119999972952842 -4.813341659791089
-5.119999998863722 -4.993236149380168
-5.119999965650301 -5.038987532341029
-5.1199999960488025 -4.967051700822973
-5.119999958494821 -4.874227289777387
-5.119999999991315 -4.7415636058976975
-5.119999997255514 -4.907073642316911
-5.119999996089213 -4.814953673717119
-5.1199999799931035 -4.675024872504562
-5.119999987969262 -4.967018826072133
-5.1199999879568665 -4.701035588866333
-5.119999974985569 -4.822610724086543
-5.119999986967457 -4.82075632750505
-5.119999963010578 -5.076467430759886
-5.119999987663517 -5.061796529022569
-5.119999993829394 -4.971435550759989
-5.119999993573934 -4.874856902497857
-5.119999996865525 -4.86128325366222
-5.119999976456771 -4.762442978329721
-5.119999971352106 -4.980219053469591
-5.119999999801696 -5.011343625071437
-5.119999992556502 -5.031327839545163
-5.119999999172192 -5.055885393389197
-5.119999983999544 -5.010336320174009
