-5.119998643968849 -4.92896815331402
-5.119998910299999 -4.857724847290871
-5.119999311791762 -4.873815823347247
-5.119997345372536 -4.745234209933697
-5.119999543697416 -5.039755297695308
-5.11999960756887 -4.856487714041059
-5.119997505384161 -4.6054675622644465
-5.119998592369738 -5.065035417211568
-5.119997473895821 -5.08994384004067
-5.119998406121166 -5.039196564409191
-5.119998344785014 -4.977057349134756
-5.119999249546182 -4.843392083754889
-5.119997879723243 -4.838985206881516
-5.119996407661988 -4.856037969753196
-5.119999249929126 -5.047880242475793
-5.119998165731609 -4.98619386548736
-5.119996456478216 -4.672679187481203
-5.119999140860303 -4.957753669674078
-5.119998372008958 -4.904691167901307
-5.119999672269877 -4.7984712464763835
-5.11999804481643 -4.939622364434986
-5.119999657875306 -4.616233796622716
-5.11999942334913 -4.69894436162656
-5.119999360087468 -4.991007895954932
-5.1199989650026865 -5.095680608891548
-5.1199991983300155 -5.021444502981396
-5.119997507663406 -5.007985999914867
-5.119999101542211 -4.796574462118267
-5.119998888091578 -4.961820634558867
-5.119997820518645 -4.998556221544828
-5.119999023791872 -4.844513290094577
-5.119996531539456 -4.936893259134735
-5.119999326982365 -4.9140402351021795
-5.119996660565821 -4.809998095809069
-5.119997883356266 -4.79036596157386
-5.119997989251083 -4.847889033411398
-5.119998988694866 -4.835887909325569
-5.119999413577943 -4.839827013351751
-5.119999590958283 -4.992558898969736
-5.119999514034818 -5.051886379877023
-5.119998932495947 -4.837533532679594
-5.1199996605191185 -5.017433681567133
-5.119998549744049 -4.8106423048541345
-5.119999921629692 -4.843046719211843
-5.119998348775146 -5.0265558027063175
-5.1199989529137095 -5.027486520448833
-5.119998590004068 -4.7358452928046475
-5.119999540368906 -4.824820991056416
-5.11999803989791 -4.682055044720346
-5.119998789470502 -4.9451993067820315
-5.119997556821385 -5.115156610958383
-5.119997327332522 -4.935135715371207
-5.119998271161142 -4.720262127124774
-5.11999887523985 -5.002723047863835
-5.119999151526166 -4.741052776627533
-5.1199987991724045 -4.953657090220409
-5.1199988869057025 -4.861697060933092
-5.119997609109593 -5.087413249793396
-5.119997603115214 -4.902231664197812
-5.119998385850212 -4.906945175108838
-5.119999992534046 -4.861165402217191
-5.119998279748738 -4.763615405139772
-5.119997997995686 -4.697719070889498
-5.119998857955189 -4.97915700446714
-5.11999785409394 -4.728215132254938
-5.11999804876658 -5.097761727115731
-5.119999168264404 -4.689213905677505
-5.11999781680035 -4.699919050592138
-5.119998618041961 -4.932343853235258
-5.119998826158808 -4.93817551461739
-5.119998748868062 -5.109333289653099
-5.119997898302914 -4.75343526572942
-5.119999212622204 -4.8022697562588
-5.119997662105136 -4.959408248856094
-5.11999814747641 -5.07730248805929
-5.119999565505349 -4.87860883762394
-5.119999891350933 -4.931404205492827
-5.11999781784523 -4.651870950837292
-5.1199965955375895 -4.64963046562599
-5.1199977182939165 -4.807975422595781
-5.119998702487882 -4.99281285480713
-5.119998808413916 -4.58934809511779
-5.1199998756396035 -5.0290206857357145
-5.119998574408465 -4.986881697612175
-5.119998000361351 -5.063665903236705
-5.1199978892635425 -5.010435477013999
-5.119999160827778 -5.0381044835118685
-5.119999781984845 -4.89553423373929
-5.119999464171156 -4.932689353375551
-5.119999887761425 -4.665203376085015
-5.11999799573181 -4.877955611606884
-5.1199986409003895 -5.0204593021113615
-5.1199977037439535 -4.949453843993529
-5.119998944099255 -4.678592604279607
-5.119999104380817 -4.909953917325493
-5.119996950755327 -5.075891224382099
-5.119995589315107 -5.011343625071437
-5.1199996984341585 -4.949139283921156
-5.119998375226629 -4.82632198529255
-5.119999089039675 -4.888459517959211
