Raw 13D
0.007615384615384615
0.008153846153846154
0.008076923076923077
0.007692307692307693
0.009
0.008615384615384615
0.008692307692307692
0.008769230769230769
0.007076923076923077
0.008769230769230769
0.005692307692307693
0.0034615384615384616
0.008538461538461538
0.007230769230769231
0.006923076923076923
0.007692307692307693
0.008307692307692308
0.008461538461538461
0.00676923076923077
0.006538461538461538
0.005076923076923077
0.005692307692307693
0.0073846153846153844
0.006846153846153846
0.005
0.006461538461538461
0.005846153846153846
0.0063076923076923076
0.008846153846153846
0.006230769230769231
