Raw 2D
0.001001001001001001
0.0
0.0
0.0
0.0
0.001001001001001001
0.0
0.0
0.0
0.0
0.0
0.0
0.0
0.0
0.0
0.0
0.0
0.0
0.002002002002002002
0.0
0.0
0.0
0.0
0.001001001001001001
0.0
0.001001001001001001
0.0
0.0
0.0
0.0
Raw 10D
0.0
2.002002002002002E-4
0.0
0.0
0.0
0.0
2.002002002002002E-4
2.002002002002002E-4
2.002002002002002E-4
2.002002002002002E-4
2.002002002002002E-4
0.0
2.002002002002002E-4
0.0
2.002002002002002E-4
2.002002002002002E-4
2.002002002002002E-4
2.002002002002002E-4
0.0
0.0
2.002002002002002E-4
0.0
2.002002002002002E-4
2.002002002002002E-4
0.0
2.002002002002002E-4
0.0
0.0
4.004004004004004E-4
0.0
Raw 30D
5.338672005338672E-4
6.67334000667334E-4
6.006006006006006E-4
4.004004004004004E-4
6.67334000667334E-4
4.004004004004004E-4
5.338672005338672E-4
4.671338004671338E-4
4.004004004004004E-4
5.338672005338672E-4
4.671338004671338E-4
6.67334000667334E-4
4.004004004004004E-4
5.338672005338672E-4
4.671338004671338E-4
6.67334000667334E-4
1.334668001334668E-4
7.340674007340674E-4
6.67334000667334E-4
4.004004004004004E-4
4.671338004671338E-4
5.338672005338672E-4
6.006006006006006E-4
4.004004004004004E-4
4.004004004004004E-4
3.33667000333667E-4
6.006006006006006E-4
9.342676009342676E-4
4.671338004671338E-4
5.338672005338672E-4
