Raw 2D
0.7585
0.773
0.7815
0.762
0.7455
0.751
0.7515
0.761
0.756
0.7465
0.7665
0.767
0.7425
0.7595
0.7665
0.752
0.7575
0.753
0.754
0.7605
0.751
0.751
0.76
0.757
0.759
0.7595
0.758
0.7575
0.7465
0.758
Raw 10D
0.7971
0.7311
0.808
0.7607
0.7357
0.7607
0.7115
0.7179
0.804
0.8654
0.7935
0.7703
0.7621
0.7629
0.78
0.7468
0.7102
0.7515
0.8056
0.7912
0.7644
0.7411
0.7708
0.8333
0.7432
0.8013
0.7444
0.7673
0.7452
0.8166
Raw 30D
0.5385666666666666
0.7001666666666667
0.6961
0.5866666666666667
0.6126333333333334
0.7182
0.6860666666666667
0.7330333333333333
0.6256666666666667
0.6493666666666666
0.6897
0.6662333333333333
0.6530333333333334
0.6671333333333334
0.5968
0.6614333333333333
0.7230666666666666
0.7334666666666667
0.6164666666666667
0.624
0.6121666666666666
0.7048
0.6824
0.6920666666666667
0.6375
0.7081666666666667
0.6610666666666667
0.5849
0.5757
0.6962333333333334
