Raw 2D
0.9701291560322898
0.9716917409229349
0.966728817182204
0.9673554738388656
0.9631378477844628
0.9693184493296126
0.9687849936962486
0.969432395358097
0.9669497597374398
0.9668834777208702
0.9710545362636318
0.9672744723186197
0.9657442559360622
0.9652235698058939
0.965164241791063
0.968607858651966
0.968274696568673
0.9684407511101906
0.9681061055265255
0.9664815451203854
0.9654569443642343
0.9683980775995208
0.9671619482904874
0.9676817059204266
0.9664370341092605
0.9680830055207519
0.9682040795510195
0.9666973576743412
0.9672601143150306
0.9690087757521954
