Raw 2D
0.704
0.698
0.6965
0.7095
0.7065
0.698
0.7025
0.702
0.703
0.7015
0.709
0.717
0.683
0.7265
0.712
0.704
0.7015
0.706
0.703
0.7005
0.7095
0.703
0.6995
0.708
0.696
0.7085
0.69
0.691
0.6915
0.7055
Raw 10D
0.7377
0.7672
0.7496
0.7886
0.777
0.7764
0.7936
0.7619
0.8586
0.8194
0.7681
0.767
0.7891
0.7664
0.7631
0.7337
0.7934
0.7335
0.7058
0.6936
0.8319
0.7118
0.7806
0.7365
0.8167
0.8136
0.7453
0.772
0.8025
0.8604
Raw 30D
0.63
0.7452333333333333
0.6762333333333334
0.6960333333333333
0.5661666666666667
0.507
0.7133333333333334
0.7096333333333333
0.7472
0.6825666666666667
0.6790333333333334
0.6753666666666667
0.7442
0.5984666666666667
0.7194
0.6386666666666667
0.7217666666666667
0.6623333333333333
0.7159
0.6805
0.6309666666666667
0.7544
0.8145333333333333
0.6310333333333333
0.5536666666666666
0.8029
0.6630333333333334
0.6297
0.5896
0.6491666666666667
