# FVC 2D Coordinates
111170616671217.1600 196.3338
247576904197638.0600 1813.8592
388475377848385.0600 538.1467
33807408884942.9920 413.2760
42356147457001.5700 1405.7461
326207459409409.6000 441.5411
72615185578715.1600 546.5539
498637971993131.5000 1445.3487
45552350346902.7660 1072.1288
167634566142348.7800 41.4604
444409739270469.9000 1436.3039
324710130023736.9400 1588.3410
257273553543465.9700 2344.7240
158087329976819.2800 354.0955
200184655628794.7800 257.5541
16594170883238.3950 761.9040
363372326839900.9400 05.3027
11914964468400.7680 560.5524
240330522759500.5000 716.8259
296907406671505.3000 1357.4703
70844736692880.0500 127.7309
256118567751198.1000 06.7366
106637557879292.5000 440.4441
28750769972057.1250 131.9307
42200561259882.0800 135.0493
363186346866701.6000 1561.7997
113018172647884.4800 92.2806
114823034137734.7200 1314.4339
12731310530052.1040 1636.9345
307548561101200.8000 24.2738
85402288361946.0300 1681.4900
225941546655196.1000 545.9582
8967432905081.8960 546.1431
309014184271107.7500 551.1706
39854364532997.8500 638.3480
12443123748410.0140 364.6943
412555243934893.0600 936.0088
39990539429849.0100 549.6324
357813992779930.9000 1225.6408
217565120268688.7500 268.0552
391286527773270.0000 856.9582
245431102002838.4700 1698.6509
39451193426491.0100 545.1944
11396439158136.6560 793.5789
17001939372504.3730 943.7632
93275651203604.3100 963.0975
326173301351187.2500 547.7593
18977569924042.1300 46.2438
334443546964086.5000 38.9172
56008238180760.2340 481.6308
112536852779714.7700 08.7497
59929148561062.4400 1930.6792
557394770992471.5000 2542.0482
95103456661952.7500 683.5253
46414465406404.2400 268.7438
57042447030300.4900 818.2413
19199075496242.6840 1894.4995
98746758645136.1600 884.5876
193538649746076.7200 957.2977
83244513547999.0800 189.8134
70713324096562.3400 317.2972
311009962604718.4000 979.6095
476274745883432.4400 1881.2762
26792092480044.9020 1134.5120
58092021025002.0500 1465.8426
26899670420020.2230 479.0463
429208128288873.7000 463.0996
173299960436900.2800 326.1416
19918687405422.9340 103.9675
22346907142030.5230 1311.3984
20146529077089.9800 07.7209
171310636783073.4400 622.6947
120007780840738.4000 535.4336
52382617797151.0500 978.4785
48992717755702.7000 556.6164
467523797442154.4000 1161.5405
54131791734283.4200 336.7956
277151212050921.4400 170.8348
207914098445922.4400 1357.9462
349506233413764.9400 520.8906
54453002906319.5300 2043.7638
310924889850031.0000 1335.1477
466008253840096.5000 525.8705
399292130972682.5600 765.6376
72923574151038.9400 84.2320
392188123945717.5000 113.3317
202533968286726.8400 01.8599
382763464458165.5600 1071.7755
100498247979606.9800 993.8493
87754052925943.3100 76.5493
198457367803434.5000 797.5553
240982512487109.2000 785.6857
406520738348005.6000 653.2697
493993838529549.0000 935.4170
22147085104518.8600 707.2145
263604153139804.9400 1387.3489
379431256273114.8000 70.3346
148937346042671.4400 1478.7982
222260530507957.7800 79.2209
309436882712312.5000 2520.1891
46425453365731.9700 520.1647
428022079380902.9000 954.5769
410461663392910.7500 747.3032
9671106311537.3200 401.4939
28514067800668.1880 279.3562
13190668047138.9590 187.9586
242251359148076.3800 982.8091
70396914619749.5500 843.8103
75515063837839.8800 394.6583
486817010908945.5000 541.1159
304674141043037.7500 201.6898
12383946897628.2290 594.8177
44306774597094.2600 861.0117
31899643713084.0940 246.9268
381770266458226.4400 606.1516
98791400497558.6600 1038.4736
272959243248475.7200 1021.2094
224599302981816.2800 470.5853
169099722295738.7200 1299.3918
104390772430150.1600 1391.6819
238211559098455.4000 239.5179
563527572035833.5000 2223.4814
24656574446805.5550 1235.8895
12299932890984.2520 236.9423
207192927709082.0600 90.6272
250342683159686.1000 1473.5425
50137965519957.6640 931.1141
94561396500669.6600 1120.0679
57485319733061.3360 1060.4384
42822096743516.0400 1018.0067
504251993360427.9400 184.3880
141481075820929.7800 1438.8648
48998395322922.4450 871.5293
90548657004811.5200 716.6727
165987988986009.7500 1960.6037
33073102727190.6130 818.2245
15966538766063.8100 493.6186
36825421110917.0700 230.5400
231618517235703.1200 273.2353
133963260439172.9200 541.6385
53200163331121.9000 1004.9446
85948283791727.6000 1110.2832
26752814556888.4770 1779.8077
63934400133026.0550 197.3896
169271502666692.3400 452.5238
459251309709351.2000 875.8185
257656470120258.1600 1120.8211
180853867125687.5000 79.4957
153264660176890.7500 1133.5248
560869251612098.2500 1383.1954
26318896603466.0600 1018.1858
43883978876476.1250 872.5776
15748344686572.2930 269.8183
451845790152159.7000 1367.1457
131023702188688.3100 1725.2205
301943281553422.4400 2543.0333
84677360309757.2700 283.2137
71481104097593.1600 1875.8608
39237515610989.6200 219.3025
128863616367015.2500 1080.4179
24098480920657.7400 1280.4201
13239606185031.4880 1629.7439
369184705168620.9400 279.2848
231486982595481.5300 1012.5099
10495627208083.3360 399.1000
528419047608435.4000 1737.9229
469122201459750.0600 1213.3099
53176197934726.1400 348.9453
369636285876099.9400 1923.4152
117035237298580.1400 220.0195
47443354935558.3750 1082.6531
166317339403035.2200 373.9953
55014646941383.2300 456.3205
53291297469575.0550 199.2790
173426660136798.4000 686.7891
310565696769156.8000 2180.4185
115558337641454.8900 1589.0486
159953818634638.3000 254.7507
412435191365929.9000 1112.4348
18276275062183.2540 249.7620
466917069999659.6000 555.3537
15826136367450.3120 1074.8716
264380526179481.6600 378.3836
154148098988222.7200 1268.3348
526039597272479.2000 1210.2485
30257756664665.2500 443.5304
11693158768261.6720 264.9861
186712842577744.4700 945.6615
279748683215718.1600 1059.1274
377052113027060.0000 871.7893
253136489708117.0300 386.3256
14191154217465.4960 772.0398
215069789100052.9700 771.4237
485532608247681.9400 584.0687
114845148582753.0600 1144.2501
184167546825457.7500 1000.2008
148416296245404.7800 90.0602
331573310901559.8000 1555.0711
8862238634143.1000 1146.4759
8636290287880.0070 1378.0097
360163341336845.2000 2017.5733
217874937412004.6200 957.5623
193124613740341.9000 36.3202
143942706411922.3400 535.3962
27549961563099.2540 1346.4515
42363243821644.7600 100.8223
357679497080953.9400 1685.5377
233180466156048.2200 1491.9972
263794158100584.2500 2026.4142
519309547615574.7500 565.2685
381391027065268.7500 785.9576
239010647511309.4700 1575.1486
261995663978436.3400 1676.0333
30597025723607.4570 568.7357
33197001257974.0660 05.3901
205316068117757.2800 448.8010
15943028938027.0780 135.3635
473659586325651.1000 1602.8669
41238243634034.1950 379.6469
141783080530360.4400 1718.6840
87361967128542.7800 428.4739
100862129470626.4700 11.2271
165345695687280.0000 658.3842
394548230722362.9400 464.3139
76425385824138.7000 1573.9294
442774977998581.7000 755.6920
70451051256304.3400 330.8428
22919206634110.3000 96.3475
104165581991557.2300 595.6668
14425256319628.2950 501.5086
208536457207715.7000 515.6607
63836307017684.8100 331.1792
106565279999938.2700 1009.9073
137917566679236.7200 501.9814
43199916519328.0900 931.7845
8798195889636.4180 388.7787
110377912043474.6600 930.3142
34491359191353.1500 667.4251
466803685158733.5600 18.3482
111252902513043.5200 1665.0706
468267626213568.4000 1586.2543
275474443172618.8800 2139.2831
186622076659583.6000 1389.8305
473493322524001.4000 153.5897
10335260561583.7970 1405.1523
55371446086011.2340 1143.0505
92758258301754.5300 95.2150
151247198115229.2500 1048.3717
371355267973050.6000 466.0525
11250620929821.7640 1378.8790
41171969289259.5860 1002.9078
106950257337630.8300 685.0315
207092473673367.6600 603.4335
251492620607440.8400 773.4662
28867023923239.9100 1773.9559
22037381509458.4960 1193.8018
64236659058477.7500 178.0527
275691379782701.8000 1111.8356
145942274474057.7800 1529.8333
41336561013882.2700 1038.2722
16116310733093.1780 285.5574
142684204661287.6600 1754.4370
275942262967160.0300 1970.0992
160894664051540.7800 1678.5936
108515925551821.0500 1600.8123
179418406568820.3800 1125.2239
73983253330890.3100 1465.1013
444040678521604.5000 181.4254
429296164180531.4400 603.1214
32834431885612.4700 943.7361
136045035157329.9200 402.7372
83519157238476.5200 175.7916
355439093179382.9000 193.8360
42681022649295.8500 1209.0505
459920815238323.2000 432.8504
465469906989465.0600 1479.9992
44806831815560.3800 786.1772
503792590180766.5000 581.5783
66484673414293.7300 1353.9781
427490324965742.4000 05.8817
166895047478506.4400 1814.6901
12917022963528.7090 134.8068
473731433691588.1000 1279.8713
16811837299591.9360 983.5954
79545488726832.8400 151.0637
17381345155907.0800 761.0562
147894721180189.9700 1438.0235
69512403976616.8300 245.2494
60833759328485.0100 383.1893
334511628002705.1000 431.0808
553019078446782.2500 2246.4778
431084197231355.5000 839.3459
357213874154245.8000 1339.2233
88257123204564.6600 624.0581
81824634384443.9400 1093.1193
376229157379444.9400 356.6887
24123871561324.0040 196.0059
453359769642585.4400 1583.9919
21509326199367.8400 778.6795
76404211974605.0000 1246.4763
107621087371391.2300 494.4718
19356312294718.7700 574.1469
26163525915434.2300 1687.9131
67123193778368.5200 2071.9314
167629333530817.6600 290.3084
58752839146272.4000 209.1521
112687703533065.2800 1253.5102
23005176073440.1600 397.4311
194948877947301.0000 293.2390
461489033323584.0600 07.9739
70931432548377.1200 70.6478
144397316022772.5000 2006.7272
456675352731797.4000 572.1337
486217386948417.9400 1998.4158
42206752735683.0700 1389.4587
210554938580164.8400 710.0103
188020526434003.6200 1451.5432
379185642257867.4000 665.5489
275241617228843.2200 323.3409
11433012082035.7400 1106.9484
30263742458069.2460 637.3089
326051105772795.3000 1249.7099
315419591552423.1000 1686.9776
281502611740229.3000 1738.5778
87870579663414.0800 562.2547
15947018223729.0180 886.1021
66768364970845.5300 1775.2257
9809926700661.0980 521.8595
234667665653817.5000 974.3637
292109340936116.7500 535.8021
449807303462357.9400 414.1478
122719598194930.0800 1013.6761
466917516691088.9000 1424.5785
105574465825997.0600 1493.5526
111823530241445.3800 1592.6673
185632178133343.1000 661.0651
14111442397011.2560 798.1687
553886131758553.8000 1632.3605
70425039608622.7200 1645.9745
31538047256717.1000 1284.2999
39372317654446.4400 1037.9217
19895909255532.7300 263.7359
165270232653263.8400 1507.5730
146440117744392.4700 1697.4762
454961656662228.8000 1553.5591
348911577425789.1000 1802.8570
176005657526143.6000 175.4362
265766879174147.6200 1653.4928
171969732040270.7200 210.0458
263389485067226.9000 444.9994
14592009479937.8200 819.7715
93085345948236.1900 04.5648
17246349807147.1390 06.3749
143759555056440.8000 1322.2738
122728528888605.0800 1252.6239
11014990119458.3030 1072.1751
34703487133492.2420 193.0891
437021645399713.5600 1407.8716
26219749070759.5600 2014.0725
95580678204495.7800 427.4904
86004171682141.8000 469.7270
143702168502117.3000 1796.1485
175475519726206.1000 2128.4464
11285271844210.5200 19.2765
428503500515809.0600 980.8409
32626181235706.3670 1151.8936
144030821144978.8000 1964.2936
223959850436186.8400 967.6622
14814331923943.8520 256.9266
51891773438031.0300 395.8628
32405254939497.0700 923.5368
176098099623446.7200 1745.8324
118022193793825.6200 1310.8589
59207466336074.4600 267.5536
17982957105332.6760 438.5090
333702321935066.0000 1071.7470
108867089961367.2800 427.3194
326898915225977.0600 1658.5234
536181004981571.8000 2452.9094
554374499434609.7000 2860.2170
25440755662077.1900 597.6952
341834842286665.7500 608.8405
95164362135051.7700 895.4399
93779390012362.0500 613.2325
362843300345121.5000 1536.5083
331865685813423.2500 1847.0669
90143521351001.4500 158.3603
40333742698904.8360 341.6640
110282528249459.1700 355.0220
553577035881834.5000 654.5467
141905974649261.6000 197.1992
301519465195157.2000 466.7437
17161831761130.8600 247.8171
131616880293340.5300 1560.8192
454145139086017.7500 1395.8421
39165558979057.3100 1449.0827
38595138552699.1700 421.1801
119080471578269.8000 1895.5426
23666894048084.0900 46.1040
546488565674473.7500 1566.8886
232530185020321.4000 355.0817
22274038410719.0270 1691.5197
119470126382785.4200 352.2163
151643201427914.4700 1101.3129
55427796762032.6250 40.0073
524359046261201.5600 233.2534
51505348584103.3300 54.0759
406497075392776.2500 418.1698
151444427340345.4400 1706.2899
254767096641754.4700 1400.5891
55400380232416.2400 1657.1421
8802881787934.3240 138.8559
10637802617606.5740 1220.6128
46599506735484.9000 1132.7075
166035097114139.1000 405.1123
45215323671664.7600 212.7772
15747270866333.8300 992.9137
8698662013177.5690 1195.1787
367609036304584.5000 427.1746
9594962679262.2340 118.4002
187759910393894.0300 70.3680
9754145170235.0660 943.0561
174560668312847.2200 1449.1650
238210413118807.3400 1011.1905
33411947840873.0300 652.0352
159339846415102.6200 293.1857
175553014194758.7500 378.3400
237784227115811.4700 670.6685
60865072118236.4800 36.2827
107582099578661.4500 1577.9250
13184232724405.4510 24.5207
277214265765902.2500 2115.5215
129144261572306.3600 1024.9484
505328904598164.0600 1753.1205
422295862589017.8000 578.6438
291824570862853.2500 383.9721
102230081853803.6000 1278.1799
414941187242025.5000 1633.5295
18382300417777.4200 491.5178
305561247662145.6000 872.5515
118042942483718.5600 1726.2413
504122247843011.9000 479.8654
321092567101711.0000 940.0231
8850435979034.2500 695.2843
10753275217543.4840 247.6623
27636492049863.8900 151.0918
73845242526564.4200 620.4360
56540843115790.3400 101.0775
247514003665483.4400 1422.3787
11842164688894.8930 241.6384
53952413751395.1950 1887.7589
303945800747219.9400 39.6782
144802256586288.6200 433.8788
514616815270763.7500 2602.2059
24979185200562.9200 435.0203
283123514141371.3000 405.7930
39200419593131.7600 1082.7581
9723138400570.7620 1393.4003
335268909479484.0000 172.9239
8945146777351.8320 1413.7898
56818214471917.0600 1310.5509
11589957351675.5100 502.4170
51117571646904.0200 903.3673
243546374583539.5600 275.0449
564089374082368.9000 1026.9880
146010699350830.6200 05.3047
96401093890399.9400 1205.4400
21884458674752.2070 1961.8743
306894071312647.6000 822.8909
21698554205339.8200 471.3764
51045403155432.5160 1439.9763
290912311612562.4000 996.5773
36480898713460.5700 900.1859
28751419577443.3950 789.4741
13800908910924.9570 757.9061
226509796945043.8000 958.4655
92231279577461.0500 570.2522
33593384414013.0550 1566.3687
16582702159568.6430 67.8630
415196237664641.2000 393.5800
10265349377217.8670 1286.2907
17099376136251.0180 1155.2670
554944300448875.9400 1768.6976
207970436687007.8000 120.2707
429084003780310.7000 185.4911
458051058083548.7000 132.4063
9882440103841.9060 1158.0903
16386167631079.8520 1298.7050
494679765819204.4000 1532.5619
60689741485282.3750 1078.3533
47723500891865.5100 1196.9847
185262256869999.3000 1423.2865
81886585446060.2000 187.7757
203432906562998.8800 638.6605
104776125071931.4400 923.4161
457388655237359.2000 235.0813
196537747209073.1600 231.8423
439147956805547.9000 158.5308
507307164338358.6000 444.9792
223305224951732.5600 964.9175
122686374514665.5500 1718.9109
319383120594117.2500 1990.4612
293613904450385.1000 2571.6731
15562544364544.2440 1267.7308
198995014950907.3800 436.3499
30082036689741.3100 1585.5040
156214024474928.7000 436.8118
522620753696185.4400 205.0937
33777688250106.4100 457.0221
137100235374986.7700 1773.4713
231454682668605.2500 1374.9346
516670752372092.0600 2020.3347
14866711199718.0060 1005.5655
69884539153245.2200 1379.0395
394429518752349.2500 813.6609
29816609828700.7930 56.5074
53190910085561.7300 364.9633
383866108994689.0000 1104.2107
34282509247849.7660 838.3998
44697424969173.7660 1515.2643
189295147533357.2500 409.0804
11604380538245.9570 1353.8781
261311115033390.5000 1737.7943
196293551090285.0600 265.3842
21797973324497.4400 227.7681
15944060310844.2560 1066.3662
526678441031153.1000 2229.7155
137881209184135.3300 1372.9605
65194292609842.6200 1785.3905
418225909298164.5600 1349.2026
29105173429267.8630 958.8093
26646381685433.3800 1218.1670
142818433307967.6200 1018.7738
221290709098942.9000 289.1630
319605907450133.7000 1003.9167
322803593868397.0000 1986.5242
329089142609561.3000 61.0910
187629658376440.2000 141.3913
346354106398696.5600 1304.7454
321746686630827.5000 697.4738
58625554169927.4900 995.8111
122467861611303.8900 1910.1637
17430938083604.4630 864.1060
13184684439985.5250 916.2764
495603664372282.9000 2631.7234
403803167655867.5600 999.5203
13243945066861.1200 706.3649
22258311682677.6840 1373.7621
290369003557846.0000 2612.0894
82691602454070.2500 60.1991
71061937620499.0500 113.6977
11191778226402.5180 766.6688
96212772478333.4000 303.7470
69695247199241.1640 38.5661
9846233064088.1170 159.3412
139129290231653.8000 300.8104
238055354490931.5000 766.9466
39227830796147.0900 841.1220
60076042895514.6500 00.7683
171464277500228.7000 32.3190
243309062755976.4700 1419.8154
17008024290858.7600 207.9124
29447989022818.2400 55.6424
10733875724767.4530 1472.8521
277625809655041.3800 68.9415
26535158016071.4020 267.9067
66136660683868.2300 689.6385
128458909354965.9200 557.8538
42814278244013.4200 453.8917
304139078945250.7500 2035.4379
201369060004727.3000 385.7312
433181030076757.0600 903.5081
557830013518155.3000 1307.6342
116082706257997.6600 526.0958
128512516805334.3800 2389.7525
476139716308948.7000 1117.4640
9304541317693.2520 163.3583
35033664243006.6400 522.9428
18083148381530.5660 345.1806
38415311182465.9700 1373.5369
323777886642720.5600 1539.9457
211803705137348.8400 787.9790
426726443615175.5000 165.5904
15013734069085.1130 588.5076
220603003780965.4700 533.5736
19615108669878.0350 1106.2291
130779624697046.6900 471.3633
9087630844819.7520 175.1569
25347600972652.5660 1418.8479
450646881999106.9000 731.1239
111344301569688.0000 684.1105
317967605948011.3000 256.2141
29772414078029.9840 1373.3122
186506838335665.8000 1523.5689
148762150916319.3800 212.8161
10300651651475.6230 119.1671
26555928431864.6640 88.9987
9555241892206.4510 455.9395
77595147713885.6600 1543.7789
36618726994351.1500 774.1067
62459879034767.5600 2151.9950
73792253631815.8400 348.1242
128989805504200.9000 2012.2025
165051233197614.3000 24.2048
525186092664315.0600 2564.0172
199425120440983.8000 781.1391
213561283474561.0600 1252.1508
79153087300119.1400 112.0511
33137975217941.6680 1214.7493
87802475806826.5200 345.3437
37931750128239.3360 19.4812
9473833906097.0180 1791.2662
361112525501776.2500 131.7986
465299963140661.5000 1044.4958
51011807990472.3500 885.3813
382146283512542.0600 612.7650
553476126960922.2000 1705.6785
85349039710470.9800 146.9491
74779737184617.3800 218.1393
219298603281611.0300 699.3131
338573556834309.2500 1417.1979
139279453832656.8400 130.9471
9011224632022.6680 1044.3563
38578497340443.2340 994.4840
144612356318624.2000 2104.5151
345525095222118.9400 635.2662
257778640176277.7500 2127.8407
17271443771043.5430 476.2332
83016250689519.3000 232.1377
10965732935134.9920 1236.0945
15544038000670.4700 542.5012
12555922706106.3500 162.3234
80386676693141.0800 1132.2971
78126323122510.0200 65.0382
340800100443731.1000 2254.5832
136896317949406.5600 2098.8126
386096662138176.9000 339.6208
218449409564682.4700 736.7957
14134399081097.6640 1023.8927
17404218570908.6680 1138.4318
75229753509361.9400 518.9392
187683659618293.9400 1486.6098
209951052512263.2200 463.9613
126225971551129.3600 1099.6431
92314921557913.0000 1128.1690
125952092485173.5300 1140.2565
121475446897903.2700 13.3456
59489980215624.5500 1665.3323
282781029731134.5000 574.9653
111039894995660.3400 1221.4875
304459303688297.2000 2043.1538
480321595303255.2500 755.9791
72284351044067.1000 1092.8905
12254968756926.6600 859.5224
95794626831570.5800 1062.6187
53749156415414.6700 576.2853
9408895003569.5300 939.9525
16031459335150.5880 566.8801
35359288718097.6950 163.2862
23343818721641.7030 499.6230
351932561717460.8000 166.9180
531376260835756.7000 665.4941
20666094974185.7300 1037.2419
8935526326624.1800 851.5246
19405096332078.5040 1431.9943
292589140985032.7500 1511.8637
15316278167936.8800 465.0545
144946487672259.4400 576.8139
66741407092595.9100 1768.6280
192088309431482.7000 1006.2693
68193266751239.4400 280.8881
50562601721004.2100 480.2263
114073849532960.1900 68.3676
476511267921526.4000 1037.4409
350942845299908.7500 1293.2430
24618581100007.2230 149.9774
169951029193370.6200 1813.8260
139724466777105.9800 1901.1687
15114405086757.0550 397.1305
328051895387947.1000 1365.6229
48143177238552.4900 239.3910
90520759210558.2800 515.5820
31085668122156.8500 507.8888
253302597339754.7200 1587.8359
64454550374065.8900 44.1548
157924258807016.0600 1250.1139
166447903650046.3400 405.7310
64144287842088.9100 2049.3023
162105443888717.5000 318.9128
219695012894229.3400 1487.6647
9819498584856.8800 549.6562
316431580211350.0600 543.4430
387146227286952.3000 662.2098
42033211444572.5550 422.6353
12101261585501.7380 244.0230
343533870479957.5000 73.5984
312674964243378.2000 226.3703
32620654625056.1300 394.6028
62920761263663.4450 1246.9226
68530013282613.6100 450.0281
154826867037595.2500 2547.2511
248715228645414.2800 1019.9051
147678356825402.9400 1026.1936
197068113679714.9000 717.9125
449149213728809.9000 429.6282
25757212718681.5900 117.1321
264796733678339.3400 558.2741
104022905474185.6900 1695.0548
10362318235709.1620 935.6583
231452994489343.9700 923.5808
140694476931396.0800 1619.6301
188577323891819.6200 1472.9448
26003412620369.0860 1772.5637
12217094990818.8930 173.5878
303644700773677.9400 753.1079
40024016268347.8500 278.3073
40655761056686.7600 846.1605
49225094563963.6200 547.2772
276010329912782.2200 689.9969
119409120833745.6400 1404.1019
66360966071639.8300 1746.9784
88653747446206.1100 944.0696
246841027480556.0300 960.5489
21332798246755.2930 1996.4374
50977161962606.6250 310.1638
305473190586891.4400 798.2298
90236804253811.8100 1019.1921
241898883566741.1200 94.4699
156838246870399.1000 815.6597
10560344620063.5820 1723.0423
72910600557076.5300 1979.9761
82260828378191.0300 977.4868
41723767247273.9840 866.2322
8572106654063.0910 182.7879
54651878584209.3360 101.5407
500595974786958.0600 1342.9300
281164164298629.8000 1321.1276
211085032070813.5600 1322.9164
29860440466862.9340 112.0359
378348767252520.8000 55.9319
83773910705226.9800 1294.2823
548921477481562.8000 2404.6962
203091855288231.4400 1047.1043
12671008011902.5250 960.6884
117066356235253.8000 1394.9994
151215894930313.1600 170.3282
117386161099720.6100 357.7053
393113011183350.0600 192.8681
458940028477197.4400 1718.1181
24535798908737.6200 233.3150
9014646628027.9320 1284.4888
105178928796685.4000 701.8183
292882864003519.9400 762.7490
169983964081310.4400 437.2976
418750996025112.5600 720.6083
172090114748711.4400 92.3267
158060957994228.5600 436.6218
203887481089377.3000 1264.2533
40337401071879.6600 597.7219
20532604467461.4100 1028.0526
357945928930865.9000 151.7468
361752483113003.3000 136.6787
544114928720519.2500 246.6719
169963359174029.9700 1659.8238
22438973819016.9800 67.5456
44060718151385.2300 595.1042
38407183982344.0000 692.3005
9615410676789.6660 1514.2961
16392577774077.1540 111.4396
10626926938082.1520 357.7708
20600534003249.5080 174.7774
82871384831611.5500 967.4086
267099533597149.2500 356.0558
172280878090259.9000 113.0677
205829691352695.2200 665.5731
527176768894234.1000 549.2485
26446094107161.1130 34.0428
96967787548388.0000 516.4633
136351783610254.9400 2080.4455
285906304695720.6000 587.2397
301133902771974.4400 04.7500
253411389975445.9400 815.5292
143932165030012.7800 841.3405
51995991379957.3400 1038.2510
389944485150074.4000 1154.6611
179769285242770.3400 1303.6655
68913369882997.0300 445.2931
212646524712043.4700 1100.1546
10443003614924.1100 563.0700
10963539139152.8090 771.1128
21047056436734.3000 296.0618
175890457138326.9700 517.7403
62997656156115.4600 342.7889
74440660532221.5200 291.7838
43166652883702.3100 1067.5467
18692917348167.3670 122.0815
27361762746134.7030 1333.0329
306419223467157.1000 665.9562
25403796196164.4530 207.9526
62570539071482.5100 554.7486
48843168145497.6000 144.5853
497111859900891.4400 1081.1043
357923776507942.5600 207.8136
240440244845558.0000 1346.1973
125767091970614.1600 1664.1065
181561324599250.6200 851.8935
175326296810532.8000 887.4264
244602551418468.5600 657.8450
30769071533863.7030 1035.2249
26796827414314.4020 08.6325
126649920588229.8600 1751.9849
312111067385807.5000 1816.4200
19205924983726.0660 248.9597
396851396091304.9000 1088.3130
468681278291814.9000 396.6775
29431122177131.8870 762.5488
183239604609171.9000 630.3185
387093636083712.5600 1022.8996
115461078864569.3800 900.3241
205069548241867.3800 559.6033
27029339149644.1800 191.2170
410162380733690.4000 963.5493
185489627730376.2800 266.4391
106887565675911.4800 1123.7591
200168032161837.6200 1047.9710
58336811006172.3500 182.7728
477372750651968.2500 1950.7607
28160051858724.4340 1352.0893
361883432122074.0600 1560.7857
10244826219500.2480 1434.8900
83575965678226.8000 1031.0891
547619042771759.4400 1346.7384
40654025804186.0200 1041.3801
508344408563561.7000 1366.3336
40994487528718.1000 1247.7424
129301209970299.0800 538.3782
18968573441544.8400 612.9264
336344016367752.0000 1935.7686
190590623546060.8800 448.5408
325166270812550.0000 1720.1214
493379269002801.0600 1471.9097
10031442674599.0590 226.5715
318655796230546.5600 669.1986
38129632805380.2660 1116.5280
83949350579002.9700 187.6391
205193467655197.8800 634.9018
54989244884340.5860 1191.9599
33984919187566.5980 339.1267
30796270613893.5270 686.6093
99899932637955.5200 304.6847
81869174707076.4800 556.9689
133089203408536.3100 542.0094
11995725890102.4470 334.8386
268804833750416.0000 546.5871
112213083701102.3900 680.9840
212342041874589.5300 1090.2179
42000912603248.2900 872.6778
9119157156560.2990 1164.9207
149216180577221.8000 17.8144
391985796024065.8000 427.1347
72552380009479.6700 591.4303
134265000308531.1200 797.7110
16450133388064.6720 856.9441
43921975198100.8300 887.0734
254673020865339.6000 1568.1261
32993250855860.9730 1875.9334
52281050800678.7300 1538.3102
234694957885557.6200 1183.6911
9846788329724.9700 453.8399
92916218037300.7800 500.3316
31228308491815.8500 529.0344
309106056956842.0000 2164.8211
90480450605255.8600 139.2085
351896076812181.8000 169.5344
263964258550269.9400 2233.8647
195719653750965.2000 395.5556
145130053766702.4700 530.9069
11646966515506.4770 111.1067
355979957109413.0600 1371.8815
25510547187420.8950 1519.0545
37970552966953.8200 110.5477
12396561772163.4260 1058.8238
60777580894567.2900 1129.0661
217526601297622.2800 880.4064
78340048477771.2300 09.3415
126446462216292.6600 1668.3857
537651808670188.0000 1116.6633
120998565210687.1200 622.4177
10200871813057.4020 797.7754
33290862830774.9140 1108.5371
409970270731281.8000 962.8398
338075018199915.0600 450.6078
23947888161071.6520 922.8361
207146350901973.8800 18.4716
74595333404928.8400 1629.0115
182549204782036.0300 172.3682
136332351851853.0200 493.0518
48860425395060.6100 99.1413
17931123215316.1370 726.4188
366537847818470.9400 1079.6045
16562800236248.6700 714.3648
9673133795163.5060 1758.3354
91771695366029.2000 264.5289
521466610382526.4400 2319.3887
177970698970261.2000 812.1889
324914312825508.1000 2219.6555
562276593417889.0600 662.5338
111852724016957.1900 645.7425
23718889106173.6200 48.5861
239583898072050.0000 263.0816
304618664743432.8000 161.9021
47618292866005.1000 231.8960
20258987427811.7400 538.3115
163952221251595.1600 931.6112
412094705528038.5600 943.0508
198264724461504.2500 750.7883
11524467949142.3180 243.4036
46522843777031.0550 154.4606
21467309546114.0300 677.1269
113718058812391.5300 1088.3645
58471051775182.4700 1351.4863
9372744229646.3140 1272.2058
12677752382832.2600 626.3694
15492060053418.9240 628.4263
400053464104744.7000 481.1110
58778034655931.0500 1935.2712
336053352792377.2500 743.7272
53430436342413.4840 1568.8763
501936647787333.4000 1686.7727
506726711156424.0000 805.8470
48329681966933.0900 26.3712
25793004203570.2660 658.7755
442787027436693.2500 711.6194
16633612453688.7340 730.6733
64248519998789.1700 71.2363
34586334327983.4300 65.7426
206546954286489.2800 1215.0598
46043618670383.4000 619.6019
353030966083283.9000 1398.7649
14169870275624.7270 754.2441
356406953276086.7000 1647.7399
314784979021584.0600 264.7661
513268647248597.2500 807.8971
15463867561282.4000 1030.9351
46896055540019.2000 1239.5729
16852245490843.9430 1190.1459
44542866599310.2500 793.2488
556188472858363.9000 1179.6041
17054823192339.2750 216.2538
10504576137361.6740 1055.6624
12539320872052.0000 409.8438
12915297406485.9260 1176.1397
95046422713999.3900 1502.6301
103962556108692.5200 544.6780
520931783727691.0000 400.0328
436184357330861.0000 1434.2641
397261069340894.9000 532.3083
408554421378013.3000 215.3483
125931023453486.4500 1661.8552
44361709981663.6300 645.1507
422091163824125.4000 599.4599
490987670335576.9400 2053.8020
44465217086865.6600 851.9321
41142974819767.9600 701.4228
526569946389711.0000 179.2197
12941124992201.4880 770.9110
27220378128492.4260 992.0567
286166144579794.5000 2181.2065
35645657075587.1400 1328.1100
132998967011848.8400 157.6952
55720688605494.8200 1025.4568
38762351389842.9300 236.1768
108749759869968.8000 651.5212
260357098334338.3000 273.0295
495598720206220.4400 2090.3126
16811360869019.2090 1196.6619
97598911925589.1600 1201.9902
106757485066228.3000 634.6053
226720657079193.7800 1300.4810
9990819314222.2270 967.7338
52325168339508.9100 07.9691
98349292066021.4000 1165.7679
23184701341870.9960 126.2908
71587376989637.2000 888.6060
286098303722475.5600 152.7950
106506918578196.5600 413.2792
119218171177248.6900 409.3630
93728365359405.3300 354.2196
84758992884856.5600 292.3322
295278812268338.5000 80.4073
147768635249314.0000 1894.9373
379756185713237.9400 323.6180
34969587704604.6170 255.7609
281382223325032.7800 327.1380
139808018247644.8100 19.0594
353425037208183.0600 909.8232
12294092283775.8160 802.5535
407018207254265.7500 906.0346
182636853658904.2200 08.5845
429935255064518.1000 545.9054
304200696137032.0000 678.5361
123022318647462.5800 1611.5074
249212726421591.1000 270.5971
31661283131108.2540 713.3111
145671168902730.6200 1773.7642
547031230527071.0600 2730.2964
65289284847660.9100 528.9617
225490360817421.1600 220.1903
518583493161654.4400 1877.4542
40160863597406.2340 258.9772
113408744852584.7300 1132.1299
150714909377668.7000 209.8818
44642395274395.0900 175.4674
288948610644531.1000 2075.5541
110004801608754.8300 1234.0921
20494103994585.3050 642.9458
15258143253988.3420 1130.6808
122009501380047.6400 1474.1782
342686037655030.4400 2252.7115
176692934156011.3800 348.2593
545237686005611.0600 2533.3864
83445841518929.9000 1272.8425
28366514992995.3400 1444.9434
174219682328100.5600 173.8251
14876946087719.9450 1363.5024
81429109285259.1200 967.1142
483409749740309.9400 1866.1371
133579234120993.7800 1551.5653
87229670660050.8000 853.6709
457060393676450.7000 1559.4209
21048192978605.2660 72.4110
399682402305109.0000 265.0907
325969555164905.7000 645.9076
210040712701214.0000 464.7629
208916492882390.1200 1407.0559
44000235382041.9700 195.4810
68141960126377.5860 623.3515
393996979313956.1000 564.8424
20374566159730.5860 332.6475
315774241091853.5000 2116.9069
11987011570909.8900 531.1356
80524814162474.8400 507.7451
145723598467095.8000 1792.3600
313481600901384.9400 899.8387
303477374309890.4000 2416.2909
86702283358401.2200 834.9203
554077846439643.2000 2430.7962
48223870358627.0500 1327.5945
472963186397948.5600 944.1362
86980608766621.9400 201.3630
192880776022734.1200 438.9941
358175005637743.4400 2094.7130
132204920710789.5800 2126.1140
490558556249946.5600 156.9024
18919681541501.0270 1052.5189
14587795276493.6170 569.5063
15492000443482.6050 800.5971
40889393950115.1300 647.1738
467257781481234.0000 316.5029
264398215663384.3400 511.6022
27842518825385.4800 160.1032
247180799062401.9700 504.0325
35711269411479.3750 1071.8169
165399794397756.8800 1192.8913
21882902754395.4060 35.3872
229391870586755.0600 1242.6644
125946836973877.7300 1656.9335
212244667267640.0300 838.8153
59592741313068.8900 1666.6211
44773405862056.1100 130.4697
352555863526742.8000 1829.1025
278982115088313.8000 42.9081
13846472002165.8870 03.2437
16997027216008.1760 1157.4864
128899957674571.9500 198.8567
492670182832379.5600 1128.9733
11272884367764.7680 50.9533
518416662307382.6000 742.2091
336063882256948.6000 1513.4008
437173288273233.2500 54.9197
322147657441866.6000 2264.2775
34111172589117.4650 216.4298
126702174571183.3900 77.7107
353860163615368.0600 37.2731
297558748117416.9000 1948.1124
564832122814386.9000 1453.2518
341770379211273.0000 47.8708
154751114309232.1000 233.7168
225091652111895.3400 166.9982
277778138367795.8800 2514.8143
417470720103068.2500 410.1852
45864905017301.2300 525.7317
119985646423820.2500 1451.9349
259613266795662.3800 1648.6699
263391021817436.1600 1740.1538
90757349415378.2700 1076.8750
41915639804848.4600 953.4688
60766581441367.1700 1956.3127
185078370665618.9700 1517.7361
49091930097883.8800 516.7063
50532991739993.3200 796.6246
126140112358594.1700 1872.7070
434376300801818.6000 457.1890
12307949021492.9530 1025.4142
375966878201689.9000 1678.7306
119714025249201.6100 1006.7834
15189171411091.4300 624.7798
28032711562208.5100 330.7217
8738427676201.3780 1356.2210
285740623204022.2500 617.7887
134246269158678.5200 1764.7948
396367870242076.0000 633.2400
90331476506918.1400 956.0047
369463346143151.0000 324.0847
23269475199173.6700 2062.0830
77246646143437.5000 38.0992
107354041996245.0300 654.6005
112793819725130.8800 1562.1178
315500448918029.5000 2400.7260
508711152197532.3000 840.3388
75510246524989.9400 330.9635
31515452387793.8800 1400.6598
75956492533901.6700 1585.3418
51188045590784.6100 447.3256
465935457499632.1000 523.3267
25447946743584.9700 1421.4769
13816495056602.4800 276.0344
9879247389306.5680 854.9964
131668906751311.2200 1596.7416
29220975716741.4020 1024.0156
161134617109376.2800 20.0314
137910832830561.3000 1492.4680
306363243301985.0000 1066.3759
13564896515215.3140 1301.1555
529045736262141.1000 2488.7043
19350606069611.1800 1299.6476
475403273323024.2000 215.2878
141729978974334.9000 1783.5611
41068919025271.3050 1078.2653
51957887652934.6900 924.1129
187898944705045.3800 1471.7744
305618710992675.4000 882.1624
116043511706547.1200 334.7238
256509299411357.2500 412.0914
21100765082543.8630 84.0233
487239985932928.9000 2425.6853
187982926462005.9000 1024.5000
28118042257880.7070 261.0472
270097845688625.5600 237.9274
76322922457131.1100 32.5400
379868490038214.2500 1652.5064
88469328972520.8600 295.1669
16109941994285.6170 08.5418
182346979912040.3400 881.7495
113071895525615.8900 325.2952
537067554457375.7500 163.7874
196500461372651.5300 460.1459
274922246215820.1600 2047.0802
144402432381550.3800 636.9805
558119079646483.5000 1980.5183
113825778301499.9500 352.6284
87665978253074.4000 83.8037
140470948601543.6700 530.7806
10859736800952.1370 91.8814
42766172478653.1700 534.2813
62721046474368.0550 1370.0476
19990792854724.3550 676.5903
18429648120851.7100 951.9584
393014286409601.4000 784.9470
254811554100525.7800 39.2157
232605605916747.7500 1404.8999
147902805390724.3400 230.3449
24482839462963.2270 54.7772
84260573081723.8600 437.0139
13104526980116.7600 368.5953
86093012858600.9200 11.3828
10484821984160.3070 286.1295
217947819626383.6600 11.2897
255351737064421.6000 1885.2163
116501670679387.1000 982.3122
43203709561567.1000 617.3465
134964295484048.2500 766.1555
85740154586588.4000 973.9180
46038294063588.9100 515.7154
53939470233073.4500 527.0027
84467907634229.1200 336.1816
541792056624658.1000 1518.7357
56324497118523.7000 1591.4349
296450680488129.5600 2506.1322
100656759207499.7500 1019.2719
216329767243500.4000 1404.0581
339200700614189.2500 1058.4442
24528089921185.0860 1329.2248
174015155104364.4400 1805.7792
110654841881390.6000 473.0729
87165942957995.2800 837.0043
117424267240680.2700 1425.3647
132002153569660.8900 1665.4622
26355902251454.8600 589.0522
223100556453651.5600 146.9599
106706110542435.1100 375.6815
365031234542316.3000 1016.7093
460214908269828.0600 869.0460
86525674450101.4800 900.1910
84372165622137.8400 644.4960
35452059476721.1700 389.5039
426089567145709.2000 256.9556
18391636587648.6950 19.0843
58994708344732.9100 427.8560
101709777002145.3900 48.0571
26452269504888.9800 65.8005
11745216275497.7870 305.2695
207631596991473.8000 637.0308
68222588863932.0300 1935.9990
304712044363181.4000 854.5141
254343415501547.0300 1711.8909
124164703478129.3300 1925.3908
39333209484765.3360 1186.0648
250746632565831.4400 863.2307
519231909489505.8000 107.0625
196917842353224.7800 891.4462
73124545392855.8900 68.2505
62175500941350.2000 1570.9804
129314844673316.9200 1774.9067
50610642178763.6000 269.4651
106459848091572.6100 1416.3672
108439131831637.1000 122.0531
28119724797710.3600 587.5046
277596471639199.6200 200.2036
48172440698043.6000 368.1293
498854788502031.7500 930.6539
287271424911423.2500 1677.1553
23895576306807.4180 217.9498
362692894010456.0000 1235.9775
210580634619231.8800 680.0198
70001370378144.4900 710.0687
13133486145120.0880 1302.2693
276079370329318.0000 2097.6305
40745246002078.6950 759.2206
470894565503315.2500 1886.1019
216765209115837.3400 940.3741
326063560809579.0000 77.6704
537890669220038.7500 1300.4263
273881184707266.9400 2124.7724
219963276424737.7200 394.9239
273338353658847.1600 426.4591
71762394448751.4400 1779.4572
180968205803572.6000 268.7064
62518604057533.7340 1616.8428
304613271427133.5600 1635.0093
371684019570181.3000 968.4788
478830233222601.3000 610.8161
15166774398762.6200 322.3514
92857698409152.3100 873.5389
36638757039606.5600 1380.6946
135375898516732.1700 2025.1195
236585323397709.2200 101.4339
249724762153886.7500 213.1840
8654383363222.9100 448.8189
72840114996516.2700 1547.2186
17005998894142.4180 1016.1792
176567549864433.4700 194.3440
165012840614457.5600 1945.3466
65117270670092.8300 141.4252
24145368557922.1560 1698.9373
138755187975951.0800 1767.9108
15607548466931.0350 269.6966
224862564970026.5300 1556.5237
425658019255573.4000 258.9203
36650362445675.0550 119.3419
44445892827422.8360 155.0433
293418235128955.2500 2526.7415
55097454547992.4450 745.6102
10064674361130.1860 851.0549
207115338638050.0300 984.7801
117896382576362.0600 145.2036
138424334663374.2200 224.8011
247011483068329.8400 2214.1420
17654635468882.8900 707.0874
50745627028824.1300 1439.4967
517226232996023.4400 2316.6390
95909222228545.8300 541.6524
20739139959431.8950 643.0402
93341628457395.9200 628.5410
227798746987991.1200 1559.7411
28486351691453.8320 1284.1082
9085014639973.9320 799.7082
84697688802447.1100 643.3392
95946908154911.1200 837.3542
278187483765848.1600 2250.9305
28945359932792.5080 1320.7437
95535121130222.3800 394.0565
263965740830787.9000 524.1284
140289873181683.7700 1158.9485
329527390091176.7000 1719.1837
55247644427705.7000 329.2805
379780379763561.2500 1083.0483
101722819823739.9800 949.9128
17991630855791.6400 1512.0593
28769128343166.6560 466.5282
20457948491480.3550 343.3759
114131088770766.7800 1226.6015
34260931724900.2930 464.3737
12625470579409.8180 939.1516
122208609926157.7000 396.0264
14535762344024.0660 310.7224
135555669897311.2700 647.0343
533705639612922.2000 2162.6206
32733688215990.8440 663.9823
47003734478334.4450 887.3136
153091621162527.4000 2051.9371
60595497469443.8000 205.5883
47329936428808.3750 927.8383
42870787567751.3750 765.5599
32947820363577.8050 339.2068
198629994259934.5300 870.5381
17760408675646.3870 333.7181
172088267399254.5000 134.8033
181169875260530.7200 1092.1797
211996330741353.1600 137.7366
36678193378529.5160 201.8022
122046719017310.3800 246.7634
21941347927123.8830 309.1319
525161914957345.8000 1613.2121
29909106097371.3240 581.9473
9677478108701.5410 1616.9985
25344779627203.3600 1612.9806
20362599875779.6600 1125.2629
10292701730302.0640 1052.8551
146255046536358.2800 2158.9266
214541156777651.2200 335.7101
15638771867031.4470 100.5684
223665899015345.9400 420.1643
177141125334166.0000 450.8897
335112334860209.4400 39.1232
143493923160634.0300 1610.6089
240553100569480.1000 1891.4131
55172781070823.5400 669.5615
11592906548717.7320 165.2222
75077594261787.4800 251.6502
209962566217505.3800 1461.3353
35956706061171.5400 22.6907
72670278872708.1200 749.6163
54690580995480.8050 2047.7535
45982740902646.8750 100.7078
169373594449668.4400 2252.4421
430088665015278.7000 214.0870
100255260576828.4500 329.0336
58271126717553.1640 127.2638
379512665000966.5600 1643.3311
168425903413476.3800 56.6709
113768806765973.4000 1293.6376
183178433578333.7500 193.3257
33713479265473.7460 395.2090
26755604125125.2300 120.8725
111469123635750.5800 251.9445
242520064460752.3400 257.8695
158903837173890.5600 1193.7419
77315555108347.9500 1545.2414
217589912603156.3000 106.1972
22501773188829.4730 1713.8781
10861911939877.2680 36.2481
8564045828071.2920 373.0777
233381883781668.8000 234.9205
89153785795374.1200 1014.7156
308292853950032.0600 689.1299
100680904715089.5800 584.1267
19323110576707.0080 18.7150
402472777027092.9400 490.6190
49034539368501.6640 568.4213
521096585953829.0600 2106.0539
44206078066547.1200 270.4207
23302780279179.6300 240.7471
376597254194998.5600 768.8088
90190073640040.8600 528.7706
182831433134242.3400 36.6975
39187394940828.9840 589.4068
473524481599899.0000 636.9975
87258537221627.6700 673.6278
53041045089211.3700 674.5449
516135769614890.9400 1100.0998
15681905500721.3850 925.2035
57255150171587.3600 1259.8827
171636437686005.9400 2207.3524
53244209172706.1250 1539.7747
27686090891854.6520 1307.5855
20939314253353.1130 698.7252
36225608711119.0400 959.7717
79751680460273.0500 1488.8300
34111935018419.1250 75.1554
188789524851659.4400 1887.6614
10396303935963.6110 774.0391
215439177479057.9400 86.3769
18157071688395.6300 632.3243
467003385345869.1000 83.6749
38535348551893.6500 944.3717
128302040574387.8300 588.1658
13055291739077.4980 674.6255
161435835700637.2800 2008.9196
122548465182242.5000 1544.7651
313921695528588.0000 1807.8131
121504423994531.8900 1069.0011
293628796004637.2000 2199.5097
45371966186779.0700 522.9144
133983663358656.9400 838.8144
281328520889124.5000 821.9147
27485846515151.1880 1364.1591
32678023978650.7400 1147.3981
17647932109823.7970 605.2764
216625696413370.3000 185.3916
292630064349273.7500 225.6937
481246762637610.0000 1313.7977
122861262074862.9400 1572.0718
32126765469020.3000 55.2377
57480707643529.1600 1188.5420
542992510040502.1000 1795.2474
97912901179372.3600 712.5809
145840735280348.1000 2115.3713
200056828932655.2200 57.0800
512422043917133.9400 2026.6074
205587390016233.2000 735.5269
20007033739362.0160 247.3909
251033782099218.9000 1908.9245
37723227211632.0200 1088.7571
48587861282153.5900 376.4535
341345517058318.7500 1942.1319
21720246510409.4960 1267.2385
217880657037920.8800 04.4218
195836362873290.9000 404.7245
22221650821418.5620 1677.4667
406830463319125.1000 1237.7555
20662622366625.3550 1783.3341
47285849636869.0300 1299.7925
32443359513652.3160 207.9227
346811888005971.9000 120.9631
486313811398389.8000 1107.6848
122804435419115.4800 1769.1117
198908584366605.3800 1176.0953
474775940272821.8000 1828.3006
88285334733093.6900 1580.0464
209647980407491.9000 1279.8630
441539115396772.9000 313.8422
430357094477742.9400 856.7945
24224806601937.1300 599.2144
203064853722503.8400 237.6694
216297096390555.4400 757.4732
133924189924479.4000 711.8277
220899490821939.3800 229.8475
433601563566971.8000 938.7698
21151246642771.7000 887.6412
87099704968659.7200 787.2563
234702391285347.5000 1658.6732
57651114904892.5600 1355.0946
104470780348259.4400 447.8155
112227598687028.3800 929.5067
19357773885853.7340 08.8916
40460825976372.2340 192.8978
287585975810949.4000 775.2065
106003832443988.8300 371.0263
72034915720387.7500 1321.2957
47750306471508.8100 1261.6181
26298117034686.0600 1329.1996
162269988531459.5000 1458.4528
379102311748660.1000 149.1648
150772397501882.7500 491.1076
29102296796688.7300 930.5715
269065661956254.1600 536.3351
106646774372508.4800 1144.6923
468772134657080.1000 253.0496
18211812394358.2540 667.9283
19083190962930.2850 955.9236
264105476423294.5600 2269.1535
432225107109495.0000 165.7484
31838199856584.5350 103.2608
15421962973208.1540 584.8810
209554079398818.8400 312.8398
133464840135932.6200 614.8179
36362637191595.5550 124.1970
155600982280112.9000 1871.2572
148100526109378.9400 1786.0527
122888990780665.7500 1939.0615
21056236862549.8600 502.5549
132753185906794.0300 772.0166
127807895855745.2500 1006.3724
14130747568499.7520 695.4520
28015059014504.1000 1133.2425
11651283260527.4920 1039.2875
8770415139587.0900 1031.2108
176586665623999.9400 1080.2565
447101353452366.1000 39.9056
28094489990685.5160 191.2741
10434928972764.7680 1441.6586
14288614829483.9840 498.7109
115013090776164.7700 1083.7033
320222774626979.8000 1320.4141
290604443846029.6000 2590.7963
99937584155649.3800 949.8749
136053695717282.8900 2309.3991
179566852917700.2200 1327.0231
133549943145151.9000 1332.9339
12911677303578.7870 786.4169
76151886115452.2300 757.0377
156459046581163.6200 297.4526
130733013000413.3600 1393.1240
42160848803178.3360 604.1938
78880836435840.4000 1165.7835
23863703585777.0500 633.0975
300948121966314.7500 1704.9880
11424559700875.7420 228.1968
299006177386505.9400 2423.9185
13269747399753.6070 1080.3110
21204534895307.4380 245.1525
83815445541061.3900 576.5989
523707919272565.6000 2005.6065
219231288991070.7000 328.4338
68772376706036.4900 944.0931
164876962715434.5000 500.7079
292004126941363.4400 659.6966
10639313445723.8420 1756.9428
135409487957526.4200 2044.7957
122174017667147.6600 1895.6668
75773141145827.5200 132.1172
39939033951503.2500 483.6974
54252271381206.8600 1571.8304
536235341638329.8000 2460.3321
94101801302740.6200 456.0016
246428401999872.9400 2178.9796
520030698735869.1000 1057.4304
249037237652291.7800 979.5613
90456735655231.7700 327.6929
58868084315576.5700 1629.0531
9510581329519.8260 1416.0500
395949268707946.9000 43.7073
24947448647855.0600 584.8455
359137092443258.3000 1327.4390
450089942546889.0000 1658.0024
475626794153873.2000 256.3284
60138303728078.5100 522.9162
322390474159523.8000 780.8751
42130567330653.6800 69.4410
15238317735056.8980 514.2420
11492442245292.2100 913.6767
391736699759192.3000 351.1708
51762831818583.1700 15.1941
50936772869977.3100 750.2177
11178597193733.3220 1354.4392
109195614258117.5800 1162.9096
316857256511742.7000 336.6276
485473799188094.6000 574.6345
10114121431306.5330 1288.0821
468596157349303.0000 1559.1986
106675164502932.6400 1427.5998
109900020964780.1400 210.7668
37815089010724.5300 860.9796
191629646561715.9700 724.6283
293916943248409.5000 297.0613
209945462397021.1600 400.0542
21163727697968.3440 354.6232
479045920025439.4000 258.2883
66630415565273.5550 975.9788
46644134001884.3900 1553.1641
472619589429761.5000 1505.7458
359073191526287.5600 287.1473
350261767509691.0000 1790.4248
54279606223489.2000 1979.7467
57786760538359.7500 1365.3541
76451323987169.0000 83.4677
111153752723799.4700 78.0979
18271627711691.5040 1180.4956
238616422572015.4000 342.1893
342524734990123.0600 380.0334
17001562071975.7540 1123.0919
405360903807381.7000 337.0225
99081708255263.2700 986.0810
76843848649366.1900 214.6299
23365178998238.1450 2034.8082
242959208845528.5300 1420.0951
114828963173914.8400 146.6581
299400783921797.2500 1284.4596
279091603731741.1600 250.4014
327912356736155.9000 1004.1245
414958428462659.9000 455.8524
57787680314633.7700 774.8182
93839393270930.2200 1344.2744
253380846274104.4000 1583.7350
33423662503151.1450 132.0190
149740060670705.0600 2145.5808
117518287423197.6700 336.9185
250777756456413.8800 337.8228
38164862186600.5400 823.3755
289272325977388.2000 756.2824
83307245027827.9000 950.4108
170431602166732.8800 244.7184
273440902022516.7800 355.3585
78537274269276.7000 265.0691
218490051387052.5000 17.6643
184576980620966.5000 700.0571
310602662580533.7000 513.6726
8783003703190.4380 1585.9650
16673857604037.1500 438.7435
49641895634580.9600 06.0547
289203999284788.9400 832.5924
94133208855101.3600 888.7442
38844055191149.3750 556.1928
34063762692232.7070 76.5252
415265535897818.5600 1156.6176
414529440869277.2500 1114.6697
260414244120040.1600 1157.2412
44585653799145.7700 1535.7907
11669480498084.7000 297.5672
390652497887196.7000 1585.4902
75247656804008.5800 1972.3359
287298332919000.8000 1854.2560
25740475505511.5700 179.1264
33055000801303.4500 1030.9416
259766437422537.3800 22.7915
64224292981995.4200 185.9968
149037559991142.7500 963.4491
352668574695210.0000 2066.0253
9539708910257.2340 365.7187
519722882863106.4400 382.8433
298738984995008.7500 706.8710
91170161469336.5500 1049.4028
491037384613637.4000 421.4100
380079429025524.7500 1025.8043
9340634848884.5040 1161.1228
476726188961382.4000 104.3179
364101255324080.6000 312.8748
146523041131271.2500 702.6834
32704473130122.5820 329.4417
495221095513589.2500 395.5035
210157555687761.5300 954.8450
154962522860232.5000 132.0657
26718341778519.2420 1428.7967
164727841352377.7000 1628.7830
93468673040927.4700 1361.6945
311911111962448.1000 1004.4953
86493109017483.4000 1621.2000
217306937567325.0000 670.6213
347626633817602.3000 237.0058
13516452790423.0900 12.2270
249182307928169.1000 657.6259
348691262958488.3000 1104.6423
347321282162274.2000 560.1045
160393582217315.3800 453.2139
69214430503087.6640 195.4677
38033304018956.6900 1712.8280
12826314994327.6680 05.8055
268992710688373.2200 204.4274
312777294938671.8000 659.2030
12019240767731.4920 1198.7314
534431962926980.2000 533.0212
277329877058833.2500 477.2921
372421433573500.4400 268.8043
97024364904714.2200 1072.8499
457980496962370.4000 499.9145
45893564245375.0500 1218.2840
16205684217245.8980 1080.5850
39686548473833.8600 995.7149
513375734495746.5000 32.8681
251457510148713.4700 287.1265
388504471455565.9400 819.1161
58328295455824.4800 1583.8221
454695379096162.4000 583.9900
417865172889702.4400 354.3803
289530172453405.2000 1446.0130
23369902224915.9920 1336.6873
525220978667032.2000 1914.5526
74570102543292.3100 583.9488
25524309354149.2400 714.6742
108591687383650.8100 248.3160
286363316195420.9000 1688.6902
336284891940100.7500 1360.4139
197069977819722.6200 693.9312
298575910099833.9000 2544.0716
449847335411621.4000 83.5821
124820117647732.5000 2424.1842
88907031314643.7300 1072.1487
10267831339259.7520 863.9927
71861301349691.2300 543.9134
265186678810971.8000 737.0564
99867394400875.3800 210.5203
503569593810024.6000 813.6743
8626461853671.4270 594.3758
27041443344962.1250 1401.6380
114450204791562.9000 96.4346
352528750694476.7500 543.2960
32287206504342.1800 2001.7701
93595831017787.3000 274.0302
62022796076548.0860 1519.4497
61750480334354.6500 2186.0432
350194114735414.9400 263.8912
330675850876590.1000 2429.5524
54797573836626.9840 1576.2929
61764508109307.9300 43.3249
33512445103467.4600 1571.9372
57832889087449.8360 183.0069
44761098216688.5000 864.6115
45750260191883.2000 615.9892
101970985683631.6900 1185.2668
43374186661910.6640 744.3257
9780553819326.4920 1142.4326
232165242807687.2800 1542.9108
24645993347440.0800 1408.2494
33494234702384.9800 1321.5717
375593727195628.4400 1828.5778
23250533448728.8900 1030.6433
12706653323067.2810 297.7296
140759644762220.7000 1266.9864
131194794519103.3100 1313.6955
81372919055118.9700 434.5241
198693988589109.7200 96.7923
541395613555122.0000 1796.9404
524176421755779.9000 2347.0731
227747369598555.6600 27.4776
83924133801195.6000 958.9837
97356146443770.1200 04.7865
83351057162147.9700 1062.0044
76817593739722.0500 1592.7936
77255332542773.4500 334.5897
118139183325175.8400 1257.2536
436160609864286.6000 1108.8877
220454249339220.7500 685.4368
20158118909571.4650 1024.5887
460930502281068.4000 814.1555
50337515493993.4700 394.9987
147400200500916.9400 265.7241
52895943321610.8500 11.8533
85073303277934.0300 1434.7066
30556569041585.6050 188.5589
206599311046412.0000 174.7698
206353975475798.8800 652.3669
75863000111032.6600 366.0073
90166390531511.2500 14.0278
200362343498113.9400 1048.8316
280157776520422.6200 1310.2303
36536909691596.4300 387.5911
10514234710469.1040 439.5771
9628350042873.7250 1261.9701
497447287008892.6000 646.4585
239305775508227.6600 08.5092
391618281437018.0000 838.8520
286125983245027.2500 2199.1901
165655734590324.2800 1393.7041
29744512961665.8700 39.2578
60485538799222.2000 518.6090
12156649930052.1720 467.6701
13574802496715.1480 834.9205
17889638530618.3200 601.4315
304322049632290.9400 1157.1842
13370244431389.2070 62.0478
129540955600998.0600 180.1458
122618182695483.2000 00.3788
100537855362396.3300 691.9824
99994050686087.8900 979.4560
44214712317956.8900 823.5256
360215887586976.5000 1163.5293
89549567608503.2500 1111.2929
31657103934825.8360 59.5674
18551390899442.9600 503.9341
71186909576033.3600 2072.8298
129782310091835.9400 543.8067
312309438845011.9000 662.1229
28728196445353.8900 1027.2962
239313115812742.9700 1476.3677
35181083851414.0200 895.7811
443543721226331.4000 194.8417
18317032404917.1400 1256.1112
59445698599237.9500 668.6356
54899151280396.1950 235.5719
50778258960589.4800 340.3192
78531450971451.2800 420.1086
53687427039863.6900 163.0911
90591568641951.1900 491.7063
37715187018961.7000 1065.6517
128110692672361.3100 1837.5841
90193836868826.2700 827.7296
524909411692904.4000 2463.4079
336098129414880.4400 1303.5836
15073944486818.0700 895.2926
56920854882452.1100 1356.4197
561292959779666.0600 1015.3883
19024867550592.4060 316.7319
450560394823768.5600 205.7371
231346257792520.2500 1471.5273
12254407221867.4900 208.1245
468610585075214.5600 405.8333
22780887451259.8630 146.7890
42510064324247.7200 1217.5525
10121819516743.5840 1698.5233
100175751435664.7500 622.0225
120972215142546.0500 2140.6038
84637041043007.6700 281.0371
127600509287938.9000 1669.0671
44505795606673.2400 718.2131
73054357618731.6100 535.8227
86820180454636.7700 562.5280
65196018134920.5700 119.5758
142275083314334.5000 541.1985
110646430237357.9500 11.1942
331540053028441.3000 1082.1535
16494735875726.2500 349.1380
19495814232309.8870 496.7367
14164956908635.5160 320.5409
53302871948043.5860 534.8640
333886766649508.7500 1549.4787
17231518683152.7320 1661.0610
15075323369208.2560 210.9579
71649551914251.2000 1207.3032
97104163307831.4200 977.1055
543788041314837.5600 1066.2061
210978948323127.4400 441.1074
29487726381639.0500 388.3596
120072290038634.4400 336.0829
115365693141180.2200 678.4168
460536876552287.9400 57.8606
248002547051853.6600 268.9191
355713004769268.8000 860.0306
195768745387253.4700 846.7310
440565282644667.4000 1214.1268
25759642939832.4840 163.4391
384025671886386.3000 918.8946
239783949079184.2800 1166.0498
17325991517369.8240 719.8819
10099570976270.1040 125.4981
131763061636999.8000 1055.9197
17459765064524.4060 1595.5099
9247486168331.9320 1208.0878
58914241880349.5500 1181.7275
224713977597384.7200 123.0050
90937787312317.5600 870.0750
135314453544044.3800 1529.1889
10089291079847.9670 126.2754
273840114520775.6000 605.6850
11262059985050.8200 935.0504
49049700162169.5800 26.9419
119041508690000.1200 83.9397
466173964892205.7000 46.8393
493111783902156.7000 1392.7708
12142391046302.9590 979.7269
188886584925783.0000 1071.2221
55276963374278.1250 171.0802
16747607190617.8000 1615.5543
386598322099347.4400 991.0507
8660705430086.5980 649.7028
137958643511738.2200 142.5728
12712396933641.9080 1173.8301
261046999883298.0600 1450.9637
529578356331967.2500 2431.0820
391115522296699.9000 662.5198
266259999125473.1200 156.7194
272817380937600.0300 720.8627
10061100618091.7680 1113.7698
520917156358651.4000 1092.1085
355755985220171.4000 623.6149
11213988768744.6040 764.7334
34370219452283.4140 1149.6863
270295424913287.8000 1616.6122
462810738572415.0600 135.0967
16038021579844.2660 597.7694
12137032244503.4200 478.5113
293024213685647.9000 1316.1305
118073005766310.6100 1493.8995
23578379417463.4730 579.6320
259322008398163.7500 1961.3005
94850832254364.1200 827.4020
61206183061375.5200 06.7710
357186819412501.8000 1182.5763
368322625401291.0600 440.7503
390235669978155.9400 1101.9177
10345014997311.0780 635.2582
17703019602716.3120 1299.8483
533498562537657.3000 2066.0211
388571759478625.7500 98.8185
111653625362046.7500 124.3645
64647291145787.3000 280.8517
119820658259095.1900 2070.6407
477753430221784.5000 247.3044
410962231866385.4400 704.7842
19028461016146.5860 202.1303
419899030630923.8000 382.0350
425031491860021.2000 506.1087
35191344889413.0300 642.6055
225515268785092.0000 358.2301
15688627191466.6930 831.1287
85828975626679.4500 465.7110
128180243929528.4000 1354.3593
270088828519907.8000 264.7919
417780995830891.7000 605.0041
526657382537205.5600 2695.5708
56086692960347.1640 1594.8828
213828617997880.8800 524.8721
49341651300329.2340 1031.7492
200905546923040.2200 1231.2037
11301745434584.3850 1387.9045
33749792935218.3900 202.6767
55133303665311.8750 328.3923
499992495836088.7000 1076.9167
61517721266070.6100 70.9719
212803190735038.5300 487.4743
264301501719693.7800 1981.3413
180727463894042.5600 1124.8525
122363530402934.1200 338.8607
191285297154154.7200 974.9286
224891930918894.6000 583.9094
407144732790588.4000 853.0699
150186303449625.1000 808.9567
37848885043859.7300 1109.2259
34882594024486.4730 1374.2273
413930058963653.4400 807.5356
139581217802878.0200 199.2207
41666116007127.9000 932.9091
24396341704964.1800 566.2817
20455331998113.2850 1253.4156
47998997962605.5200 813.5975
66469630172649.1600 1232.5158
251117359393939.2500 652.5417
16220207065428.2050 438.5381
124459393140190.7800 1641.1139
260008036048902.6000 401.9210
553460593634993.7000 2329.9598
100145934602925.2300 1256.7255
18923545333610.0200 148.3987
160212923641651.0600 1108.7317
31436738111372.3600 660.8724
186553743687616.2800 622.6549
526582000955757.2500 860.1590
75006120453539.5000 1080.1641
20729128944817.6170 1133.3919
72485489868366.3600 1533.3800
198204541553890.9400 402.8268
300777098218516.4000 2161.4070
47661759558124.6300 981.3016
423271452983703.9000 898.2812
303335187832842.4400 1710.1334
107558848795474.4700 826.0720
286842759790164.3000 210.8221
106327556400571.8100 436.1908
18970535867712.9180 236.4503
337433812514258.7500 627.3737
259479720060945.3400 1199.9620
262354199646873.8000 2054.8379
76769786444117.4700 1538.1050
116126440389392.8900 270.0858
13951907776129.5760 553.6958
10912836209130.5900 1588.9165
130142849846121.8300 134.9536
323010508276090.4400 2080.8094
178852897561693.7500 534.9135
100347410642817.0500 312.4569
425249044144237.0000 1231.3225
70905825295529.0800 317.8421
443629972265754.7500 1202.8037
182184991657244.6000 585.2024
186863380151328.4400 1120.5541
43145725903142.0500 1461.0466
164398328454652.2500 376.7205
11342373890974.3360 750.1063
22326170741042.7300 1319.1864
402030192444104.7000 109.8462
247521127014500.9700 117.8770
532814347234111.3000 1554.2466
86740921811103.3800 26.2096
457853306385617.1000 386.5500
186861197422530.9400 844.2169
406065689006345.3000 1126.8347
233159133717738.0300 595.3733
266652391964322.8800 109.8329
41259264652527.8000 572.6950
359631303892657.0000 1192.3411
155880217483682.3000 462.7368
58365246154785.5900 158.0222
414599322886277.2000 219.2340
280462840561849.0600 456.0786
358284081844397.4000 1627.6218
17852909116387.6900 413.1386
277706660086337.5600 550.2517
15714461020318.4530 1328.8385
41063698874282.9400 1075.1760
28704715491607.3600 1115.0586
20184256022900.7970 1492.2887
68580344984028.8750 290.5068
70634652490477.0500 226.7216
241936816872431.3400 1728.4657
229385557777495.3800 1144.0082
380215713732049.5000 44.1404
509656486630946.3000 896.3601
127431936927926.5200 1961.0403
32953797858654.0700 1429.7896
11820922318111.1860 407.9380
167348867379713.8800 1947.2266
35424300318739.3100 539.4750
17089447843772.0140 458.1480
446315993256489.9000 25.2555
250577020364079.9400 1660.1590
87799792363987.6200 810.8425
22323794369177.6200 700.5410
10575813229278.8100 1404.9987
420792361873853.1000 786.3342
140348213082501.1400 502.0590
