# FVC 2D Coordinates
88.7821 459.2127
36.7731 222.4000
66.5437 372.7592
230.7265 487.7510
-62.8536 47.3691
342.4155 467.1462
-56.5898 516.3797
-07.6847 04.3378
105.0096 126.2276
-243.7494 335.4938
-31.8483 73.6810
-70.7187 48.8000
32.6930 432.4770
-184.9177 582.6637
205.4042 333.8490
53.7938 413.4793
-13.2701 04.2668
168.4935 270.4948
16.2274 175.3863
-20.6989 111.1482
-192.7646 253.4878
35.2695 241.0784
166.8349 267.0190
-30.1702 513.4618
-172.9195 353.4912
301.4803 339.5736
32.8937 110.0270
-334.5635 582.8960
-182.6374 294.1004
-120.2178 237.4010
45.0512 130.4425
51.7349 81.6403
48.9902 323.4647
-253.5322 528.2538
80.0881 26.9983
30.3710 10.9931
-254.3423 312.5379
-38.6458 29.1897
15.3875 573.7310
-01.9673 31.3639
67.5319 256.1140
43.1389 23.7626
122.7862 278.0713
159.9688 100.5982
-125.4215 444.3208
120.2832 333.8983
63.7263 470.5404
-424.5396 676.4202
-93.7643 92.0007
-129.9911 160.6290
249.3422 292.5421
18.3172 79.0247
92.1994 406.9817
-265.7660 399.7104
-58.9198 336.1776
205.2371 267.7785
-173.9513 182.6841
176.9540 270.5083
133.4215 343.6165
-94.7953 62.8079
-92.4957 282.8633
-136.0486 232.7841
73.1236 225.6223
162.8975 151.2967
-77.1853 221.5523
176.5011 236.1992
-113.9694 131.9315
-09.9798 483.1096
211.3629 178.2987
-45.1169 204.5126
-23.6681 177.6452
-23.7670 133.3242
-171.7773 136.6551
301.5188 666.0586
57.2232 298.6562
-79.9126 381.7064
-93.9094 147.8252
-44.0244 33.8170
-49.3286 400.3892
16.4467 294.4488
-133.7903 171.1160
-15.0299 139.2225
06.1986 10.8152
62.8447 195.4943
66.0901 223.2962
-42.5784 211.9714
-108.5532 82.6101
-53.2300 28.5203
-23.8369 102.3357
-29.5627 151.4629
-35.6666 16.3430
62.6456 430.1214
-200.7521 212.2904
25.1056 98.6603
150.8221 142.1161
14.4473 286.0729
86.3008 453.3216
-25.8391 47.7076
-179.8686 430.5736
-71.8538 229.0645
138.5826 283.3948
-132.3335 446.3772
113.6460 57.5757
-20.1726 145.7353
-147.5307 161.7203
-164.1929 105.6010
-28.5522 05.4110
-249.3383 497.2522
49.0847 415.1143
05.0116 44.6351
258.9764 516.4363
-198.2426 255.5042
-260.4515 535.4953
129.3503 726.5240
02.8870 04.6196
-217.7541 320.3094
71.6527 435.7412
86.5465 71.1091
201.8740 301.6604
-43.9797 214.3494
-93.0975 549.1180
81.8084 417.1361
-90.7402 594.7860
-01.8170 400.3042
-200.0607 262.4135
-131.9893 74.0491
-48.4121 227.9760
11.8422 233.6544
-59.6385 44.4289
-74.4056 24.2400
157.6131 433.8931
-06.0698 07.8776
169.7969 267.8144
-107.4143 158.3528
-00.1820 37.4425
197.2351 164.7462
-104.0896 50.7337
-198.6175 373.3957
-304.3045 704.8479
-16.0778 00.0000
-47.9084 428.2274
-78.9385 172.5131
117.0766 134.3593
202.5088 160.9513
-39.7435 93.4473
-184.7783 322.6764
-207.2487 170.2128
-43.2719 04.4588
-167.9263 148.9492
-377.1755 586.6957
84.8185 436.0946
32.7441 220.1895
-03.1053 216.5790
-267.4344 556.5058
160.4107 240.5079
-240.5443 510.6349
40.5585 262.6473
-16.3551 290.0678
-87.3403 50.0204
30.3647 235.6333
-136.6007 420.3192
00.0974 14.7934
15.8416 229.6832
-84.7399 180.1525
142.7175 397.1306
204.0633 288.6973
-117.1082 546.1609
-55.7411 07.5973
-100.9785 416.8308
26.6823 469.8206
-68.4855 392.4139
-77.9719 158.8927
339.2838 432.3982
-83.3538 492.6280
-250.6427 511.7564
81.0818 87.8723
210.4774 282.6089
148.0283 246.8934
-157.2270 411.4771
-147.5094 241.6528
93.3469 200.2979
35.7100 59.7458
01.6446 64.8636
228.2857 303.4499
61.5665 37.9421
-04.0077 411.6197
-232.5577 308.3804
-45.6734 185.6886
21.9473 442.9621
136.7822 84.8227
-192.4653 196.7684
-342.0928 916.6535
66.4156 113.2151
-121.7634 254.4389
-75.5987 71.0388
80.1640 57.8383
-77.5205 603.9858
-38.2998 595.6702
153.2950 202.4626
20.4528 106.6653
-89.0580 410.0258
44.9313 385.8113
-06.7345 00.0000
192.4840 471.5260
-140.3382 279.3563
180.1494 371.6542
69.5506 42.6144
-51.6688 26.3961
84.2452 166.9512
-103.6474 257.8157
80.3427 184.4906
185.4012 241.0639
-101.6001 173.8783
56.0050 64.2000
50.3910 24.3409
198.6438 249.0883
-232.1697 195.7302
-48.0345 207.2286
39.5045 321.4918
70.6998 113.4537
168.1585 177.1318
185.6358 356.7267
-47.5936 24.4912
-38.0475 39.8233
133.7920 316.7080
-125.3168 403.0180
-75.7713 488.7718
88.8134 409.9897
144.4340 169.0651
268.6956 416.6277
-120.8822 361.1211
67.6922 545.9764
-56.7105 382.4684
-120.9413 51.5634
250.8220 474.5227
-179.8462 337.6885
-176.0849 155.0463
-103.8013 530.3110
-260.1781 511.3496
50.3226 304.4004
134.7020 375.0530
-85.0969 255.7496
-119.8569 128.2496
98.8925 155.2813
-33.6447 11.8736
108.7679 409.1667
189.8732 181.8924
96.2873 410.9027
112.9099 83.4258
-56.5429 210.2730
-52.8277 300.9841
262.1926 265.2859
-48.6877 564.6769
-52.6380 03.3268
-204.6484 280.8827
251.8142 486.2766
-31.4949 166.3368
310.1769 351.2014
45.6507 384.6504
111.0277 113.7381
-08.4217 28.4470
62.9974 26.5847
-92.2895 78.6275
114.4856 728.2402
-159.2497 537.0004
32.7534 212.4499
-98.9201 318.4339
-38.3607 191.4571
-102.6084 64.4121
72.6822 386.4120
99.7261 62.1708
15.3017 133.9282
-29.8140 24.6186
19.8811 205.0446
-176.6076 310.5837
73.2541 267.3189
221.6755 351.1200
-193.3712 258.4484
-155.1843 164.2436
-56.9891 25.7712
307.3426 478.4633
140.3646 259.5496
285.9140 357.0764
-259.2483 323.7770
-79.2164 261.5606
-76.9213 227.5032
144.9268 261.6061
-56.3154 450.3858
183.9110 259.9430
53.8332 27.5890
-93.9967 646.3106
150.3717 93.2451
-187.5700 268.3793
-150.2816 501.9913
-131.2998 249.7654
-152.5874 89.9093
04.7279 573.6536
-66.8068 66.9436
01.8936 00.0000
-204.4637 262.8407
-11.8083 23.8038
-15.4163 235.9746
138.1560 132.8083
95.6968 387.2865
43.7696 98.6977
-160.7045 260.3815
265.9607 303.8457
17.1595 28.1732
-172.1935 165.0612
-285.6357 496.7354
75.8084 442.5079
27.9678 20.6976
-192.1051 346.7881
96.5518 110.2915
185.7340 321.5422
137.4439 513.0082
-95.8085 810.7387
-67.9093 31.0637
-372.4472 588.4672
-309.5565 365.5249
-118.1736 519.6243
74.6762 385.8644
14.5795 119.4537
-114.8868 384.2061
-181.2788 253.7975
-69.6652 132.3021
201.2680 361.7037
-259.1950 571.8032
-66.0869 45.4369
-154.0216 245.3688
134.5173 460.8617
-22.1083 213.3411
110.6038 444.6302
261.1179 417.2058
80.5218 170.1027
173.4195 317.3137
-224.4742 201.3465
-150.0127 525.5007
-52.3032 181.9821
151.7356 165.8790
12.1631 98.2328
100.9385 250.6952
62.5113 405.7961
88.2749 137.0759
-138.9721 133.8007
159.0480 160.9417
-205.4861 447.4719
10.6193 738.3680
-02.1091 258.8243
-243.5511 512.5773
-03.6846 375.3890
19.3168 153.3092
-219.6643 409.6531
291.8593 621.3863
282.3992 486.7372
71.6218 24.3899
-140.6107 172.7917
49.3652 32.5566
-114.7313 362.7655
-224.7715 353.6967
-21.1237 208.7034
-90.2379 76.5605
-180.4918 289.1968
35.8241 397.8529
-259.9529 317.6374
-155.1379 287.7136
-47.5237 422.4055
-399.1015 721.1274
233.4085 448.9756
-192.3092 350.6841
-140.8813 108.5333
-52.4264 147.5413
-177.4834 632.4936
37.0463 81.9827
29.1207 31.4721
211.2639 269.2234
-30.9625 36.6119
80.3574 29.3619
-287.1920 505.4623
316.8618 509.9729
-08.6944 108.0323
-100.7720 118.6098
-84.3634 429.0961
-214.3779 264.9073
-326.1106 436.3532
-126.6245 556.7711
71.7091 103.4497
-12.4317 791.6654
194.6575 277.4373
-134.1922 375.0006
-133.3264 126.1347
13.6990 65.5165
72.9207 138.2451
04.6232 28.5705
-17.1919 13.3979
15.6025 123.5172
-12.5132 423.3570
-206.2012 302.8654
323.0607 651.4823
-50.4999 17.6027
-49.2577 217.0721
-251.5104 294.9363
166.2397 519.4361
124.8364 376.0725
-189.6763 762.4984
-105.9654 230.0657
239.2711 336.9918
-394.2835 687.2200
147.6092 154.6798
-63.1968 15.8272
141.6615 416.2471
36.0083 212.2173
85.8140 373.5046
138.9654 123.2341
139.8464 152.2967
-140.6845 286.2210
215.4230 349.1910
196.3863 498.6058
-192.1452 161.2206
312.1360 641.9318
11.4711 21.6781
03.3130 498.1157
-93.7849 813.5552
-27.0958 583.5276
-106.2387 59.2325
-273.5361 481.9882
76.0246 43.0282
-57.3189 13.4484
-130.8874 182.3501
41.2981 18.4175
341.9675 604.8956
-189.3929 465.4050
123.9939 276.3358
-289.7522 507.0941
31.6990 419.1962
-83.5173 52.0162
-54.5150 622.6673
11.8511 26.7603
-00.9609 44.5869
-96.7428 323.7697
-56.3106 190.1128
-42.5401 205.6129
-218.1329 293.5682
84.7798 66.6634
-15.6994 297.9306
-25.3747 142.7483
-179.9641 316.1752
54.4604 44.4656
86.2285 159.5241
-24.4312 30.4945
32.2859 50.7411
90.6187 374.4905
41.5354 89.5162
-56.8438 358.5247
-228.2060 190.8714
15.5209 400.9940
121.2623 150.9739
-12.9118 562.6832
-310.9533 875.1389
-106.2310 185.9901
-116.7664 193.9589
65.1911 267.7755
194.2083 319.4017
-146.5921 394.8813
173.5373 378.0758
56.9897 50.6640
-95.4511 118.7967
94.8136 227.5234
-109.5484 54.1606
14.6481 18.0259
-243.9648 571.5383
17.7443 00.0000
-141.4225 180.2078
110.6032 373.9381
-18.8645 115.8437
294.8783 277.6402
-13.1463 140.2233
-38.6008 666.7054
32.8854 94.9380
168.5311 315.6639
-51.5331 153.3541
80.4008 181.4445
-29.9082 202.4718
-16.5732 638.2934
92.6578 448.8853
21.1496 01.7347
172.6493 341.7021
-68.7182 397.9379
72.3866 242.3804
84.1006 199.7195
-44.1857 398.4850
75.6145 229.9190
-04.3908 198.5139
-111.1115 70.9374
-35.8339 180.5874
-410.6811 683.8696
-233.3620 334.2247
39.4192 198.0010
212.0297 290.1729
05.9441 222.2798
-37.8977 431.2092
195.7373 196.4352
-124.0396 421.2246
-40.7235 642.4622
62.1910 435.0652
15.3931 246.0645
-57.4020 18.6633
-178.7472 465.6628
14.8011 208.6785
-345.5296 939.0277
37.0842 414.8162
135.6868 210.7499
-18.2191 410.8549
-159.7373 181.2544
-15.4893 311.4754
-134.8960 102.6303
80.8379 109.3400
04.8948 234.5310
-193.4124 694.6710
96.8520 451.8318
-180.8431 153.1903
07.5466 00.5931
-166.7473 206.5904
238.1633 676.5460
-119.2874 163.5622
-43.9029 385.6899
-174.9802 173.1688
278.6265 463.0272
-157.7510 124.5372
80.7562 270.2085
65.3416 132.7980
46.9761 204.7237
88.9349 52.1149
94.8365 269.7209
-65.6954 72.6402
65.9391 437.7584
157.5698 235.3441
-66.5681 211.9907
-163.1625 268.3195
177.8139 353.8294
-159.6583 393.8863
05.6703 568.7235
198.6687 318.0201
-60.9333 21.4094
08.3852 161.6711
129.6140 81.8497
-46.0038 53.1413
405.5334 614.2313
-48.1832 02.5137
-256.8551 659.4730
-132.4268 342.1387
206.6245 281.5911
248.0561 418.1152
215.2464 298.3284
-130.9407 244.9504
78.7690 371.5232
316.0548 465.5914
-272.6997 399.5056
178.7567 341.9082
87.4512 64.7461
108.5430 586.3564
01.8312 80.1050
36.7200 19.4542
-94.6676 500.8351
-375.4705 772.3040
58.8051 434.8082
90.0551 108.4979
233.0076 738.4596
-42.8203 13.9451
-173.4896 426.6019
110.0535 330.8432
-91.8726 448.8119
-60.3997 540.9403
07.6594 01.9071
-52.9177 215.1167
-210.4724 233.7449
69.1020 119.1788
117.3967 125.9445
03.7141 09.4495
-14.8107 00.0000
66.4332 547.6810
-211.1238 168.3771
-01.6371 203.2931
-67.8080 451.6828
170.9132 348.0104
-155.0145 296.5584
99.7061 142.4775
51.3125 243.4347
-84.3023 93.0718
-136.0720 130.8226
-150.0867 524.1962
-134.2807 154.0992
47.3182 291.0038
197.1417 136.1958
-148.8773 72.3560
-33.2940 08.1495
51.9115 111.5476
-313.5998 546.3484
-128.4831 82.4956
12.6657 16.9102
-13.0314 25.0926
-146.6512 347.7902
-127.5556 356.2415
60.2840 429.3054
10.6603 486.9351
-365.3884 920.4627
-82.4905 268.6324
139.6699 524.0875
-65.1419 790.7870
-198.8127 276.7643
-211.7030 308.1551
66.9135 290.2388
-241.9315 477.9035
-205.7874 344.9481
-171.7875 478.0686
-61.6306 113.7556
41.3048 506.7175
60.2336 286.4872
122.2972 315.7019
-106.6336 94.8599
86.6068 426.6245
-115.7861 109.5076
-202.7932 318.2491
-84.1222 237.5606
-61.0553 21.8895
228.9184 372.2089
-41.2910 251.5044
40.7720 101.8157
26.6452 739.7305
79.9402 349.4612
88.3882 185.4287
-07.8458 108.0629
-278.8442 488.0803
89.7423 77.2344
305.1828 442.7186
55.3333 85.2110
31.8713 91.3810
-219.0328 478.5109
-276.1367 425.1187
-67.4900 62.9823
-100.9897 743.2968
-70.5881 15.3240
-07.9147 105.6380
147.8900 138.2162
-218.9588 306.0657
-45.7916 109.7931
10.6183 375.5776
209.9976 377.9259
-274.9610 488.9716
34.5523 70.2365
101.0432 128.6640
-80.1464 274.8198
44.5980 53.1197
-83.6862 252.1590
251.4558 380.4777
46.1358 48.0000
-62.0230 446.2137
-15.1576 203.9788
37.6850 20.3886
-83.7237 360.7264
30.3604 122.3802
32.7430 83.2791
-266.1299 308.1237
-265.8157 363.3072
216.1672 432.7404
-14.8269 385.7612
61.8995 582.7815
03.5226 39.1101
-84.0032 121.3353
16.2458 25.8092
-91.9852 123.4499
88.6951 184.7240
-56.4262 501.5530
255.1732 341.6532
-64.3891 51.5105
62.8259 254.6965
-171.1869 147.3367
-46.7340 94.3184
06.7093 101.6484
-117.7530 475.0671
-88.2155 191.8292
68.6123 267.9987
133.6621 131.5891
32.7261 399.2793
71.9703 35.1841
-17.3122 13.9938
34.3475 276.2099
73.0592 119.0507
-245.5980 497.2724
-23.2162 40.8178
08.1587 204.8534
02.3151 284.3611
79.6651 183.9665
-151.7633 158.0377
-37.8074 240.7839
-86.6808 174.4549
-26.1174 198.9794
-87.5289 24.6720
249.0529 391.5464
162.1284 369.1014
69.2377 28.1148
-13.6507 124.5389
11.2388 41.9993
-124.9455 533.4663
-217.4202 238.5113
153.5521 339.6831
-84.5003 49.7002
03.6880 15.9213
-97.4637 125.0368
103.5093 68.0677
76.6841 354.6044
-181.8774 263.5653
-163.9731 251.5366
-73.8583 72.6542
-34.2779 221.6566
38.8338 48.6968
-253.0720 898.3981
-63.3608 474.9242
-62.9457 44.0563
-136.5969 488.6147
-02.2481 308.5277
170.4492 244.1373
-179.4028 336.8226
72.8762 75.2813
-199.0700 182.6233
45.7931 81.1991
94.7482 337.7813
-59.4150 125.3210
-122.6837 811.9832
-02.4788 304.1370
49.2898 423.0902
-194.7474 221.7020
56.6318 300.5115
69.3391 311.3971
-279.8789 393.0274
287.3418 402.8113
-42.7524 132.2332
142.4647 342.2922
-61.1607 784.2027
-75.0213 502.6333
-04.2966 103.5687
-214.0244 268.1375
-129.2852 631.5228
-15.4768 251.9227
85.3352 177.1102
45.9496 324.0152
-134.7892 240.1805
111.3499 534.0460
170.3737 331.2795
129.9492 87.8275
43.6432 370.8264
140.1777 138.0575
120.4726 255.1215
-65.9317 96.8573
-50.2036 12.6342
128.3418 243.4322
176.9703 310.4898
-117.3870 625.6527
96.9532 167.5617
-159.1879 352.6611
-05.1664 590.2644
-118.0012 119.7029
116.8419 385.7926
74.0406 66.0185
60.7716 367.9915
-160.1612 477.1968
207.0009 286.6134
-181.0431 478.6622
154.0996 389.2739
-25.2389 17.0756
-158.8769 325.9683
-135.0408 229.8884
-207.8549 385.9651
299.9050 425.9864
-98.1282 71.3539
174.5130 492.5648
-55.2331 78.6175
-43.4472 454.6399
-291.8053 400.6237
-197.6402 208.2533
-189.3159 284.6982
-126.8748 228.5736
-307.9698 385.2468
72.0101 123.4400
-04.5241 592.9798
-111.1832 354.7254
-27.8577 00.4351
212.7853 344.2658
-157.5556 183.9454
28.8600 577.3584
189.7348 280.8176
-37.2310 239.5215
-268.1194 289.5026
-127.1712 135.1725
-133.8501 237.3296
100.4914 240.0657
-123.3628 424.9220
-60.0538 11.3773
-255.3002 576.2615
-72.9290 578.6442
207.1495 194.6975
42.8839 83.9671
166.0545 136.1845
-107.1171 251.6775
03.5401 53.6834
-18.7862 134.9930
325.4146 506.4152
223.9573 345.9368
-254.8241 328.3657
59.5047 741.5440
35.9653 291.6258
-195.5536 155.5134
91.8811 224.7615
22.7191 399.7542
203.8239 404.1359
-160.8948 101.5764
-100.2530 184.0692
-127.6098 328.6347
112.5286 58.2754
16.7060 428.6273
-40.4914 234.6480
-28.4417 209.4556
-02.1013 59.0263
-100.1583 204.6434
52.4140 393.5781
-271.7351 321.2990
60.1993 20.6516
-21.1200 616.1530
-43.7501 195.0515
181.6724 373.4868
-44.2772 143.1025
166.2261 306.5739
62.1405 40.1183
408.6111 570.7142
-80.7887 402.6049
38.9734 99.9894
-232.1153 836.5216
-19.9927 69.9234
-59.0403 219.5606
-154.6015 137.0613
12.9811 04.3149
110.9043 280.7596
97.4682 620.7614
-75.4149 426.7299
-41.7126 42.4977
-83.0356 240.5711
-283.9434 324.6241
-326.2826 454.8641
-109.6428 225.5308
-76.0143 193.1386
-75.1400 52.8964
-220.1747 290.1057
-41.0145 487.2746
44.3517 414.2379
-203.9840 176.6075
-231.1168 546.9005
-70.2082 476.1414
-145.9669 344.6870
-158.6311 307.1255
-48.3097 34.7491
-17.6938 185.8185
-42.0887 394.3525
-124.9456 246.6916
-101.5138 65.8049
-92.4787 340.6515
103.5838 60.6418
-191.5807 255.9078
-125.9298 520.3308
-167.4686 175.0981
27.2775 467.3847
-97.7546 99.2887
131.5594 85.4223
54.4705 134.9484
65.2419 216.1568
291.3939 411.3514
13.1375 27.2428
-153.3136 80.1231
-229.6032 523.0864
-42.1146 186.0034
234.5564 322.5183
-16.8650 18.1984
38.0447 249.9167
-10.4933 310.7136
72.7500 653.7563
-351.3935 705.1837
138.4444 191.9552
56.9506 61.9917
-13.1175 310.2537
-171.9537 775.9431
-257.4300 674.3454
-225.8892 749.1198
-401.0775 818.5806
225.8343 353.6951
62.4728 217.6675
-32.7955 305.9635
52.4793 118.3438
39.6953 336.8301
-171.8314 166.6930
-37.1692 103.9016
-50.7608 197.5694
-289.3128 497.9148
-168.3770 288.1937
-64.0325 210.2606
-35.3580 104.5761
-133.4608 268.2951
33.1101 286.1656
89.5038 62.6123
-236.2424 286.9544
34.8800 151.4988
48.7215 81.6269
55.0796 194.8890
-56.6960 250.4165
-182.7662 138.4286
194.5621 240.7185
-168.4371 168.5728
38.8631 289.5999
-75.3855 455.0671
81.2323 544.4316
-66.8177 301.1867
-119.3714 167.3383
214.3013 297.6357
-28.9673 65.6959
-147.2477 138.5038
83.9452 59.4484
81.6410 604.9069
157.7325 424.0701
-281.1310 458.9039
-387.1715 568.6699
63.6953 91.2307
-12.2369 482.7859
-72.0797 394.9788
-120.1844 75.6447
-26.2580 197.4967
94.3625 435.0200
21.8576 69.7121
-178.6197 323.8633
32.3247 239.9742
-01.1116 18.5316
-106.2669 377.9738
236.4980 385.2556
112.3007 258.9824
179.5620 297.6145
-74.7321 601.1016
88.7258 360.2321
-35.0289 424.4190
03.4779 260.5106
190.6561 669.3439
15.5904 112.1772
170.0052 384.3191
64.2539 66.0057
46.7790 282.7579
-180.0108 280.5904
58.9277 277.0208
19.6100 17.3812
-221.8484 214.9635
149.5851 92.0144
237.5609 655.5756
-201.6532 357.5406
-19.8529 578.3790
87.1585 43.6649
56.5965 77.9555
-71.8512 793.1946
181.7705 162.0102
-29.6125 434.2865
-81.7409 411.8761
-93.9482 89.2341
-10.5996 100.3149
-08.8597 576.0652
-273.6913 306.3996
-164.3456 302.5166
100.1454 384.8673
45.0944 19.5299
-40.9991 15.9573
-267.1832 484.6699
-331.2824 695.3422
-285.3165 496.6537
49.1828 488.2686
-59.0410 20.8334
-268.0986 512.8680
169.5203 345.4548
-42.9406 218.8635
76.2885 46.0579
186.7168 273.7290
-173.0604 612.0439
-231.3390 425.8296
-49.8026 269.5748
-184.9672 466.3782
-275.4244 508.9939
-25.5766 197.8295
100.4494 296.9352
10.2528 482.9878
-171.5965 330.3399
05.2500 207.2854
-31.5210 298.5171
-69.6280 74.5965
-138.4489 161.1354
140.9249 136.9083
-129.5242 670.5219
-238.0409 698.6779
77.6610 129.3787
-137.7258 174.1698
-15.7616 365.9507
-88.6286 563.5190
187.4733 297.9168
05.5610 100.7916
92.1098 158.3636
144.5024 322.7732
-54.1948 86.2595
63.6518 323.9710
-16.4697 478.1324
-200.4900 462.8455
152.5059 137.5270
115.1880 750.6431
42.9395 11.0144
22.0209 529.9127
10.4270 134.0017
-133.4142 620.3016
-131.6952 183.4665
-66.1776 191.0334
-74.2750 90.7613
-47.6277 405.5496
-444.0169 746.3777
-197.6390 273.5043
-27.5299 144.9989
-27.4320 387.8139
156.6368 160.7190
-203.4066 370.1625
-49.4346 283.3138
199.3928 366.3905
63.2961 263.6807
-115.9539 150.4050
-53.3023 467.6024
-305.5136 704.3702
132.8773 343.9381
-121.7669 160.8670
-144.5163 362.7176
76.8454 98.6175
160.0988 251.7979
157.1725 188.1827
-19.6521 535.4270
19.8019 477.0096
-219.3945 518.4089
-196.1516 126.7871
-119.2593 292.2989
-273.9383 562.3496
341.3438 467.8077
-242.7586 201.5609
-152.7720 233.4927
-168.6987 132.7574
159.2607 281.3719
-110.5473 140.7981
09.5477 512.0466
32.8571 101.5560
-304.5817 510.6484
09.9750 12.1711
-450.6896 755.7157
-169.9611 469.5155
-108.5216 357.5469
39.6849 104.2455
-31.1771 53.1748
95.7766 396.4853
-265.9147 500.1691
158.8671 343.7957
-159.5903 136.9752
-119.0570 381.7383
-102.4010 377.9144
-124.8068 373.4300
-91.8262 119.6420
-04.0258 30.3471
-242.2534 610.8234
08.1345 206.2618
19.1546 452.2070
-118.3345 246.9944
-44.2695 460.5674
189.7729 297.2323
-34.7219 196.7442
-89.5215 287.5252
190.8851 509.3486
03.1693 312.8240
75.3745 348.3889
19.6683 200.3898
-171.0611 259.8313
-59.7830 103.9481
165.7069 263.5055
-18.8563 131.2760
193.9782 313.5565
45.0692 106.7526
65.6613 296.9103
207.7714 306.0091
-01.3540 48.2260
-91.0335 183.7845
-190.6039 312.1063
-33.6686 191.9583
-111.0488 524.1707
-40.6032 251.0296
91.7512 59.3791
180.0252 307.6534
-248.0787 311.2579
-84.3768 167.2507
-141.5870 131.1686
-79.7591 71.0202
-07.1781 135.1659
123.1360 358.7601
242.5983 371.2712
84.3073 103.1683
-40.7349 120.2491
183.7901 389.1356
97.4437 132.4971
-184.1445 305.0823
62.1306 324.5013
182.5573 160.5855
107.3826 157.2378
-139.1899 439.6785
51.9340 495.1300
75.7763 223.8837
46.6724 63.7133
-170.0650 253.4633
-66.7472 300.8186
-154.8385 263.5488
69.1810 229.2440
27.7335 431.7825
-81.1675 73.7436
95.9127 170.4655
-347.0512 462.5466
58.6151 40.6936
-10.6332 481.1838
-115.4489 243.7477
143.8097 427.0165
-82.5012 271.3396
-57.8299 202.0636
210.1049 283.6993
194.8010 259.7005
27.2549 129.1783
-19.8888 288.3209
-10.3834 582.2993
-97.6385 152.3288
44.3858 396.9742
167.0441 517.6577
-92.8257 402.0982
60.0802 336.4345
-03.7762 324.1973
-280.4174 381.4391
55.5320 420.1379
122.5845 131.3231
41.3190 170.3987
-415.0378 597.3145
40.5578 79.4505
36.1916 361.0276
-78.1163 84.0297
-95.1558 42.1140
342.1328 598.3406
148.6509 394.0821
114.9366 68.3466
85.7224 63.1381
-149.3505 136.7530
178.1649 122.7985
96.9098 155.2227
-420.0044 804.5045
-450.3164 747.1628
-36.1172 30.4050
261.1749 300.8424
286.9089 386.3153
122.6258 445.7126
-101.0307 240.6100
-105.2567 55.9689
221.1663 304.7308
-134.2564 427.2266
14.6664 11.4824
-177.6636 588.6932
-55.8165 19.3064
386.6747 595.5063
236.2705 583.9695
-23.2464 196.5766
-74.9163 590.0508
139.3072 167.5202
167.0411 152.6688
112.7522 249.2297
51.9303 229.7822
-142.5957 339.8240
54.3406 279.6070
105.9545 212.6595
-02.0625 195.8827
-197.8262 186.9077
88.5553 164.4404
-10.5764 31.4389
-85.8252 493.4948
-67.3409 223.5814
-171.2645 322.8223
-17.2091 00.0000
220.0413 219.7915
-154.4299 553.1337
-56.4925 156.7748
55.6620 65.7263
117.4624 443.5863
-188.0733 318.0245
-33.0366 60.6629
-205.8408 632.5480
-42.4122 77.6808
115.0948 128.4254
-15.2625 483.7076
-76.7768 489.9790
21.8456 582.0659
-229.2954 288.9256
-56.5966 100.7809
03.1904 174.5711
211.3575 368.0698
-116.2952 130.6962
265.8302 480.7399
36.7548 257.7046
-60.2441 458.6608
-423.3716 682.2733
93.7511 83.4920
114.7828 346.7830
49.9264 36.3831
-15.0909 239.5198
207.6214 245.9125
-53.3063 494.3997
-151.3645 246.6208
-120.8245 55.6783
216.9519 307.6118
-72.3830 62.9851
91.3820 171.3753
128.4803 74.9042
137.8315 349.7073
-84.6433 427.9549
178.4447 481.8712
326.3353 393.3115
01.3829 391.4739
73.1836 32.7426
149.9603 361.3629
34.3235 85.2484
-06.5822 396.7212
128.5777 309.7918
76.4329 194.5473
-200.9469 390.5698
-84.5505 302.9667
-39.6548 53.4700
-183.3659 269.2465
-237.4909 227.7068
190.5014 524.7753
91.8283 242.2721
-42.5145 32.4706
33.9477 380.8980
117.6781 372.2414
-32.9391 462.8741
219.5141 405.8710
-191.6224 298.3546
18.9006 101.2782
-174.8919 312.7345
-342.8751 693.0235
14.7726 92.1231
-162.5215 332.9971
-245.1651 195.2213
122.8603 87.0731
25.8115 81.9775
99.1175 60.2216
-88.7256 123.5327
-81.5779 236.0321
-08.8320 07.7667
44.7656 226.6795
-147.9410 369.9035
-168.1342 160.9555
183.3077 715.8517
-29.3304 137.7699
-18.6148 00.0115
-236.3886 296.7528
117.1817 171.8608
05.1021 25.9201
09.5302 52.4824
236.9333 390.6576
-15.5496 210.1967
-202.5529 760.1511
134.2921 344.7332
-138.2680 149.0522
-02.5188 206.3189
-134.2868 151.2136
-192.5210 344.3869
-351.9595 447.8213
93.3240 125.0785
-03.3414 23.0225
-53.3447 88.7191
18.0953 260.4561
261.2056 444.7820
-295.9218 424.7021
100.9369 217.1757
65.8969 97.7978
193.5815 322.2893
-175.0628 684.5725
125.1289 170.5847
131.0486 372.4389
-58.3074 382.1629
269.1538 391.6563
-83.7618 439.1018
-246.3951 220.0807
-111.8622 379.1400
199.8904 434.3710
264.2010 524.5003
190.5531 314.9559
84.3640 50.7131
-485.9608 798.9127
52.8587 456.3035
-00.4807 04.9079
-149.5264 159.6425
133.8231 270.2219
-04.7219 477.8516
-226.8763 459.0827
-133.0983 380.8141
-66.4283 288.3882
-46.6878 191.6908
36.5006 514.9703
102.9784 69.7627
210.7840 360.8528
-143.0278 376.2790
-80.5399 410.2772
-179.1699 582.8147
204.1392 212.2968
80.8469 154.5066
-128.3751 514.6145
-116.4560 168.1460
-69.7008 181.8452
-244.9418 220.5942
-29.3274 321.7559
61.1109 352.5615
155.7593 443.0634
159.4678 445.6932
47.3993 107.0449
218.1648 446.2060
-187.3804 292.1491
-118.6856 129.8339
-280.4062 511.1542
237.9709 277.1939
48.0350 54.3837
07.4688 41.8877
-08.1518 126.4172
174.7921 370.1876
61.9251 182.6715
94.8436 251.8191
45.6271 30.0935
117.8493 184.0405
187.4199 649.5514
-204.6902 517.9537
-221.2552 267.4315
54.8844 61.4682
-210.7453 457.2813
71.8996 403.7844
26.0737 244.7725
-219.6281 305.2926
13.6129 386.3270
13.3878 41.9382
-21.4327 06.9356
95.1292 241.3556
-94.3776 189.5896
-340.4059 419.4598
-133.3103 64.8039
79.2784 61.6506
-94.0479 176.3160
210.5996 173.8416
37.1901 208.9228
167.3337 291.6098
60.3136 72.8957
-192.7691 158.2084
-320.0142 466.2713
-33.5341 86.6169
120.7094 281.3139
27.9468 673.2107
279.0496 331.7163
90.8543 168.7145
160.1257 264.6790
-159.9901 267.3122
-90.3092 340.2988
149.5909 186.4373
155.0287 727.7386
-209.6585 331.7553
37.7389 573.8932
110.0662 182.5829
30.8732 609.1986
-22.6674 197.2063
-155.8311 302.9597
-146.2857 243.4959
-170.3117 400.6160
-120.4867 391.4604
381.6204 540.5393
15.0458 480.7095
12.3233 491.5096
48.7365 94.9094
07.6628 377.0418
-16.0109 29.4534
56.7418 584.9712
40.6121 22.5642
-01.5365 65.3610
172.9887 199.8459
-219.3694 266.8350
33.7102 302.0973
65.3423 410.9884
-126.9734 480.4901
00.9570 202.1869
10.2270 136.5750
-362.7686 516.7857
89.2793 254.8265
06.5147 48.3142
-306.1723 508.4957
160.6576 172.3349
52.7860 307.2858
-351.7902 603.4166
-78.7718 75.9058
-41.9637 183.9054
174.3094 300.3268
-66.4314 130.2641
-173.3748 526.1322
27.6502 213.7109
94.5800 201.9548
246.4285 215.5361
-101.8631 407.1268
348.4493 618.8560
-93.9635 220.9116
65.2057 227.7561
107.5171 259.7951
-286.2627 673.3952
36.4471 369.9154
-95.4573 128.2871
145.3660 179.0086
-64.9211 472.6817
-186.3185 208.4584
-113.9642 420.2015
133.7701 193.7200
-17.4425 630.6714
-153.8620 147.9226
23.0376 759.7310
84.1682 157.8071
-135.0508 360.8522
-45.5064 238.1832
-133.2607 146.5694
267.9828 280.9193
-07.5926 10.6996
-451.7629 798.7392
276.1753 297.6428
-138.5884 300.9249
-12.2553 91.7449
-134.6999 107.2028
-10.6814 12.5472
-30.9314 69.9315
-136.6529 169.0344
204.4314 387.2448
76.6374 138.5747
-197.6429 541.1454
-50.2527 93.2812
64.0990 263.2847
244.2246 519.2201
-43.7585 06.1495
-214.0954 279.1580
-12.8094 20.0469
-67.6591 402.2027
-102.2223 508.2087
49.2623 39.1012
173.9183 396.3189
98.6502 65.5613
-95.3757 32.9181
-14.9732 56.5101
110.0858 444.9414
-104.2834 58.0036
-198.6466 551.5408
-225.8988 850.3825
-18.7191 227.3737
-04.1772 13.5431
162.2876 490.6656
154.6292 312.7584
-111.9431 458.3592
81.6210 497.8434
-43.4717 398.7101
-181.6877 346.6372
-45.5971 31.9668
157.9503 166.7194
152.5400 170.4349
-13.6816 290.1740
32.5292 17.1579
202.5341 268.1496
-394.4252 656.5312
31.2735 294.8836
83.2621 263.0181
62.0496 102.3832
06.4588 774.0753
11.8971 416.5009
120.9572 340.1735
-181.1137 245.2929
-66.0014 662.8766
-74.4772 458.2929
234.2662 321.8238
-78.9417 519.7774
-39.1401 570.7295
211.2730 412.0898
150.8024 406.0202
-211.1294 553.5599
55.5999 118.3065
-01.3951 389.0546
-115.6796 463.5878
217.3940 184.3016
186.4164 211.0101
-21.6676 115.0489
-151.2581 256.1186
-63.1145 234.5635
-227.1840 665.0445
167.5642 505.1291
189.8901 257.2339
02.0017 00.0000
273.6299 306.8639
-100.0889 491.8964
84.6884 511.3777
121.2388 85.3734
31.3985 119.3532
33.3475 77.8242
172.9050 418.2986
-428.0173 868.0800
37.2083 216.2473
39.4314 394.8134
-214.6326 236.6489
281.2670 431.1153
51.0411 430.9960
14.0417 167.0676
-226.4100 290.7739
04.4460 283.4162
-472.7440 767.9961
-02.1304 245.5738
-253.5021 274.3565
-277.4374 500.0025
98.7844 414.9457
98.9753 339.5969
-99.0961 70.5697
-41.7239 694.3144
-325.1500 554.9723
-36.9104 22.7516
70.3037 82.9726
196.8844 161.7901
-20.3833 392.4425
138.0917 386.6979
-16.8926 279.0814
232.5102 195.7528
49.8256 197.0796
-03.4015 370.3229
-125.6451 60.9063
-59.5931 105.2410
21.2138 55.7905
59.7203 428.8978
-252.9197 411.4416
230.3055 564.8861
156.8594 364.1281
133.9629 121.8249
-96.8448 222.3290
73.4493 34.2475
-175.9251 308.2844
171.3456 195.0346
160.1554 644.3789
-285.2595 657.9440
207.2292 560.1226
-17.5047 510.5261
28.7638 30.8476
64.0625 98.9044
31.8278 370.7325
-54.1854 197.8798
92.3302 629.1295
-316.9660 571.0968
83.8068 267.7652
248.4445 363.1260
182.7173 306.4658
-147.7436 268.1414
164.1957 288.4268
-175.4404 642.1002
-34.1145 116.1809
-112.1424 405.2075
-134.5245 421.4626
87.6470 125.2924
-60.3405 359.7064
-125.0073 165.5984
-15.4051 224.5836
-136.6099 265.8707
-122.6526 78.6863
-398.5599 646.9067
203.3906 165.5795
15.0493 149.2828
-48.1660 229.3168
-10.7332 192.1518
168.2793 414.7564
183.4338 336.3790
-66.7910 781.1047
00.1986 08.9590
15.2235 241.5442
-18.6839 226.3287
-123.4434 163.9060
243.2804 294.7690
-82.8121 527.2361
104.6975 402.0550
111.8543 114.9469
-385.2497 706.3491
-96.3511 366.0612
-50.3166 403.4859
-94.7926 247.3618
40.8029 150.2567
87.1213 182.2792
-64.8736 210.9137
45.6519 144.4404
-154.3585 536.5143
-92.6462 516.7725
-178.2402 310.9776
-170.7780 146.2208
11.7226 521.6470
-128.3536 166.2406
-18.6686 30.7055
39.2645 55.4013
-54.9695 151.3511
-08.4414 51.1428
51.7764 454.3257
341.8647 460.5435
17.1550 16.8855
-02.7222 134.2294
64.4377 81.4958
-117.0589 80.7146
21.0449 392.6723
24.0742 00.0000
188.8058 265.0454
-279.6407 484.9317
87.3081 24.3123
293.6428 311.8868
-91.2864 232.4092
-90.7292 811.9843
03.0608 10.9054
418.4038 587.1740
287.8645 495.4444
149.0201 75.9303
-284.0001 353.3017
78.8494 255.0609
103.4037 345.3136
82.1492 431.8800
111.5790 112.4553
-152.5632 699.8104
225.7616 533.2782
-253.6483 440.8166
35.5314 384.4310
05.4611 108.8209
-224.2857 455.6919
-170.0476 618.3891
32.7979 110.3161
-90.7040 345.8055
-33.2943 144.0732
-31.6859 211.5410
06.3191 102.4664
230.8796 332.1533
58.5323 372.6802
-177.1561 569.6167
-17.3463 345.2842
-57.7762 310.2967
-225.4312 444.0758
-62.6831 09.0940
-153.1350 436.6071
-172.7176 230.5983
-191.6016 261.6667
208.1879 301.1136
-105.4880 234.4913
-218.4434 543.8273
43.7023 164.5792
-94.9940 348.7762
-149.3956 376.9725
-120.0309 281.5357
58.8049 75.9362
-164.2800 203.3885
-70.6594 60.3574
51.0135 76.4375
72.3736 75.1273
-104.1947 62.3680
73.6256 734.3192
-35.5430 462.7073
-376.2283 568.5951
-34.8336 479.0536
-00.0348 141.4979
24.1850 349.6203
13.1440 569.9837
-89.1190 120.4429
-35.4263 381.7777
-142.2715 422.1667
-05.9934 385.3073
-20.5092 90.2856
35.4334 37.6812
-202.1631 288.0333
134.8384 184.4173
23.7327 350.9772
106.6946 660.2164
25.9373 44.0773
-155.8379 163.7306
148.6355 96.2289
118.4128 339.4866
25.7224 288.4806
-31.7637 28.3710
-09.1709 108.3756
-107.6516 225.2023
260.8227 322.1149
-181.8967 436.8924
34.2896 542.1496
-25.6941 111.1170
-247.9637 216.6545
73.3748 187.1667
-321.4609 522.8171
-78.6427 85.4212
-84.6814 206.3914
-76.5856 400.8712
-296.0579 337.2740
65.1133 80.6676
-66.4506 215.0342
198.0580 326.4413
80.1859 66.5626
23.4287 584.5023
24.6347 97.3575
11.1292 86.8599
80.0764 658.8502
-51.6712 49.0539
-20.9094 300.4661
213.6796 356.6618
-81.7806 67.1473
58.3175 421.9535
-155.5983 345.2052
108.7044 413.0532
-89.2245 52.7691
-252.5034 391.8260
-299.1662 389.2060
-66.3779 19.0704
162.9779 364.0776
-188.4417 328.2955
150.3072 154.7782
138.8255 141.2970
32.6691 150.3021
101.5280 71.4279
130.9235 157.9692
-87.4113 641.3385
-56.0957 432.7050
266.5132 315.8350
-61.6413 183.6384
-69.2619 95.8186
46.1599 62.0692
210.9011 278.6408
56.3821 230.7154
-192.0432 480.9888
-280.7651 381.3119
109.2717 260.6991
102.6388 271.4581
-82.7585 256.8854
-160.1507 495.6346
61.1593 271.2469
209.8683 291.2359
51.5059 516.6211
-30.0522 202.9927
-36.6596 114.4832
-152.6436 157.8323
-236.9474 241.9446
-51.6005 78.6163
00.5365 294.7475
57.1086 61.3754
-55.7228 187.0829
-07.0207 49.1894
-187.1418 351.0428
-24.7876 14.1111
-194.8694 296.7300
17.8580 588.5993
-322.9199 696.7194
135.7721 192.1374
130.5314 453.3285
-207.6963 303.8223
-57.5525 684.4176
161.6396 177.0855
-61.7646 533.2010
-90.6848 115.3475
25.6845 127.1242
148.3853 243.8435
-07.9237 586.4639
-23.2607 207.7085
-29.6464 148.8178
132.9614 368.5153
-68.4543 92.5478
68.8831 406.6428
-19.1727 440.7473
-155.7304 87.8454
-82.1038 41.1801
-184.0562 181.7044
-92.0930 262.1962
250.8792 207.7859
96.2702 395.8235
-97.5149 234.7139
-177.4418 331.8443
-251.9016 435.1859
-68.4946 37.4164
-474.4963 824.4466
-183.6110 312.5750
89.0408 64.3563
-316.9993 605.8864
123.8295 191.6745
102.5289 219.8793
-61.3633 89.0385
86.7454 357.1347
-109.8849 242.3524
250.7936 470.2812
30.0252 33.9709
45.5024 202.3555
-02.6505 95.1473
-111.0952 129.6332
-26.1873 25.3431
-315.9510 504.1985
-60.7667 466.3504
-120.8997 246.3914
38.5940 68.4639
264.1151 311.9190
60.7749 768.7745
-64.3365 117.6878
07.9062 620.7138
-20.5227 406.7061
52.3814 444.4790
62.6165 372.1662
206.0677 202.8146
161.9922 263.3910
169.7276 130.5371
-126.6241 135.7516
-126.3941 237.2046
05.7234 30.9853
00.6347 592.2276
51.9332 94.0601
-70.9897 53.5237
-54.4506 293.1137
02.6192 46.2889
33.1863 205.5451
55.4513 507.4968
154.5715 136.6180
39.8746 257.6324
-69.6017 442.5081
96.0263 128.8780
111.8638 113.5530
216.8748 223.0482
203.3578 259.4556
194.3452 365.5773
79.1859 481.8243
-86.9674 70.9197
-87.9840 25.8135
-154.9109 182.2126
275.8123 344.0320
109.1766 61.7914
144.0364 140.6315
51.6325 391.3363
42.3520 50.4809
-93.6561 537.3642
-01.4293 135.3891
-115.4296 159.5014
343.2196 554.2091
243.8860 401.0142
59.4324 140.0690
-103.2569 164.5130
-20.4130 207.9281
-107.7192 463.7529
-04.5914 48.1945
-17.5339 95.9344
-160.1211 445.6477
251.3253 402.5932
59.6952 281.7958
-105.0118 178.8880
142.8538 237.7769
86.1954 70.1705
-97.8993 623.2966
06.7137 206.1734
-132.2294 441.0216
-22.7333 410.0906
90.7905 108.9112
83.0506 69.7729
138.9407 155.2645
131.9991 250.4739
-191.0333 386.8574
125.3426 472.3372
105.7007 387.9780
223.2277 317.6188
-77.3719 110.3854
142.3155 383.6837
-85.2363 198.4728
54.8657 392.3487
86.4789 42.9334
-115.8336 164.7471
79.3954 55.1605
-169.4991 429.3838
200.4432 293.7587
-63.6698 354.6900
-11.0537 96.9708
36.0055 401.6351
-83.4092 273.6524
-108.9901 181.3729
-205.4376 352.7641
213.6859 686.4380
-77.7643 70.8979
13.4873 169.3532
-105.9997 170.5576
-05.5806 38.6278
238.4428 201.9279
127.9001 340.9090
-246.5435 528.3504
-75.4494 106.4276
14.1146 304.0549
-97.9485 195.5706
-64.0576 553.6249
55.3215 194.9131
10.4765 240.2569
-144.0645 371.3566
81.4327 422.5158
165.7726 154.7887
-226.2806 327.3883
140.4152 289.4437
167.3183 348.1253
205.6183 183.9571
28.4177 37.6573
-61.4501 223.4141
131.7072 303.2653
-245.2245 386.3904
129.0375 297.2249
-98.1587 93.9698
-125.3000 201.1175
-426.1697 674.9821
-72.6187 46.0321
-35.0121 381.8723
15.3048 104.3107
182.7555 276.1822
10.6555 326.5025
92.3067 435.9755
-286.1398 889.3207
223.2030 337.9165
15.5092 17.0505
-32.5308 234.7257
-211.2968 290.9549
-116.1722 151.9013
24.4067 382.4042
152.3855 357.7407
139.9229 156.4646
17.1727 143.9388
-248.3772 557.6717
47.5723 61.1898
-105.8636 172.5967
-71.8882 217.6376
173.1082 467.0289
75.7742 349.7687
-147.3364 357.2687
-84.9119 237.6132
68.7139 268.1251
-51.8493 208.9115
-263.9632 339.7821
-187.1500 289.9500
91.1719 60.4805
329.6829 401.2726
196.1314 271.8889
-112.4877 514.8856
-123.5156 298.8941
-14.3304 235.8683
02.5531 40.3432
-138.2557 340.0737
-23.7315 07.7296
92.6614 164.7758
150.5192 362.8667
-113.8395 329.8955
-149.2468 432.2209
-68.6352 816.9199
89.0781 406.3603
126.3749 231.3551
-330.4074 890.0005
214.8757 238.8418
-80.3234 67.8947
-387.4910 610.3709
-262.0185 470.2418
-195.7033 450.5330
-140.4702 343.8768
-09.7121 450.8499
234.8355 298.2052
-116.9555 159.3653
19.2698 48.4163
87.8347 38.9800
-93.1127 109.9159
09.9231 14.2437
-205.2389 302.7106
290.2352 571.5287
-86.6635 29.2641
141.4956 158.1584
107.6211 78.4081
-109.9625 435.7946
-219.0231 271.3902
-52.4954 85.6140
31.0017 63.5454
00.3329 309.5926
-52.6895 122.3242
-200.4480 178.9446
45.8029 87.0727
79.6750 120.5720
159.3953 267.9258
194.9363 259.6523
174.7111 352.0183
-154.7894 206.8325
173.4498 297.3842
-10.1625 23.1204
76.4342 110.4293
-172.3762 254.4316
255.8217 293.8827
217.4380 329.3480
-150.5122 144.8815
188.8687 449.9469
-179.0617 191.1662
