Raw 5D
-0.3817375610499617
-0.3568210914599473
-0.34316946805169707
-0.3608003913908463
-0.3415112922792779
-0.35949690924463856
-0.35473608489806946
-0.3547205053835148
-0.34992255210396633
-0.35233032602962683
-0.3521547732338767
-0.3555494583905269
-0.37163579246138223
-0.35918456281930267
-0.3679356633025391
-0.37283879570970574
-0.354821247363318
-0.3751192691746294
-0.3687107105910009
-0.3748757235096262
-0.3623609410153273
-0.36600187361841574
-0.34966215337400336
-0.35263223717261555
-0.3555117547950455
-0.34700265793929913
-0.3772123296066981
-0.33959938158050673
-0.37332837618906295
-0.3478073411218716
