# FVC 2D Coordinates
01.8836 66.0847
01.4964 37.4828
01.7863 19.8214
00.6094 00.8971
01.0072 44.3268
00.9795 53.6622
01.0391 22.1697
00.5925 25.1659
01.8218 13.6979
01.3691 15.5578
00.8106 30.5175
00.2711 04.7422
01.8882 48.8410
01.0444 29.4298
00.5321 17.4391
01.0361 26.6904
01.3926 54.9171
00.7677 15.3137
01.1785 00.6613
01.3418 00.7394
00.9846 72.8962
01.9370 35.2675
00.7485 08.2950
00.3620 54.7208
01.1773 48.9728
01.0202 09.0334
02.0114 16.1988
01.1751 12.4251
01.3205 76.3748
00.5245 00.1513
01.0118 35.0265
01.2726 35.0675
00.6355 49.4411
01.5687 08.8328
00.9096 47.2409
01.0149 14.8922
01.1569 03.4984
00.9969 27.6812
00.9333 17.7953
01.1145 42.3493
01.6879 30.0460
00.2279 02.4464
00.1581 82.4278
01.1965 10.9744
01.4453 27.6382
00.3919 51.0401
02.0060 54.0828
00.0478 47.8366
00.1318 00.1772
00.0376 12.3911
01.1713 89.7559
02.0048 71.7517
00.4745 04.9921
00.5429 73.2379
01.6600 37.4617
01.0742 01.7728
01.7839 46.0773
01.1409 24.2002
00.6275 73.4430
01.3697 49.9723
00.8823 69.7764
00.9104 57.3517
01.4877 29.5067
01.8561 76.8248
01.8882 02.5437
00.3740 33.2275
01.0488 17.5343
00.9473 38.5986
01.1201 11.8224
00.8820 00.8502
00.5716 52.1882
01.5542 13.4202
01.9567 50.2866
01.0396 01.0875
01.4693 57.3075
01.9700 33.7127
00.5741 43.3697
00.5854 57.7049
01.2216 00.0933
00.7687 51.0896
01.9240 22.5405
00.9130 07.5823
01.8041 32.5027
00.2176 01.4739
01.0514 32.7976
01.2674 38.6880
00.7120 02.1574
00.8488 38.0901
01.1621 52.7176
00.0678 18.2681
01.4436 76.7132
00.6297 79.5045
00.9726 03.1560
00.8086 00.9551
01.7116 48.3680
00.4058 21.6636
00.9651 73.3131
00.5973 33.7541
01.2119 46.1555
00.4186 46.6003
00.7087 09.7112
01.1151 72.9218
01.0891 00.7754
01.7881 13.8726
01.4515 05.9611
00.6720 01.0766
00.5621 46.9895
01.8772 42.9845
01.0639 19.9853
00.4418 44.8490
00.7909 10.2622
01.0207 12.5065
01.8534 34.8007
00.7132 00.0234
00.3329 20.1647
01.8953 57.2497
00.9336 50.2120
01.6882 24.9981
01.7654 09.3060
00.6237 12.8122
01.2115 19.0059
00.7800 64.2671
00.4091 17.1377
01.2905 41.4235
01.1370 07.9572
00.4155 23.9471
01.9450 46.0104
01.8304 00.1711
00.2245 71.1375
00.1655 07.2595
00.7525 41.8422
00.8070 01.0050
00.2171 99.3158
00.2683 09.1166
01.0943 00.8586
01.2788 02.1480
00.9376 49.9451
00.7130 09.9970
01.0267 63.7572
01.6763 00.5935
00.3264 02.1157
00.9446 35.0224
01.4252 13.3671
00.5080 73.1169
01.9776 17.9704
01.3235 17.3011
00.9167 00.1213
01.1726 62.1251
01.0440 02.7716
01.0579 21.6594
00.1544 05.1036
01.6240 03.1025
01.0031 72.3506
00.6091 00.9647
01.0731 32.0533
01.7147 02.2828
00.1964 28.9909
00.2558 71.2601
01.1042 20.5945
00.7732 63.0110
00.7439 01.0849
01.0266 22.5222
00.0322 35.1235
01.6254 14.5782
00.5933 46.3097
01.2192 16.4041
01.5896 46.0315
00.9861 20.9980
00.1474 37.7970
01.4982 28.6639
00.7326 00.7373
00.6516 09.5048
01.3361 00.0531
00.3836 14.0134
00.5875 62.3373
01.7489 23.9473
00.9953 22.5601
01.6442 17.7143
00.2817 55.7772
01.2151 26.3444
00.6306 00.8177
00.9173 69.9315
00.7981 17.7065
01.4797 16.2611
01.4389 28.3803
00.8623 13.6830
00.4998 00.6795
00.6614 21.0388
01.1594 38.5984
00.1149 62.0673
00.8981 00.0154
00.4034 00.5931
00.9295 16.1624
00.9256 05.6368
01.6346 07.4954
01.8277 09.1015
00.9764 24.7259
01.2716 12.6295
00.7903 03.1840
01.1471 31.9110
01.9082 60.0387
00.2826 22.3964
00.2229 34.2527
01.9922 10.9880
01.0580 20.0736
00.8161 05.4979
00.2099 17.7154
01.0080 44.0134
01.6831 02.4936
01.0111 05.0956
01.3304 13.1942
00.0667 55.7394
01.3288 03.2885
01.8343 23.7996
00.7573 19.4913
01.0843 01.6347
00.9635 26.7127
00.9773 62.9270
01.7849 65.6110
00.3328 32.2198
01.9485 71.6870
01.2571 65.7042
00.9641 20.5491
01.5903 06.8880
01.5578 06.7182
00.5800 34.9355
01.5460 50.0164
00.3316 21.6577
01.3224 70.9406
00.6892 05.4983
00.7260 76.4182
00.7521 46.4885
01.4492 30.1440
00.9165 18.8903
00.5122 04.1895
01.3039 37.4423
00.7366 50.1101
00.9662 28.7978
01.3744 23.0036
00.2086 27.3042
01.4729 51.0309
00.7939 51.4291
00.5596 78.1741
01.3197 29.2340
00.7268 63.8259
01.1395 20.8063
01.6451 25.6531
01.0404 17.9490
01.0844 29.7656
01.4879 73.8576
00.9777 14.8958
01.2955 01.7458
01.2186 18.8752
00.2461 32.8964
01.2310 13.6082
01.1789 69.5209
00.3375 40.2973
01.0406 11.9254
00.9186 57.7683
01.6111 34.5692
00.5698 00.8562
00.8867 04.8451
00.0793 84.4754
01.5299 46.2521
00.9988 02.5618
01.3141 26.5353
00.7308 16.2019
00.8895 26.0383
01.0158 29.5004
01.1327 48.5142
01.0875 41.0686
01.4970 67.9828
01.5707 44.9819
00.7408 29.6664
01.0057 18.6995
01.4093 01.6571
00.3727 12.8000
01.0908 24.1838
00.1077 10.3173
01.1320 08.3819
01.5430 60.2877
00.8118 63.4752
00.2590 54.4970
01.8927 69.8814
00.3715 02.0846
00.6205 25.5022
00.9168 67.6132
01.3722 18.3147
00.4181 16.7199
01.1219 43.7664
01.0464 35.7677
01.6170 11.6914
00.9932 21.9608
01.3866 27.8618
01.1677 49.3744
00.9525 65.3242
00.1740 45.3386
00.9384 00.9074
01.4340 37.9276
01.5912 34.2568
01.0300 28.6445
01.8418 34.0432
00.1877 83.0639
00.1591 60.0317
01.3683 00.0379
00.9716 16.3226
00.0870 11.8123
00.9167 04.0257
00.7075 09.4383
01.4180 00.2709
01.1065 49.4619
00.0630 38.4162
01.2713 09.5693
01.9381 32.7311
00.2041 45.9154
00.9034 45.4798
01.0532 40.3904
01.7757 76.3089
00.9306 23.7560
00.2920 10.0039
01.5798 30.6956
01.3022 55.4840
01.2427 12.0854
01.2833 00.7103
01.5625 02.2732
01.3490 74.0588
00.9030 31.2122
00.5325 64.6453
01.5458 21.0912
01.2306 13.3618
00.3464 29.2496
00.8964 45.0225
00.9590 86.4067
01.4534 48.6436
00.0404 08.7948
00.1686 43.8373
00.3613 01.9422
01.7443 22.3825
01.7719 102.3166
01.0760 21.0623
01.6724 09.9774
00.8711 20.7968
01.0550 05.5483
00.4012 22.3453
01.9660 66.6632
00.3549 44.2171
01.0246 61.6299
01.4904 16.7802
00.3943 24.0485
01.1354 09.4456
01.5288 59.3656
01.9111 36.3822
00.6941 16.4789
00.2386 00.1429
00.7361 71.8589
00.9749 61.3368
01.1278 71.5485
01.0255 22.7651
00.2719 03.8351
01.5033 42.6782
00.3051 16.2568
01.9026 44.7592
00.6523 47.2529
00.8087 62.2757
01.5218 74.9895
01.1450 00.1600
01.9318 00.0803
01.2871 00.1372
00.1311 52.7970
01.6109 54.5714
01.3384 29.5347
01.8929 37.8423
00.7444 17.8365
00.7359 47.5322
00.7650 88.4237
00.6259 00.2604
01.4249 47.8888
01.4403 62.0433
00.8525 00.0893
00.9628 70.4231
00.9110 63.0909
00.8383 49.3522
00.3631 14.7372
00.6324 07.0321
01.9244 16.9709
01.0196 49.9927
00.9537 88.6044
01.4389 28.5990
00.0499 73.4603
01.4615 00.0170
01.5949 20.6939
01.1460 23.5105
00.0456 44.3258
01.5295 30.4157
00.4466 24.3272
01.5827 24.1910
01.4192 68.4581
00.6827 00.0290
01.8949 88.2176
01.0022 14.2691
01.9007 51.4205
01.0119 34.6687
00.9447 00.7980
00.9250 66.8306
00.9182 03.4736
00.0519 26.7953
00.9298 28.7293
01.0233 04.9161
00.1755 95.3682
01.9124 24.5751
00.8195 34.0443
01.4286 50.5631
01.0610 00.2980
01.8952 02.1327
00.9722 00.8767
00.4330 06.6299
01.2777 87.6478
01.0551 05.6460
01.0500 05.1160
01.1209 20.4310
00.2851 55.4610
01.0560 00.1116
01.7034 56.1925
01.0652 43.9041
00.0361 50.1147
01.5228 65.3966
01.8971 09.4976
01.3264 19.1652
01.3465 35.2897
00.8456 00.7928
01.4273 22.2874
01.8330 01.3924
01.6579 73.6726
00.9988 70.3604
01.3100 53.4906
00.0667 00.1611
00.9229 28.8068
00.7441 19.2341
01.1764 00.2209
00.7003 00.8225
01.1763 20.4928
01.8252 37.0858
01.1935 00.6862
01.3510 08.3163
01.1645 11.6292
00.6924 05.4711
01.9993 77.4985
00.1171 59.6559
01.7152 10.8519
01.4625 16.4898
01.7655 00.5248
00.2346 32.5555
00.8899 54.1817
01.4834 01.5283
00.8777 54.2757
00.8276 00.8186
01.5335 13.8970
01.3391 32.0011
00.7091 05.5410
01.9520 07.6987
00.5515 16.4222
01.0813 22.3077
00.1975 03.8677
01.3454 63.9536
00.9985 00.1327
01.2678 25.8487
01.3109 65.0357
00.4899 44.0140
00.5506 11.0751
00.7937 31.7242
00.8398 43.8132
01.6440 40.5194
01.3743 55.9859
00.9196 35.4485
01.0254 10.9362
01.0168 06.8749
01.9276 14.9939
00.9021 49.3965
01.0748 24.8089
01.2308 00.0156
01.9406 01.7809
00.8046 47.0930
01.8386 24.5379
00.8834 11.5245
00.9303 06.5509
00.5265 23.3429
00.9877 00.4285
00.9176 33.7304
00.5729 29.8330
00.5235 00.0551
00.7959 50.4791
01.6774 00.1099
01.2496 10.0942
01.9664 77.3353
01.2052 04.2599
01.0281 04.6238
00.2268 86.7955
00.3264 29.1141
00.7677 61.6749
00.8685 10.6552
00.3821 53.1648
01.9835 13.3794
00.8536 70.9895
01.7214 12.4837
01.0079 18.0268
01.7539 76.8134
01.4523 03.9278
00.7009 35.5242
00.7860 25.2877
00.2318 23.8077
00.5856 35.7466
01.7238 10.0234
00.8218 25.4627
00.6205 50.0970
00.2838 00.0078
00.7458 30.7175
00.8499 21.6646
00.7197 20.7740
00.4784 04.8596
01.1429 48.9421
01.9289 38.9101
01.2613 29.3697
00.7253 07.9111
01.0076 31.4136
00.4618 08.1056
01.8611 20.3800
01.5188 64.8631
00.4885 49.8889
01.2066 42.3405
01.7169 00.1897
00.7529 30.1365
01.6952 50.1248
00.6160 73.8214
00.2023 14.2449
01.1407 30.1710
00.8029 38.9031
01.4541 25.6815
01.0044 27.1640
00.7069 37.0617
00.5417 44.0942
01.0009 00.3803
00.4715 20.1416
01.1817 20.0168
00.8075 06.5235
01.2275 57.7247
00.7909 14.9526
01.0008 02.6442
01.0039 44.3170
01.2048 06.9437
00.6944 00.7623
01.1019 32.5413
01.0963 38.8371
00.6505 74.0310
00.5751 00.7745
01.3492 14.8912
00.7378 20.0319
01.5358 01.7456
01.0535 67.2753
01.2064 52.2393
01.1493 26.9981
01.1556 24.9187
01.2033 21.1573
00.2738 14.9732
00.9397 05.6171
01.9189 15.0977
00.1763 02.9945
00.0854 68.6564
00.8851 61.4883
00.8820 12.2630
00.6426 07.1856
01.8256 27.3620
01.3419 13.5293
01.6116 44.2191
01.0916 00.1186
00.9775 00.0514
01.5308 12.8034
01.3903 40.2566
00.1250 20.0340
00.9656 57.6142
00.6263 17.8796
00.3638 28.3398
00.4833 00.5371
01.5269 10.4569
00.3755 44.3952
01.8927 20.2107
01.6968 29.1878
01.7343 72.2124
01.2808 10.5900
01.0386 20.8545
00.8142 33.1130
00.3714 25.6896
01.4103 15.7376
01.9530 02.3674
00.4024 46.2923
00.3348 11.8389
01.6993 54.1187
00.5195 15.9692
00.9640 03.5970
00.2053 70.0124
00.3463 01.8521
01.2058 70.0502
01.1434 25.6198
00.4629 01.5491
01.3986 07.9129
00.4331 100.5081
00.7609 15.0157
01.3104 15.6976
00.2920 84.8328
01.9560 11.6280
00.7958 07.0108
01.0571 22.2939
01.6079 14.7750
02.0067 21.9303
01.8826 22.0265
01.3120 67.8255
01.7900 25.9848
01.1254 27.0575
01.6891 11.9456
00.9986 30.9686
01.2833 12.2237
01.1595 38.0688
01.5855 01.0926
01.0884 01.0508
01.0638 00.0646
00.8902 18.7486
00.7179 22.6987
01.1646 00.7066
01.1932 25.3153
01.7499 33.7888
01.0846 61.5885
00.6758 25.8553
00.7093 11.2802
01.9500 29.8740
01.0339 09.8843
00.0285 01.9334
01.6726 69.9435
01.7809 16.2155
00.6621 51.2230
00.7917 23.1453
01.8868 68.5320
00.1600 16.4703
01.3035 17.4699
01.6395 30.5361
00.0911 64.3766
00.6085 43.4673
00.2078 20.3865
00.2703 25.6712
01.0095 02.4420
00.4657 03.6377
01.0277 25.0503
00.5656 00.1441
01.8443 24.9782
00.9484 20.8813
00.7495 61.8635
01.0725 30.0863
00.8766 61.4278
01.9181 03.8020
01.2067 41.7761
00.8638 17.4115
00.3290 16.8852
00.5505 24.5763
01.1272 22.6577
01.4758 08.9873
01.4153 00.9514
01.0533 17.1110
00.3436 40.3167
00.9184 09.5395
00.3887 18.6330
01.7231 37.6326
00.0382 00.1288
01.3727 69.1469
00.1738 52.4466
01.0872 31.7994
01.6128 03.3926
00.4752 58.5558
01.2903 72.2165
01.2361 23.7895
00.6353 06.6268
01.5299 49.9468
00.6114 53.9611
01.2535 48.9822
01.9345 72.8005
01.0655 00.7756
01.8395 32.2865
01.3591 77.4315
00.9469 68.9317
00.4463 51.1860
01.1155 66.2787
00.8983 10.4743
00.1202 40.2435
00.6747 48.1321
00.1464 00.1192
00.9895 77.7654
00.7546 00.7099
01.1446 59.6472
00.8120 68.1615
01.2850 02.0818
00.6205 26.1261
01.8496 27.0833
01.0644 05.2464
01.0468 59.8851
00.9871 05.3180
00.9458 50.5514
01.5769 01.7116
01.4021 52.2218
00.4764 66.2949
00.9720 22.9732
00.1860 46.5383
00.5690 01.1817
01.1037 00.5866
00.9103 27.0524
01.7118 12.6737
00.5444 22.1372
00.3334 25.6523
00.3144 77.3952
00.7707 34.7573
01.9416 00.0082
01.1686 51.7481
00.7014 77.0424
01.9613 73.0366
00.9425 02.2341
01.5909 12.9501
00.5757 56.6570
01.3114 20.9316
00.8247 40.0881
00.1442 27.3698
00.5916 45.3618
01.5604 82.6607
01.9984 75.6640
00.3578 70.1470
00.0942 35.8566
01.1784 30.1859
01.3797 30.2834
01.4732 32.5356
01.5169 56.5942
00.3238 07.6565
00.6327 05.0171
00.5899 31.4978
01.9616 01.8139
00.4673 45.4082
00.0752 77.0913
00.2155 02.4945
01.8105 30.6988
01.3959 00.3075
01.0091 27.9025
00.7346 47.6938
00.8441 50.7995
01.0551 00.7742
00.7400 32.1858
00.9753 06.3037
00.7221 26.6146
00.5015 48.0770
01.7244 76.7390
01.1950 18.8764
00.5438 16.3926
00.6749 16.0100
01.2722 04.1365
01.6163 30.0250
00.4567 54.7355
01.6192 53.4260
00.2080 15.5288
00.8313 73.5401
00.3881 33.2838
01.8914 12.3040
01.9559 37.7876
01.8718 35.7889
01.9862 10.5171
01.0461 30.2869
01.9754 83.0212
01.5584 00.0898
00.3370 15.1457
01.0526 25.4546
00.2194 15.7746
01.7784 51.5413
00.5399 69.3898
00.8188 29.1032
01.8336 04.8612
01.5456 17.2243
00.2049 94.6757
00.7934 24.8247
01.7058 41.3726
00.4480 41.1459
01.8732 49.5023
01.3808 06.3880
00.5060 00.0970
01.5458 66.7283
00.8005 04.6817
01.2732 00.9877
01.2940 55.0011
00.5219 78.0013
00.9646 00.7724
00.2393 89.1909
01.2276 32.8145
00.0953 23.4723
00.4697 01.7140
00.5036 57.3796
00.9305 51.5341
00.1215 37.9440
00.5431 55.8120
00.0698 11.3189
01.1708 20.5839
01.9560 95.5815
01.9969 02.0176
02.0136 85.6113
00.9144 05.9200
00.9993 00.0646
01.2458 70.7552
01.3041 37.6848
01.9113 20.5309
00.5686 74.1521
00.2811 45.2123
00.2297 10.9744
00.0408 63.3075
00.8500 13.5573
00.3630 42.7762
00.4561 08.2879
00.7445 24.8752
01.1000 14.0348
00.9715 00.3944
00.6478 51.0632
01.9412 16.3550
01.0382 03.6470
00.0786 40.7897
01.3029 23.0167
01.5323 50.4556
00.9644 20.1383
01.3219 27.5512
01.4058 41.5561
01.9708 18.3257
01.5070 01.9431
01.1276 18.6288
01.1674 00.2237
00.8317 06.1755
00.1001 06.3537
00.1737 07.6207
01.1376 00.6796
00.4104 35.6994
01.1156 19.1481
00.0469 25.9427
00.9222 03.6845
00.3255 64.8382
00.8257 05.8602
00.9859 47.8541
00.4745 63.8309
01.3787 47.4930
00.6634 00.0008
00.9169 29.6927
00.9946 00.2028
01.2304 06.9850
00.9871 52.0510
01.0629 36.7150
00.6492 27.0066
00.9945 33.5729
01.3066 32.0690
01.4884 51.0928
01.1587 31.6331
01.2549 07.5784
01.6239 38.7963
01.8231 46.1492
00.1902 66.4342
00.7705 10.0261
01.9082 115.5135
00.6047 01.8069
01.2148 13.9494
00.8278 60.7468
00.6404 22.1425
00.7867 93.9296
01.0106 04.0404
00.1034 63.5168
01.2274 66.7444
00.7851 55.1899
00.0653 06.1324
01.1185 23.1431
01.5446 21.9599
01.0325 54.8430
00.1398 07.6195
00.5515 14.0947
01.5655 20.1056
01.3872 06.1339
00.7804 07.8067
01.7562 00.2349
01.8045 35.5034
01.7090 01.2185
01.0529 22.7040
01.6401 19.6511
01.7846 02.1436
00.9235 03.7984
01.5892 68.4369
00.1316 62.4777
01.5290 24.2296
01.9593 02.8624
01.4659 56.2447
00.2278 47.8709
01.8676 28.3983
01.9476 53.2435
01.4799 67.7041
00.9098 00.0219
01.1979 41.7866
01.0548 43.4700
00.8892 02.0090
01.0133 59.0377
00.7645 01.5419
00.7625 26.9221
00.8267 37.4694
00.1076 43.8831
00.5768 69.5736
00.7644 30.8363
01.4162 38.3068
01.3841 100.1681
01.0913 23.7235
00.1521 23.7230
00.5716 05.5567
01.2553 77.2185
00.1100 64.7513
00.3237 12.3305
01.5294 12.5639
01.4251 36.1986
00.6674 13.3645
01.6199 64.5562
01.3637 42.0438
00.4283 17.5166
01.1284 67.2251
01.3267 22.3629
01.6444 52.2835
00.7171 05.0543
01.3604 32.4653
00.6635 58.1331
01.9470 68.1527
01.3923 52.8128
00.0585 00.1532
01.9082 58.2827
01.3604 31.3301
00.9730 00.4785
00.7995 41.1194
01.5538 29.5456
01.1333 50.9626
00.9507 02.1469
00.5624 54.4453
00.0281 44.9120
01.9713 53.5411
01.8844 35.1240
00.9934 02.4947
01.6098 46.5309
01.6782 09.2193
00.2688 23.3749
00.7725 68.7004
01.2901 33.4484
01.1009 29.9404
00.8404 38.1787
00.4794 31.4761
00.3453 00.1703
00.7748 31.8949
00.7657 52.2349
01.0325 52.4591
01.0034 84.6766
00.2390 65.9330
00.7660 47.6262
00.7722 65.4145
00.7240 65.4218
01.2551 24.8776
00.2543 56.9259
01.9027 41.8835
01.2961 02.8251
01.9253 21.9639
01.5549 57.1642
01.1370 25.4886
01.2908 07.7729
00.4183 05.6811
00.9635 26.0708
01.0950 23.4340
01.3186 49.7307
01.0122 07.2799
00.9890 57.5947
01.7736 16.2323
00.9436 39.6165
01.0082 24.8013
00.8882 12.2987
01.9726 59.9641
01.1668 16.4603
01.1207 04.0718
01.4612 02.4308
01.0352 29.2923
01.3639 00.8974
00.5424 11.7317
00.3082 26.7918
00.1480 37.7318
01.2015 00.6758
01.2029 10.2560
01.9642 44.4557
01.6510 34.9380
00.4315 70.0275
01.5074 36.3957
00.3802 60.5317
00.8467 37.4673
01.1765 43.3929
01.4923 20.7029
01.1096 49.8019
01.3879 01.1707
01.8244 71.0498
00.2835 29.8196
01.8397 61.2226
01.5668 42.6146
01.1184 15.0103
00.9283 09.5617
01.9963 01.9063
01.0433 64.6461
00.1989 02.0113
01.2202 23.8323
01.0350 04.2826
01.4119 13.2999
00.0605 78.0168
01.7325 06.6537
01.0676 17.6894
01.1155 17.5686
00.8892 00.9178
01.5368 26.8612
01.0840 25.2517
01.0660 28.2285
01.4615 48.7571
01.0424 00.5653
01.5129 12.5489
00.2583 06.3516
00.9106 17.9721
00.8743 51.6129
00.1751 01.7892
00.7136 21.4807
01.9461 60.6293
01.1529 28.8928
01.1159 79.3576
01.8179 71.8400
00.9389 00.9354
01.7150 17.7252
01.0074 12.3798
00.8059 08.3493
01.0440 01.1387
01.2170 00.9970
01.6005 38.7041
01.7580 17.1596
00.1379 08.5926
00.6410 80.0037
01.9954 85.1885
00.4397 25.3752
00.1237 20.0528
01.6136 46.5867
01.5739 22.9444
00.6621 01.9723
01.5503 12.5862
01.9454 38.4390
01.0149 14.7629
00.3598 05.2221
01.6704 41.9329
01.4644 12.4813
01.0852 00.0652
00.6671 08.0852
01.8359 81.7384
00.3030 78.1313
01.9593 55.9868
01.9818 10.0102
00.0770 53.8339
01.9125 32.4370
00.4127 10.7868
01.5997 73.5783
00.4071 33.9726
00.1594 27.3789
00.6333 36.5629
00.8527 06.2083
00.9677 10.7297
01.3788 33.2299
00.9550 37.5706
01.5437 26.1963
00.9746 25.2285
00.4144 23.9467
00.3884 64.6372
00.5740 17.5160
00.2959 10.5639
00.9663 57.9434
01.6395 24.6057
00.5615 17.9940
00.6465 00.0585
01.0325 43.9926
01.0625 08.4529
02.0027 21.7627
01.6831 08.7068
01.9316 56.4202
00.3285 02.4938
01.5918 69.0209
01.8488 12.7394
01.3023 29.9441
01.5049 38.1868
01.8490 68.0773
01.1192 32.4936
01.0775 56.8532
00.0263 40.6005
01.1700 24.5209
00.9528 13.2543
01.7445 37.5404
01.3046 06.6001
00.5736 00.0215
01.7193 30.2300
01.3826 37.7953
01.1894 55.4109
01.1317 21.7609
00.8555 14.8409
00.1128 16.4739
00.2969 58.1825
00.7515 61.6131
01.3633 19.4810
01.7435 12.1893
01.3971 60.5146
01.4235 46.1082
00.7863 38.9018
00.3396 21.5197
00.9011 58.0097
00.8785 01.3157
01.2839 01.9083
00.9364 00.8996
00.4351 24.3747
01.0943 04.8929
00.9309 44.2601
00.2489 37.7139
00.9636 13.7556
00.9485 21.0670
00.5451 07.8779
01.7280 17.8908
00.0899 07.5969
00.9138 27.9980
00.6887 41.0450
01.7386 45.1414
01.2045 13.3800
01.9633 01.8583
00.9232 00.7614
01.1645 31.0998
00.2318 14.6651
01.8493 26.8693
01.3116 28.6098
01.0614 11.8600
01.6660 51.6093
01.8030 30.5864
01.0260 19.2975
00.6371 00.9740
00.3439 07.1008
00.1784 03.9169
01.2933 56.1127
01.6999 27.6091
00.3367 00.5011
00.2950 46.3549
01.1809 00.7079
01.5462 50.7223
01.4092 12.7849
01.8242 39.9960
00.5056 02.2458
00.8056 61.2581
00.1965 39.7280
00.9417 05.9341
01.5172 24.3543
00.4563 36.8027
01.8629 61.0799
01.0927 29.4523
00.5661 85.4562
01.9710 84.8573
00.7026 61.0762
00.8322 23.2313
00.5292 00.8113
01.2634 25.4923
01.7312 75.0572
01.8797 09.4144
01.3815 00.0407
00.6977 61.0292
01.9889 69.0345
01.0478 04.8412
00.9531 49.3288
00.5045 52.4266
01.4141 01.7991
00.9768 11.9212
00.7184 30.0324
01.9284 36.6045
01.0132 35.5050
01.0620 19.3471
00.8051 01.4036
01.5366 29.8311
00.9801 51.3091
00.7611 13.1653
00.7663 26.4750
00.8057 79.0182
01.6532 20.2136
01.1572 14.7128
01.0663 34.0730
01.1359 07.6755
01.2134 28.9960
01.9240 20.3823
00.2118 46.9372
01.1991 20.0199
00.4830 01.5518
00.8139 00.8530
00.9238 54.3343
01.0828 10.4704
00.0626 46.6567
01.7464 57.7894
00.6981 82.2148
00.9590 00.6901
00.7427 38.8289
00.8923 42.8045
00.2632 31.6928
01.8438 27.2936
01.7685 42.2375
00.5988 75.2749
00.9223 31.0312
01.4193 17.4712
01.8470 32.3870
00.5093 34.8031
00.4308 04.5374
00.9795 58.4740
01.3839 32.7966
00.7304 01.9546
00.6032 42.8533
01.2130 40.3035
00.3951 00.4881
01.9589 39.9569
01.5784 02.5238
01.1098 00.5668
01.0647 00.0181
00.3962 20.2570
00.7646 82.5626
01.0130 06.8949
01.2135 35.9923
01.0775 48.1206
01.9661 62.2730
00.9223 23.8496
00.3504 28.6592
00.7849 41.7367
01.2291 65.5593
00.9385 68.1214
00.6995 18.1105
01.2999 02.0554
01.4186 69.5019
00.3210 80.9528
00.1045 11.5124
01.3632 06.6444
00.9679 21.2183
00.5598 09.3623
01.0149 05.4249
01.0791 78.0102
00.1882 28.6851
00.1107 17.4482
00.8478 05.9194
01.5099 65.1046
00.5119 16.4373
00.9346 21.4354
00.4384 19.9423
01.8001 78.7444
00.9426 01.6784
00.6431 36.6154
01.9781 33.1166
00.3062 61.7441
01.8030 01.6233
00.7714 08.5826
00.2277 59.7085
01.9841 00.0350
01.0321 45.5894
01.3567 06.6794
00.7484 09.6728
01.4070 00.8727
01.5882 11.6424
01.9200 09.4670
01.1719 34.4010
01.7287 27.3272
01.6555 00.7398
01.9896 82.0990
01.0627 00.8320
00.2189 22.0633
00.8432 00.5159
01.0484 05.2135
01.2308 32.7212
00.2202 00.1823
00.4457 27.9675
00.7035 01.1134
02.0344 100.1007
00.4847 19.4686
01.3736 27.8806
01.0943 42.0996
01.4489 16.0811
00.8209 05.7975
01.6538 08.0131
01.7908 01.6077
00.9339 65.4857
00.4051 58.3904
00.6508 45.8958
00.7430 38.8826
00.1057 23.6860
01.8430 10.1158
01.0189 07.0016
00.8413 01.0729
01.6743 12.4984
01.4911 11.7058
00.8671 20.2446
01.0319 16.8752
01.7539 17.0406
00.5125 00.7011
00.1828 33.2097
01.0689 03.2885
01.9434 26.8478
00.4416 38.0365
00.9902 60.8115
00.1437 47.6713
00.7652 00.5837
00.7189 00.8692
01.8069 34.5355
01.0232 28.7443
00.9713 20.7755
01.3144 00.0623
00.2567 47.1293
00.4816 42.2253
00.3297 45.5998
01.8582 26.1791
01.4095 28.1366
00.0116 23.9288
01.1461 42.8648
01.5760 01.3045
01.8142 48.9835
01.0685 29.2844
01.2172 27.7934
01.0233 18.5216
01.2643 06.0988
00.7857 15.5864
01.8930 13.6313
01.2633 12.3517
00.1861 00.9043
00.8669 08.8913
01.2689 11.5541
01.0802 54.2033
01.9044 50.0557
01.7309 08.6872
00.9909 35.8867
00.5357 45.7749
01.0493 19.5982
00.6710 37.3879
01.5948 13.3571
01.5098 54.1455
00.1641 59.5202
01.0135 01.0200
00.0969 19.9562
01.4786 01.0437
01.0331 25.5519
00.6439 40.4701
01.9415 72.3382
01.1137 40.8637
00.2153 61.2187
00.0738 00.2060
00.9168 77.8205
01.4694 03.0212
01.1027 39.2580
00.4141 84.7000
01.6214 31.2195
00.2497 47.7295
00.1486 40.2876
01.1843 24.5407
00.8995 69.2156
00.1505 64.4961
00.6861 47.7347
00.9658 42.5072
01.4232 66.5583
00.5546 43.6274
00.2548 17.5188
01.3652 51.6254
00.4281 31.6740
01.3593 26.7420
00.6111 59.0043
01.5111 46.1607
01.3929 00.0713
00.6754 26.4763
00.2892 19.0301
00.5398 43.5130
01.4150 32.3705
01.1907 01.8271
01.1047 01.1030
00.4966 21.1231
00.3960 32.8667
00.7480 14.2929
01.4413 01.1878
01.6916 16.7198
01.3164 44.4976
00.9535 00.9314
00.9912 61.3612
00.9610 05.8117
01.0744 39.7141
00.8880 09.4468
02.0190 02.6493
01.1287 15.4750
01.2141 32.5936
00.9907 20.6345
00.9687 37.8191
01.0062 58.4498
00.9567 37.4439
00.1084 01.7902
00.3650 39.3623
01.0276 45.6820
01.0212 00.5698
01.2246 35.7563
00.3029 24.2886
00.5779 44.8960
01.2532 32.8287
01.0248 31.5209
00.6739 65.9684
00.9749 00.0567
00.4703 61.6353
00.8009 31.6239
00.8407 54.8992
00.8716 65.6544
00.9497 12.7993
00.6097 15.7609
00.8685 67.3973
00.6298 20.5372
01.9053 16.3629
01.1983 23.0616
01.0389 83.5532
00.2415 24.2082
00.0302 28.4033
01.5327 42.4661
01.1304 45.1843
01.2872 06.2988
01.3397 64.0075
01.5359 47.9438
01.0802 27.2108
00.9349 05.8204
01.1677 51.3255
00.2915 44.5994
00.3729 15.8819
01.1177 01.8195
00.1776 05.4327
00.7401 16.1344
01.2809 29.1109
00.0802 10.0085
00.9791 00.6585
01.6228 45.6205
01.2864 06.3576
01.8315 01.7104
01.8828 13.9991
01.1952 01.0938
01.0732 17.2537
00.2045 31.9662
01.3519 31.1066
00.5049 56.8532
01.5119 13.7439
01.9058 39.1150
00.9803 05.5994
00.1672 00.6843
00.8066 33.2367
00.3669 24.2851
01.3910 12.5267
01.2064 58.7395
01.8398 23.8537
00.9725 05.9582
00.9017 49.7986
00.0527 60.6978
00.9878 18.3753
00.8225 05.8466
01.4275 03.7923
00.8067 49.8915
01.3815 34.6688
01.2174 05.8809
00.3158 54.8987
00.3031 88.3866
00.7559 26.8140
00.2802 48.2123
01.0569 00.0232
00.3666 08.4553
00.8958 30.3260
01.5157 11.3477
00.7381 54.1703
01.4610 71.6833
00.6128 12.3600
00.8936 27.6545
00.5508 09.3395
01.7987 00.0730
01.2466 01.7933
01.8496 28.7316
00.6685 43.9818
00.6574 81.0038
00.8984 61.2107
00.7622 15.3270
01.2744 22.0059
00.6641 17.5594
00.3751 31.6569
00.7655 31.5087
00.8153 09.6102
01.0371 22.4731
00.7592 26.9787
00.6182 53.1575
01.6255 58.5761
00.3681 11.1729
00.8210 10.3022
00.1606 28.2884
01.2834 21.3080
00.3322 82.7240
01.8205 55.7365
00.0820 00.1883
01.9750 93.6101
01.4140 24.1591
01.1164 62.6858
01.4331 00.7126
00.9725 05.1856
00.4133 08.0078
01.0414 14.3850
00.0433 01.8952
00.8174 37.8553
01.7147 26.7322
01.3173 16.7721
01.4380 23.1226
01.3716 45.6266
00.7995 14.8835
01.0582 42.0461
00.6642 08.8608
01.5015 01.6198
01.7684 02.3751
00.7534 46.2295
01.5123 28.4209
01.1714 28.6039
00.2418 06.7765
01.9737 04.9573
00.3625 02.1064
01.6357 09.0949
00.9130 11.1551
01.8579 00.1274
01.0255 52.2918
00.6810 41.5032
00.6572 17.6353
01.1204 00.1203
00.8111 07.2673
01.9532 34.8273
01.6630 50.1318
01.1719 25.5245
01.1454 05.6872
01.0365 34.0339
00.8343 60.0750
01.4303 79.6761
00.8919 07.3674
00.8306 14.5495
00.3191 11.7494
01.6909 22.4803
00.9605 48.4333
00.2761 56.6423
00.0972 48.8741
00.8364 87.2745
00.4315 35.6214
01.2101 21.5745
00.6493 60.6899
01.1660 04.3088
01.5440 14.1018
01.1117 96.0304
01.5108 10.6442
00.6150 18.3247
01.3998 53.3897
01.2160 71.5627
00.9764 05.3300
01.7080 48.6722
00.2649 28.5738
00.3527 11.2683
00.3151 08.1837
00.1141 07.7658
00.9334 00.7920
00.7188 46.9044
01.2526 24.0106
00.7418 49.9289
01.7531 00.6090
00.8653 69.4153
00.4094 76.7519
00.8392 93.0073
01.1164 30.8012
01.0518 46.1650
00.9928 01.3553
00.4338 28.9627
00.9407 29.6528
00.1389 16.4442
00.2657 25.2710
01.2898 00.7701
01.1315 19.6969
01.0606 12.3783
00.4083 34.1357
01.0476 52.3027
01.0903 29.4446
00.3274 33.2858
01.4060 43.9250
01.5170 35.4343
01.0139 52.7224
01.3384 40.7168
00.1704 00.4780
00.1521 12.3350
01.1429 10.6364
01.4447 47.1049
01.1442 62.8668
01.5753 23.4872
00.6767 05.4478
01.0250 23.4158
01.6032 19.7391
00.5265 04.8991
01.2569 08.8770
00.6972 37.9025
01.1405 00.1156
02.0137 04.2732
01.1062 97.8323
02.0169 76.4051
01.8047 40.6656
00.8242 01.0170
00.1794 23.8478
01.2894 90.9728
00.8882 00.0008
01.0955 38.4916
01.2466 14.6586
01.2768 16.4310
00.7814 18.9538
01.3156 36.3993
00.9383 00.7940
01.1967 04.4183
01.0652 33.1358
01.1101 15.7499
01.1685 31.6114
01.8872 59.4700
00.4209 19.9753
01.2118 09.2513
00.5822 48.2537
00.7489 09.9198
01.8558 00.0530
00.6081 17.9793
00.7664 59.4197
00.8951 03.7399
00.9086 73.3439
00.2288 04.7880
00.0307 18.6121
01.5374 00.0404
00.9585 59.4699
01.4311 00.0249
00.3955 71.8061
01.5473 85.8695
01.0348 46.1471
01.7017 85.8648
01.2931 52.5189
00.9897 00.1735
00.4593 59.0529
01.8643 48.5710
00.9406 18.6231
01.1402 18.3613
00.8300 39.7053
00.7450 15.8672
00.5265 05.0182
01.0694 06.0975
00.8381 78.5038
00.1515 00.1503
01.6946 05.4674
00.0647 61.7775
00.7497 55.3505
00.5672 46.2236
00.5226 78.1819
01.8786 23.5378
01.6247 10.6675
00.9408 67.7902
00.2648 56.2769
01.5005 19.2670
00.9423 03.4360
01.1215 19.1946
00.9959 54.0680
01.1054 19.4235
01.1041 01.9292
01.9811 08.4787
01.3192 01.2291
00.6871 00.0521
00.9106 14.4729
01.0037 02.8137
01.6082 22.7558
00.6242 20.0785
00.0839 18.4360
01.4067 02.4167
01.0145 12.1456
01.1102 16.8771
00.3115 54.2357
00.7274 67.8867
00.0787 41.4954
01.2369 05.8446
01.0156 18.3916
00.9292 82.1071
00.0643 34.6487
01.7654 55.7429
00.7176 37.2157
01.0002 18.6706
01.1632 01.1978
01.1966 57.4027
00.7089 13.5143
01.9337 38.9333
01.6765 61.1116
00.9897 58.7083
01.7020 00.8025
01.5614 00.5879
00.7088 80.9185
01.1080 11.1919
00.3559 44.9245
01.7701 02.6509
01.1462 30.4429
00.8179 26.5714
00.8165 35.9039
01.9098 31.7777
00.9714 10.5775
01.1103 47.1869
01.2810 83.9130
01.3188 03.9718
00.5963 08.0944
00.6178 19.9134
00.5277 21.5489
00.7172 06.0268
00.4220 16.9392
00.4428 70.0575
01.3286 19.3868
00.9619 25.7342
01.0955 01.1704
00.7804 18.3632
00.4091 71.3155
00.3983 00.1122
00.5295 13.2233
00.8551 46.1906
01.6882 02.4448
00.0783 68.1013
01.0401 49.8797
00.9092 27.4277
00.5144 30.2182
00.9473 44.4591
00.7867 11.4931
00.4906 49.3844
00.7556 63.5356
01.6015 46.9403
01.6677 01.4709
01.6349 52.5320
01.1246 40.6387
00.3943 24.0555
01.3237 32.0921
01.6156 73.5922
00.7393 31.0261
01.3715 46.9001
00.3765 70.8444
01.0898 40.3674
00.7437 55.5636
01.4445 14.0156
00.7394 59.5515
01.0573 21.3151
00.4275 54.1505
01.2821 63.6075
01.2927 21.5772
00.5722 08.5036
00.8147 93.6767
01.4775 65.5296
01.2079 30.2094
01.2258 01.1767
00.9807 00.5592
00.9125 52.6352
01.2926 22.6197
01.2730 26.7951
01.1617 21.4829
01.8617 28.2090
01.2962 51.0663
01.4692 01.8586
00.2377 93.4755
01.3575 01.0715
01.7783 38.2587
00.5996 51.0441
00.1865 00.1993
01.4675 33.6512
01.0468 01.5717
01.4783 69.5105
00.8992 48.1576
00.9473 00.6163
00.7868 04.8227
00.1017 01.6846
00.5290 25.5425
00.5178 24.9431
01.0822 29.3652
00.8612 07.0988
00.4731 74.2597
00.1777 70.5714
00.3060 42.4208
01.4419 39.3376
01.0695 00.5891
00.3368 01.2473
01.0698 00.5633
00.9082 16.1288
01.1234 05.4485
00.4297 60.1346
01.3197 15.8345
00.2813 28.2216
01.2902 22.6380
00.3597 00.5497
00.9366 02.1194
00.9999 21.1905
00.7860 09.6004
01.0364 04.8784
01.9391 00.0690
01.5186 06.6574
01.2148 02.1688
01.0145 59.1037
01.1226 31.8848
01.3223 67.2214
01.3103 52.5673
01.2105 13.0878
01.4859 02.5713
00.7428 60.9905
01.3359 39.1602
01.1873 53.7895
00.1957 00.6559
01.6284 53.3041
01.4910 01.9725
00.9392 12.7481
00.4951 24.5072
00.7173 01.3238
00.4314 59.0945
01.2662 56.6101
01.3634 40.5026
00.7607 01.0531
01.0381 48.4249
00.9539 00.6776
01.0291 09.2664
01.0276 27.6664
00.1366 12.2122
01.5398 34.4116
00.8181 19.1689
00.9358 16.6193
01.2912 82.3396
00.1702 00.8278
00.6579 07.9151
00.9617 41.2038
01.1030 19.3603
00.9706 04.4510
00.2432 00.6092
00.7421 71.5594
00.7128 05.5886
01.9112 01.7736
00.6355 28.9362
00.2047 37.6787
00.5782 37.9415
00.6671 36.3440
00.8546 45.9356
00.4275 05.4380
00.3663 36.3274
00.5342 16.3591
01.0329 35.7571
01.5535 65.9309
00.9823 02.1510
00.9821 66.9282
01.6528 11.2369
01.4165 41.9852
01.4207 00.0160
01.5298 11.8787
00.5781 49.8582
01.3367 01.0734
00.1023 20.3271
01.0498 32.8800
01.7814 48.1733
01.7016 50.5014
01.9659 57.0155
00.3934 43.5615
00.8661 04.2183
00.8828 10.4262
00.6086 18.6383
00.8240 32.0780
01.5778 12.2190
00.7282 07.0325
01.9051 28.5643
00.9832 00.8804
00.2785 34.7659
01.0150 38.5703
00.1552 79.4630
00.0422 70.8062
01.0463 28.6191
01.9330 27.2317
01.0210 35.9509
00.6050 38.5623
00.6688 46.7914
01.4920 23.8157
00.8715 30.8484
00.7555 04.5055
01.2677 00.8656
00.7952 41.6226
00.1282 46.3274
01.0672 11.7458
00.5658 49.5019
01.7499 00.4706
00.8816 16.8951
00.0981 19.3236
01.0172 06.6971
00.5270 04.9356
01.8993 44.4079
00.6627 24.6611
00.9295 44.3242
00.8399 19.3011
01.3152 10.6231
00.3114 43.9038
01.2158 51.0637
01.7538 01.5765
01.3446 06.0262
00.9983 23.4604
00.7541 63.4434
01.2641 08.3704
00.4826 25.7303
01.4441 44.7701
00.2378 17.1367
01.4718 84.1457
00.3471 62.6830
01.2966 00.3633
00.7756 09.6893
00.8287 34.4595
00.7431 31.5466
00.2028 42.3780
01.5038 09.7143
01.0146 03.0244
01.7053 14.1359
01.0454 05.8282
00.9599 05.2793
00.8648 35.3810
01.4430 49.8187
01.0725 15.0678
01.6639 40.2447
01.1831 26.0102
01.7604 43.1314
01.8955 38.1064
01.4335 07.4230
00.1142 14.0231
00.9202 05.7230
01.0595 15.4107
00.3072 00.4963
00.4655 96.7963
00.9916 16.1652
00.8617 35.6591
01.1230 00.7232
01.3424 57.6811
00.6984 00.7727
00.5858 04.5581
00.4307 45.3697
01.3155 48.1284
00.1433 59.0285
00.9443 01.7413
01.0821 08.0439
01.2646 17.5024
00.9357 66.4141
01.1226 01.1019
00.8094 51.4124
00.1332 00.8594
01.2818 71.7086
01.1516 36.4924
00.7256 07.8179
01.1288 36.9661
00.6728 41.8949
00.9731 09.3158
01.9281 20.8542
01.0070 16.8983
01.5778 00.0091
00.8233 49.1592
01.6151 01.3872
00.5495 46.1159
02.0095 112.9045
00.9499 15.2140
01.0083 16.6832
00.7889 06.3504
00.2603 11.5716
00.8141 20.1189
01.1231 38.2579
01.4550 11.4219
00.6515 50.8927
01.6352 10.7616
01.1455 23.4712
01.3506 25.1483
01.5204 19.3836
01.7705 00.2357
01.7391 39.6221
00.8536 09.9939
01.5604 21.1969
00.7139 34.9500
01.5043 13.2920
00.8920 31.3780
00.3272 61.8835
00.5805 15.8843
01.2897 74.9067
01.6619 12.7264
00.0969 71.0190
01.0590 15.4891
00.0537 01.8570
00.8199 72.3555
01.2288 17.2138
01.2459 65.4351
00.7215 08.1204
00.8150 21.6483
01.3474 15.4752
01.5358 68.3245
01.7466 01.2018
00.6256 48.2915
01.0887 54.5032
01.2789 62.9405
01.6991 01.0737
00.5939 46.0639
01.5335 84.9572
00.9982 27.0950
01.4919 13.3852
01.8304 58.7162
00.2497 07.1862
01.0335 06.6178
00.9197 38.2046
