-1.3663210119138978 47.509152795714144
-0.8815395986059074 49.067075936874076
-0.10782808265381433 51.712697345329495
-1.093366181642984 48.53307162349226
0.7443663637796244 56.89460883007375
-1.227635068879577 48.11268493732307
-3.3564393940595725 47.290115561684274
1.9067538302551266 65.96962892862335
-0.30478230789122374 51.14659514068741
-1.0142753373393592 48.62867484890261
-1.7823934219277555 46.64029598067316
-1.956199808607078 46.6717187765687
-0.9298177752317567 48.88674299390769
1.5977859687746299 63.483585412145416
-0.3567302915535019 50.68648161358759
-1.0692594632085397 48.2546612925444
2.075026826122472 66.01799853591673
-0.3317829791577199 50.8843470444356
-2.661271854553779 46.52425695987233
-0.4440284467840141 50.621806900499976
0.7559762187832739 56.653500702865756
-2.626661808278603 46.58668475796827
-1.8533858066162716 46.87680979386634
1.4102934278027077 61.43024543045554
1.1294214082033993 59.98968482452446
-0.4628966456897075 50.54531270387889
0.3108090468242337 54.71982977315865
-0.2591271775949251 51.30681568468739
-0.4010030717080715 50.759491448243715
-0.13794983674101968 51.76537335184382
-2.477069135863094 46.21396838705056
0.2769045536572197 54.20523594786788
-0.13137278303246136 52.45076244216861
-0.4772279036819216 50.644536594217875
-0.8267643619681266 49.2181513939647
-1.667040332989402 47.07100078847123
-0.029397110137235227 52.313651876970184
-1.0957363649993275 48.35547069080122
-2.416726014244014 46.30333582490054
-3.688503688177289 47.81959863457954
0.565040394349612 55.712579730569225
1.9765014695953749 65.7579112721115
0.5808063036612231 56.33723588725562
-0.726298175901591 49.324102751807146
-2.0857036870657844 46.69361057716453
-1.6459197874604192 47.093885719062584
-0.7054798204852935 49.56259607481401
-1.2147164791447187 48.159986850795185
-1.2008923059614962 48.361916787800745
-1.1787362806417307 48.27959488112285
-0.443407640276814 50.71078640611939
-0.5074488531775356 50.49327658064335
-1.3414636317521762 47.71683412069952
-1.598347436383351 47.340989869981584
1.925309812205312 66.17494601521962
-0.1941294810537132 51.68929826210635
-0.49539549396031346 50.354071415169415
-0.04929598530422319 52.27508434525638
0.4004575623533461 55.0340848424538
-2.554986968750297 46.534554073515665
-0.7619645906370376 49.673788937865204
-0.331087574600901 51.06759962403207
0.7438767743103409 56.81854652859991
-0.1546312203756457 51.80947594573587
-1.5704839797377033 47.431666674404
-0.9759711049903155 48.48482219537702
-0.5631757664688309 50.31192297179852
1.1094377051502122 59.36218295354962
-1.0261592349695543 49.0624830133448
-0.11069239181687651 51.9928315473866
-0.12789127400972022 51.86719937544299
-0.22849852960424677 51.65821567117937
0.26464035736233504 54.1054006230736
-0.5610622631734294 50.29114212930037
-0.35027160910164956 50.94276125940493
-0.27119617305929267 51.1579198295337
-0.5090585984636209 50.66923011561114
0.7449557822251857 56.884382962514294
-0.5425522830221756 50.14607289326252
-1.5592973945615434 47.12817943964672
-1.1632667317951286 48.20360371219466
0.20888474500633425 53.3077833231937
-2.3982837559360437 46.47562575170534
1.2136252178264963 60.47648301857979
-0.8787977224829683 49.186077031297614
-0.5743504722722981 50.18260548618924
-0.16421339612722763 51.674666194592575
-1.198408344905474 48.13733395331456
-1.4134988052331072 47.533480915073426
0.012550555718776502 52.668704261852824
-2.646097437726106 46.45172234185341
-0.8838216319220211 48.830379285541355
-1.226969551328563 48.21359136793869
-0.6688549574880823 49.57528898988469
-2.2100381541907828 46.644552290873314
-2.4496725291099715 46.2327001417882
-1.9413503215988213 47.11047930724801
0.6649290273162237 56.36861900646506
-1.9757636086519965 46.89342723272713
-0.29458032268143375 51.31266548908715
