-52.709009988286 -3.158958622485102
-114.0825241395408 75.61551610823429
-126.8199556063787 -123.77114268709981
9.678868240775529 -80.69825188925786
-44.18622981332602 -13.56729739541069
-98.19704593293338 108.43174858685117
-8.236557272741237 139.05854560775384
-41.566953826002674 -20.238523998713376
-23.36477846698554 25.588665120124176
61.21086523057488 -93.52076050193699
-5.393449671064559 74.47303017648863
28.235287591457137 65.80371879723387
-30.39543617780437 104.04443837361478
55.40513918552668 -99.9898964370501
-37.48511888810343 -53.582663422090306
-90.68823647063535 -62.33455808242306
-54.19862568839264 91.7099595912523
-78.2856241880309 32.90876852242988
-12.340255793705197 59.85904449894505
-101.75168146690928 115.41655585623721
-27.68005002383751 -111.02391376470504
-69.61650478655089 62.24836312532227
-68.64549393520218 74.62384748137123
109.7676608131384 -134.92733160245547
-77.1577601808336 -16.428597777234557
47.956077091342365 -7.672916209417849
10.978842442923195 -81.48420145245916
-97.8533791568852 55.67227330861559
108.21810366763287 -13.061932159542721
58.90626906504903 -16.3466964799386
-114.73030454243855 47.6909429773593
-107.00765384619876 42.78695185189335
71.2716215216985 73.09545685329104
97.2389444590631 -12.65184986969436
137.19766031487836 -7.746855160030719
52.09612171052032 -76.06651005444496
-99.94773798263016 -47.03964544758263
9.776845361232034 -14.565693051070454
43.64759827139767 75.04082730785368
28.08353968268139 -18.64339794600663
83.7496069521421 -112.90759608628257
-37.14646458156945 107.47981102581912
-128.87785173460844 61.573360341125124
95.5798602825694 117.65095810598382
-74.50960337669027 -90.1663491988864
14.13081264129957 -35.934416770759825
46.68701514271905 49.12590964702889
59.60923950051978 -80.30860146413839
-83.763346572778 -52.18914756244726
81.25940042578708 -32.4545827046375
-16.623386963074466 12.901386625111712
-36.05343263609569 56.33990231707918
104.00362969384105 -54.230685454591224
129.101698491383 -79.43278981698195
-30.72099767354308 97.2683903910976
80.14072814763654 -94.60173390084162
2.6163559803186445 22.707048635084448
-92.76480293095892 22.824187922316128
79.51870081496486 -109.96622466856351
-36.07200512881599 95.27506974821998
54.22343357598277 -88.72202896585505
-120.5444908098275 -3.4951470174553663
-59.64376128580825 27.718620542625217
75.75425894317945 -43.16424919846125
-30.212979406055993 83.4328829816983
16.997588944940674 -59.089615599808525
-115.37685135797268 29.806428620384764
12.124997129411327 110.9045780110508
-18.232467681878603 35.26698050046966
-82.80600331607343 -123.29168943016823
-92.28885035138944 49.93218203525231
64.50150772611934 46.88717333476791
-86.77802193921639 -85.95729778535171
139.28892297661076 50.29114212930037
-96.66571467356744 21.98108664583316
12.462378613088134 -62.017550260958586
-2.4654008553769415 -19.64343005136068
-40.87330747214973 -61.29126313984409
-31.717243758148356 109.06576201451395
47.84878791183033 48.452595395166725
-107.0013969914582 28.41884905026211
-25.56640870596273 125.64313618892135
-84.61277030823598 -6.649465074611271
116.61247266743567 118.4199653747832
-33.53231900104477 117.41474794456644
-137.588351704872 88.89465981324406
3.9123023518019693 -65.30826863023412
-84.91496904958345 61.659521858373665
30.296148655205997 116.91591501844448
-138.63679923890922 129.8479458843962
-73.40205737078306 -123.93742458273125
-112.61254253183321 21.855694392130857
26.786373103106598 119.31097528999715
58.06498884790216 65.38674204572277
-117.4323804207423 -56.2684827777919
0.698459171096772 -137.20769253401681
-55.63772161653662 -77.77617050193037
32.610460444098806 -27.273817259804247
75.32190556111232 -119.83724078224289
-134.89952193682396 -82.05565110159408
