-0.980234487398749 48.66303747734469
-0.8815395986059074 49.067075936874076
-1.5264414739223968 47.37178090910867
-0.473631553507468 50.51710021352878
0.7443663637796244 56.89460883007375
-1.227635068879577 48.11268493732307
-0.5018487587081523 50.45510408773271
-1.497546675197536 47.61049926666546
-0.30478230789122374 51.14659514068741
-1.0142753373393592 48.62867484890261
-1.1722264269276916 48.098594528370135
-1.956199808607078 46.6717187765687
-0.9298177752317567 48.88674299390769
-1.0928720170103885 48.45066474077301
-0.7768973482057682 49.49278858511249
-1.1695541647522116 48.2546612925444
-1.280935506116108 47.94360929236471
-0.3673459603623742 50.8843470444356
-2.661271854553779 46.52425695987233
-0.9095618864375965 48.978443492971834
-1.5618970178601992 47.32622391284765
-1.112590531203143 48.40215510976353
-1.8533858066162716 46.87680979386634
-1.709022428866485 47.08275761172799
-0.9261879162473277 48.94462266387721
-0.4628966456897075 50.54531270387889
-0.9677858236761875 48.853892932054876
-1.072839208093498 48.536117603571846
-0.9328115686078002 48.92041325812687
-0.13794983674101968 51.76537335184382
-0.475487149170551 50.35275506085507
-1.5456475937248961 47.42184455720239
-1.5452087199703202 47.445507216025675
-0.4772279036819216 50.644536594217875
-1.5715000777614487 47.351255736894515
-1.6842518124776205 47.07100078847123
-0.14407637283294183 51.79217561041557
-1.0957363649993275 48.35547069080122
-1.2642218091066872 48.065448635044376
-3.688503688177289 47.81959863457954
0.565040394349612 55.712579730569225
-0.8507469182152181 49.37989304448777
-0.5921956820734686 50.22352734154623
-0.7714995578673491 49.35454227089821
-0.8876404337548622 49.01887504134502
-1.6459197874604192 47.093885719062584
-0.7054798204852935 49.56259607481401
-1.2034881214438558 48.159986850795185
-0.9039042540083944 48.912711519126105
-1.1070429636505885 48.27959488112285
-0.443407640276814 50.71078640611939
-1.1103773326878623 48.33233137946853
-1.3414636317521762 47.71683412069952
-1.598347436383351 47.340989869981584
-0.8824612083512592 49.003999274921554
-0.1941294810537132 51.68929826210635
-0.49539549396031346 50.354071415169415
-1.27150118824564 47.87219613868147
-0.6094173946341918 50.28892630664096
-2.554986968750297 46.534554073515665
-0.711713884928665 49.673788937865204
-1.3568595384001771 47.66666931207148
-1.5043273553546495 47.22808776742802
-0.1546312203756457 51.80947594573587
-1.5704839797377033 47.431666674404
-1.889542395474616 46.7622719529753
-0.5631757664688309 50.31192297179852
1.1094377051502122 59.36218295354962
0.7116926057681168 56.77308714116411
-0.8547633835509966 49.239156345504256
-0.8509034502810513 49.12798492248151
-0.22849852960424677 51.65821567117937
0.26464035736233504 54.1054006230736
-0.6814612734293011 49.57532227516974
-1.2421738613390014 47.9885025497218
-1.1087749876828608 48.281307980870196
-0.5090585984636209 50.66923011561114
0.4401921770644166 54.95111043465306
-0.5425522830221756 50.14607289326252
-1.611180513870533 47.12817943964672
-1.1632667317951286 48.20360371219466
0.20888474500633425 53.3077833231937
-1.5821274761507809 47.37435728896679
1.2136252178264963 60.47648301857979
-1.9733843328823448 46.65617748110522
-0.5198109271260072 50.34738729556712
-0.16421339612722763 51.674666194592575
-1.198408344905474 48.13733395331456
-1.366114528475804 47.7392039300904
-1.319907326045674 47.70222639828262
-2.284827519560474 46.45172234185341
-1.072378289036001 48.506820713763034
-1.1243730967476295 48.33508979901846
-0.6688549574880823 49.57528898988469
-1.150942454954145 48.28283112599642
-0.634079370116519 50.15095527804879
-1.5744906553473896 47.39922859336029
-0.26839854028363025 51.37023124513969
-0.6898136063274006 49.790628368190745
-0.29458032268143375 51.31266548908715
