0.47475890828719525 54.91624068922219
-0.8815395986059074 49.067075936874076
-0.10782808265381433 51.712697345329495
-1.093366181642984 48.53307162349226
0.7443663637796244 56.89460883007375
-1.227635068879577 48.11268493732307
-3.3564393940595725 47.290115561684274
1.9067538302551266 65.96962892862335
-2.457575711268687 45.49367641317521
-0.6312486927148149 49.73980421957266
2.8175142763604897 74.47303017648863
-2.8583785633912946 46.6717187765687
-0.3891952018398265 50.877839773910075
1.5977859687746299 63.483585412145416
1.3959140808399453 61.204591869144714
-1.0692594632085397 48.2546612925444
2.075026826122472 66.01799853591673
2.014337618051674 66.70068813470108
1.495103264237334 62.37258886519783
-0.4158525280998232 50.621806900499976
0.7559762187832739 56.653500702865756
-2.626661808278603 46.58668475796827
-1.8533858066162716 46.87680979386634
3.0083134852147086 76.64545218192536
1.1294214082033993 59.98968482452446
1.5572555109270576 62.385412968298155
2.013865678657482 67.79983846682178
-0.2591271775949251 51.30681568468739
-0.39033621849788336 50.759491448243715
1.2839156142290247 60.60036330806765
-1.8371968853190213 46.3444033413516
-1.5864555469547423 47.525627669878816
2.9511387340921234 75.37549691520225
0.397324279923249 54.289442503856705
-2.1314363334706936 46.29508539478338
-3.0051148551215405 47.07100078847123
-1.0067653868307276 48.19936932449944
-1.0957363649993275 48.35547069080122
-2.416726014244014 46.30333582490054
1.7110756740580992 64.20428397102245
0.565040394349612 55.712579730569225
1.9765014695953749 65.7579112721115
3.9460343496918657 87.0446933886416
-0.726298175901591 49.324102751807146
-2.1955291587135894 46.69361057716453
-1.6459197874604192 47.093885719062584
-0.7054798204852935 49.56259607481401
-0.8399913573335434 48.159986850795185
0.0347942612825034 53.126921329814266
-0.3357888056679511 50.982887614343895
-0.4815738941408534 50.7226928183113
-4.491005323397041 51.04910463527703
-1.4282738583474928 47.71683412069952
0.5777826464512745 55.78681935472068
0.6193971408477186 55.381766274500166
-0.1941294810537132 51.68929826210635
-0.49539549396031346 50.354071415169415
-0.04929598530422319 52.27508434525638
-0.3346041579122565 50.71403206080792
0.43003142808806993 54.88446777361347
1.7019963832296046 64.16355628383693
-2.269949834141569 46.44865075189449
0.7920460981631843 56.81854652859991
-0.1546312203756457 51.80947594573587
-1.5758246358098873 47.431666674404
2.5049666115340647 71.11970186907035
-0.681512839795004 49.530146391740075
1.1094377051502122 59.36218295354962
1.717449795787991 64.84992601372099
2.464190805141862 70.82926175774847
-0.12789127400972022 51.86719937544299
0.46575695909053183 55.50812626620464
0.26464035736233504 54.1054006230736
-0.5610622631734294 50.29114212930037
-4.738689673058806 52.627006890762416
2.6806169480897895 73.09046511581178
1.6385619004175567 63.160274316224005
-2.8048553806106025 46.310430362328155
1.0770761093278411 58.42414043465064
-1.5592973945615434 47.12817943964672
-1.1632667317951286 48.20360371219466
0.20888474500633425 53.3077833231937
-2.0914044722547573 46.47562575170534
-1.3634771743859726 46.562057937361196
0.4167830581857679 53.78295281262534
-2.5773118298170976 46.683524860592954
-0.16421339612722763 51.674666194592575
-1.198408344905474 48.13733395331456
0.02464961664158849 52.839173677586686
1.754818386017612 64.4747021005401
2.168800902683228 67.67074691620373
-0.8838216319220211 48.830379285541355
1.04142654179677 58.64414113467804
0.48889928521838466 55.32977672581997
-2.2100381541907828 46.644552290873314
-2.4496725291099715 46.2327001417882
-1.9413503215988213 47.11047930724801
0.6649290273162237 56.36861900646506
-1.9757636086519965 46.89342723272713
0.7765668415059369 57.88963277600509
