-0.9714972826597065 48.74340495764333
-0.8815395986059074 49.067075936874076
-1.5264414739223968 47.37178090910867
-0.473631553507468 50.51710021352878
-1.5537618462197185 47.298391367632846
-1.5234264644998967 47.4144808767132
-1.604339643496274 47.231127425754224
-1.7390727379038613 47.04259602989737
-1.1701186118660893 48.15982320403039
-1.515802426965596 47.40227228106222
-1.2004240802428041 48.098594528370135
-1.956199808607078 46.6717187765687
-0.9298177752317567 48.88674299390769
-1.60349274195227 47.30634732463676
-1.3749876014272089 47.76226311111728
-1.4990298767858672 47.45494377671792
-1.280935506116108 47.94360929236471
-0.9162002459823786 48.95594093585598
-1.75869885501357 47.12518685933429
-0.9095618864375965 48.978443492971834
-1.5618970178601992 47.32622391284765
-1.112590531203143 48.40215510976353
-1.5197761985808742 47.45435151821471
-1.5049211595581105 47.421411121345386
-1.366435717475725 47.73529231327481
-1.1983778262294567 48.13376942250382
-0.9138677516999193 48.853892932054876
-1.4865092520224104 47.48335567779229
-0.9328115686078002 48.92041325812687
-1.040826968332968 48.51238476743033
-1.0829717584647702 48.38687153974084
-1.361092349947317 47.771657971578776
-1.302784798092431 47.8660451984013
-1.643054049717259 47.18429205954069
-1.5715000777614487 47.351255736894515
-1.2958792478986858 47.90715863028876
-1.4722029595896948 47.467718094558805
-1.7224487755064062 47.06242163186973
-1.5139366933372627 47.52229640040976
-1.5743236030228949 47.33471471979853
-1.1704978669592665 48.218636117533606
-1.0475318509557314 48.55634839076335
-1.2585014275652422 47.972449876755604
-0.7714995578673491 49.35454227089821
-0.8876404337548622 49.01887504134502
-1.6459197874604192 47.093885719062584
-1.879696762770999 46.841773776531646
-1.4014582688301878 47.616940083415244
-1.271455796716071 47.94222392705642
-1.189830003717263 48.11694063093734
-1.6554772687573938 47.15952822104053
-1.2850243572448365 47.91401645214601
-1.5294918914968743 47.34768046134414
-1.598347436383351 47.340989869981584
-0.8824612083512592 49.003999274921554
-1.3482510778621937 47.780730612219955
-1.3296988836470542 47.837130544237255
-1.27150118824564 47.87219613868147
-1.6035855933456982 47.29996588030785
-2.554986968750297 46.534554073515665
-1.2796334989735278 47.88303824661901
-1.3568595384001771 47.66666931207148
-1.0110820322672134 48.56290127407616
-1.056904121527169 48.58501328918139
-1.4763708296952929 47.431666674404
-0.6818697992773078 49.686911563713394
-1.0224140582747636 48.65978832772862
-1.2065007006920356 48.145829614338695
-1.9458776798216517 46.749945968125004
-0.9204676427208133 48.88309767187151
-0.8509034502810513 49.12798492248151
-1.6010180398322869 47.21083691122175
-1.5598712749983312 47.39011560662083
-0.8608634595721488 49.13268804026554
-1.2421738613390014 47.9885025497218
-1.1087749876828608 48.281307980870196
-0.7415821807185078 49.42412357697348
-1.1892692133408689 48.20304591113016
-0.9062500602573602 48.990548195847005
-1.3986790101518651 47.68758046714279
-1.1632667317951286 48.20360371219466
-2.7322536825423667 46.613809737649895
-1.5821274761507809 47.37435728896679
-1.3663126510744013 47.72757360665178
-1.3361674425171564 47.82862024794521
-1.2328300497593079 48.05497388383217
-1.367676137868815 47.75260479265835
-1.198408344905474 48.13733395331456
-1.366114528475804 47.7392039300904
-1.4119500612161549 47.70222639828262
-1.309639495984206 47.915300289870245
-1.072378289036001 48.506820713763034
-1.1243730967476295 48.33508979901846
-1.0430313097358233 48.55154593987975
-1.355779455361004 47.775143467850626
-1.0307936252427985 48.6700844442135
-1.0999455911721228 48.35362053156798
-1.147035070617588 48.29881743665695
-1.7886144035399467 46.907215157169574
-0.12949173422763882 51.97523740743361
