Raw 20D
-0.6521121091534062
-0.6697518081558992
-0.6663827107931057
-0.692123434688292
-0.6642622099690862
-0.6970386843915972
-0.6896509556202159
-0.6644673646415173
-0.7459335083505698
-0.6882152331980653
-0.6783870945635134
-0.6816605932980903
-0.6571470176985679
-0.7055917412352182
-0.6892187367711482
-0.6768037437903619
-0.7207654580578075
-0.6997499010102162
-0.6640665775420705
-0.6749254360205346
-0.7036289687600406
-0.6875494290118683
-0.7040155588193472
-0.6950988901715005
-0.673340160889244
-0.6604753879385423
-0.6732432830763019
-0.7125621157465855
-0.6921420368201958
-0.6601300464672035
