Raw 20D
-0.6797657801201104
-0.7260201832343598
-0.6890960102369842
-0.7588135308613532
-0.6969388230901797
-0.703649510982876
-0.6662211452202322
-0.6704586601052024
-0.7085453881914577
-0.7046697097667447
-0.6704399090603789
-0.7108575987955006
-0.683996404874533
-0.6913697235402484
-0.993730917871045
-0.6978563142610092
-0.6643835579771731
-0.7160723888332929
-0.701001912447182
-0.6873673706343535
-0.7253777339994169
-0.6964920473577512
-0.6909776356276891
-0.7129428592490432
-0.7244811203184627
-0.6920569204952005
-0.6938414046668111
-0.7064458346292702
-0.7309513550142993
-0.6829313548518271
