Raw 2D
0.0
0.005005005005005005
0.018018018018018018
0.0
0.006006006006006006
0.005005005005005005
0.01001001001001001
0.0
0.01001001001001001
0.007007007007007007
0.007007007007007007
0.01001001001001001
0.011011011011011011
0.014014014014014014
0.0
0.006006006006006006
0.006006006006006006
0.0
0.009009009009009009
0.011011011011011011
0.007007007007007007
0.01001001001001001
0.0
0.007007007007007007
0.002002002002002002
0.0
0.004004004004004004
0.0
0.003003003003003003
0.0
Raw 10D
0.0
0.0
0.0
0.0
0.0
0.0
0.0
0.0
0.0
0.0
0.0
0.0
0.0
0.0
0.0
0.0
0.0
0.0
0.0
0.0
0.0
0.0
0.0
0.0
0.0
0.0
0.0
0.0
0.0
0.0
Raw 30D
0.0
0.0
0.0
0.0
0.0
0.0
0.0
0.0
0.0
0.0
0.0
0.0
0.0
0.0
0.0
0.0
0.0
0.0
0.0
0.0
0.0
0.0
0.0
0.0
0.0
0.0
0.0
0.0
0.0
0.0
