Raw 10D
-99999.57797606802
-99999.68914339952
-99999.52405738337
-99999.43746590997
-99999.52085024501
-99999.69116200611
-99999.65432094641
-99999.70747723313
-99999.55886684575
-99999.27891250285
-99999.66764145906
-99999.63812122248
-99999.65922056674
-99999.65882409723
-99999.69860163011
-99999.64945829619
-99999.80147566131
-99999.64720690029
-99999.69824936517
-99999.63716410886
-99999.6655027171
-99999.74383092725
-99999.51207794133
-99999.66901627238
-99999.69800904432
-99999.47993158056
-99999.58110986126
-99999.6209503076
-99999.63627362896
-99999.70703225849
