-40.61754364373397 99.99999846961924
-40.61756753484998 99.99999979825903
-40.61781354789707 99.99999885683913
-40.61754386948405 99.99999872800583
-40.617531666406165 99.99999938086256
-40.61754352335832 99.99999987235762
-40.61761685318946 99.99999976758242
-40.61752234310832 99.99999966583613
-40.617701945163475 99.99999827375973
-40.617697514400376 99.99999978300833
-40.61757322603712 99.99999981227862
-40.61756532393854 99.99999963899896
-40.61777111984664 99.99999971251258
-40.61758314435767 99.9999995590625
-40.61802604093852 99.9999998810923
-40.617543209664504 99.9999998498729
-40.618323283367936 99.99999971588196
-40.61777621697364 99.99999967368854
-40.61753415964574 99.99999950827976
-40.617498137533815 99.99999991455931
-40.61744462709612 99.99999967708087
-40.61756436458191 99.99999908726483
-40.61744751512266 99.99999981089702
-40.61744939008684 99.99999983161932
-40.61777864024296 99.99999989529758
-40.61744280290016 99.99999995119343
-40.617598120100595 99.99999937958707
-40.61733655684123 99.99999967863775
-40.617973661162544 99.99999969166888
-40.617639929293546 99.99999820515603
-40.617138745281075 99.99999991668662
-40.61751762648872 99.99999986017664
-40.617608661696764 99.99999983642769
-40.61766388182009 99.99999988036998
-40.61782298500594 99.99999995465694
-40.617481261600624 99.99999973128561
-40.61745351519376 99.99999931906092
-40.61773537708437 99.99999966521713
-40.61748225901915 99.99999973558964
-40.617534196070544 99.99999932614128
-40.61747391215763 99.99999940443486
-40.617392189076206 99.99999925712179
-40.617704477466525 99.99999905729146
-40.61746429680857 99.99999946511197
-40.61753254718697 99.99999987850168
-40.61768871013051 99.99999951490084
-40.617515191169936 99.99999901586078
-40.61763957042037 99.99999916698756
-40.61755789131992 99.9999996927268
-40.617660809848545 99.99999981299301
-40.61750039425582 99.99999960405874
-40.617651996370505 99.99999957083348
-40.6175770766733 99.99999918337534
-40.61749551257176 99.99999987428504
-40.61753195102411 99.99999994742134
-40.61759621967136 99.99999881613857
-40.617776339711796 99.999999797058
-40.617496591216806 99.99999999990811
-40.617568720966176 99.99999971447409
-40.61746225019592 99.99999979408534
-40.61757152113655 99.9999992255589
-40.61762933076322 99.99999940326471
-40.617534407978994 99.9999999823454
-40.61774774883804 99.99999979587186
-40.61761626831738 99.99999990204685
-40.617506998186414 99.99999905148512
-40.617391635488694 99.99999977972143
-40.61773715231736 99.99999987363486
-40.617585776075614 99.99999983024512
-40.61737040613116 99.99999985786876
-40.617092531956516 99.9999993982305
-40.61820936371857 99.99999980784435
-40.617653988715034 99.99999988056128
-40.61750380780008 99.99999995356276
-40.61765229981006 99.99999994843745
-40.617583543466154 99.99999972340139
-40.617348854425906 99.99999834703817
-40.617581218183425 99.99999969235948
-40.61761008406166 99.99999717421176
-40.61722676496095 99.99999977100357
-40.6176258277448 99.99999974101956
-40.61762065651265 99.99999987104395
-40.61716578162551 99.99999922271495
-40.61765573922783 99.99999963994392
-40.617574441330014 99.99999946666551
-40.61791422322805 99.99999962244691
-40.61759699998264 99.99999981945601
-40.61760391543198 99.99999973634849
-40.61776071344086 99.99999853362655
-40.617548577794345 99.99999986871626
-40.617640672346205 99.99999989381097
-40.61763695403073 99.99999945494757
-40.61761112566724 99.99999944455757
-40.61749561408395 99.99999980276948
-40.61758882225053 99.999999528577
-40.61766140901116 99.99999954516046
-40.61749263846639 99.9999993758893
-40.61754551819537 99.99999988096567
-40.61724396068921 99.99999987775222
-40.61755552124363 99.9999992010755
