-42.84570142221878 95.79687635760405
-42.60924758207616 98.49219293117068
-43.12143315609703 99.01275318809317
-35.01597691910745 98.94715945915055
-40.98246250236743 97.751654573286
-42.70832672643381 97.71565931506657
-42.520609957192896 97.35024559859541
-40.516963154638475 99.78243353927465
-41.443915552026 96.63335691914847
-41.06121681839964 97.67575501992975
-44.570048308718185 97.39809463760274
-44.31953875357387 94.45099323312859
-44.911568706216684 97.41074211985205
-41.38333923286895 98.9007039850924
-41.12229607818445 99.11558300623275
-41.19539213679269 99.24309832390128
-41.14120702775436 99.30919392838761
-38.887353825012006 98.32146021609196
-39.17649885694884 99.82581692969981
-41.224799692206 96.63262097742911
-40.67810144687743 99.79164336357248
-42.237962218765745 98.06349638281702
-41.479721067325656 99.44236698679465
-41.132051094678985 98.81670623350999
-40.11794926875095 96.88586927339453
-41.59275951592674 98.77497966736414
-43.05221875448473 95.8071856914687
-40.887336205992376 97.98946284851786
-43.32303523988231 97.77780988072516
-40.805864006639624 98.25037210519582
-43.61591875940509 94.9297852194263
-41.4261233973895 99.31146153176053
-41.582705402236584 97.7433096984287
-37.27024749365302 99.01645193223744
-35.77125476320465 98.09510192490885
-44.42870807919091 93.73385526002902
-37.6543905271687 98.34557786132828
-44.640363764885265 98.11303555332621
-40.456401144248595 97.80708710143895
-47.015303708957205 92.56752497410723
-43.0717963345766 91.52156894503233
-44.54181218023933 88.71378953930956
-40.406577169485274 98.47820785216777
-43.02221847093875 99.01985924888587
-42.71691959398819 97.91214879265777
-41.30884530617511 98.40402712364117
-41.404194422523496 99.62232838159676
-39.55066113020524 99.37987008841316
-42.38138866950392 97.43809665512585
-40.489147796886236 97.5346762384989
-40.8730704979459 98.81852878846227
-41.16327180717946 98.72350685618827
-41.004598653527324 98.48226610952177
-41.44377491753059 97.52314751783427
-40.605352039967954 99.79691982648382
-41.179445539058875 97.96346252404062
-40.39569195241844 97.92966288475827
-38.17717199904793 98.22333412971597
-43.33674876521509 96.10930842482759
-46.77229366761813 90.20281711739179
-40.92585259484589 98.2213491546646
-39.54251089484863 97.96650417669822
-42.472675405988696 95.50829466379817
-45.60569235433735 91.3398902671627
-41.35920548637492 94.64724540588057
-42.562320629542555 93.36870296776223
-39.435513657529576 96.57635837424252
-42.70638546813076 97.13341677433758
-42.2198525918747 99.7348629806333
-42.30147784704851 93.46952596183138
-40.51168523852784 99.12179884145701
-40.65895549249083 98.30376466791277
-42.02351398093129 98.82821528445419
-40.63040380614816 98.06342131191265
-43.00332612727155 92.83781745041902
-40.93766262110485 96.76086307955094
-40.81529505163529 96.41000999942393
-41.469014074504905 99.2294120291775
-40.514640564289635 98.96743740030267
-40.7657220662141 98.01603699123133
-40.16032216768384 97.89292448005887
-42.690497334437026 96.5452432634376
-43.44575892144192 95.33244995869093
-40.96375965813278 98.41703025267711
-40.525068159116906 99.32824959855485
-44.80804235424776 98.76971272500509
-40.64523544143477 99.44625848894205
-40.68674949267257 99.35296650798293
-38.31486485017944 98.51518651465986
-40.8659426683955 97.99392890423945
-42.359412824197534 99.69431474355744
-41.46019664048477 97.57723144971229
-40.55980799508531 99.32078209194167
-39.96460754724018 98.30059386581836
-41.581497521584254 97.34763675288421
-44.96654130578737 88.65525475418414
-41.60327986447777 99.57397640420244
-40.62412400561617 97.66667729157045
-46.098159374009 95.35767890105019
-40.12398099791476 99.43132952012397
