-40.61802657548101 99.99999693923847
-40.617569716722016 99.99999655471525
-40.61728936491042 99.999998044368
-40.617088310170246 99.99999537236184
-40.61737484443769 99.99999876172512
-40.61746273013496 99.99999607668465
-40.6174778317815 99.99999877381404
-40.616779812416254 99.99999829283126
-40.617674528216625 99.99998271899865
-40.6177991481579 99.99999490014022
-40.61807337400299 99.99999487706259
-40.61770910209152 99.9999940114322
-40.61754681557508 99.99999678066018
-40.61772065410264 99.99999260190607
-40.61721311386366 99.99999898594123
-40.61791759090368 99.99997673755777
-40.617687195424146 99.99999386677803
-40.61771625558076 99.99999501099228
-40.617459210256634 99.99999950827976
-40.617459293564515 99.99999593185476
-40.617556954933924 99.99999796711418
-40.61707457908696 99.9999974485458
-40.61747957157069 99.9999833955147
-40.616697536036554 99.99999494372992
-40.618157673911654 99.99999974585253
-40.6181459149488 99.99999980477372
-40.61770914354558 99.99998724030334
-40.61747965802646 99.99999103907005
-40.61799554215449 99.9999996093938
-40.61820050741966 99.99999257014933
-40.617509324544 99.99999966674648
-40.61771050761712 99.99998631450309
-40.61741619039763 99.99999789763052
-40.61834210443712 99.99999884505681
-40.6188024329455 99.99999527344598
-40.616937730843134 99.99999946257124
-40.617546479268846 99.99999305663997
-40.61806947766972 99.99999102140492
-40.61759434722731 99.99999035810222
-40.61759023703023 99.9999904303246
-40.617293080112795 99.99999689564535
-40.617454255316275 99.99999478104775
-40.617210832414116 99.99999905729146
-40.61760785648011 99.99999572089574
-40.61789716680573 99.99999639576815
-40.61763927644047 99.99999791329498
-40.61687472162446 99.99999415820207
-40.61766838015496 99.99999462038564
-40.61736793975031 99.99999239308796
-40.61750863520049 99.99999925197204
-40.61753734147078 99.99999578935427
-40.617651996370505 99.99999957083348
-40.61741697961904 99.99999836675067
-40.61774858541033 99.99999739615363
-40.61735498529148 99.99999276786048
-40.61852906778749 99.99999727509919
-40.61783617027433 99.99999959411599
-40.61756877718898 99.9999975621797
-40.61738933737816 99.99999805634548
-40.617248630504335 99.99999412654631
-40.617815908404836 99.99999757463527
-40.61751508208019 99.99997407275117
-40.61831103040037 99.99999709796715
-40.617375136324384 99.99999959174372
-40.61774550048879 99.99999155827491
-40.617408993144366 99.99993844914114
-40.61708831310838 99.9999875403345
-40.617719315607886 99.99999913104466
-40.61648271707818 99.99999574185478
-40.617807068229965 99.99999670397665
-40.61679975178488 99.99999629982577
-40.617221919906264 99.99999977635156
-40.61766941882649 99.999995043918
-40.617987302297166 99.99999717506068
-40.617609260467916 99.99998977775219
-40.61762713687644 99.99999678319313
-40.617035375138464 99.99999537721555
-40.61796541724498 99.99999277022773
-40.61724405147733 99.99999279109217
-40.61758265216882 99.99999315682194
-40.61801218418812 99.99999968562193
-40.617267473023816 99.9999988317365
-40.61736599951624 99.99999643061764
-40.617604647392376 99.9999985597757
-40.61788740387168 99.99999440237738
-40.61750602621457 99.99999492715992
-40.61728949743153 99.99999652335627
-40.61770829483741 99.99999887788472
-40.618286892858364 99.99999853362655
-40.61748207416379 99.99999805051519
-40.61898062987029 99.99999900445647
-40.61751458868046 99.99999204677857
-40.617470764570626 99.99998767981411
-40.617300214293145 99.99999314286316
-40.61690784454659 99.99999797414347
-40.617588862710264 99.99999759197229
-40.61739559983435 99.99999181651962
-40.61779848378851 99.9999769488943
-40.61706517620534 99.99999863232622
-40.61711514174357 99.9999978663877
