Raw 2D
0.159
0.169
0.1595
0.145
0.1695
0.156
0.153
0.157
0.168
0.1685
0.1555
0.1615
0.178
0.1615
0.1615
0.169
0.158
0.1605
0.163
0.1525
0.1535
0.1645
0.1475
0.155
0.1625
0.158
0.168
0.168
0.1495
0.154
Raw 10D
0.0577
0.0515
0.0598
0.0473
0.0522
0.0504
0.067
0.0491
0.0777
0.0686
0.06
0.0611
0.041
0.0759
0.0629
0.0831
0.0706
0.0697
0.0654
0.0546
0.0574
0.0549
0.0519
0.0498
0.0724
0.0441
0.0703
0.0788
0.0854
0.0644
Raw 30D
0.0027
0.008833333333333334
0.0072
0.0044666666666666665
0.004533333333333334
0.0064333333333333334
0.005533333333333334
0.0039
0.0043
0.0036333333333333335
0.0027333333333333333
0.0067666666666666665
0.007666666666666666
0.004233333333333334
0.0069
0.005166666666666667
0.0045
0.005233333333333334
0.003766666666666667
0.005266666666666667
0.006
0.007366666666666666
0.0030666666666666668
0.0094
0.0027333333333333333
0.005366666666666666
0.0032333333333333333
0.0022
0.0069
0.008133333333333333
