Raw 2D
-0.39477292469323183
-0.3494785968696496
-0.37817740354435075
-0.3682399460599864
-0.3638082954520745
-0.3434644188661058
-0.3577321464330359
-0.3819225414806355
-0.3353308123327031
-0.3588855792213955
-0.3496565689141433
-0.3727748611937157
-0.32813587153396806
-0.35811635952908977
-0.33798084499521075
-0.3884294516073626
-0.3760131475032863
-0.34526694231673627
-0.3295501963875491
-0.3387660081915019
-0.3744847116211775
-0.3598567529641884
-0.37031557157889355
-0.35125529031382285
-0.347917408479352
-0.386625774656444
-0.35382159895539966
-0.3911515112878773
-0.3452717243179314
-0.3666071056517761
Raw 10D
-0.14489287752892924
-0.15607017822070113
-0.14306411581464096
-0.14642598001226068
-0.16319489793594893
-0.16412764678527605
-0.1437011209170109
-0.15940272713802747
-0.13945936483459367
-0.14595312324753112
-0.1585107986891075
-0.1544830756888306
-0.13902479630224834
-0.1409831001898317
-0.1382409067224097
-0.14855659899356452
-0.1655242124032422
-0.14055168177751645
-0.16337121096171087
-0.14908334223883365
-0.15582479648224817
-0.14563527994035244
-0.1643085723350852
-0.15059757954597677
-0.14204754106047512
-0.15169266500892695
-0.1541987508539873
-0.16313696650737045
-0.15177329670573333
-0.13633714127537133
Raw 30D
-0.13704591499494095
-0.14863462570425953
-0.14760403045378293
-0.13782758614380852
-0.14634542591949531
-0.14401433889557064
-0.1421419895877135
-0.13203454169959356
-0.1494536409820586
-0.14337720699841838
-0.15352681976436217
-0.14401508693290627
-0.14460430665444943
-0.14138614208287548
-0.13843932617737625
-0.1493593126752881
-0.14052665156280744
-0.1485084752001212
-0.13250911242945498
-0.1352684374369651
-0.1394097884193436
-0.15016982758863198
-0.14861497229535042
-0.1464462976324958
-0.1392298981271431
-0.133212708230681
-0.15115000503416784
-0.13824425116515962
-0.14315910096351087
-0.14224807666427472
