Raw 2D
0.48
0.5335
0.48
0.4815
0.487
0.529
0.5385
0.495
0.5125
0.5
0.499
0.4635
0.508
0.4795
0.5035
0.4705
0.4665
0.4695
0.499
0.4765
0.5075
0.501
0.4835
0.469
0.509
0.481
0.49
0.5075
0.523
0.4875
Raw 10D
0.1444
0.1539
0.1697
0.178
0.1829
0.2233
0.1484
0.171
0.1489
0.1537
0.1618
0.1532
0.2964
0.1477
0.227
0.184
0.2079
0.1447
0.2658
0.1904
0.2488
0.191
0.1614
0.1572
0.1881
0.1889
0.2299
0.1574
0.1955
0.2527
Raw 30D
8.0E-4
0.0031
0.0038666666666666667
0.0015666666666666667
0.0024666666666666665
0.005333333333333333
0.0034666666666666665
0.0014333333333333333
0.005433333333333333
9.0E-4
0.002
0.0017333333333333333
0.0018666666666666666
0.0017333333333333333
0.0020666666666666667
0.0023333333333333335
0.003966666666666667
0.0018666666666666666
0.0064333333333333334
0.0024666666666666665
0.0025666666666666667
0.0021
0.002266666666666667
0.002033333333333333
0.0017
0.0034333333333333334
0.0012333333333333332
0.0023333333333333335
0.0027333333333333333
0.0028333333333333335
