# FVC 2D Coordinates
530.6353 5004.3291
-59.3690 5022.6676
-377.4495 3133.6343
895.1272 3890.0232
-134.5306 3953.4834
-177.0110 4651.9828
486.0761 5105.3683
-943.5652 5616.8417
-109.0422 5052.4301
-381.3703 2461.4463
646.2879 5063.9849
-328.3559 2560.5952
895.3768 4410.5886
-699.6911 3091.1254
651.5754 3622.7008
535.6464 1859.9954
-86.6843 5013.4262
-472.9478 1915.8592
-196.0675 1297.0007
205.6291 3532.8281
-760.7264 5352.3881
-30.8038 3709.2204
-562.2370 1826.2549
-168.6854 3263.7270
351.7721 3642.9170
324.3316 3491.9825
-384.4870 4866.7156
-440.0120 1140.1496
-212.4088 2601.5458
601.0344 3696.4811
926.3963 3936.7287
482.7887 6415.2698
534.1326 4718.7775
-98.7703 2685.7238
-21.1580 2279.1033
-86.7028 4082.5665
-879.3774 2744.7310
898.3434 4487.7167
-06.3542 3510.8000
645.1020 4551.6183
1026.4631 4264.0749
-50.0008 4017.8878
139.6409 3946.8768
-109.4623 6787.2755
287.8128 2239.5668
143.3824 2176.7012
436.8260 3035.7952
-55.6185 3192.6352
25.3926 1445.6936
537.7168 3262.4738
94.7279 1474.6664
548.6843 2351.7795
670.2555 4458.9218
-617.1066 4531.6915
128.1583 2783.1110
25.5055 3844.7609
-980.2690 3995.1170
216.7154 4078.4884
692.8298 4218.6791
288.3646 930.8949
-539.7521 1638.5979
-195.3573 1285.7172
40.6961 1296.0621
120.2788 4414.1117
-00.1801 1856.6859
828.8090 2518.0234
-262.9169 4199.6157
-618.1724 2936.7414
229.6949 1158.2768
448.8939 2479.9532
-466.7504 1799.3254
119.2550 2164.4264
-64.3811 1245.1763
-205.8808 3414.5229
-118.5924 2333.8070
808.5513 3168.0231
-131.9713 2056.7944
-595.3333 2481.1222
-104.4573 2572.7430
590.8680 3282.0249
-751.5234 2852.5719
436.5946 2986.2289
274.7016 864.2796
338.9842 3321.3389
1017.7570 4001.8666
905.6285 3266.6488
617.5402 1697.4557
-235.8670 2577.7966
132.8531 2464.8771
-02.6307 1174.4550
-616.8138 2546.5907
-769.7522 5538.5132
-80.0036 6278.7395
500.4338 3515.0215
-13.7754 2275.5830
632.0902 1922.3540
377.5754 4681.2710
-357.1612 5228.4452
-432.7387 5206.0128
-167.0710 2049.5954
-629.2056 3531.9249
191.4037 871.6170
851.2212 2723.4666
20.5010 1942.6425
-681.9595 6053.4543
832.4338 3927.3480
497.3620 5086.1957
167.9020 5122.9943
56.6144 2133.0580
669.7922 4287.5640
-162.2677 4123.3389
-10.1768 4346.5217
-180.8775 2641.8510
94.9011 4738.5920
329.5832 2532.1659
-471.3845 4310.3832
-90.0589 4555.2631
-127.0992 2867.8505
326.2748 3838.9536
-360.1746 3117.4440
404.2234 2397.1449
-51.5193 2083.5020
635.8649 5666.1707
-13.8960 3620.7588
82.3376 2244.8319
64.3233 2412.3876
52.2272 3444.8783
-298.5380 1311.7623
-834.5882 2686.0355
461.2874 6446.8392
-718.4838 2753.7121
-555.7589 6091.3928
-388.4288 3127.7141
895.2795 4401.6058
581.7784 1846.4395
132.8621 3997.3990
608.0384 1852.3406
46.2890 1473.2598
124.6528 4825.4323
460.7737 5175.8546
357.4234 3631.1246
-529.7975 3151.4669
-652.3011 2255.2285
648.9409 1957.1392
-710.0391 3567.7782
169.9760 4882.1719
1037.5105 5411.3482
706.1426 4611.8399
381.5226 5607.0657
657.7071 1867.4600
-06.1312 1435.9544
-29.1496 3019.0537
-266.3161 2617.4189
418.3267 2100.4764
454.3233 3792.9378
-277.8765 1123.7884
301.2602 2043.1826
-402.3000 6933.6517
-845.9097 2902.8528
-174.2016 2268.4044
301.1741 4232.0202
-411.8171 4305.3291
-236.5502 4626.7159
-432.2962 4418.0101
-65.0058 3062.5127
174.0131 3629.8066
-590.1897 2963.6824
341.1892 2261.7159
-163.6539 2350.3748
-494.5337 1111.1078
-615.1396 4205.9176
227.6250 3575.2191
177.3660 2172.7132
741.9129 2635.5110
-283.5754 2470.9339
-523.7147 3951.1328
197.0509 4833.3374
-202.1159 1230.8227
-599.2437 4363.3644
-186.9733 5133.4452
-59.9303 1291.2613
47.7534 3831.3421
148.2607 3907.1443
-748.8541 3589.7805
801.5399 4532.1808
279.1083 2162.3092
-83.0952 3277.3862
417.0762 4262.8716
-60.2531 5916.9232
503.7674 3127.4338
633.2348 3733.6169
1183.8950 5573.4076
582.6186 3702.9885
-303.4409 2573.9337
270.8680 6581.3183
-1074.3653 3886.1419
236.2203 1528.1814
-128.1035 5035.4995
86.1947 2162.3707
1124.9038 6040.2149
-37.2159 5558.2583
706.2313 4065.4903
-156.0318 3023.6154
687.0659 5217.0506
-19.6951 2106.0768
397.4576 2101.9705
-330.8054 4290.7058
-536.9532 5261.0237
-68.8288 1328.9318
863.7463 3258.6960
-366.2635 1954.1456
780.9624 2477.2157
810.6700 3555.9787
-532.9361 4028.2337
-660.1655 3106.6249
639.8480 4649.9244
445.2532 1915.0428
-812.3347 4164.2556
-12.0836 1939.5748
732.7754 5459.8629
180.0760 1223.3606
-131.0487 2269.9219
350.9381 893.2403
568.7405 4298.6289
428.5204 3815.9710
621.1124 2442.7333
-845.9144 3669.5523
-399.9957 5172.6412
-577.4556 3661.4635
635.3077 1860.6568
-45.7339 3812.1005
-138.0013 2319.4089
-628.0468 1831.9444
-118.0485 1398.2858
669.0502 2399.5856
-609.5068 2400.2332
-22.9406 4713.1312
-255.2665 1402.9196
251.0022 2016.6972
-747.1846 2720.9620
486.2479 952.2521
-1073.6746 3984.9655
507.4692 3742.0691
-494.0160 3530.7686
646.3259 1789.1546
763.1608 2702.0212
976.7958 4114.6554
-1056.8561 4076.3888
179.2636 2858.5264
135.7802 3894.8971
93.1866 4439.9742
-671.6545 2884.5018
19.8610 2242.3748
659.4883 1745.2594
-736.9996 3661.5166
384.0717 3604.8640
-130.0062 1324.6204
-37.0343 2586.5289
372.7755 4410.7664
72.8553 2221.9445
107.1011 3082.7036
426.2517 1615.9775
-226.9999 2583.7541
643.0034 4062.6211
530.8107 1676.2581
-705.0980 2776.9496
-62.5317 3261.7833
303.8539 3378.0891
-28.4342 4728.8953
841.5844 4443.7448
174.6156 2219.2498
89.8262 5190.2617
15.3379 3411.2208
376.8876 5634.7499
-230.1336 3333.7892
513.7143 3782.0795
-119.9332 1692.2624
38.4282 2743.4813
868.2651 6203.1390
-963.9809 3745.4238
592.5219 1998.1826
-101.1212 1396.2793
249.8028 1155.6826
699.1754 3784.0097
-480.9783 1213.4384
-273.8334 3284.5642
1037.8337 5756.5681
386.2922 3775.4972
-862.0380 2758.8393
-145.0375 1387.7221
349.1440 1584.8211
316.5281 1103.4873
567.2839 1709.1472
298.0934 3705.9169
547.7669 1019.2041
-01.7348 4041.9426
-439.5181 2821.9605
-253.1635 3747.6996
-530.2572 3912.3802
215.9007 5118.5577
-383.3836 5510.0011
49.3331 2588.3519
-335.7677 1980.5674
-249.3144 3322.6149
863.0097 2569.5608
785.9740 3160.3844
589.7428 1869.6406
785.4921 2829.9914
147.7973 4842.0302
260.2368 3599.8488
1070.0146 6057.5492
69.6387 3446.3692
103.2738 2122.9843
875.5982 2590.9065
-541.2317 2703.5662
-861.2167 5963.5559
57.2913 2983.5335
496.8885 4471.6715
852.0017 2557.3762
20.8437 4699.4708
266.7659 3889.4425
225.6852 4934.7756
293.1692 3736.3579
116.9999 4818.3229
-592.5444 2882.3791
-32.1019 3398.1760
523.0567 2423.3890
741.7406 3813.0379
-697.0655 2791.6905
-464.5318 2541.7527
758.1316 3601.1581
100.0098 2083.4337
-550.3892 3174.6150
647.8640 3078.7774
30.9256 773.9527
453.5212 1074.7117
-60.1499 4708.7994
-438.4001 2446.1618
-29.4241 1315.1020
254.1449 2847.1988
-08.9710 4953.5899
-673.8343 3102.1720
270.7385 1546.3855
388.1694 4183.6894
438.3482 3629.9345
-104.6784 2344.5543
500.2874 1692.7217
-783.2358 2695.1561
-45.0155 1333.7518
110.5511 2129.1410
417.8100 1138.3805
-560.0025 5864.0726
-475.4072 2341.3957
-378.4474 3508.8657
-899.8115 5597.4621
175.1665 4884.9090
532.6424 3763.8970
328.6221 4617.0334
63.0795 3201.2082
-744.6533 3974.8920
-84.3203 5247.4090
124.3301 2352.4365
-53.4506 3388.0306
896.6037 4205.8293
1276.6477 5606.4691
872.2057 3945.0531
-234.7309 3572.6464
-601.0572 2193.6091
352.0124 3737.3998
-456.7893 3788.0171
1107.8828 5494.9365
1060.9417 4060.8759
661.0581 3226.5290
226.4497 1711.1313
73.0023 2814.2686
-382.4675 4730.6967
-18.7674 2811.4742
309.9200 1651.7622
-487.0101 1776.5418
202.5281 4851.6464
-747.3709 3972.6208
793.7879 4493.2350
381.4405 3535.5958
286.9249 3652.8873
-422.5797 3880.5545
710.7125 4541.3173
138.1771 2173.5455
669.8840 6342.1005
847.8937 2778.5551
-232.1716 991.0448
-372.1227 1299.2704
-278.6974 2412.3595
-702.7574 3595.6571
720.3824 2755.5550
113.7103 2900.1462
-236.4367 3342.7009
445.1441 933.4927
-232.6887 6841.5997
872.8724 4472.5538
716.3371 2810.6627
-440.8569 3220.4881
720.0494 3088.3656
-204.0364 3775.5281
964.6531 5276.7171
-256.5763 1542.9370
227.0385 3571.1007
477.4803 3807.7181
664.2614 2519.8374
-407.7054 1721.8582
989.2240 4108.1480
452.4342 985.3059
510.3124 4353.0658
-134.6773 2321.6799
-442.1327 1933.5967
-491.5079 1661.5906
399.5204 5090.5737
-357.2194 4550.7862
643.5052 1894.3211
-00.3017 3444.0217
885.6971 4429.2506
345.6411 2130.1858
-544.6817 2498.4727
-71.6681 1760.2370
348.5337 3850.8489
261.8537 2080.7731
126.6375 1501.9928
05.6813 2276.7138
88.9481 5010.5200
293.7769 3041.2688
05.6888 4951.4015
1093.1228 4122.1432
230.3957 3924.2738
-104.8144 3383.5018
767.9898 3599.2883
618.6904 2781.9020
-427.5501 3013.0752
-30.6269 2135.4791
481.9998 3694.4824
893.7299 6050.2482
-70.5935 3797.9178
184.9878 2200.3891
-153.2047 4447.3193
-394.8923 3146.9461
98.1781 4944.6187
15.6899 2119.9793
-917.9488 3705.8054
-798.4389 2785.9054
-348.7273 5283.3852
240.6746 4857.9287
268.9853 3594.1274
171.2441 1755.5276
-294.8759 3295.5631
186.1127 1210.0588
-97.1716 3289.6647
-367.0860 4174.8563
-397.0920 2512.4537
826.0707 5681.3727
-473.2975 5204.2592
-336.6296 3237.0334
147.0653 2786.1520
981.6613 4333.1282
1078.1995 4251.1257
973.5412 4342.7634
698.7304 3120.7637
776.0938 6133.7677
-01.4225 1217.0331
128.7197 3039.1520
-28.7983 2487.3361
293.6591 6520.3129
39.4835 5111.1066
303.0058 1841.3481
42.6485 2762.1300
-348.1518 2548.4675
-203.1746 1964.1963
189.5898 6625.4888
175.8214 3531.7677
817.0948 3213.5228
91.0508 4575.3401
-948.5194 4225.7204
771.6777 3602.3912
-406.6214 3471.9636
122.5690 3939.7612
170.0062 5649.6884
-202.7264 2365.2530
894.2919 5492.6985
02.7838 3453.0092
-145.5257 3170.5002
719.4136 1845.2515
701.8603 4610.2913
42.5277 2761.6078
-422.0139 5339.5541
466.3735 3952.4948
-73.5279 1589.3706
102.7798 5737.7996
1141.0899 5965.6187
813.4533 2773.0706
512.0852 3669.7468
113.9523 5430.3756
-234.0911 4168.4521
-403.1057 1041.2394
374.1613 4493.0932
429.2412 3734.2586
-383.1378 4540.5830
-63.6109 6749.6972
-107.9914 5159.6881
505.2390 3672.4570
282.9593 3558.2150
-803.2847 5620.6190
181.0534 2136.8195
885.6357 2610.2495
888.4157 5198.4411
766.3861 2544.8276
115.1044 4895.5311
-371.5025 2081.4729
-210.1437 2615.6610
-365.4796 4166.6268
-37.1976 3136.7934
-118.8754 3320.2654
829.8529 2519.6886
378.2859 1161.9961
494.6345 3715.9256
-242.4989 4413.6912
292.0915 1552.2351
-242.1415 2462.6116
547.2745 3264.2748
75.8473 2223.7391
-621.5931 4070.0063
209.9546 1073.3906
-293.4879 1330.3768
-284.2561 3753.2740
-637.8412 4443.9903
217.1623 3848.4127
98.9238 4797.4594
49.7770 3429.8960
-228.1560 2060.7567
-344.2016 6093.9526
522.7678 3340.5181
-323.9001 4555.4371
118.2246 5725.7518
1043.5331 4050.6348
-73.8398 2323.7268
-81.4970 1003.2160
-515.8674 2610.2284
204.3240 2915.3462
902.6242 5796.6534
351.4339 2017.6103
-161.8353 1352.4364
-533.0621 5254.9600
-131.7886 3285.6872
533.3200 1822.1601
-973.9808 4158.4726
1029.7982 4076.9863
110.8303 4362.8268
256.7492 3909.3727
-386.6943 4202.9751
09.1228 4662.4177
77.2054 1465.3870
570.0590 2584.2731
-205.8841 3338.6380
31.3504 1188.7953
214.9177 4607.2827
385.9429 3816.3113
364.3871 4651.1342
-304.8085 2569.7002
123.8292 3488.8465
476.8675 4749.2377
143.8275 2791.5461
-09.4991 1018.8536
-479.0615 3113.7639
64.9836 2961.9357
-175.9463 1785.1902
-515.9951 2513.4056
199.2975 3407.6895
347.5734 3199.3006
718.4958 1853.5316
-160.0166 3297.5173
-643.8998 3119.7863
-06.7268 2304.1883
969.2417 4377.5753
211.9339 4847.9446
129.6144 2172.3092
314.3025 872.9056
-358.1732 2882.1744
-667.8291 4161.6288
373.7205 4506.3249
-635.2753 1638.1428
512.1273 1645.2157
163.1112 2169.8805
602.3309 3402.5495
-60.0784 3094.0265
177.4612 4192.4593
-216.6705 2350.6110
-175.3971 5101.0103
-40.9935 4715.8218
330.3375 2051.3437
656.3473 6018.5507
-57.9616 3285.7975
73.5230 2144.3034
312.7194 5148.4650
398.6767 6031.5551
-214.5276 4107.8608
-596.9207 3549.3534
-17.9946 946.7361
-536.2737 5251.4455
52.5792 4939.8829
219.4218 4871.3242
-156.8357 4197.0895
486.9545 1689.5983
238.2153 3549.2048
-181.1728 1964.7921
700.0255 5450.9117
20.5322 2075.8372
-213.9314 5085.3613
134.3865 4804.3546
1097.5908 5340.8723
-290.4812 2115.9532
-208.7531 1206.0219
568.4458 2975.0528
71.1052 3441.3035
-72.7343 1336.2802
858.1607 5174.0973
453.3198 2882.8193
635.2521 3852.6271
-1017.4934 3825.9911
-56.7807 1320.2278
567.4264 3492.4268
-371.0911 3965.2239
-472.5677 2525.7599
-425.2160 3037.1094
741.2933 5839.0384
934.9216 6041.0240
159.9702 2899.5877
-406.4210 3848.8543
-05.1704 763.0412
426.3302 4423.8828
585.1840 4023.5038
405.3266 2765.0656
688.7999 1904.0384
705.2099 4237.7028
-578.8702 2845.1791
306.1012 2100.5439
1298.8909 5752.1648
-272.6727 3258.9137
795.9955 3335.6492
-1016.5364 4059.5110
769.0151 2859.5899
33.2676 2259.1437
-979.2786 3991.0246
359.1739 5143.4559
959.6326 4355.4806
-267.3562 4560.9190
1244.7230 5741.0121
1196.0356 5971.3953
1017.8255 5994.6747
399.2201 2971.6164
-743.9258 3647.0035
-528.0866 3838.2910
-184.7623 3087.0876
-349.9037 2159.9216
935.2705 4240.3160
-788.2136 4082.9416
-508.4293 1823.2708
761.0382 5166.5168
84.4516 3962.2648
251.8501 3540.9399
524.3858 984.3027
709.6816 4399.2084
-709.7656 1682.2195
239.0087 2218.4894
-63.3746 1417.1823
-280.7214 3040.2507
-203.3572 3408.0088
516.5130 3983.3081
-887.6710 3701.1763
-504.7459 3156.2625
801.1540 6190.6622
649.9739 3799.1503
-185.2079 1379.6758
107.0641 5103.7858
151.0004 4921.6638
221.3993 3829.1017
265.0695 3823.0947
714.8695 6282.1551
170.6574 2111.7971
-739.4404 5936.2982
643.0563 3690.2444
813.9669 3286.7537
284.5266 2127.5199
569.1779 2656.9855
226.6810 2210.8258
294.9990 2325.1977
-859.8651 5682.9073
361.0879 3772.0855
270.3478 964.2928
-309.9248 3600.8150
299.6813 3711.6529
693.3981 1776.9111
-58.2677 4813.8672
-100.2120 3927.7713
-153.0929 3304.7465
-518.5341 2666.7219
817.5834 4091.4688
-274.5429 2311.7331
135.2343 849.1533
-335.9899 3961.4819
429.3429 5946.6301
-334.9964 1442.4863
85.5009 1963.1028
779.0517 5900.3137
24.1449 3187.1497
-44.3027 5503.5388
65.6582 923.2794
402.2622 3675.1599
283.4605 2232.6619
-607.2516 2436.4825
956.3316 3934.0368
261.8645 3519.1457
-685.7880 3935.4657
-299.7558 1646.3787
474.8926 3788.6765
-320.5583 5147.1241
137.7744 1499.7246
808.6464 4399.6864
-638.2887 2730.1841
-112.1203 1401.7841
-520.2219 3847.9801
509.2746 5281.7478
279.7828 5691.1067
-578.2786 4306.3895
805.6802 5847.4572
-88.5684 3177.1408
952.0781 4247.5586
-80.0086 1367.8483
-333.6397 5138.6581
110.3657 4819.8269
332.9273 1906.8121
-214.0295 3754.8766
443.9967 4632.6750
208.5932 5108.2838
-167.1918 2639.3563
618.6766 3086.8996
-214.1737 4240.8340
289.3553 3856.5681
-510.3281 2076.3942
-25.5790 4055.2037
857.2710 3235.1865
233.6564 3130.4762
721.8129 2573.3845
223.7436 4884.1046
807.8040 3885.4175
1155.8685 6010.6973
603.2034 3759.2036
468.2870 1629.4659
566.5941 3707.5901
103.0945 4801.8455
-289.6393 2435.7843
185.9273 5457.5184
76.6005 841.6013
-47.6500 2047.2917
-835.3962 3723.3155
366.7133 3628.4633
386.5171 3789.9608
793.1951 4395.7156
602.1661 3732.1973
-415.2065 1917.9551
-747.7609 3870.1739
-168.8786 5026.2544
-634.6467 2979.8058
-856.4088 2774.7925
870.4508 4033.9237
-445.0391 2521.3772
994.3747 4261.5053
-56.7053 1327.0972
-27.6521 2261.4824
109.2386 2848.8156
165.8392 1626.4376
-20.0775 3937.6541
-362.8345 2842.1973
-335.1944 5230.6188
-186.9799 2337.9067
153.2388 2079.4780
250.5912 4789.6318
-29.7920 4057.6839
39.7463 2237.4315
-126.6074 2336.2984
-302.3823 4141.8060
859.0924 3950.4865
473.9289 3219.7456
-514.3809 4243.4858
334.2409 1572.9352
601.2247 1925.4153
363.5562 2055.3206
-214.5625 5610.2074
441.2436 2953.9663
733.1525 4504.3437
-896.1775 2793.6596
-166.2043 2357.5113
564.1303 3569.9877
-812.9443 5536.8208
540.7224 3754.4054
320.5704 3846.1191
55.2340 1453.3940
530.5200 4463.8180
-205.0239 3667.3755
930.9946 3374.0684
776.8926 4054.4220
-869.2245 2813.2524
323.0509 2887.2298
659.2099 5668.1159
486.0081 3720.0029
554.4643 4319.4563
582.1373 2805.0390
98.7712 3982.2463
-555.6692 1528.1665
-237.2283 2423.8507
28.6339 1279.6041
782.1930 3540.7298
1088.4415 5337.0876
155.0196 4917.8720
153.6365 4027.6384
98.1863 3576.5936
-43.0370 4001.2281
-718.6332 2712.1019
504.5986 4735.8833
308.3279 3079.9420
-122.3510 2316.3235
181.8244 4635.7130
739.7998 2882.2186
57.7349 4910.8617
-315.8625 3958.6600
881.3212 6120.7757
-470.0969 3015.4536
-150.9158 2348.4417
946.6341 5559.6656
938.0358 4033.9199
144.1465 3891.3279
-76.0868 3961.8911
-398.5617 2768.3418
23.3294 2091.7086
129.4635 1528.7776
87.0365 3932.2072
524.2618 1847.4564
605.9822 1964.0279
-374.6051 3074.1472
-686.7340 3599.1743
872.4588 2593.8466
-312.5472 4577.9965
1079.9426 4279.0127
-72.7446 4200.0728
-116.9595 4812.3647
906.0806 6128.6101
394.5113 4119.2072
-93.2691 3325.9355
757.9591 3781.9347
1034.6346 4053.2514
667.4263 1940.3300
486.2515 4628.2717
401.7551 2746.9828
103.4650 3466.5023
823.6336 6066.9609
-444.7892 4399.5864
226.8870 4989.4807
-707.4753 4056.6604
148.5436 3533.6153
-196.0961 5420.5341
348.6407 1851.6607
318.6650 3794.5485
609.6604 5767.7532
-60.0355 4982.3036
-76.1675 2325.0831
111.5729 5341.1452
-646.9119 3119.6348
-703.0077 1658.4991
-22.0631 4723.0002
640.4111 1711.3381
-577.7812 2878.1765
-255.0862 4114.8385
-742.9674 2772.0643
-513.4449 2105.1190
175.1322 1596.4766
405.8663 6507.9079
115.0023 5131.3802
-519.3958 4274.4863
437.7194 4149.9806
-424.9609 3237.1250
64.6779 3959.1136
987.1107 4414.2632
-795.3071 3618.3361
-940.2074 4212.0878
-614.2003 4299.8234
743.8464 5903.1537
-89.0930 2201.5232
-128.8952 3309.1333
-773.6071 2633.8626
-523.9421 2725.7770
241.6195 3700.8549
-350.0053 3405.2357
-40.0521 2284.1119
824.8326 6104.2641
-661.5846 2734.8701
40.4178 4912.5253
-120.6595 4472.5527
-668.1009 3006.9720
1164.6871 5769.2105
-408.8231 2397.0801
-126.9431 1918.4551
445.0370 3689.2411
817.5846 2771.6493
-134.3946 3269.5485
168.2160 876.0768
-318.3694 2394.0797
-331.5565 2831.1143
653.3236 6181.3317
-707.2241 2683.9354
-05.1690 766.3935
-258.2310 2125.0811
790.5274 3925.3587
-375.8015 2516.4731
-586.0706 1599.6607
-188.6831 4431.8080
217.8404 3535.5640
-27.2536 4593.0667
91.0710 5014.7185
340.6818 4191.6182
-502.5888 4460.3495
333.9491 3583.4017
186.1947 4867.7301
905.4831 3397.5480
-175.6650 1059.3579
953.4121 4102.3810
-298.7160 1489.7654
615.8620 2852.3538
141.5757 891.3910
680.7107 3760.6208
-364.9523 1966.9740
940.8531 4288.9862
-282.6414 4597.2150
108.5012 2160.9362
-166.5190 3714.2032
148.6352 3889.5287
-648.6941 2303.9028
-693.0888 1696.9906
164.3029 2181.9183
-267.0412 2411.2630
-451.8969 3186.6397
1149.6319 5668.4413
-576.8373 2198.0386
668.4435 3819.5792
-768.6118 2713.0265
392.5852 5039.4237
657.4475 5070.3668
-902.0634 2843.3389
376.4113 2919.4762
335.2265 3629.6539
248.3909 3549.9883
-275.1080 3379.7372
443.4514 3834.8397
-287.4041 1118.7883
92.4312 4001.4488
-208.3401 3682.6421
958.5170 5513.7464
275.7751 3589.2317
-594.8311 4122.6168
89.3101 1260.1123
151.6800 2210.8968
-545.9200 5514.1815
249.1358 3635.0063
-84.0514 1990.5220
316.9106 3799.9515
07.1378 4343.2240
949.3235 5999.5802
695.6216 5356.0372
-487.3852 5544.2289
664.4995 3537.3883
-122.5562 3326.7816
117.5187 3907.1736
-305.2536 3883.2960
610.0196 3071.0680
639.4514 3721.4108
538.5776 2001.3033
-203.2673 3033.6034
-35.5459 2302.3699
467.6906 3257.1729
-711.8585 1685.5927
337.7629 3697.7207
688.8784 4322.5443
179.2696 4846.0554
501.0375 1649.2478
327.6915 3861.1807
189.6009 4882.2751
629.7484 1778.1787
523.4438 4237.5312
1205.5579 5661.8860
-576.7681 4347.3323
-147.5357 2219.7856
-73.4956 1401.4255
-290.1590 3133.8711
415.6691 2365.5848
-321.9328 1987.5332
390.8076 5314.3496
487.7070 2064.2370
-312.0434 5136.1936
95.4758 4165.7888
201.6982 3785.2269
109.2590 1879.1734
88.2033 4877.6556
-940.7983 3862.7755
-41.9445 3197.2051
-54.7588 2298.2627
-565.2101 1610.5585
-285.5347 2395.5566
121.4593 2212.1492
1062.7028 4196.6059
-344.5683 4571.2164
-16.8355 2852.9741
249.6027 3814.6135
870.8462 3389.4835
-173.7543 2725.9725
-659.9263 2827.3105
810.7137 3422.8712
359.0054 3868.6395
145.1250 4537.7771
-96.5951 3292.6692
518.0511 3747.1917
74.6046 2926.2993
-874.1285 2842.4427
542.2760 5283.4202
441.7164 4048.4060
720.7814 1820.7085
48.5928 3432.9582
931.3040 4441.5253
496.2523 3426.3349
379.4462 3030.1061
855.9913 5280.7258
550.1143 3476.2867
262.7349 4826.3547
-424.1215 3426.2440
-106.5209 4631.6546
27.4504 3418.9629
-383.9549 2543.2730
-1056.5082 4053.8268
453.3314 5009.5997
-506.1337 2414.6557
-229.2177 5240.8547
281.0798 3442.7755
-558.6364 2524.3312
483.9978 2994.5255
-100.5220 3321.9688
79.2561 4906.8712
-290.2738 4187.1036
291.4475 4404.8548
-791.1522 2852.3370
-296.5727 3655.6618
-26.2546 2300.2774
-416.5492 2568.5613
943.7228 3995.9083
628.7267 3165.4083
265.8368 3606.8507
523.0793 2725.1881
106.8181 4917.9962
-137.1073 3282.6400
358.9904 4816.1601
-569.0621 5998.4675
-213.0988 1212.6566
-383.9812 4531.1189
-11.2327 3805.2007
-556.9643 1529.1457
-94.7212 3886.6710
237.0438 2157.2279
628.0532 3309.7645
-681.9818 2827.7743
-502.1875 1201.6201
551.5042 6429.4365
389.7763 3033.4617
54.6016 6684.6485
-756.9543 3681.4880
648.8820 3795.1723
489.9223 2015.1040
441.4418 4958.7718
53.0066 4760.5265
-326.5693 2870.7409
1013.9882 5998.3241
-777.0265 2921.3828
406.8341 1598.8651
-68.7789 2746.5704
-222.6644 3307.0243
229.0090 4856.3878
892.5353 4473.6910
1036.8620 4082.7066
560.5890 3396.6684
20.6613 2253.1893
589.7349 4228.1695
-273.5771 4670.4235
1004.5901 5882.9019
-223.8648 4102.1035
93.6524 1253.5068
930.0928 3373.0456
679.8120 5335.9154
-669.1850 1652.4344
-478.7463 2713.6330
114.1219 4831.4177
-925.1188 3708.7844
342.7796 3610.2187
-24.8681 1290.2390
-143.2556 4668.9554
342.6177 4823.5416
518.3498 4603.0049
-583.8056 4141.3548
-439.7038 1766.8285
-70.6949 3426.7455
-33.1598 1330.8639
-407.1953 2557.8163
74.1715 3609.3181
-531.4256 2842.2348
112.4608 3500.6615
-61.1127 745.4212
-270.9452 2374.9384
774.1340 5134.0809
472.7157 2010.3837
437.8464 5122.3819
-601.3625 1562.6634
-611.8204 2590.3611
442.4058 3629.3681
-286.5462 2399.7191
-27.6409 5002.8763
-135.2733 2646.5763
-74.2257 5014.0357
538.6421 4143.3858
801.6816 4554.6333
-11.6202 4102.8329
159.3917 2198.5463
-21.8290 5613.3687
771.6870 2491.9748
-411.5636 2552.2595
-196.6314 3517.3830
-181.6049 3016.2358
157.0510 2240.7944
908.6295 3352.6712
-230.8877 3155.1919
-993.7045 4175.0969
-522.8545 4269.1014
110.9002 3194.2563
623.9552 6062.5626
605.2487 1997.5383
146.5171 5864.3680
520.4941 3992.6593
-281.0792 2597.2159
-398.4558 5175.9213
138.8651 2173.7786
-1012.9433 3793.5607
475.1115 1036.6829
-425.1730 4497.3613
524.9039 4487.3140
34.1730 5606.9970
-822.6687 4312.6736
24.8621 4034.4049
417.3394 3680.2057
217.0498 4448.1533
922.2116 3420.9834
73.0670 5023.2064
-38.7072 2997.7582
-797.2308 2687.5256
-38.6801 2521.4486
267.8886 2125.8532
167.0103 5497.2386
351.8913 3863.2354
506.5278 3780.0018
926.1577 3370.3231
547.2961 6155.6415
-900.6862 2856.1581
-74.0992 1340.7799
-607.2451 3080.6194
587.4719 1991.8980
844.7482 3370.4397
815.9792 4524.1785
680.5419 1887.2103
-279.6628 2185.2832
551.3456 1895.7757
-198.2693 3333.8962
517.9900 3412.8785
-228.7782 3314.6416
275.2028 3872.6416
627.6754 3492.4135
-273.8896 1332.4561
-343.2895 1095.9106
469.6016 4385.0835
290.3753 3895.3200
-36.0849 4943.3234
-79.8393 2121.4433
188.5196 4785.8722
-657.0297 2770.9501
503.1554 3969.9304
540.1877 4462.4883
-72.3019 2388.8182
-592.7596 2658.8771
840.4846 4522.9250
699.8867 1775.8507
-444.5935 4396.0523
867.7449 3477.3704
-197.8634 2017.9730
368.3080 3802.3538
-461.3296 5867.9863
378.4748 6246.2975
1021.5440 4120.0797
-91.9788 2551.3956
-253.8613 2438.0556
-181.9511 2337.3202
-783.8077 4401.1686
801.2150 3580.1940
253.9434 1154.4534
920.9849 3947.0093
-612.9827 3056.2523
129.3822 4884.4435
1178.2768 5713.2552
-35.4329 1323.6513
115.4312 1266.9128
671.0510 1921.8499
942.7094 3914.2910
589.4608 5035.2472
-81.1038 1388.5218
309.0322 4952.1269
-494.9379 1896.0325
01.0527 1944.0273
-287.4550 1129.9666
180.1418 1073.2122
667.6514 4093.0173
593.3560 5542.9070
81.4886 2202.6072
1034.8775 4349.2153
846.8279 3878.7339
-729.7602 2731.0811
-398.6296 2683.4356
290.6537 3632.8198
889.8606 6220.8824
547.6201 3661.5368
422.1518 1096.2762
-766.9105 2729.5834
-789.6570 2735.2390
-339.5378 4349.0592
448.1903 5110.0233
-78.7984 3664.2935
1103.1485 5354.6650
216.6150 1252.2804
392.0360 4218.7773
-237.2619 3133.1749
136.3859 3966.8163
-444.6280 2638.6163
-520.7662 2864.6518
-47.4261 6395.0227
861.4625 2665.6667
782.8076 4032.7207
-241.5892 6863.8327
-236.9472 2679.9644
68.6656 4719.9465
897.9795 3917.8409
202.1244 3551.9313
-952.8483 4106.9698
509.7565 3002.6295
738.6237 3263.3099
1018.1940 5365.0364
649.0642 3729.2586
-43.9762 2293.8500
-832.2646 3886.6214
363.2711 1705.6475
170.5449 3925.0856
897.6468 4220.0710
794.4863 5988.7466
1230.1873 5602.1403
82.1116 2210.1389
-83.1863 1369.2279
-35.1944 4594.3153
846.3497 4119.0009
408.2202 3763.4795
245.2363 3187.9927
662.0002 3541.0939
-56.3408 3366.0248
968.2783 5921.8731
295.6876 5525.1054
271.0459 883.7500
-880.4391 3664.3367
129.9529 1511.0424
-381.0111 3405.0096
783.6462 3131.7099
665.5268 1821.8422
-194.6254 5364.4816
-138.0982 2353.3069
-331.7941 4580.2471
589.7605 5192.4961
462.4645 3796.3808
326.5850 3869.6755
-06.6615 2774.2743
284.7182 869.2803
-310.2970 3455.7527
258.0807 3981.7089
378.2586 2047.3678
-90.9928 2471.2638
-264.1789 1994.3285
-248.1286 2390.8609
-493.6035 3167.3448
-490.6270 3510.8670
793.7797 3984.3518
446.1658 5731.4497
-678.5308 5321.7404
-860.9337 2730.0852
346.7473 2921.6144
785.9896 4063.3973
261.9671 4428.1190
-250.8676 2409.6437
-342.9343 2419.7296
710.6417 2516.6894
317.7279 3075.5316
818.7526 3326.0944
344.3693 3805.9076
154.3402 2017.6978
-471.7904 3148.4076
-37.4783 1705.9493
-151.8075 5183.2648
-664.1642 2582.4038
774.7540 4356.5939
-45.6824 2264.4516
-500.3809 1803.8760
-397.7958 2502.1295
718.9569 2433.2410
585.7162 6403.8975
-392.9732 4013.9248
490.2770 2833.4983
-676.3654 4046.7656
353.4026 2129.4544
315.8139 2813.0169
290.8608 1139.5691
93.2549 4379.2960
75.2100 2043.9485
-49.8252 1014.9564
706.5630 1883.7534
-17.8416 2749.6200
62.6009 4944.1954
-598.1184 4441.2420
703.8696 3756.6818
408.6964 3018.4559
-633.9210 2901.9389
713.1599 1886.3193
-299.8294 2417.7309
-245.3966 2831.5982
-614.7050 3915.0422
31.6433 3750.4095
908.8235 3321.0923
401.5923 2568.8160
-491.2980 3460.0332
389.6373 1077.2365
252.3759 2846.3323
-251.3883 3674.6507
1046.4102 4142.7541
608.3590 3890.9051
-226.1404 3314.8326
337.2578 6260.2132
-848.1010 3647.7782
-156.7936 1595.6190
-305.1357 3191.9977
04.3187 1292.3863
190.5271 2167.6017
252.3066 3550.5002
-172.9001 3021.9475
-1021.4468 3961.5831
-820.9913 4425.6103
45.2764 2803.0732
-681.3739 5307.8327
-382.1928 3673.5797
-586.3551 5411.8497
352.0496 4465.2210
296.7604 5387.6856
664.1739 4473.5921
666.7593 4198.2554
773.7224 5128.3071
-649.2929 2583.0236
825.9459 2652.7224
333.6725 4767.1686
-385.3234 1562.2504
28.4951 3904.2059
1057.2335 4322.6284
-968.2167 4190.0088
466.8300 1788.5966
-281.9976 4196.0041
644.5583 4518.2313
704.4009 3759.4581
-69.4235 5249.3035
472.9090 3558.8116
-698.9319 2210.6817
-180.4853 2643.6274
373.8652 4283.8839
-292.2965 1040.3521
-968.0337 3772.8214
283.6838 3028.8391
974.5105 4371.9851
277.3205 3417.6903
636.4140 1742.1322
644.5710 1715.7036
116.9770 5118.5896
208.7860 1190.2863
-267.0242 2487.9880
809.4047 3338.4024
107.8954 4819.1697
392.9302 2282.6270
-874.8293 2869.9204
872.7998 4289.5611
-867.6346 4051.7794
-447.4484 1191.0658
159.9394 4359.2562
53.2929 3713.8790
193.0335 4718.0104
298.2214 1574.3519
-69.7079 2041.8260
-64.8621 1812.8340
426.4312 2297.7573
477.2433 2317.2226
-759.6515 4001.6126
-445.2247 5531.2479
-210.3437 4476.3569
283.1142 4148.9499
-427.7075 2458.7973
-495.0378 1502.8080
47.3661 2231.9708
877.7380 5248.5941
231.2401 2258.5018
106.7819 3089.1343
80.3579 2324.8136
-124.5156 3430.6543
293.0465 3641.2463
204.9073 5044.7088
-212.7773 4959.4527
325.5681 2884.1211
185.4189 1111.5177
-67.2386 3370.4925
327.1504 3997.6402
-433.4808 2316.2844
758.8608 6255.9521
-438.4538 2875.3259
213.8778 4698.8159
-253.5432 1340.0704
-495.7249 2485.5514
809.5213 2507.9485
310.7813 2256.0763
266.4033 2169.5337
-494.1038 4252.6242
-115.6710 5161.2147
139.1997 4083.1080
-851.7350 3659.3288
-429.1451 3798.4808
301.4206 4704.9240
238.4273 3922.8481
-370.2769 5157.9037
660.8110 4471.1939
-384.5528 3496.7604
56.9749 2534.7629
-368.1841 5529.8658
940.0746 6000.9166
-305.8871 4297.1682
213.1728 1070.3006
329.8468 3669.2284
1046.7474 4179.7975
-197.6730 4329.3726
-117.1605 4208.1983
-578.2937 2513.1121
292.1384 3059.5109
758.2985 5189.1295
-104.7904 3389.9571
1080.6354 4235.6903
426.6576 2936.6480
-203.7497 2030.1987
154.6139 2182.1207
502.4960 3168.5045
609.6452 3577.6224
397.0313 1819.8950
659.5207 1815.0568
-337.5422 4548.6303
-176.4587 4296.0966
877.5849 3880.2732
-887.3261 3672.4449
294.7302 926.2919
408.3307 1716.1103
11.3547 1737.7594
-657.6022 2584.7878
320.0711 3709.8834
-937.8172 3706.0612
620.8021 5114.6382
-853.3558 2706.9426
411.0936 2937.8610
-575.9938 3500.9306
413.3122 3726.9968
220.6084 4151.7892
277.1879 2434.8288
-88.9986 3249.1608
-304.9429 1536.2244
08.5606 5221.1456
-177.0878 3322.9953
1114.2739 5822.5067
-176.4210 1823.2128
-89.5698 5664.2353
902.7452 4054.8708
-239.5935 3021.1625
-109.4169 3574.9820
381.6062 1732.6556
265.7759 3793.8382
1062.5005 4248.7816
120.4009 2182.5729
-127.0960 1915.4224
421.0337 3796.7729
-368.0656 1217.6783
225.1685 4455.4740
64.6146 2063.5505
899.4228 3282.3602
761.3629 3788.1720
-801.7949 2752.5343
-03.8219 3442.2093
08.7444 3431.8039
233.1621 3904.0489
209.0428 3541.3493
-137.1724 5040.3520
-131.4481 4675.3339
-58.7381 1403.9869
886.8962 3481.7150
-182.7407 2378.7289
697.5807 4580.2546
270.9883 3714.0865
605.7971 1997.0951
-87.8319 2724.5409
539.8463 1959.1360
489.0411 4335.4227
-704.9217 5329.7297
-474.4613 4461.7565
444.3350 4691.4285
-91.2409 1621.0390
374.1273 921.1572
463.7261 3060.0140
-263.3982 2520.2348
-872.7833 2733.7965
714.9651 3449.6362
275.5062 2297.6464
462.1788 2891.5836
-471.3656 2514.2608
-363.4172 4561.9478
285.8876 3811.9988
902.3725 4404.1673
400.0056 5471.3045
-47.1435 1330.1485
139.6104 2197.1603
29.4817 4750.7007
896.7808 3877.4981
187.3730 4826.3263
17.4638 791.3392
190.9017 1940.3260
474.0584 1780.1228
532.5833 4717.6437
183.1594 2326.1808
327.0896 3572.7682
638.7626 3214.1082
98.3238 2535.8931
342.6592 4785.0196
-685.4788 3555.8088
650.4856 1920.2914
-378.7924 1604.1096
664.3717 1948.6063
201.2510 3517.1408
-36.7640 4976.0445
565.4096 3883.2567
607.8464 4284.5819
592.7460 4678.8017
-670.7165 3593.5830
-410.3764 3233.9872
-85.6945 1398.0555
-143.0699 1386.3644
485.0156 3523.1914
352.1157 2120.3491
-700.7785 1682.0164
88.4305 4778.0240
-61.8027 4914.6433
434.1683 1619.2712
11.3519 2212.8942
-88.2382 3112.0905
618.0388 3931.5889
-478.4464 2559.6239
-268.8351 3298.4964
-413.0907 2630.7371
456.8814 3807.4078
391.6510 1990.4230
247.9242 4859.7410
626.7437 3150.8967
796.6862 3222.6963
585.8963 3724.3344
-425.0209 2405.0142
-154.6609 4622.7377
925.0129 3978.0372
228.0082 3916.7128
-398.5864 5309.2584
271.7585 5180.1999
-194.4686 3339.9421
-220.7097 5480.9154
1008.4484 4296.8768
-434.3839 2522.0001
-508.6459 3148.6261
346.4451 3683.9022
-160.0367 5081.9293
343.8962 3754.4956
513.5917 4996.1435
124.4569 4932.0030
728.6740 2439.2370
-532.0280 1697.8111
90.7607 2572.4212
108.2654 3596.4526
799.8536 5525.4519
-423.8031 1887.2770
-147.3038 2050.1346
72.9714 3942.1269
-159.8925 3392.3623
544.7850 3302.5502
114.0782 2049.2768
-245.6551 2583.0155
310.3141 3174.3990
-117.2531 2281.2103
833.2054 3173.2320
165.2455 3818.4945
118.8512 4838.9560
478.0946 3911.1580
-869.3827 5453.3009
-11.9242 3986.7542
-605.9057 5392.6924
337.2835 3531.6427
235.9673 2135.9791
-475.8610 3451.0817
912.3170 5547.0625
685.2676 2857.8711
-382.6626 4277.5273
133.8927 3901.8599
-04.6196 6703.9823
87.4274 3701.9745
-153.0111 2650.9117
360.6022 5081.8224
763.3992 3598.5079
-443.6077 5248.3733
368.2755 1994.3332
1037.8290 5745.8101
1014.6675 4049.3557
632.1238 2475.6549
-53.6437 2014.8435
750.0855 2451.1396
-44.1873 2718.1051
852.0769 2568.6035
-342.0953 5513.1008
30.3378 1029.9364
-00.6577 2254.0947
176.3988 4905.9722
-107.3395 1999.5079
180.8999 3842.6964
-402.2547 2557.4320
-242.2331 4107.4906
-756.8744 4346.5964
245.8480 1543.2315
451.7269 4691.6353
-226.2507 3294.8108
962.7149 4278.8581
96.2031 2213.4359
1032.0202 6119.5409
925.3439 3412.4108
-86.8119 5408.9827
-557.9239 1602.5835
421.7717 3823.0631
979.3145 4048.5624
636.5095 3637.2840
137.2943 5148.8443
-384.5305 3047.0427
365.8469 4920.2953
-894.9491 2881.0615
390.4043 1808.6329
576.9694 4691.5607
542.0134 3672.8691
626.2064 1715.8612
732.4040 3930.2085
-244.4981 2427.6875
-709.6068 2219.5787
-89.0607 1970.0255
-442.6809 3898.6700
-07.8105 6731.4437
-578.0423 3047.7033
-124.7886 1371.8321
747.9177 2453.6866
-149.8970 3696.9581
85.4967 2201.5245
127.4669 5040.3101
105.6504 4811.5635
637.2274 3765.9224
-656.7406 4342.4140
738.0210 3903.1885
456.1974 1682.7314
508.5536 6446.2272
673.3403 3302.9607
172.3001 1921.6824
812.9288 5474.1124
95.2288 2157.2997
44.8784 2355.0144
-601.6770 1564.5501
513.9031 2956.8557
266.2927 3551.8348
-197.1908 2661.4684
-632.1115 3126.6940
-90.9682 2678.1000
-501.2040 1681.2662
1170.9386 5821.5888
195.0794 2211.8780
175.2949 2181.6988
-695.0813 1641.9203
-176.9042 2689.9733
103.3798 4862.3117
344.4350 6493.9401
-377.2726 6916.7402
-413.2044 2096.5142
-488.2484 4283.8828
349.0207 4019.1992
-815.0023 2686.6342
-331.1209 4085.0819
205.1304 3523.0789
-263.2518 2456.8024
-504.8653 4192.1801
-120.1068 3303.5186
-292.9461 1906.6685
-578.7020 1803.1057
128.5237 1631.1115
549.5646 4111.3249
178.6526 3947.8876
-116.9330 4078.9922
559.9774 6017.3455
-37.9168 2098.2232
294.7442 4896.4378
-713.0340 2829.1780
362.7225 3768.0334
705.3730 3611.8267
-46.6830 3400.3865
435.4273 5029.2564
-230.0507 3232.2578
223.5442 6548.2856
-180.9856 2339.4484
-383.2043 2678.2912
579.4899 1676.3136
956.1802 5625.8454
-60.5097 2204.6696
718.6697 3137.5616
-53.7459 4182.2441
552.6519 2751.3753
-282.9317 3252.0001
-360.3427 4770.3175
-896.8056 3677.5070
425.2885 1035.0734
515.1599 3747.4074
-267.1310 2486.6963
922.6767 4470.0820
-80.4511 1363.5263
-712.9173 1705.2311
129.6921 2184.4182
555.2300 1781.8191
-994.9396 3909.1308
-155.6804 4663.8040
-648.3038 1661.2411
-960.7395 3874.3144
1072.9092 4125.5466
639.1925 3477.9291
-410.1868 2654.2283
20.9222 4016.6253
679.0798 3966.2923
1006.3868 4001.6295
107.4796 4239.9860
-414.4468 1278.1234
-19.2152 4004.8375
141.7265 2195.5844
1055.3769 4127.5591
-53.6070 4007.4385
-704.5709 2689.6431
814.4295 5607.1035
194.4684 4897.9570
-285.1571 4312.6109
-670.8209 3648.9329
920.9288 3318.6334
-248.9216 2965.8036
760.0705 6181.6884
535.2056 3964.6955
839.7025 2623.3346
1253.5046 5536.1978
688.0643 5297.5203
-246.7923 2370.6745
-241.2422 2420.8872
477.1496 1010.7742
425.8122 6495.9837
-201.7386 6832.0807
725.5140 3644.1826
330.6105 2058.3712
220.0713 2692.8005
-127.1522 3726.1217
-670.1215 2952.0303
-667.3314 1721.1615
-149.5858 4101.0146
-404.3184 4408.6456
-115.8664 3242.6539
795.1537 3545.9169
-736.8159 5379.9603
-424.5365 1546.8099
55.6690 1468.7492
-84.7802 2368.6970
323.4776 2354.4185
147.6946 866.7276
537.7644 4074.9883
-63.7966 6749.8130
811.8727 3814.2318
-424.4158 4288.3504
-787.3037 2695.0720
-398.0259 1532.1242
922.8036 3899.6685
111.9485 2195.8544
-543.5738 2498.1214
-05.3410 2290.9171
-371.6223 4002.7003
698.1757 5533.2238
50.0391 4500.9454
-321.1322 2401.5648
579.1915 1742.3005
-74.8080 3267.4550
490.3812 1024.2452
581.7036 2963.1869
-93.5474 3324.9821
121.0678 3986.3994
-173.8086 3334.1779
-504.7556 2878.9686
185.9253 3968.4091
-152.0165 957.5609
309.9477 4890.3324
-249.4426 2005.9979
1031.0915 5639.4935
-242.1886 2715.8415
-758.0611 2900.9046
-216.5774 2022.3479
-340.9551 2464.4357
-356.3689 4246.5293
-231.6457 2968.6677
-482.1584 1899.2114
275.3589 4857.3620
-358.7895 3260.0628
-418.8278 4250.6859
-32.8990 2327.4945
90.0642 2189.1502
-374.0680 2562.8710
738.7036 3114.2351
52.1903 4911.5944
-63.7008 3724.2772
48.7576 777.9541
-82.5287 3278.1877
1023.0108 4000.8738
697.1607 3075.3654
1222.5647 5727.8982
-109.0581 3369.9958
364.9727 4426.6474
-304.5402 2276.9888
720.7454 2448.6616
573.3399 3733.9441
-446.2904 1842.6125
538.5626 2355.4011
-23.0110 2564.4474
-809.2097 2707.3317
-568.4546 4271.2838
22.9510 2243.6437
-72.3565 5000.9072
503.3921 1962.7267
-611.6220 2921.7258
710.7427 3086.7363
434.6935 2940.8377
-104.9497 2753.5763
-50.9621 1466.5479
327.4892 3588.6817
720.8216 3619.8791
691.7092 3830.5606
519.8307 3677.9307
-103.7892 3415.5053
-695.3113 3782.3411
-414.6445 2927.4812
398.6677 3670.7937
305.6179 2881.1270
1016.3673 4217.5416
1098.1535 4205.9809
11.5214 4943.8981
427.2923 3692.8555
737.5655 3878.6860
-583.6126 4424.5031
282.3705 2160.5088
615.6562 5643.2001
-240.9099 2610.8407
-464.4139 3170.6015
-592.7206 7073.9774
-220.5924 3028.6905
-485.8953 1104.3437
979.4795 4278.0107
-225.0137 5107.9912
-283.3365 3285.4956
-15.5162 4004.4769
-111.2467 2306.7063
826.1085 3542.8432
-65.8441 1539.9985
281.5383 3838.9792
676.8649 5893.8737
312.7707 2418.6905
-162.0313 1277.6289
-348.5798 1589.1561
-483.7396 4412.3613
1004.0672 5709.6464
-494.5408 5563.3718
186.7776 3535.0884
-16.2325 1311.6021
443.4395 2553.6684
-364.1829 2594.0445
494.5766 2995.5009
-73.9891 5230.9518
326.4443 3821.8626
857.1728 5636.6607
-65.7635 2651.8303
-516.0863 3675.9841
716.5701 1812.1474
-668.1516 4141.4899
-603.6716 3124.2727
366.8376 1626.8695
-10.8691 762.3350
-693.1362 3605.3274
401.6454 4257.9978
420.8342 2948.7045
-700.1426 3985.6245
633.3947 3596.3528
-620.9973 3796.2909
-103.4246 1549.0009
-303.6950 4593.2835
535.5511 2867.5621
481.4308 2570.3193
-28.1448 4959.4902
136.8535 4834.4294
327.0209 3569.3909
848.0562 4520.7142
-167.7320 2229.0096
-763.6358 2649.1268
-57.5784 2406.7679
-978.3605 4173.6653
-553.3143 1191.0795
515.1964 6409.2586
193.3226 3536.5791
42.8989 4438.0425
498.6330 3668.2694
361.0591 3857.7559
-243.5468 3359.1241
520.8097 3126.2902
-322.7192 2406.2966
204.5864 1750.9258
640.7377 1840.4048
-111.8668 2675.9883
-131.6554 3375.9678
807.3953 3160.6866
785.6518 6032.9331
-17.3879 3184.7065
-160.8721 2060.4470
-539.7551 1523.5145
481.5126 3018.6301
-215.1601 5074.9192
206.2353 4894.2794
-198.3886 2697.7696
-633.1684 3073.4261
-657.8966 2616.3728
155.7946 3491.3095
1003.2811 4311.8976
409.1296 1616.6097
271.7913 4717.0836
14.6263 2774.5002
-544.8878 4377.1791
-837.4323 2883.5260
938.9883 4317.0774
-142.0619 1412.2559
395.5073 1165.2309
947.9234 6092.2853
184.0069 2848.5827
598.7704 5815.8214
-171.2810 2037.5123
-93.6639 2953.8424
807.0160 3928.0448
-86.5511 1373.0576
-608.2826 4780.9580
406.9081 3822.7636
479.0428 4748.7566
281.4514 1962.2524
-707.5743 2811.5914
438.9770 968.0713
225.2804 1546.4872
-667.3062 4154.3641
03.9988 2629.3256
319.5887 4575.4238
208.8765 3895.2426
-243.0095 3415.9677
339.2980 1767.4633
-782.5328 2959.3244
-98.6345 4067.7221
-205.4281 5468.1574
220.9522 3513.7382
