Fitness : Violation : Position : Miscellaneous
1.2715056351862982E-73 : 29.93677585082422 : [2.2732669440432343, -2.279793368990866, -3.187868222366446, 3.182432140402994, -3.192361430189457] : 0.0
4.578832349800165E-74 : 25.120848379677412 : [-2.2958265816829497, 2.2766756822833925, -3.1681550324278422, -3.19428511255607, 3.1925063767061603] : 0.0
6.151708581349828E-69 : 36.42249270682297 : [2.2285571680279874, 2.2894457212376027, 3.1931137687391935, 3.119687462490038, -3.0902279858257984] : 0.0
5.391626521501829E-76 : 38.39457537856965 : [2.2998487485071717, 2.299928495918592, 3.1999683630407554, -3.1999461992125737, 3.199821197643547] : 0.0
5.074258688708161E-72 : 25.04129445673179 : [-2.2414260368313847, 2.2947528564905455, -3.183367980388228, 3.1543165785491754, -3.1784840653043007] : 0.0
7.881809215268411E-76 : 25.33459084072267 : [-2.299587498534976, 2.299943972946707, -3.199156593311446, -3.197012591024407, 3.196892967552553] : 0.0
2.656034112601127E-71 : 29.248750261554026 : [2.2631090527423257, -2.290766901905563, -3.149262341704942, 3.143393135640599, -3.166484521633771] : 0.0
2.5817928049287152E-74 : 18.590240651585948 : [2.2902632826028437, 2.2747314687964346, -3.190319744910879, -3.1947039171596314, -3.1911173856638335] : 0.0
6.438001324845385E-75 : 10.779798829635252 : [2.299051701361827, -2.282667564991532, 3.197739231963924, 3.1998638772325365, 3.1812838162034143] : 0.0
3.7797842044288967E-72 : 24.49004056798451 : [-2.296915452601797, 2.261302110366458, -3.179386001083159, -3.1181725602803194, 3.193772200527662] : 0.0
2.84350419968313E-74 : 10.299687583481044 : [-2.288643975162187, -2.294193747120157, -3.1688526310133946, -3.1855997744993596, -3.1950232605883864] : 0.0
1.8889845382591908E-73 : 37.895298888046526 : [2.2827003888963944, 2.2896891365169667, 3.1497831426103753, 3.1933167349936205, -3.185253452341553] : 0.0
2.2599575916213946E-73 : 25.266138588017387 : [-2.265703591367715, 2.290316226209403, -3.166413822947473, -3.185825657691789, 3.195498176943217] : 0.0
2.5903143437906047E-72 : 24.30607420713783 : [-2.2938946578917125, 2.297895188583316, -3.198828410832764, 3.129492170964964, -3.1237711769382517] : 0.0
3.09468592186019E-72 : 10.437045469669881 : [2.2609877879284923, -2.2752960895005936, 3.1779162569318027, -3.1847372923386317, -3.1624707910823053] : 0.0
4.952396921528937E-71 : 10.073507854305376 : [-2.2896551038014223, -2.241171099249491, -3.1913228446524426, -3.1498658260735444, -3.1383051080757776] : 0.0
1.3814947708025922E-73 : 10.438796883687672 : [2.267671823177511, -2.297717926864059, 3.1578749434387454, 3.1948269274839, 3.1914172925804007] : 0.0
1.117671050003962E-70 : 24.91693317752897 : [-2.2174108651084063, 2.2885796261983624, -3.190724989563561, -3.133336417755607, 3.174718892739625] : 0.0
5.2277588793344243E-70 : 24.61859839120633 : [-2.2142884351075924, -2.245276362722433, 3.163193927309299, 3.198301352480036, -3.1716476271094534] : 0.0
5.208589389208258E-72 : 10.520023165680286 : [2.2715609982475238, -2.2654548117039957, 3.1874155373274227, 3.1493455845929006, 3.177346297456344] : 0.0
2.399994722334899E-71 : 10.058759435762544 : [-2.2918685815568876, -2.2730988855836674, -3.1814939520096104, 3.0752951512967117, 3.1901871628880247] : 0.0
3.727031494585925E-74 : 37.915640208601424 : [2.2945652204716773, 2.29879795992575, 3.1811147936436184, -3.150537522605794, 3.198276064094623] : 0.0
1.571083776703592E-72 : 24.786553147312045 : [-2.286859257300714, 2.2609554142655, -3.174120239876199, 3.1500387753274874, -3.198102741952042] : 0.0
5.3414106305593774E-71 : 24.012827477399412 : [-2.284492250671364, -2.263707966548196, 3.18608044533989, -3.0772809865980566, 3.1912891078972097] : 0.0
8.081901267132841E-72 : 10.387682041623975 : [-2.284920592078927, 2.275321131665663, 3.140621763113648, 3.172116027531417, 3.1605370125592023] : 0.0
3.02671196739083E-71 : 24.299539656559556 : [-2.2802712374470007, -2.2427098999226347, 3.191554690691548, 3.170316845887162, -3.138032543049925] : 0.0
1.8021663593209728E-75 : 10.390628517075063 : [-2.299998315855604, -2.295743011168241, -3.196954688295617, 3.1968822519149827, 3.1891820132025113] : 0.0
7.740912427739352E-73 : 18.413032297808368 : [2.281017438523593, 2.273322895599388, -3.179473522261524, -3.1662026000248487, -3.1807886525782267] : 0.0
1.721590682921537E-69 : 10.652605822259495 : [-2.2234768855902645, 2.2957741729791286, 3.0636305536379353, -3.1680240532960258, -3.195881117287188] : 0.0
1.3281741596094522E-71 : 10.393475104645944 : [2.2613032018582357, -2.2731018664678406, 3.1717098797606047, -3.1832362570493875, -3.1447015082327905] : 0.0
