Fitness : Violation : Position : Miscellaneous
-32217.43103709998 : 0.5132958001830316 : [78.00000000000017, 44.43430865420991, 27.0, 36.04672059521975, 27.000000000000206] : 0.0
-32217.431037099857 : 0.5190899360824694 : [78.00000000000153, 44.618142484289855, 27.000000000000142, 33.61056480467086, 27.000000000000192] : 0.0
-32217.43103709997 : 0.4837860256768292 : [78.00000000000003, 40.14745653566555, 27.00000000000002, 33.49012208422295, 27.000000000000398] : 0.0
-32217.43103709996 : 0.5002507197246668 : [78.0000000000002, 42.29189695485148, 27.00000000000001, 31.573003457280457, 27.000000000000444] : 0.0
-32217.431037099992 : 0.4417987711974381 : [78.00000000000006, 41.72808164530283, 27.00000000000001, 41.084661202823476, 27.00000000000009] : 0.0
-32217.431037099952 : 0.5272029650778448 : [78.00000000000017, 38.36794994921076, 27.00000000000012, 28.434733687167103, 27.000000000000096] : 0.0
-32217.43103709997 : 0.5225878122248258 : [78.00000000000017, 33.55511245355362, 27.000000000000043, 28.972113578649246, 27.000000000000185] : 0.0
-32217.431037099937 : 0.5356372199354631 : [78.00000000000034, 39.913250515740394, 27.000000000000043, 27.452664597699005, 27.000000000000526] : 0.0
-32217.43103709998 : 0.5250824753881531 : [78.00000000000023, 37.000532346582375, 27.000000000000007, 28.681639598114856, 27.000000000000107] : 0.0
-32217.431037099966 : 0.48993426118812344 : [78.00000000000034, 39.19553037493058, 27.00000000000003, 32.77423287381458, 27.000000000000092] : 0.0
-32217.431037099916 : 0.47478291128381106 : [78.00000000000094, 37.79169892393088, 27.000000000000092, 34.53842812946104, 27.00000000000009] : 0.0
-32217.431037099945 : 0.4469224392816595 : [78.00000000000045, 41.98661194889593, 27.000000000000092, 44.415643256968906, 27.000000000000114] : 0.0
-32217.431037099974 : 0.4844291350929062 : [78.00000000000014, 37.887309326920864, 27.00000000000002, 33.4152396092048, 27.000000000000266] : 0.0
-32217.431037099992 : 0.4385738030756876 : [78.00000000000009, 38.36573921284685, 27.00000000000002, 38.754549948007735, 27.0] : 0.0
-32217.431037099952 : 0.4900283831167738 : [78.00000000000006, 39.239171919543104, 27.00000000000004, 32.76327348992851, 27.000000000000572] : 0.0
-32217.431037099956 : 0.49687884416860345 : [78.00000000000037, 42.886784833359755, 27.000000000000007, 31.965618431933503, 27.00000000000038] : 0.0
-32217.431037099985 : 0.4103160051004349 : [78.00000000000009, 39.5150978051673, 27.000000000000014, 42.0448358590199, 27.000000000000142] : 0.0
-32217.431037099974 : 0.4704193336898494 : [78.00000000000023, 33.33563272530924, 27.00000000000004, 35.04651506148666, 27.000000000000046] : 0.0
-32217.431037099985 : 0.4752877150254964 : [78.00000000000003, 37.999207276103874, 27.000000000000036, 34.479649712242505, 27.000000000000085] : 0.0
-32217.431037099905 : 0.4722256654782638 : [78.00000000000041, 36.5107533935518, 27.00000000000007, 34.83618911750119, 27.000000000000824] : 0.0
-32217.431037099916 : 0.43080886165721743 : [78.00000000000027, 38.27542765149048, 27.000000000000163, 39.65868541430804, 27.00000000000039] : 0.0
-32217.431037099977 : 0.49982749699333456 : [78.00000000000037, 33.88667609547035, 27.0, 31.622282732026754, 27.000000000000064] : 0.0
-32217.43103709993 : 0.484105688440667 : [78.00000000000092, 33.766419965268526, 27.000000000000007, 33.45290114120905, 27.000000000000256] : 0.0
-32217.431037099966 : 0.41124003662157627 : [78.0, 37.20681170248398, 27.000000000000085, 41.93724333188741, 27.000000000000192] : 0.0
-32217.43103709996 : 0.4491791660462899 : [78.00000000000033, 37.13232187399085, 27.000000000000014, 37.519681031684904, 27.000000000000302] : 0.0
-32217.431037099974 : 0.4761257404625236 : [78.00000000000006, 40.91232483085708, 27.000000000000078, 34.38207157501674, 27.00000000000009] : 0.0
-32217.431037099992 : 0.408064598600611 : [78.00000000000003, 37.90483761952984, 27.000000000000032, 42.30698548203111, 27.000000000000014] : 0.0
-32217.431037099966 : 0.5348189438402992 : [78.00000000000048, 34.63304538701834, 27.000000000000025, 27.547943157961523, 27.000000000000036] : 0.0
-32217.431037099952 : 0.4819721969733119 : [78.0, 38.404144148573515, 27.000000000000096, 33.70132095518211, 27.000000000000366] : 0.0
-32217.431037099966 : 0.46538017570249934 : [78.00000000000006, 34.48246192494824, 27.000000000000046, 35.6332653292765, 27.00000000000029] : 0.0
