Fitness : Violation : Position : Miscellaneous
-40.86474837350801 : 1.5916126294411093E7 : [-41.76348115317854, -45.524884414231465, -46.73943170576661, -49.00143823041875, -47.515403866098474, -36.11245433072564, -43.448143313223355, -45.63438171281172, -47.35211732016731, -36.1163569530012, -45.22538217288219, -46.963361711245, -43.655270462921436, -36.37012820794181, -43.17710793342145, -45.25227571085875, -48.491165733983756, -44.58080404833496, -49.99452314600733, -45.39424486734384, -44.18241890136485, -49.08090375472017, -41.729444727515514, -49.97520677746101, -34.924746367943314, -48.50440439015321, -50.0, -45.560008969859034, -41.83529849434558, -45.62232337442631] : 0.0
-40.86474837350801 : 1.5494927913201137E7 : [-46.300574949620724, -38.21302148916088, -49.05587980100435, -48.87212338842918, -42.15655699735828, -41.91872705473526, -43.46855464956475, -43.50017938521573, -45.525227942927756, -43.02950608485146, -48.391026455765385, -47.44199338898809, -45.47547435343773, -48.72603766701026, -43.189525226154814, -47.40993123265992, -46.912236709925644, -34.97803395702824, -49.84251937688184, -44.662553962313694, -47.17084201698592, -46.72327354003965, -38.36323155962934, -49.89510444463021, -43.19236031767191, -47.621717151450795, -50.0, -40.53309134630725, -44.092005052877234, -47.61838511137893] : 0.0
-40.86474837350801 : 1.5840111668661488E7 : [-46.63158862021304, -41.31591761276441, -46.261455702715935, -48.58979169005853, -47.745318919450284, -44.18825661304034, -47.400992410650645, -38.3217854293397, -47.764739228625075, -39.32452719182978, -39.987695961430575, -45.976189848689, -43.49318599832966, -39.52228000187407, -39.777676735796405, -47.031672505541735, -48.514115988509104, -38.53300234145599, -49.983627227082025, -47.55338835336333, -40.777078710952566, -48.756291888972015, -46.92399091491649, -49.88590134159252, -34.463660451302246, -48.93139620901486, -50.0, -42.38282962464879, -44.093683164113195, -44.34571073480316] : 0.0
-40.86474837350801 : 1.6483135625706546E7 : [-44.13597404072687, -39.91193139668493, -44.99852055252352, -48.481991426415604, -49.241841323600966, -44.55482910047984, -40.17456373410069, -39.133096081873745, -46.95304132708074, -41.88435920619414, -43.75336788457419, -47.91012613943848, -47.15848488586558, -45.57418723537924, -40.35449146577929, -43.754480414886665, -44.97328017131032, -40.54713013144884, -49.85149864540374, -46.042708862157085, -46.34141963821676, -47.99971204519581, -48.91863394142001, -49.91009073060718, -38.11981330991884, -47.79016342500925, -50.0, -46.455201223459525, -40.30600814586192, -47.3143279964448] : 0.0
-40.86474837350801 : 1.6635707053134868E7 : [-40.92325206422419, -38.12729293969201, -48.83225017194357, -48.217095963811374, -45.674494045348034, -45.08966600868338, -48.11701090783788, -38.81039228163312, -45.45790934373925, -38.45342995195345, -46.84336927377014, -46.75511975039671, -40.62196272098397, -43.51648026797163, -43.620806078331846, -47.00381898590187, -44.86531528984481, -42.00532246155527, -49.87523821589564, -46.04020369675267, -47.69449852124099, -48.95456035284747, -35.72563217926544, -49.89527184049595, -43.680701268793364, -48.436790057017646, -50.0, -44.126685808569164, -44.705991363806184, -48.14657108347066] : 0.0
-40.86474837350801 : 1.3837998676833581E7 : [-41.95871424321335, -49.19538168941971, -46.560897156600305, -47.152980919835265, -43.80419548192364, -44.25344180832778, -48.81211130106999, -48.314436735892706, -45.087372227469224, -47.30027726829147, -41.745894710470054, -44.189683109528694, -49.3599103525011, -35.78617669398254, -46.13819552500476, -48.43721466028383, -44.11863776602135, -35.621604738826775, -49.965958402756385, -49.6865027624304, -40.46856732302491, -47.152425147330796, -33.857985236643074, -49.97025326369692, -37.08451054000099, -49.550014705346655, -50.0, -42.83389084347658, -41.09144196115229, -43.55619372373131] : 0.0
-40.86474837350801 : 1.4906354564479271E7 : [-47.10357085975042, -43.630781344570224, -49.80604307447372, -46.72283140181828, -47.680599052239856, -36.13616147372776, -34.97115799044231, -43.82619891250758, -48.82078644362951, -35.434147205181155, -48.10018418836995, -42.673690186490035, -47.75672501047722, -42.304732824329676, -46.997218665155856, -45.342253921569565, -48.94708828197933, -40.667814370236115, -49.956232748852955, -48.54330170919395, -46.558250390860465, -48.33605232971544, -35.825065484707146, -49.85890172430834, -34.39929680485437, -48.74714649975293, -50.0, -46.49193743426129, -36.363950785086494, -47.829858676581026] : 0.0
-40.86474837350801 : 1.7328610875333987E7 : [-43.7265975255852, -38.899151863803226, -46.74620339179772, -48.28884971764303, -47.45002880074516, -36.64096587593586, -36.09147588657261, -40.01918057078703, -46.38842411658621, -44.42521612494408, -47.117882804201834, -44.48245593884082, -49.45013202684633, -42.06976731152004, -41.70813049700939, -47.95775101043496, -48.25282935063427, -46.241230807616816, -49.846163403185614, -45.16441083170538, -45.558993770756445, -49.022758829197045, -42.519750039666285, -49.91377673768501, -34.80773253113587, -49.565095792328364, -50.0, -45.60886078932491, -46.09195401301797, -48.47087103535827] : 0.0
-40.86474837350801 : 1.5549252473723771E7 : [-40.65414725820787, -45.34734595626414, -44.59234069242647, -47.031072511926894, -47.87722606801873, -38.5203042285128, -46.077397331154714, -33.39097463582037, -46.77821747543548, -43.64571101294484, -41.76069223957887, -45.975009637693404, -44.68570687464501, -38.18209489303486, -46.53809042704012, -46.26493538196727, -47.00482572441872, -47.44426254646315, -49.86616157156683, -45.64430640448967, -41.84407076712921, -49.19506517565371, -39.783953833487786, -49.96868453929386, -35.57047748284921, -48.618576844827444, -50.0, -40.4033310893156, -43.12679842647002, -46.13762132585107] : 0.0
-40.86474837350801 : 1.652369725183694E7 : [-47.771368560533496, -35.76064488635758, -49.59640610815726, -47.055131276057, -43.78798174668394, -43.30168015638888, -40.72256908301458, -41.63626478904561, -45.94808839673384, -37.92025958880213, -42.552532113536, -44.35797854447421, -42.888313868905385, -42.89830938111642, -44.39864408430013, -44.00258457084917, -48.18955431583318, -34.764446993174296, -49.87674728782025, -45.40708705575143, -47.13397467197342, -46.533100145505124, -37.09768968062332, -49.954096554476024, -40.602002832293635, -48.6683631984902, -50.0, -47.90077225575341, -49.02792976129949, -45.26112670349852] : 0.0
-40.86474837350801 : 1.4755418822149986E7 : [-45.77753677372728, -37.32413347741849, -42.576802282846415, -49.21520246029132, -45.30714526581802, -36.627944834189904, -38.73420341410627, -48.47650250009918, -48.8358297707378, -45.21617499532195, -41.62627700325233, -45.08197827728934, -47.97622685879932, -36.07502757901667, -41.16742794515073, -48.48201870473145, -48.32234366575465, -38.12518119058417, -49.84236320478903, -45.77809225461919, -45.701830279975105, -48.97702689325138, -37.842599725285325, -49.97538652674159, -32.80335571183467, -48.0907540921028, -50.0, -49.19701860176757, -34.42396758787137, -42.37700286394116] : 0.0
-40.86474837350801 : 1.75015005013908E7 : [-45.394889498343716, -40.70745800179559, -47.19337338256631, -48.1089890883811, -44.62831767998607, -46.11291175796387, -32.470985667046364, -42.747183885973, -49.64149398467922, -40.629462674551135, -48.92108543352342, -43.142227448988706, -45.9563628391713, -39.702633813063464, -43.771225242434454, -48.47322602757289, -44.01158461428237, -36.34060001606805, -49.90548501868178, -45.22326414858438, -39.958112294457514, -47.915687243959844, -48.718180666078275, -49.86121541654105, -45.327072874112105, -48.95977047333274, -50.0, -43.99241034062713, -48.08292162658458, -42.83344997340684] : 0.0
-40.86474837350801 : 1.6551591148211988E7 : [-41.641718003008634, -41.46138459906865, -49.685965933800276, -46.96917620931113, -44.903689407471695, -39.83703186674307, -48.400637093381015, -45.1244285483197, -48.51832496114075, -40.52186734673981, -44.560807483544664, -43.97421591712178, -44.65975361692279, -45.57700098006285, -42.69599511001057, -44.184592330697114, -47.225455638027285, -43.01391415493288, -49.86737907832227, -48.539770545811294, -46.370907065621154, -47.0351953255824, -35.58628970904107, -49.9757915434144, -44.91325100114274, -49.8273952812372, -50.0, -43.88278291506763, -42.680784598739784, -44.60887965519846] : 0.0
-40.86474837350801 : 1.6011786942194434E7 : [-41.755463219600976, -48.954374974716245, -44.329349613640574, -47.90161661462231, -44.819456004245765, -45.342158820616305, -39.00783267616752, -44.82715705328288, -48.01033610260494, -45.62737028505296, -43.43867191623001, -43.65640759024241, -45.334521484988784, -34.05683923500887, -47.975838190264, -45.25722899222344, -43.441270242580046, -40.989783135995815, -49.86853138088799, -48.748068594451965, -45.14032367736098, -48.363157461999805, -45.440366728363465, -49.96283793604145, -35.8956334113427, -49.15731899942236, -50.0, -43.33879227440304, -43.50748847397675, -43.27951113297307] : 0.0
-40.86474837350801 : 1.542836932437191E7 : [-41.82007690699296, -36.783952055063644, -46.873706870708816, -48.74205213970406, -42.007280059424836, -38.007148655520666, -44.15242933381824, -40.198735213507, -49.829100867545186, -49.1797688108436, -45.36615735106392, -45.37961960893041, -46.14514079189301, -47.32021116417529, -40.98169881998469, -47.617932413226654, -47.94895297756023, -47.05626147336986, -49.81386711626554, -44.805296171711746, -41.350718424772914, -46.25962792024114, -39.70660096127269, -49.89906947653196, -32.90713711494137, -48.54016441082062, -50.0, -44.90415285810282, -42.56406400229099, -42.80515945523564] : 0.0
-40.86474837350801 : 1.9425968752270754E7 : [-47.47594426895061, -45.05518562320475, -48.209239331333826, -48.761121544768585, -44.417263953848014, -44.88874589698332, -39.92691169275237, -45.534855621827774, -48.1780783348232, -45.577843297407156, -39.91034932836727, -45.35661966085365, -46.095135965177235, -39.10625013676366, -43.703095620097095, -46.53982736223538, -45.5982161197689, -43.88646276678824, -49.80306273831639, -44.99975102805763, -49.53624154699961, -49.951520483046295, -49.266896119098874, -49.98906413755333, -48.92917061706361, -49.12941023269139, -50.0, -49.29078533536922, -34.780621972696196, -47.96400634768607] : 0.0
-40.86474837350801 : 1.4306571088171655E7 : [-45.93286030678367, -49.10526506175336, -46.34363324555641, -46.77535503804452, -49.813950312813745, -36.49213749734655, -43.47974384707656, -39.17839059989301, -47.26807501897814, -44.163783556640745, -46.81980545862819, -42.8407651768949, -43.778291409196946, -44.04160411867123, -44.22213400692071, -45.013764324616744, -46.332447527330956, -40.910040051700705, -49.80899645250736, -47.732870589731306, -37.10142733241759, -48.09072995033535, -39.46815996542879, -49.96876733335846, -40.498816705614516, -48.718288224782924, -50.0, -46.1016946089372, -35.09872047660786, -45.78075451653794] : 0.0
-40.86474837350801 : 1.5973390687122518E7 : [-43.94468174353807, -48.58890299868677, -45.023154878236625, -46.97041628980071, -49.923326865593026, -42.968445171933325, -35.22103616921601, -43.70361369586708, -45.43630513681366, -47.70738309218617, -43.9438531092221, -44.006738589322055, -43.85136734049989, -46.05544539829184, -47.936013791551254, -47.537428158686076, -45.647180093935006, -38.82893512011222, -49.81285280459717, -48.247127059419526, -46.11406403196015, -48.243091387396724, -35.32236486308901, -49.93631089018895, -34.60889755611777, -48.64732310007624, -50.0, -43.12564318848118, -49.760637786374176, -42.24510489505792] : 0.0
-40.86474837350801 : 1.519752945765367E7 : [-45.9414723753983, -36.08726492650976, -49.6496700268887, -49.14439944577434, -44.91003145224619, -34.22100873647834, -47.87918598913738, -39.66525276599515, -45.380602387559094, -42.47266099083039, -46.166585762599404, -43.20747026610735, -47.38441218389654, -44.82066076357284, -44.23269291864662, -42.54146954712674, -47.491303562399466, -36.334128273772166, -49.879317693286524, -45.51888627510722, -45.33845586561431, -46.35727465069856, -41.25238251002034, -49.89795399585144, -34.38231228461938, -49.408638211403144, -50.0, -43.4587512226754, -47.22396601144453, -47.03159105360379] : 0.0
-40.86474837350801 : 1.82758877006008E7 : [-44.296865458177855, -37.88518541230098, -46.87239816374846, -49.86937771634473, -41.57218550605288, -45.313478456429415, -45.81955492443859, -34.70681275096736, -44.11810104442134, -40.28154238134564, -42.688641596078895, -44.45271791232602, -44.302811376286, -41.05088425926667, -41.9214299132403, -47.49573867547235, -46.72229900416208, -40.76351906474146, -49.910391983108724, -47.51440712502501, -45.71421147248549, -45.72584944748346, -41.03160807119277, -49.89124313887298, -49.90790443679542, -49.31623931239453, -50.0, -44.93560550025206, -46.02908721398548, -43.5638010347247] : 0.0
-40.86474837350801 : 1.4576211942767898E7 : [-43.07284345702779, -46.8988673137997, -47.990059437388354, -48.227883364125105, -43.1212659466295, -36.87504441651466, -38.21618793372811, -36.07962600132234, -45.545271407658255, -38.07234498250762, -46.635145978438956, -46.021125904458415, -43.60595329981607, -46.37850057886436, -47.47304880920946, -47.98519621567424, -43.59702356535955, -36.90674655478362, -49.85182492656236, -47.439928705507015, -39.045097486663465, -48.13788398417389, -36.45949695280958, -49.88832290333781, -48.45591044187497, -49.31745067243096, -50.0, -40.17908768029237, -34.82254351958242, -48.06438956030731] : 0.0
-40.86474837350801 : 1.5863368598744243E7 : [-42.8923999666094, -44.49914038302692, -49.13469378673668, -49.804691787949665, -48.47421220989003, -40.14826003457946, -49.35813016558528, -41.77810157899429, -49.84667304180378, -47.34208763355767, -49.631217883939904, -42.93926956603732, -42.2404886555333, -42.76278650540212, -45.675994534385914, -48.281430049403156, -47.10773259859771, -37.760618790913924, -49.83434014239584, -48.83458883056869, -42.42767069089708, -48.38269575574589, -46.65420114915846, -49.87080877450717, -43.97266699410559, -48.4987683039184, -50.0, -41.421928153983714, -33.63452111981128, -46.851887447731244] : 0.0
-40.86474837350801 : 1.739650331592665E7 : [-46.39749306409411, -44.42637169028269, -49.244735442008434, -48.16743260884305, -48.09822227389233, -41.93290493462369, -42.864807168183475, -43.52059077882637, -46.59952425993308, -38.07756568430992, -45.795803551318535, -49.49039997596475, -44.299704606730614, -43.760478841295935, -48.92026486788588, -46.419211332330995, -48.39580342909168, -41.57423602460091, -49.81486492848309, -45.3100550062414, -41.10582392717266, -47.25876545333339, -35.975300258701154, -49.91695834705314, -46.17001062434864, -49.17467466988661, -50.0, -49.15377411933542, -47.99288683934192, -43.085726604876925] : 0.0
-40.86474837350801 : 1.5631251062638344E7 : [-40.85065296047655, -49.70402634460648, -47.52051814299677, -49.068572480910575, -46.13113844729668, -43.18052114365844, -38.48742454573785, -45.97410831069144, -46.42708917447304, -45.50177977572902, -46.027444090638085, -45.262976524843566, -44.24782262293658, -46.77627373816483, -45.99150052424774, -43.58995068747009, -45.41437130528111, -42.19957159114777, -49.85865534885774, -45.63100051131492, -43.35440115841129, -48.39102436076914, -44.94803155947394, -49.925542659090965, -41.708245476577815, -48.44052167948674, -50.0, -43.48798541833161, -38.625308025259365, -46.90435373702064] : 0.0
-40.86474837350801 : 1.5528790553940779E7 : [-46.39593226900408, -43.33744850432366, -46.98756832839295, -48.31012854238834, -49.45745495048823, -32.15662476194824, -43.307863881909235, -40.8279027158444, -46.572994549791304, -40.85538115475338, -47.66385694691037, -42.76232007187612, -43.45743126009515, -37.43994740002153, -44.537192143225745, -46.600852847860054, -48.34497027241155, -36.20623245500683, -49.78949197573396, -45.799778752036715, -47.053121755904016, -48.245699527682994, -38.55578261067474, -49.89598050295584, -44.25541557232745, -47.288456644994135, -50.0, -45.999482163554546, -35.313394086492906, -42.937659739358956] : 0.0
-40.86474837350801 : 1.7660442738865368E7 : [-42.3408780226092, -37.85050661137612, -48.819108215065015, -48.094197035760494, -41.284896874151585, -37.83839030960906, -44.512147953036674, -38.76915959017662, -48.64432037798264, -46.19459205933729, -40.15971896226779, -43.92580023830739, -41.17662065027551, -41.80327259854546, -48.96798379217456, -47.61897448328769, -45.63436139196279, -38.58620313445777, -49.84991903549065, -49.844803851289136, -46.19991747661065, -47.70405782700343, -46.061164416210374, -49.97520936332613, -42.76447765914907, -49.44834303495766, -50.0, -45.35266678191755, -44.56281718251355, -43.45360143094952] : 0.0
-40.86474837350801 : 1.5261360101974912E7 : [-43.90570327091194, -46.21600594437201, -42.970836885306255, -49.72343666270564, -44.87535862721782, -46.88023670389785, -45.38362996837373, -37.780775711241986, -47.16516641918742, -44.63569742319254, -42.98824959476244, -49.78714847476177, -43.28455225577881, -38.240166491975636, -43.889150216217985, -43.526479151428866, -45.207533432781425, -37.689805642010754, -49.90873017433694, -47.78518429571431, -44.18154455928069, -46.81401617738345, -40.296126283057745, -49.99186982290398, -37.51539900329381, -49.28956902508472, -50.0, -42.443350342653076, -46.70773705387995, -47.87420799622396] : 0.0
-40.86474837350801 : 1.915350608745044E7 : [-44.438411531873655, -46.49213207362512, -43.28895485570298, -49.73539694475194, -47.49090893206141, -33.72016414245999, -34.94950922768935, -43.97363167248564, -46.55990085808123, -36.96262884375218, -48.03952698300428, -44.37102092334992, -42.65559554780307, -33.23761909827904, -45.50317104671501, -47.84238913757648, -44.48866559511994, -44.68744929369713, -49.91166233912171, -47.35463455942968, -48.50654439675697, -46.85975081888347, -42.181818638344396, -49.948419755067775, -47.03496177590306, -48.09586318337779, -50.0, -47.522365261249846, -47.59694963426677, -48.17071421790551] : 0.0
-40.86474837350801 : 1.6729687723321585E7 : [-47.617560271796165, -47.397190880733746, -48.70730258192943, -49.32020018293241, -44.06194030292995, -40.12274134858105, -35.876546279966625, -39.899986689062544, -46.500616408966515, -47.49977324337084, -47.23351509611274, -43.52600429935573, -44.94688828336886, -46.25247613652063, -43.74864616887001, -43.897341470856475, -45.68096646257949, -46.79786755532143, -49.77758682406675, -47.70108840555767, -46.487391406951886, -47.28602090344353, -38.52304055214744, -49.9542145511907, -39.93527361785834, -47.43500436697366, -50.0, -46.36353272979872, -44.27513475501688, -45.99605165654565] : 0.0
-40.86474837350801 : 1.6943007063368876E7 : [-40.850412276555716, -46.565869734010235, -47.60977011275984, -48.29055946646523, -46.909950610763886, -37.38979818061406, -37.03410646317642, -44.527825789699136, -47.64896606218879, -45.7438000798883, -41.74610893961364, -47.49676046149359, -44.33527520517835, -43.48354617879272, -43.53582308440442, -42.65789346230122, -46.331587142669136, -45.02061726465014, -49.83409605004306, -48.13628305603331, -47.75258603366976, -47.045071712205164, -46.58571022641847, -49.89131330966617, -34.34215729010268, -49.05466689537795, -50.0, -45.38842833490074, -43.134255478261984, -45.04248091820007] : 0.0
