Fitness : Violation : Position : Miscellaneous
3.4345102609974052E10 : 2.1118557956372066 : [13.643316362119549, -163.19773242971775, -20.933521921900578, -111.08556123765386, -68.23531886834607, 12.093756152832903, -21.61983787323578, -96.51115544481499, 28.665936733009396, -435.88720718272685] : 0.0
2.2794810826132256E10 : 0.0 : [0.03903959535107049, -42.57619686216438, -24.698032785500118, -36.89642101128949, -95.54904492104953, 49.53615881433973, -8.11235744170429, -119.90452622329742, -102.71052349658765, -23.169260924594653] : 0.0
5.581271110912697E9 : 1.4912494313475193 : [26.547561713460894, 23.284069903538523, -7.386289609419862, 7.509635734957612, -92.59556327043349, -34.93015265881431, -51.657531317094595, -16.082631985603825, -47.410317101872096, -72.75737466485499] : 0.0
3.2406857860119553E10 : 0.0 : [-125.11890191997512, 22.405911582135367, -49.309253265817134, -87.76036357387028, -4.980251752012226, -158.54732559387003, 29.64204498575944, 61.52313022014849, -11.527727360509793, 258.54882615624103] : 0.0
3.1895949123565033E10 : 12.323600300339791 : [-138.42835748548126, -143.71292531532083, -61.14728769000173, -94.03337044799441, -53.670378196666775, -55.711520991282725, -90.0630498505609, -88.40488006440333, -46.75172686704608, -728.9323362326152] : 0.0
3.2553810583619743E10 : 0.0 : [15.714122188230725, 64.35275787327564, 30.99085670169135, -0.9721486207289587, 63.3931805472365, -135.18757504144403, 3.696096772104653, -4.2247087129536, -1.736968772526268, 21.016274056282544] : 0.0
1.8753918203455236E9 : 0.0 : [-27.122049051583545, -61.18641252146048, -5.76062343957166, -87.3360834643205, -45.84179461642822, -51.22767409261524, 44.09586857408553, -14.243014288787023, -8.033386682024094, 74.99217638943261] : 0.0
2.8521036623877262E10 : 0.6969459901234174 : [-97.16527676722896, -4.823603765301186, 11.995285496594164, 65.36816325099402, 26.62738741032379, -125.48246009002561, -14.24486710190962, 69.72568151717542, 9.164440231288978, 72.20072977644989] : 0.0
3.341076203611217E10 : 0.0 : [-71.17699883979428, 90.59473025614899, -16.909580164399387, -21.9979663958881, 22.7204526593772, -19.712650149947223, 58.51405024065505, 33.47889224501337, -29.825432103582088, -224.45464820792404] : 0.0
4.397895359416981E10 : 0.0 : [-86.13597197651845, 11.862641870376422, -135.88147886431668, -38.0006458602885, -135.40008854573506, 23.214630977930625, -125.77003551733526, -96.82108969546533, -69.21244785782724, -723.7349991850892] : 0.0
1.486096592390261E10 : 0.0 : [-108.59126622718084, -104.27737940220956, -19.202671419156403, 20.121440422202156, -48.923373396946744, -40.045895651802184, 77.43552113275308, -28.669475948451208, 19.275254260262955, -32.18536082730341] : 0.0
7.24457149825667E9 : 0.0 : [-90.11911235668032, -28.212619949544838, -107.91714624163983, -114.92758237193141, -29.835926304071094, -50.050719058198666, -37.77624103483106, -18.17172671628822, -110.60336294126053, -161.12157683655496] : 0.0
1.1237111253663938E9 : 0.0 : [-76.62831715671676, -43.02796012823745, -37.22356729007218, -2.4390101611921793, -61.08498548920191, -37.72462455195766, 12.414091315667065, -1.0341677340622795, -2.0386605387089816, -47.652827971157365] : 0.0
2.8614704057302296E10 : 0.0 : [-84.60388348079859, -15.79144252920085, -121.41785797225769, -141.93643914137448, -55.86842628925551, 70.38664930072946, -55.08264143319275, -0.7780229562827685, -44.76385179227873, -37.990817249019926] : 0.0
2.891974130651271E9 : 0.0 : [37.586400853677276, -15.852765580523297, -23.867096931272386, -71.31490456054742, -51.200827011380426, -79.9785735893094, -30.65024899442645, 0.19528065104276493, -55.3589306717401, -456.34182759306856] : 0.0
6.558577781958058E10 : 21.654980867335315 : [-69.27908479812095, -194.82145244387547, 45.35869923039235, -8.376945241644023, -40.44322604391522, -45.861904143034195, -73.46505242548785, 16.928110724583235, -12.169495246338045, -764.5222128738166] : 0.0
2.0926900515230293E10 : 0.0 : [-82.18543082999349, -29.096127490365333, -33.32963964479502, 58.99128030873487, -120.26257510583265, 21.980194060320315, -36.983293889770955, -8.52092743980836, 16.69834305038492, 528.3824588809107] : 0.0
3.7121944997941795E10 : 0.0 : [-72.67333315034998, -140.05724051182798, 34.572145337851026, -109.20201889997303, -63.92785942224222, 45.96424149813251, 60.515603999971574, -97.44069216685472, -137.9304517552951, 267.29969189204354] : 0.0
3.072729973441306E9 : 0.0 : [-87.21045219044609, -66.20047129480776, -104.89555366892782, 3.6047382265405474, -8.018562676648727, 5.7644349183436105, 0.0605640712921911, -35.14895077903448, -75.60627301063838, -32.64508960847684] : 0.0
8.946802988996418E9 : 0.0 : [-33.268258551026825, 29.1913700748552, -12.68967257432302, -68.90310546801096, 3.2289232518530753, -121.77713949723216, -66.33776535626711, -63.82633547208606, -75.87578555596794, -17.20280356879624] : 0.0
3.2966988370172634E10 : 0.0 : [-28.999050782002882, 71.42790916608217, -48.734047455624314, -22.166975632050594, 45.02739887961681, 39.93292097487597, -112.41584863764781, -29.85668680921593, -67.67590487502923, -118.00172494997818] : 0.0
2.1352777434501894E9 : 0.0 : [-48.81250740252644, -50.43957130984222, -28.041687509821287, -82.31680411762957, 29.800225439400336, -20.620261300199346, 36.46219633297808, -17.717340768635765, -76.23933830268146, -50.7939800753585] : 0.0
1.2985192017477633E10 : 0.0 : [-75.8400805493193, 7.004257759642229, -124.62227323572579, 50.21536774681728, -50.308324674174344, -27.860407685558926, -28.277176407328277, -65.32216807465659, -76.92143042903004, -120.18664043789684] : 0.0
1.8416888026742386E10 : 7.680782293766524 : [56.89357076600788, -36.088302539083315, 30.08056493697581, -7.377682459556752, -63.65938669773689, -30.116012745088426, 32.667156697447595, -14.978654771659762, -138.1007504661013, -51.138386143304444] : 0.0
3.2524790211682163E10 : 0.0 : [-27.286228547525823, -114.73190839114432, -108.86302635328451, -117.75698507810554, -80.09075430578234, 57.49919494917141, 15.532040278796984, -77.32982254888866, -152.37502647721266, 67.86655139179831] : 0.0
1.9998392570249386E10 : 0.0 : [-84.10128738984986, 18.44649357310383, -64.16385984236146, -94.57932206645849, 19.127956873608, 74.29372285200088, 18.03192845984188, -40.69097225820714, -33.580624134267026, 272.06463923154786] : 0.0
5.25763538988249E10 : 2.542514302263276 : [-76.54477591617987, 55.967011951173916, -36.043814959861436, -57.17498638565644, -110.1053040121492, 48.92706899262974, -91.27581696248154, -10.560100431915131, 86.19098835244166, -102.51406254676809] : 0.0
3.309795758584498E10 : 0.0 : [59.33795229969489, -144.1028594096625, -100.99775511649298, 9.993139302047865, -48.5312502215614, -94.36542535594111, -37.81937089915891, 66.82521613309912, -137.78299316902786, 92.76075807606091] : 0.0
8.4087251645094E9 : 0.0 : [-23.951110224562086, 8.367116065011913, -116.10739447000046, -38.11371176274553, 18.339887881153594, -82.01044119051323, 36.24922092596756, 35.841197041457725, 33.97111131662868, 69.77987585540808] : 0.0
3.48713870249844E10 : 0.0 : [19.639740212848594, 23.474529406717167, 31.299405460442088, -86.13056423985417, -38.09926120301829, 28.172235689572226, -48.28826854927285, -11.227992145154623, 83.92643001734578, 277.62744371876624] : 0.0
