Fitness : Violation : Position : Miscellaneous
9.371542540512927E13 : 34.42358207171552 : [533.065322778385, 92.26439646894042, -649.4514302354844, -256.19352877979685, -271.6676798835582, -478.09342015948005, -607.6362763102148, -541.5269777007799, 228.01842726312452, -416.2144719316659, -231.04118390263193, 117.9263393203438, 172.52164293450602, -227.3894709850548, -490.2903951324025, 559.3261291879775, -627.8420900892279, 380.036200746937, -298.82629819087595, -192.44900870310676, 243.88464731503797, 83.74031127295035, 452.01716080725384, -118.8614723957576, 115.54788278396404, -192.18638294491228, -333.7392428765878, 327.8643458614605, -325.9782679360196, 191.51789089077323] : 0.0
1.014544949816703E14 : 17.268618338309654 : [497.6469055379876, 293.6899484774625, -117.43335347283073, -702.7905298639237, -662.0392825865845, -112.87563185854708, 170.85432269860576, 261.5339633245084, -31.50256975906216, 311.98630286946263, -230.06303233700856, -253.66650089954794, -27.25097634975708, -536.0599366636106, 498.6793669373824, -136.95417082078143, -401.15875755508694, -524.608050950402, -379.01648162949647, -146.04099438736958, -160.6591212834848, -184.29161218941817, -503.3620870802004, -105.54408784595705, 105.03150502716593, 368.6755772107889, 634.4048087567216, -188.1782830915019, -209.14318573951263, 401.6751669365302] : 0.0
1.2535510250734388E14 : 1127.424479313661 : [-394.52358318057014, -189.54782688911808, -622.9700952883697, -104.48185620747421, -37.96013523847116, 483.6283213178145, 553.0372147435141, 349.55512890848473, 74.13673550585065, 510.9292942887693, -118.96106549927686, 514.1978679964151, 428.1983045699816, 603.4836261997441, 292.6454394649269, 547.184898674915, 78.9350587554379, 67.7978498802367, 407.910311102808, 527.3791642775456, -496.04155101399664, 444.17064273819057, -332.245288639411, 471.90467480815823, -402.56912693511686, -536.9042848243779, -83.41121770421938, 136.435255801359, 331.60071963721936, 490.01370231946447] : 0.0
7.87271706442617E13 : 52.01670916481703 : [73.48704947253219, 141.45664849489197, 245.31558754832892, 339.0021752249855, -702.1266653075854, -278.3648006962876, -468.3681716394271, 231.88252018130254, 496.01762072303745, -549.7480334282817, -249.65035991991795, -285.5040544258615, 109.7229294901376, -387.9623619346384, -222.39615805509538, -504.5671574619215, 291.17551939512106, -146.39818048759903, 397.9786550437664, -140.76368643760208, 131.8858292484919, -444.66600918424666, 173.81748795584068, -487.2391727449784, -479.3167251640616, -120.64016464824175, -529.6970923127777, 213.48647779331847, -467.99395545233114, 28.834100738950042] : 0.0
6.380583582689902E13 : 28.738519377996152 : [-48.07786433694773, 210.80108184494227, -367.7350066698451, 215.40947289473007, 193.2322609797721, -583.6720151784496, -30.68249967058182, -531.7895585732756, -213.92632744339187, 62.14584800526944, 332.4137813790259, -355.88799622367395, 267.3713222920966, 404.9656554924512, 382.0347645461934, 435.57380476544597, 62.9683516278304, -336.0828120713838, 350.1537074558762, 3.978374986299798, -16.78462585182922, -373.6637805012179, 509.0052209692442, 265.63722489625525, -614.1646407457515, -260.1899351488265, 164.67166782908544, -215.66325922239693, -364.11929626547897, -224.03914691113252] : 0.0
7.639749990125853E13 : 34.31944832108138 : [236.9306382628161, -173.40648972083576, -591.6003794674378, 138.26703847288542, 539.6703402256737, 290.32365904688686, 362.93453063182193, -423.75263631742826, -103.15167814970681, 270.2342702461724, -272.2942322394673, -291.2278187732323, -155.74048283378744, -514.186937929087, -114.373528530908, -232.4512803991504, 353.79182417107677, 61.79426733001225, -502.8441814435284, 154.280900748553, -339.25989199248966, 246.86152704960034, 119.10149335324316, 159.7155560755491, -170.15016267903246, 3.781064377616417, 715.2348163985334, 292.6302857464676, 201.1897207868386, 555.7456088044103] : 0.0
8.298304105859919E13 : 11.137065508777274 : [-20.59377869964112, 51.03885532204292, -154.69665282292448, -729.6186522817097, -24.532422488977147, 20.482899447519543, 319.3326722386371, -39.20403008183175, 74.6444968293448, -257.0089230626319, 240.7685503534641, 385.03853020366836, 42.03894335839291, 637.4030319802067, -432.81847178258613, -140.66763075634404, 420.9311612057505, -477.42221766074704, -341.6462253722262, -376.65686339973104, 196.33915869161382, -37.33868649898568, 303.6469393005531, 37.132352182092916, -68.79118100714344, 363.32164414552153, 463.95529184672336, -134.22284901083282, -590.9857737864272, -1.6232837295360696] : 0.0
8.947669391673528E13 : 1114.402970697182 : [420.0605829206007, 221.4760763709525, 23.707245212914017, -266.4299357611147, 59.81584264630226, -107.23183872329571, -527.3087895093324, 34.99377106225708, -404.0367059357965, -374.5618607765314, 244.13100178395382, 616.0095913660616, -152.7613178299531, -190.08926784412967, 230.3247797772475, -560.0031963148076, 402.8509552420454, -264.8045302044076, -365.7060937102099, -300.87958826536226, -666.7854524650925, 58.68899233298711, 213.99543725689207, -394.78222115535647, -280.7911511802183, -354.35760065757006, 397.01738383237995, 605.5249623415197, 166.59181180637916, -817.7903627945343] : 0.0
1.1274995673392553E14 : 38.69001433614054 : [-94.56667597348076, -382.8038429334282, 565.776056569755, -409.4116128200662, 111.83081825349939, 247.60295453068227, 295.9110673247629, 178.2916399971184, -474.6320720316427, -135.12862371058844, 287.38920948071694, -860.7084357511405, -196.53143388697617, 0.7185796041168828, 175.3164134131855, -217.19335783470433, -552.5655947661046, 247.88666951260842, 97.18284562773738, 507.8546696557069, -158.34954005332625, -342.55864040757535, -374.13395216342406, 539.4637256697905, -324.12583526929143, 493.13633844011633, 305.0813560538097, 471.14918911658305, 55.23953752099118, 417.8035008802549] : 0.0
1.2382706663812217E14 : 6.7796284854166515 : [-375.36069597246234, -336.4646020697754, -495.0793260598747, -97.88614199047538, -557.0672682742126, 518.5464907750877, 2.3003310239447927, 100.56828413205373, 684.0961929064488, -251.70206605343333, -189.0337517255723, 150.65978732483575, -316.4702548446604, 131.72753935627105, 172.05738646735426, 204.14178516625168, -870.0666851881656, 301.11186398926253, 256.11718386869245, 288.84468486562105, -149.16278493827633, -172.47707931334764, 394.9626776057026, 55.257837817484074, 166.12111763574194, -561.0670092054219, -83.83851852303934, 435.55571995839847, 268.8701543214013, -316.7002705602357] : 0.0
8.88644671133353E13 : 305.3751373833159 : [-751.1917426528704, -184.04397761766694, 573.3086489271805, -318.5654458424047, -158.66963337461314, -341.10155030463335, 14.78552054157933, 327.8629430838815, 202.15009137270152, 427.61006945421394, 478.18823888270884, 201.59417724175515, -249.85892560874515, 56.24889843162483, -202.9723871904545, -32.7778078757259, -481.03955224716105, 102.35596133258349, 273.87758735040825, -192.44076889154056, 395.8885623846199, -123.09357254615736, 116.48046546061346, 125.7989864921282, -103.4414628951584, 406.7791553789041, 176.95416258547544, 632.4953002045157, 192.94777785240947, 714.0996420301366] : 0.0
6.3458626383939875E13 : 83.78757711791484 : [-592.8735368115301, 503.5652778847535, -84.71020484656805, -68.82758016399418, 145.84460858859956, -260.48967477146346, 247.31365960797842, 289.71724129508135, 486.73184133463155, -383.63516561652744, -293.88897305550955, -121.84416879063716, 342.56732836562134, 18.992623776166823, -283.85427854064267, 502.9424412081244, -158.74641801816915, -94.3717298693889, -13.73281295476535, -257.5128078589506, -138.98000162928003, 224.77978687742282, 226.74478878305058, -185.38753289532485, 472.7340867816959, 159.81819627398676, 195.24226449718316, 533.547844499847, -478.08324029915934, 183.79504227810452] : 0.0
8.030791915159169E13 : 24.125716987459782 : [229.0148432887703, -73.88044702284691, -338.9081387159203, 20.48630775727179, -309.557818855592, 352.99885527650065, 277.3704596506725, 481.77729148382934, 485.21797438092585, 116.68589514076825, 516.3640765739899, -256.74196937933175, 361.31969017364986, 477.3785853426238, -292.801312956537, 313.21962699898904, 149.4704287880536, -77.16580123185574, -433.3063969115807, -328.74253064066363, -47.55281220456112, -418.2824497992066, -74.27407704189073, 401.0610362177428, 336.5358876361435, -265.46607519028953, 103.29113973711617, 2.9178505278353555, -751.6161627095659, -578.8691129930351] : 0.0
7.277830739702547E13 : 1289.8289766296364 : [261.0493289436437, -221.2980708523461, -430.6607651343887, 286.5840611411139, -100.81367077336381, -449.42751111975514, 407.31062966408, 87.37315188074427, 470.7262084271067, -401.16071764419985, 356.6355015071483, -28.347656762177422, 124.77119467019591, -427.24619641434026, 326.70681951541206, 195.68207109518852, -168.46652224147363, -133.61313706957856, -7.089510210854797, -574.9327468847093, -256.8343042434771, -7.729755733166144, 549.1002447567964, 158.7983850510152, 373.3487739798983, 534.7604695717955, -91.01593522084511, 563.8040101458647, -336.09498573899185, 59.82437301508361] : 0.0
1.0498699784804488E14 : 170.08096102527392 : [80.26114547498514, 265.48894013253243, -382.16165555604323, -336.83286358179356, -17.7910110484041, 520.5130582306268, -53.16061766508818, 583.7649478684102, 330.5310684478257, 601.4520470903853, 234.8303332401495, -21.374366410236757, -50.66988762192281, 394.24913667545457, -521.9656359261812, 321.30995558998677, 69.03338900181119, -259.9178147624977, 323.2145725612344, 556.4737775960612, -277.5505706612783, 535.2686918086181, -203.16798136535942, 442.25444958732385, -667.6858846366376, 69.15286397724617, 377.5373360511233, -79.29213430382333, -159.52898742425194, -165.73922592881388] : 0.0
8.79642814896356E13 : 34.80862390274433 : [274.2559336692484, -136.7487943385168, 211.69522046202243, 258.0658469256704, -186.3937517793358, -454.3691628258402, -785.1381938933996, -318.73055076574553, -398.28234972863396, -73.04721601427659, -544.3452411285966, 298.05209915622555, 668.3297079568105, -326.6633700052489, -53.501978989206066, -460.63698957243207, 463.47632196222975, 120.70056546746781, 67.30633653483505, 20.64285668155496, -102.02090356246728, 269.4339283569385, 172.5545957583139, -157.60328204988355, -30.36758084952993, -34.93767142306087, 417.3460530254263, -317.20769254483963, 155.64007360044488, -860.449911363727] : 0.0
1.1851762532667077E14 : 65.30230661276407 : [-118.34911332566185, 468.4379806701545, 382.7627572761878, -370.6714347511161, -244.75864995149038, 179.214897095374, -545.1782292787018, -481.17741274595716, 563.3971227176626, 166.38319454290155, -438.9329137381728, 687.212812269933, 62.720292764883055, 438.3626184013691, -28.242117737258724, 25.210519078862546, 299.4226624245351, 229.40934224882574, -432.43560210554296, -190.6779868010295, 367.84719548274995, 373.6674203193403, 371.33021214265824, 21.844361455265926, -466.0146804609726, -47.016147527198996, 237.53570294722343, -76.9111855147101, -732.6580703299262, 455.0079454522971] : 0.0
9.114495386576555E13 : 174.75269875973754 : [545.8771030162554, 6.357580491576513, -168.17708711591445, -25.695399731983734, 535.2251155690537, 369.90075877793277, 195.92552360016867, -29.155214064352208, 247.35574560255745, -479.5824247124814, 245.34452046074205, -95.72847441764254, -409.68388028745915, 521.345722445078, 546.5606251385011, -64.81826739135946, -204.68774798882342, -364.17745684993304, 199.4700178703108, 347.6850036263556, 357.63418072888413, -56.83603830374881, -714.2060178830939, 64.53015486322664, -397.0363820317912, 453.65593565986524, 257.6789636945949, -268.68909395857304, -330.0862598802941, -126.80637142749515] : 0.0
2.2570378449227453E13 : 183.50150249430604 : [140.14887651341888, -173.63395921074778, -155.17592919154055, 189.5547502891541, -428.4420460418354, -403.7457409699632, -129.84713698896047, 43.644500786569665, 183.19231869955186, 273.26283198525516, -161.33581398292563, -2.28374354103957, 193.0948395290336, 260.2202502723657, 308.58484156694465, 353.79590524876073, -554.6794305932306, 262.52088732600595, 76.77959524073253, -380.69104014837285, 171.03948350707847, -337.331319363243, 226.78837621259174, 169.2061080780475, -187.46960273859372, 53.137675835397886, 131.23620175573143, 70.61124627055405, 76.60704468171579, 363.6474444649262] : 0.0
1.3129477849107328E14 : 80.66287526102344 : [153.4242526955111, -204.134614150093, 240.3386813410575, 167.49995432567982, -330.1645677924423, 8.58919356300855, -114.56435058063147, 320.4816281013996, 174.77814528363558, 701.9954215257815, -310.05614498486614, -184.13310669655232, 256.6868356190206, 658.8986147883184, -553.3808794027393, 36.79907053418077, -73.05917419758248, 256.3730361064708, 523.9584519478517, 558.2921838259272, -276.22429889591524, -249.22830067787595, 335.80510532472283, -467.76484798191893, -160.5085083751672, -232.4278122215414, -9.286250558718791, -633.770351234691, -730.8665503431148, 484.73881192343174] : 0.0
9.861688201632688E13 : 184.26886045694235 : [152.71523146088487, 67.7312838655767, 184.0085915745066, 757.1874875876633, 390.54268812142806, 314.87533665842716, 195.86859983088743, -389.2750329401005, -120.20650737064375, -118.55040338111776, -66.46753181490786, 462.61316732267164, -21.27610686339972, -15.849680497903478, 323.12525752567404, -21.934138315342523, -518.168385990413, -545.2691732002639, 248.4754654722583, -351.7240838166838, -628.5239001132545, 174.49255283141514, 117.20205371719481, -143.57997643941178, -93.85455191343294, 443.6913283984069, 201.0298789041851, 242.1644359360844, 504.4471245333706, 463.2313821877233] : 0.0
8.791029697550744E13 : 41.333496964924656 : [-384.081849988458, -154.26692158682988, 9.686511230500287, 187.87741759529132, 419.7395641223546, -420.63278787050785, -229.92072005095463, -622.1546601754377, -553.1092492088997, 117.47528856995734, 360.7850077732036, 582.6845756940958, -425.7321740766109, -254.93034767026734, -498.85663443564147, 440.6616379903815, 295.22638949493864, 542.9457139393029, -222.48744128862285, 33.4549893212496, -172.79198055924277, -202.89011465262718, 29.63996375842987, 425.9997718317584, -241.51405751783818, 381.53799295385795, -535.4088161759245, -117.56788520554247, -463.0845888938185, -126.68363685875158] : 0.0
7.3577875377035E13 : 219.2363519445897 : [-70.9148682978655, 241.17305091093004, -333.06608563019836, -463.7064830293805, -119.78145675525792, 473.21682615954046, 52.29422306210513, 433.91645931003205, -279.9783649849522, -465.8982471415443, 324.369276204755, -355.14891362232447, -171.5044071229304, -153.35091291878183, 647.1227823999473, 68.68745853629952, 415.6967720732354, 431.4105930538302, -404.6612418987257, -10.573498592868418, 149.02810002513607, 233.05861925301303, 425.8291128098117, -453.2926028009275, -26.037058392612096, 84.72213598460206, 431.81827743806286, 89.12038301686374, 484.0718149056737, 96.39355380655616] : 0.0
9.913173063987939E13 : 0.0 : [-278.8388665150655, -203.8776981263617, 486.271833776003, -8.647700334873718, 386.0675471726249, -128.9561074125164, 338.1203218293782, -23.96346763520738, 370.40254787242634, 83.46015348264808, -403.7493975392366, 305.3775858921851, -11.46682889488386, -264.43469709498675, 309.4781582246652, -386.2108031959881, -82.07031550923932, -394.4076880860701, -707.6997490585826, -266.57172215073376, 403.31959729185814, 251.6983097295191, -470.3495687695397, 474.8738637647969, 335.97683782520227, -150.03478674152234, -830.5008304156389, -105.88488530403254, 285.44954665492463, 344.8254933189038] : 0.0
9.36769968511358E13 : 868.5908868243401 : [427.86646480226227, -484.1357586050674, -216.3497780462945, -175.09886697472714, -311.06072201715904, -348.0612466073728, 300.7035363051391, 137.30062152098537, -410.25413025768773, -360.45830945889537, -34.392234765686084, -62.376198664007205, -148.78183485422215, 185.8528553860417, 611.8487285903499, -205.99785204454406, 494.1629758436767, 326.9534749434934, -99.64909185507224, -530.4177678234269, -633.4261834853776, 240.36523529046866, -678.8460233086278, 496.9221996442828, -176.95760361256072, -441.67132292403164, -433.20706402404716, 126.61133263807737, -94.0349624391643, 299.86436827704574] : 0.0
1.0232235296871194E14 : 22.072264708256398 : [-274.59298582650007, -139.17915311698152, -814.774109313878, -457.9162888860162, -513.7021958821251, 148.70922353748438, -180.18832831843088, -122.2384805478597, -250.89064352939693, -105.77948186944207, 225.5200858821711, -232.1768702064146, 66.24334712543764, 123.26933854344293, -94.95879031068068, -97.62453620679435, -643.0342846522364, 565.9885111177256, 427.75742996729787, 386.92605972682753, -517.476623540681, -514.7185896015451, -421.03904530326645, -233.69363145078984, -288.331088076897, -357.9512573475099, 17.693803266474106, 155.22279117572592, -557.3058898838395, 700.411053824893] : 0.0
7.724832695762369E13 : 166.16601406475397 : [-67.17087782256908, 159.32470715476916, -801.5018524834375, 309.69366877241976, 227.28145159128516, 238.5046046172517, -32.48669104188184, -253.0162377249476, 433.1536759035923, 10.677410440591359, 199.61087790416502, -285.6483760294968, 168.19460841356008, -206.06276590840088, 237.8944194174166, 490.2658149041404, 190.8106034885365, -95.08416060846122, -55.69516607151763, -188.75620153987757, -379.94656942113465, -343.6414954096401, -305.1527231422832, 222.41211060150658, -656.3000730047946, -400.80337519230835, 314.72239760853853, 276.4207710106569, -304.9480187411157, -134.45359805564556] : 0.0
9.129857072947966E13 : 161.20691792419447 : [136.89290491276535, 125.08256111796447, -367.29598307032325, -273.2606906499751, -465.81995679452893, 55.769911684828685, -85.01140136009798, -325.6350523067512, -453.1588951747468, 550.0508015730775, -590.7291818417691, 133.13941241834513, -630.0251100932403, 214.2823350551942, 77.67883280061835, -124.2965099732, -181.43807013596518, 215.2998410536988, 261.78096465884374, 594.7252501351604, 247.63426005789773, -71.77011395676197, 276.04642220961057, 167.04077521075914, -134.55581543807483, 664.9255000031229, -376.47836774295524, 443.10525676947486, -227.79934690865386, -152.50020395802557] : 0.0
9.967433782301055E13 : 19.54216364813662 : [-114.16091127868378, 275.60027377978537, 572.8106902142816, 472.6475713343626, 14.523587733229874, 44.08593855181637, 224.18287241716632, 60.72689400333877, 122.83213474710118, -370.48908720905007, -469.04069646187105, 621.2035903493334, 504.61325365773985, 263.17976732826077, 295.0792007153217, -235.5204332267626, -521.4983928237245, 268.27257932829633, 553.3685478917241, 136.00053483265924, -418.70347148849976, -172.82710824667487, -204.8895389632035, 281.1085262471047, -392.5197135848261, 220.73493759760137, -508.3214988387298, -635.7370979942091, 163.00573273250734, -39.266533617672714] : 0.0
1.1370479500827925E14 : 3001.8362923092695 : [-196.96575750372858, -593.9552098278094, -156.62285765909053, -270.069306641215, 289.46301818190074, 402.57925768647243, -87.62385965843515, 108.1232025853945, 285.25157912963834, 317.67931628238324, 95.77832032981733, 133.15405210358222, 31.150223688692222, -525.0588481133564, 43.42317258560785, -562.0696826719658, -101.25931731297186, 884.8632522826864, 552.3640474323822, -228.4343895303163, 276.3832860059026, -252.25746998545105, 426.5876884697052, 326.6330828397751, -141.53936570129287, 204.20615209682728, 113.8353998425776, -151.44737748665534, 115.38602197271827, -470.6514700146628] : 0.0
