Fitness : Violation : Position : Miscellaneous
24.505738018758336 : 0.1662014064594197 : [112.10495187296848, 92.92963928782403, 418.70899350580606, 253.68924751138428, 363.81156204551905, 314.41797118430094, 187.34517206542859, 240.44373947058807, 422.611324641736, 327.64790120167754, 62.06375113484283, 25.451694874993652, 360.58679474624444, 154.93574802726638, 33.17487817395666, 177.82026702131085, 262.59313910656255, 436.9884920496713, 476.6568438332907, 331.22442904029765, 75.22122367177838, 484.34940639308275, 258.4731811454733, 419.9013411610033, 357.53338874401027, 166.38721973561132, 47.59718512409083, 188.22236023338547, 184.812845959445, 267.91953115438184] : 0.0
24.04125424183921 : 0.17389533465514437 : [112.12705189364159, 92.97787111142001, 418.79257344169844, 253.8142162711227, 363.9602535951233, 314.51415840269976, 187.35756327665706, 240.43983602890847, 422.60708947666865, 327.63868627116153, 62.05833582412952, 25.43321523795729, 360.56828909915635, 154.93270525943365, 33.184454831606104, 177.82028625084254, 262.60012363184774, 436.99477790399635, 476.6425483919263, 331.23060722946263, 75.22196079106921, 484.3495849827668, 258.4571568757841, 419.90062844049436, 357.5255562483268, 166.38401733103777, 47.61152773128613, 188.2175193580296, 184.8195506149217, 267.9155241449123] : 0.0
24.412512051986724 : 0.17145398861195166 : [112.10243686343564, 92.95335925127486, 418.7394910712468, 253.73525403305004, 363.85239416257394, 314.4351032432072, 187.3421530572372, 240.44471911574993, 422.619288588995, 327.6434128629357, 62.054584992275565, 25.44833181739098, 360.56726277217865, 154.9206259139387, 33.174258948508076, 177.82678909301637, 262.5956707788475, 436.9829976147207, 476.634703016424, 331.2311559317883, 75.21411711680898, 484.3433625450124, 258.4728882552244, 419.89836499250214, 357.52480172428767, 166.38142022140673, 47.59547010039324, 188.21502390073545, 184.8135042875199, 267.91863299005865] : 0.0
24.185092586953758 : 0.16744777449819123 : [112.11363982440494, 92.9623614357138, 418.7613492710683, 253.77314268950926, 363.9056639479535, 314.4874984517446, 187.34552075553074, 240.4406186597613, 422.6047697003262, 327.62508001328615, 62.048197789331994, 25.455049393062986, 360.584879520855, 154.92292758865895, 33.18088530928528, 177.81355078701822, 262.5927156442988, 436.99345058662215, 476.6446266372126, 331.22294364670756, 75.2091771850358, 484.35436249426783, 258.4809112952049, 419.90190303615526, 357.5277271107358, 166.38600088719204, 47.604793121195684, 188.22399800166903, 184.80244288650985, 267.9177403145244] : 0.0
24.851107205837376 : 0.17264203813356443 : [112.08867486775122, 92.90959991766624, 418.66731377426663, 253.63711715522498, 363.74688304191216, 314.37561845641676, 187.3240033016932, 240.44326702015297, 422.6069084595594, 327.63946578400686, 62.05712713670157, 25.452193691905773, 360.5797880629865, 154.93729239853582, 33.16504102953152, 177.8086560987328, 262.59209230020036, 436.99788237530146, 476.6601834723848, 331.2389677224684, 75.20670521480926, 484.3327575339529, 258.4837191709961, 419.9085021710988, 357.52919443345496, 166.3841598948324, 47.60067127352698, 188.22259095381156, 184.80957577149846, 267.93229942719756] : 0.0
24.782251082734977 : 0.168294812385603 : [112.0804148734259, 92.90889425700405, 418.67369354734495, 253.6323689131132, 363.74937895444805, 314.3820891934196, 187.33328849678654, 240.4393832822957, 422.6040500200925, 327.6311599784716, 62.05261264526179, 25.447306627943007, 360.5880293219849, 154.93498459095588, 33.17326367218568, 177.81866428445932, 262.58844580079904, 436.99353219687976, 476.65953997073694, 331.2311096011438, 75.22087564152805, 484.35145725110976, 258.4748621872593, 419.89864649778303, 357.53043504244994, 166.39420299627932, 47.60244398190402, 188.21203119364077, 184.80545572059, 267.91501564616846] : 0.0
24.724271731803835 : 0.16263243632637253 : [112.0840441597449, 92.90698800011, 418.66893595865974, 253.63621040758437, 363.76091818878865, 314.393917209761, 187.34713364081975, 240.44505639433277, 422.6116217662927, 327.64558405492846, 62.06006194940781, 25.438412171334882, 360.56819873317284, 154.9261597950226, 33.16399391442832, 177.82389620865123, 262.59585322943127, 436.99269784988326, 476.655473510007, 331.22587342535286, 75.21487037346708, 484.3444573016319, 258.47988298107566, 419.9146591681164, 357.5267007512016, 166.38606499895218, 47.5983884645747, 188.22359993791338, 184.8087919257186, 267.91485779943577] : 0.0
24.157810080104724 : 0.16549417204456918 : [112.10225101951488, 92.95379790832332, 418.77521997602923, 253.80653165862321, 363.95244674268685, 314.51831543710364, 187.35328375641853, 240.4465196412487, 422.6207351816837, 327.64133358457525, 62.0580397985701, 25.431868716875552, 360.5780353445904, 154.9411769156073, 33.17020691377493, 177.82103837016243, 262.59016511341827, 436.97954880776564, 476.6584676183121, 331.2303272528832, 75.21460392444581, 484.3394579588754, 258.479502517427, 419.90424944327384, 357.51991374066904, 166.38259033578962, 47.60952907756118, 188.21947332437918, 184.82231038104703, 267.914356836634] : 0.0
24.619922774033917 : 0.16133240223387707 : [112.08712744948498, 92.91279752325755, 418.68363861127455, 253.67066296654954, 363.7888971045913, 314.409304449635, 187.34142560949152, 240.44306883376316, 422.6044506064104, 327.63204226170706, 62.05937727297734, 25.445028989138816, 360.5793443344195, 154.93551332055418, 33.17469565402547, 177.81583474276505, 262.5962208168433, 436.9904008637592, 476.6558235232734, 331.2282727484294, 75.21415976444717, 484.3416590930351, 258.487111335068, 419.9067191933489, 357.5125097666918, 166.38208867165565, 47.607283620975295, 188.21637040081143, 184.81254676015038, 267.9272216376631] : 0.0
24.23069586043973 : 0.17006843924470733 : [112.11028561790035, 92.964348263319, 418.7593832790387, 253.78401839444717, 363.9108464759406, 314.4765793282528, 187.35510122611856, 240.44253993178918, 422.60379252870314, 327.6444994624578, 62.05430774364002, 25.454050448840604, 360.5850096084186, 154.93811506858492, 33.17226525939497, 177.81201410590177, 262.6092818168523, 436.9905034885379, 476.6519899439065, 331.22157744293236, 75.21227413334834, 484.34726286418856, 258.48236913165664, 419.8998099326628, 357.51926597615636, 166.39668885922862, 47.59287263582961, 188.23290055457346, 184.8053605185656, 267.9245514999469] : 0.0
24.722717144037357 : 0.16618718960381967 : [112.08350514927479, 92.91118591805504, 418.6798542825559, 253.64447605642835, 363.7691557175369, 314.3921250332087, 187.33924059325355, 240.4475705273223, 422.6131152418177, 327.63955946740293, 62.060195352212766, 25.456701280565078, 360.5829249562051, 154.92315851603507, 33.1728246700689, 177.8135738652109, 262.59685779337696, 436.9873576638858, 476.65924483930166, 331.2233063805437, 75.21113216081645, 484.35984500233144, 258.4782957350583, 419.8968925409537, 357.5308386974723, 166.38830362447783, 47.606269962990424, 188.21597204802634, 184.81793832055382, 267.92352797062813] : 0.0
24.695138119210725 : 0.16771940716466313 : [112.08758619481031, 92.92508879568938, 418.69412977801034, 253.67193630352773, 363.7910759709482, 314.4016467859482, 187.3420335202192, 240.43918030956948, 422.6212567310567, 327.6446743710359, 62.07472953633913, 25.452290411660634, 360.57396357200776, 154.95492828388137, 33.17809495746748, 177.82343620947887, 262.59595250399394, 436.9853776925762, 476.6477230458123, 331.2249308148166, 75.2145489662513, 484.3532561270122, 258.46767090780486, 419.90013353798224, 357.5202195428783, 166.37793045562546, 47.60104797887665, 188.21465858467104, 184.8081916374586, 267.9198330868137] : 0.0
24.594117001349474 : 0.1686621438731647 : [112.09795982980901, 92.93352011760669, 418.70870679595174, 253.69577993734987, 363.8150815391347, 314.410296280736, 187.34681812137944, 240.43768683270523, 422.6060024044929, 327.61791638408863, 62.050302810896554, 25.433219952298465, 360.5763825693311, 154.93129605939436, 33.16753162524391, 177.81852487192435, 262.587066202008, 436.9828941885463, 476.6485633332036, 331.23720564694884, 75.21632421144298, 484.3378231803248, 258.49060217512874, 419.9158791885702, 357.5283832518226, 166.387223988967, 47.60713788357769, 188.21720493477258, 184.80908879007336, 267.9250128112046] : 0.0
24.520727485406912 : 0.166240691269811 : [112.0967473901872, 92.92175893152273, 418.70765048634127, 253.6917541494832, 363.81223032506443, 314.41281915585, 187.3416153979715, 240.44058444155388, 422.6162575965343, 327.6429404042014, 62.05443912296366, 25.45282178513024, 360.57051386524637, 154.93269076782144, 33.177586018245364, 177.8254437048156, 262.58363851585665, 436.9895889846936, 476.64374821019237, 331.2329280695918, 75.2227199418989, 484.34585314170033, 258.475277141481, 419.9033851602361, 357.52390673189916, 166.3902032828898, 47.604548144385774, 188.2149379341091, 184.80891622141223, 267.92156622540733] : 0.0
24.543893391480815 : 0.16640177359386013 : [112.10956961958661, 92.93103783687442, 418.716086653478, 253.71728715789573, 363.8204592209747, 314.4391618408839, 187.343771710326, 240.4434705338781, 422.6119064728457, 327.6395286282681, 62.05747694112058, 25.439024842056792, 360.5894099828045, 154.93003946957546, 33.17419546921772, 177.82115796856363, 262.6000338861964, 436.99517839726957, 476.64700655239994, 331.2289437390516, 75.21196017274217, 484.3587712473709, 258.4786893365893, 419.9027875234358, 357.52615226934165, 166.38952042623163, 47.61850595599017, 188.21420021176456, 184.80450926149206, 267.9192670524628] : 0.0
24.870788286599474 : 0.1650476394627237 : [112.07425478298397, 92.89223807493434, 418.6634526875907, 253.63579541992544, 363.74785804331214, 314.3855699853212, 187.3333267552503, 240.44430407498282, 422.62216705551793, 327.63370052250895, 62.047858100027305, 25.44644783215186, 360.5798270845669, 154.9361235189628, 33.17635846556561, 177.813010401993, 262.5899472608349, 436.9834642220363, 476.64566220466264, 331.21533955734003, 75.219689406647, 484.3399220923785, 258.4606695832557, 419.9066302603068, 357.5177634822998, 166.38322280786332, 47.61188746560323, 188.22077747820833, 184.81086794556433, 267.9186688697855] : 0.0
24.139711668437197 : 0.17448031949337406 : [112.11753898755333, 92.97158617224915, 418.79310709446304, 253.8144095811145, 363.94058272375133, 314.5019369817205, 187.35520586990503, 240.4445869546911, 422.61452383444976, 327.64979578304246, 62.058724080598495, 25.449349673002487, 360.5866613390913, 154.93857161602705, 33.163483232543015, 177.81395061022903, 262.588818820298, 436.98321397281256, 476.6349489655826, 331.2312969618312, 75.20736845559905, 484.34558455646925, 258.46781084975237, 419.89802433612766, 357.5373415288252, 166.3892904325878, 47.6290821425314, 188.21464567828815, 184.80208058823325, 267.923448963395] : 0.0
25.389836843140454 : 0.16953905700611235 : [112.05801502815459, 92.85365660816521, 418.55444650877917, 253.4895275188978, 363.642622983671, 314.349621766566, 187.3315363016439, 240.44673313043376, 422.6118552623345, 327.6364647647308, 62.05075140991289, 25.450366171447694, 360.5729936314875, 154.9278788019163, 33.1588024179469, 177.82650085270262, 262.59395439024536, 436.98309215746485, 476.64594875617286, 331.21671372617624, 75.22181000722017, 484.3590016202887, 258.47674556078965, 419.90549752106733, 357.5247010407973, 166.3933212758244, 47.60505644202641, 188.21712040091393, 184.80691932883428, 267.9125983358895] : 0.0
24.954167096127943 : 0.16262625169853598 : [112.06975062549085, 92.87411540009367, 418.62520439634704, 253.5839598234678, 363.70810638316635, 314.3725215166456, 187.33172227341674, 240.4573568862572, 422.6122433448978, 327.64065473075834, 62.061657839854355, 25.44610578990183, 360.5729489023734, 154.9353935964181, 33.17436340044378, 177.82101988237335, 262.60157481149236, 436.9945528660502, 476.65373112639526, 331.2218239039727, 75.22078896018373, 484.3505522532754, 258.47818770599326, 419.9002380986671, 357.5208148336602, 166.3786553710961, 47.60611535216469, 188.21504534267265, 184.80596837415544, 267.9137684444164] : 0.0
24.269222870934573 : 0.1699736286335221 : [112.10713733579564, 92.95918804953345, 418.77617561653506, 253.77894832199593, 363.90132506443024, 314.47005036489657, 187.3643804651551, 240.4497525213198, 422.6077261483537, 327.63964109546714, 62.0609665032985, 25.451832174550532, 360.5833381996603, 154.93028491417192, 33.17089940562707, 177.80955351892996, 262.5903513226859, 436.99422329924255, 476.65171650436355, 331.2254626162528, 75.21838752993796, 484.33933726492364, 258.49116028269646, 419.88142220997247, 357.5192975081996, 166.3839870494616, 47.604578409457545, 188.21987017563322, 184.81785632019427, 267.922073618823] : 0.0
24.146078673461098 : 0.17036571640883663 : [112.1060622386918, 92.96563197332443, 418.78538210254925, 253.79980850752014, 363.9471303515475, 314.50143483304316, 187.349099020271, 240.4390955645374, 422.6154834203457, 327.6531140356889, 62.063629258250046, 25.44830330014472, 360.57426390091837, 154.9429355824833, 33.172962595189404, 177.8221803626468, 262.59583585277005, 436.98766189457126, 476.65274541338624, 331.2306382412471, 75.21698594025185, 484.3443870803202, 258.4806342346908, 419.9073471911041, 357.5315064559528, 166.39502686361, 47.60103565285984, 188.2303144387838, 184.8065778682193, 267.9278713932128] : 0.0
24.43869852104713 : 0.1755228011967424 : [112.10964307602924, 92.95110431197996, 418.7639323902101, 253.76802549660306, 363.89571286827436, 314.4586229084665, 187.3473513723353, 240.45967998166657, 422.61582879260783, 327.6448916138222, 62.04981096244032, 25.453631582506432, 360.5584682546139, 154.93275823980656, 33.17471576585639, 177.81884396107716, 262.5833865698597, 436.98163566819085, 476.66961102748144, 331.24082556936594, 75.19157435559715, 484.34974854951537, 258.472913653781, 419.91681082560433, 357.5322419383333, 166.37755606358135, 47.599909072816416, 188.214561064853, 184.8023330742923, 267.9176822438608] : 0.0
24.529362791837556 : 0.1669524122581096 : [112.09939410489713, 92.93036466568137, 418.714058596692, 253.69291745393554, 363.80962991332296, 314.4228825544626, 187.33916661752383, 240.44609128497663, 422.6117397672442, 327.6335300968398, 62.071546354256505, 25.443148920448436, 360.57357106978424, 154.9433644311799, 33.184629359246344, 177.82453083823526, 262.5950011951983, 436.98186272360044, 476.6431398486475, 331.22689292183827, 75.21994691032029, 484.3490979528764, 258.47890334404786, 419.9017550016162, 357.5300528908534, 166.38866197600385, 47.5923859454969, 188.2192988016275, 184.80707394498583, 267.9233712352684] : 0.0
24.172179100808968 : 0.16685473601844 : [112.11435266261894, 92.95779113258448, 418.7595473712976, 253.7775309608253, 363.9127904497367, 314.49063783095437, 187.34944588276045, 240.4421080498433, 422.61768565601653, 327.6406717856633, 62.0553663406297, 25.443854110932275, 360.5712940190667, 154.93290810559603, 33.162112831792285, 177.82168325364736, 262.587695399642, 436.9856702162059, 476.65088719878156, 331.2358654185913, 75.21753890544709, 484.3508447975751, 258.47986919120694, 419.91542856941464, 357.5223695092095, 166.3789914359247, 47.62017861451873, 188.2030562978867, 184.81297497565657, 267.92258100774] : 0.0
24.55922806027404 : 0.16516034862740211 : [112.08326428350483, 92.92544389866819, 418.71142487672876, 253.69665381731875, 363.81698073698163, 314.41091250414956, 187.34851365959125, 240.44485818478194, 422.6073077474821, 327.6377143303127, 62.0618508633282, 25.44359823643445, 360.5763413871756, 154.93673992025066, 33.169801265212776, 177.82915788300878, 262.5891502882821, 436.9967878502059, 476.64307318222757, 331.2246717271014, 75.2118076087839, 484.34872909677813, 258.4777433279313, 419.90576680368963, 357.527390852451, 166.39166479012994, 47.60741040304847, 188.21555513580557, 184.80667010219108, 267.91252790561] : 0.0
24.900325043889037 : 0.170424176876975 : [112.07839875537738, 92.89670417247515, 418.67741373889555, 253.63962627435578, 363.7489610282415, 314.3767265187488, 187.3345712940623, 240.4475399556302, 422.61402374384727, 327.6313664525173, 62.057074265170044, 25.45282311511186, 360.57785183636275, 154.93338652287844, 33.17754943126908, 177.82915315439743, 262.58602133787485, 436.98237761336907, 476.6473433607762, 331.22666710850024, 75.21860583808581, 484.34988683513984, 258.47296050182706, 419.89936875576154, 357.513725959978, 166.38445249068178, 47.611714049556824, 188.21517449338336, 184.80222427171117, 267.8974208909549] : 0.0
24.374967315546737 : 0.17469037303494497 : [112.10675503868828, 92.9516138681819, 418.7561915681863, 253.7504097822693, 363.8615600227987, 314.4419344388641, 187.3418481375328, 240.45035236809713, 422.6121205843162, 327.6363280100802, 62.0556562361656, 25.443909626340062, 360.5791411265858, 154.94097148411737, 33.17042500686531, 177.81074565817192, 262.5832397686813, 436.9999378452958, 476.6338884027052, 331.22389700572364, 75.22623558454586, 484.34141236535874, 258.4856549141926, 419.90288829681157, 357.52577319395107, 166.39020394160016, 47.60969044376265, 188.21975225053882, 184.8155930420961, 267.918169990258] : 0.0
24.602093486771277 : 0.17623976630059182 : [112.10010351119993, 92.94369685897792, 418.7176418204625, 253.71616164621838, 363.8161981146523, 314.4067691420091, 187.33620574754528, 240.4454245662354, 422.60896561562663, 327.6479097444616, 62.064747896398245, 25.446431561762324, 360.56954307992305, 154.93123733200338, 33.172448063920896, 177.80834239741606, 262.58834199407664, 436.9823501545709, 476.6494385104446, 331.2345055343437, 75.2162189166271, 484.3376775412243, 258.46597985296097, 419.90499622587964, 357.52347954648167, 166.38298326098692, 47.60938408478262, 188.20656629399645, 184.81351067995132, 267.9225147183148] : 0.0
24.08903228791857 : 0.17682134821067144 : [112.11312651452039, 92.9685949265739, 418.7951773293435, 253.83207439805923, 363.9712477405997, 314.51197319008196, 187.3475549806089, 240.44606302965528, 422.61763595478396, 327.645174704844, 62.06118410697751, 25.462819894759434, 360.5706277368042, 154.93336456672435, 33.16895049513424, 177.81529082853717, 262.59286609981524, 436.99507986473736, 476.6543209111922, 331.2352017708714, 75.22081534836846, 484.34730055543037, 258.4823542413781, 419.90714403478864, 357.52333801591385, 166.38739025800027, 47.59158798103585, 188.213766327347, 184.79751116706575, 267.9222975321836] : 0.0
24.34497954760521 : 0.16996959683804944 : [112.1021334208524, 92.95404795166755, 418.7491089654905, 253.74903998274198, 363.8760924649149, 314.4441983543944, 187.3485803419361, 240.44789719273732, 422.61007976859383, 327.63905654568157, 62.05708510609195, 25.442144380170795, 360.5714488597015, 154.93871016966997, 33.171987038774304, 177.8255468695035, 262.58676259068613, 436.98852655168275, 476.64988929082153, 331.2322769152354, 75.22313159522238, 484.33986519950975, 258.4793918641064, 419.91016835935363, 357.5269761958974, 166.3794923183728, 47.592029821948685, 188.2195386595954, 184.79569756650125, 267.9052748616619] : 0.0
