Fitness : Violation : Position : Miscellaneous
0.19149776140418762 : 0.07480815424508393 : [-2.868770485633462, 0.17605403884697052, 5.449650917981655, 1.4452486679127259, -0.42197391433252784, 0.24092709873473606, 1.148201996370454, 0.8531159720025527, -0.11856646571232243, -0.7399729418546057] : 0.0
0.20933836799449823 : 0.1802121945604076 : [0.9137597811110627, 0.33598020322279754, -0.33659141868433073, 0.3426931159285207, 0.11520926679856136, 0.45014366987595344, 0.9108014135026268, 0.5913366196164943, 0.1987714244467773, -0.46512679763836023] : 0.0
0.3123701058064636 : 0.11479760943609524 : [0.13938754480018029, -0.3468704427767284, 0.4618557023474277, 0.5442116291876844, 0.4860968938733057, 0.3864280721932838, 1.1374017892123853, 0.7122740275410584, 0.1353258019713648, -0.3135039052247194] : 0.0
0.21165931267199245 : 0.11595126767364136 : [0.32079072338472825, 0.8039740246638889, -0.30220551276604757, 0.7212295883083144, 1.1974066012615254, 0.4568966205264673, 1.1163693231287217, -0.9450308320159604, 0.9336117806118787, -0.621955399538933] : 0.0
0.22893790409604264 : 0.3947887585447212 : [0.5609476817710566, 0.974487548098917, -0.6736021584071845, 0.6486478036798496, 0.5659906239754711, 0.8890305595579961, 1.2527075695568497, 0.43133073590741366, -0.7170428560881195, -0.7719918919752002] : 0.0
0.20704590938045142 : 0.03560165097220524 : [0.1820659204157029, 0.03989369369684148, -1.0300785742958078, 0.9941420418034937, 0.364495036649918, 0.07238976925295582, 0.8124012879143889, 1.4212660526317016, 1.0260240637690239, -0.7765012513118414] : 0.0
0.2710320776448292 : 0.013098998561481973 : [0.2953087730096974, 0.5258431051255233, -0.6533165265965736, 2.023855469029121, 0.2598827367346188, -0.5252461729320609, 1.3786641306053355, -0.5327860873029544, 0.9624357890242662, 0.1552879364235426] : 0.0
0.4295975811017243 : 0.03359630219203837 : [-0.1245027864497319, -0.5475907593754945, -0.5458128514007092, 0.9587425309769126, 0.2911165558056896, 1.6590684641018631, 1.3222496504297916, -0.3536490394225621, 0.9156701590058833, 0.005770656014265713] : 0.0
0.3401186036061985 : 0.06679302076844651 : [0.3584541593739273, 0.19594557588158923, -1.364209447605778, 1.3841508773513476, 0.5348647079836306, 1.6276686350461538, 1.5712080467042315, 0.5428927029961219, -0.4853234717603223, -0.646210058102964] : 0.0
0.2834376857358468 : 0.11309909563027819 : [-0.12786840514355924, 0.8501189756480112, 0.30471674005522376, 0.4499981392717214, 0.7246434057888571, 0.19107751133987128, 0.8009688697665541, 0.393141593798249, 0.3752972797040527, -0.03249259697822815] : 0.0
0.19727066930508508 : 0.09081565307549051 : [0.5990202692976754, 0.6929042036347092, -0.07138637036752749, 1.197017524523007, -0.5701474314534007, 0.6883575163096347, 1.2865050430166538, 1.0562826133339656, 0.6287018348905993, -0.9853859928965467] : 0.0
0.32820924064961365 : 9.932189789623722E-4 : [0.5523259637569291, -0.10336671964633759, -0.9067367926210472, 2.0855716217828757, 0.650443129672922, 0.6340608713651714, 0.6331256240613088, 0.4593541476979626, 1.2686088289211523, -1.4390564553326057] : 0.0
0.259481141396544 : 0.1513381809335388 : [0.12440304102774735, 0.45543744304830625, 5.9436408035888455, 0.6050834355024317, 0.9709881073787285, -6.9851150366741654, 0.9005462718032009, 0.037683633288428275, 0.050998600251618065, -0.29926666512194755] : 0.0
0.3632108073473611 : 0.2474763179155216 : [0.853150585359078, 0.6006989321788714, -0.26403488877235387, 1.9234539483886737, 0.627279080412437, 1.3141681454325127, 0.9430644574111045, 0.13317734900702027, 0.65095497157322, -1.9194386578346412] : 0.0
0.32035540705464927 : 0.0384474519559624 : [3.0944430617649274, 1.0302858316534065, -5.3544067669030655, 1.020148090684423, 0.2218863847176168, 0.5644485263773868, 2.253818887364547, -0.35308642854008754, 0.6143253391953813, -0.23096126301355396] : 0.0
0.1873415287252207 : 0.24284978025156828 : [-0.07334184778384967, 0.090917764238302, -0.17907018878830638, 1.0005289443096461, -0.007347218234298292, 0.4297564737789654, 0.8570391104193469, 0.7821394371841545, 0.7065235910478285, 0.5455056880878442] : 0.0
0.3492095150166239 : 0.0012929637095299984 : [0.6767647753159693, 0.6532291588596973, -1.5862830406837662, 1.4414859303526346, -0.36282890619670616, 0.4171103035228587, 1.0222329619546717, 0.9578869384336417, 0.9062762538204536, 0.19209168448984504] : 0.0
0.17570312742247096 : 0.11640422194110078 : [0.2307188651927854, 0.8818709890707137, 5.477578589706543, -5.434710092009949, 0.07805182426381474, 0.7755896147510501, 1.570076281054487, 0.1639553180502133, -0.12204344373086462, -0.4289979063726941] : 0.0
0.36011092694593194 : 0.6030882234859725 : [0.4789697164584781, 0.18423934442921375, 0.14624460301997688, 0.44597460243110854, -0.3541802601816053, 0.6594867315392985, 0.9334362288028484, 0.5246868310250163, 2.6877629392920555, -0.9951753520312573] : 0.0
0.2708003673776008 : 0.03202088546701418 : [0.6256723657950185, 0.5297002304214312, -1.029570227379108, 0.824666036968805, -0.8092888254768967, 0.41862640210208046, 1.8340465049404135, 0.3666148413249546, 0.8368745086330529, 0.3125578561494946] : 0.0
0.09188218470903164 : 0.17219913531111752 : [0.3707673948596797, -4.137173664779964, -0.4126456888245582, 1.197346010039094, 0.06845582052536248, 0.5099166582420004, 8.867472903319571, 0.794363009724947, 1.2927994350299192, -0.08074268762746284] : 0.0
0.1550245938907755 : 0.0665591479665955 : [0.6581244739108429, 0.7582809831275079, -0.2916404202010058, 0.4096799113321983, 0.26849372829083695, 0.2883238094369825, 0.6868815743471091, 0.20443932567446937, 0.24155946768700165, 0.46802280720595535] : 0.0
0.24724765988351183 : 0.30468377499301 : [-2.701329386949679, 0.05352623054496686, -0.40743826414942275, 6.877421047214425, -0.33389281100119933, 1.6965153653104252, 0.6561598829087791, -0.2860189525694177, 0.39046781873921144, -0.2019989892034464] : 0.0
0.3899328547999612 : 0.13156354043934068 : [0.35117444768572276, 0.6745296834740517, 0.9503279147400067, 0.3078643768866498, 0.08243974393385667, -0.031239908981697262, 0.9249386565622308, -0.039263962859056534, 1.187710059732157, -0.8949311178853838] : 0.0
0.3311361051685646 : 0.09592217078697016 : [0.9175907094721576, -0.45985459211381596, -0.22520329795729577, 1.0958702643166611, 0.490030516331184, 0.6570579755331947, 0.7412871950404378, -0.003382783251823618, 0.7449947314887062, -0.09461513542405042] : 0.0
0.26849455215277196 : 0.20901422861041768 : [0.2299308587305937, 1.2891253619919651, -0.10363435804934817, 0.9321714355410984, -0.2998224338314297, 0.1030453737778384, 1.298970283909787, -0.05308422666166457, 0.4908063845096897, -1.0171782992218201] : 0.0
0.3817184339460781 : 0.0032355364140764275 : [-5.972397137077654, 0.5550582772271077, 0.17817721852245771, 1.5338100103430055, 1.3429578614786308, -0.02393371875680228, 1.0195545179109766, 2.0269998304048307, 0.7073777324641963, 0.442714772643033] : 0.0
0.27434800045644114 : 0.05560542766359414 : [0.6661601548419729, 0.609008510504936, 0.01622075568689685, 0.7734129888569974, 1.3772951604071308, 0.7340680218642377, 0.36271746692224927, -0.7823444591255062, 0.8167094644813779, -0.43601050663848406] : 0.0
0.4204178414129247 : 0.030463774109472208 : [0.6748067109505436, -9.196717933129149, -0.7198837400656228, 2.3021591437461506, 0.1980939031517051, 0.8002907557304714, 0.5549229741325383, 0.21734643332331116, 0.439158790742196, -1.197589177697378] : 0.0
0.3827625037367465 : 0.0016013020564885575 : [-0.3784872279021064, 1.0849202784029368, 0.008507496266251358, 0.5203928428283167, 0.4748826053195955, 0.607462781611051, 1.0091192193632903, 0.2327627469329836, 0.5889938713505725, -0.24138313687043267] : 0.0
