Fitness : Violation : Position : Miscellaneous
33.78911835747678 : 0.5031035473942128 : [-6.937380240790672, -3.5999286813604066, -6.136153728696975, -2.289753082671086, -1.2122930418074662, -2.933968584924209, -4.5271778690675415, -2.0959960517256766, -2.8357957426035405, -0.24121403028188787, 0.7634433633447211, 0.4192991763101792, 0.5064499423202076, -1.4004915291650466, -0.8575189687710718, 0.3393650088581648, 3.1468800810825437, 3.4824890200628755, -0.24419210175488504, 2.135070793395972, 1.3844021408925589, 0.6618903168141061, -0.6168418862259633, 4.157081143671073, 0.8335355759302672, 0.06159276942273917, -1.2206802581503622, -0.8297368049060485, -0.46070950836244506, 0.05936250473252502] : 0.0
54.913370731042946 : 0.9159512048457421 : [-2.8905633811023175, -2.2203061527474857, -4.370802199493591, -1.3188225021114084, 0.6241599311239581, 1.5383793624136182, -1.8580000333295057, 1.3311375995264978, -1.2632170625932408, 1.7450826279373157, 3.5543199952546756, 2.600564978293278, 6.081191673369483, 1.8804953375992046, 3.176486244780774, 3.1806185851383786, 5.985881839159528, 5.504444904134921, 1.44677535201158, 0.8213974755549112, 1.8904385417796719, 2.0693611404935557, 3.8630816055816886, 6.815269011639731, 3.088126578439625, 5.214993551186213, 3.2136496295081822, 0.07204802969389323, 1.0864100032181525, 4.676891795509626] : 0.0
82.36483331547727 : 0.45346724093295365 : [-0.2314319887292755, 1.1758340795741864, -1.240182084767738, 1.4449306515375033, 3.802115256699243, 1.335391528998752, 1.5179494066433485, 3.4146692508090997, 4.30381468685746, 2.0360281975939722, 2.1554791823682806, -1.9470476385364226, -1.654221877844381, -1.9077763622727175, 0.9568697743954608, 1.677963191680869, -0.06904628175403987, 0.22590220454867904, -2.977617339181963, -1.6787433577276456, -3.461464016644388, -3.663321011053074, -3.3505665569600414, -1.2516372035013847, -4.138540685922366, -1.0090165906288955, -3.8639374915126443, -5.972530139485039, -4.7063833633516206, -0.7527653576387432] : 0.0
30.380825084014386 : 1.371494680012127 : [-1.3879099642213077, 1.624019083404435, -0.923503818423449, 2.32705899061702, 5.765740786740372, 3.365596143623227, 2.687504638707156, 5.539512695548886, 5.606895841151912, 5.22536308916006, 6.141232135007722, 6.078712955376227, 9.216406957852024, 6.487996310195246, 8.69846269685344, 9.104195942285887, 10.119093113866526, 8.627368079052857, 4.881212064086748, 6.454753857554413, 6.015078810844742, 5.620347034278166, 7.57673096468818, 9.028262076531806, 5.952700375240357, 5.728348801404278, 3.21436374803747, 3.171705428655831, 1.8144722946166847, 4.241722453442083] : 0.0
66.02859378475911 : 0.6331805775132707 : [-2.622706669523782, 1.512531193594301, -1.1268794904589456, 2.2705000580679235, 2.883936759033081, -0.5420880039715232, -2.1100782648471896, 0.4685569086695138, -0.42498640469824345, 2.19552950768556, 1.3180152129844582, -0.09395942369521315, 4.624953371117274, 2.858311130570467, 1.2706979610959728, 1.9353688131843552, 4.631138058088887, 2.745407176539685, 0.8229122773615174, 2.3845848817539306, 2.7200413971457764, 0.01268439293484036, 1.4558136800343773, 3.2975734021069805, 2.0774335242614943, 0.09134195206606399, -0.7509531679435553, 1.615978809944607, -0.8114106725595788, 0.9101829789064906] : 0.0
47.16022299612362 : 0.06389645224841325 : [-2.225112134657681, -1.3136088977354832, -1.7642377257871458, 0.8710897843264451, 3.817581003088435, 2.384315826802669, 0.48984099233262335, 2.1628618739566696, 1.2402689177181396, 1.5997194201177718, 1.7294081414956168, -0.6303564891742923, 0.1689789722987065, -0.7980256267029202, 1.5757343936006905, 0.4160577333326717, 0.1433262479977111, 1.8207820681481222, -5.39397811836655, -3.310443895876374, -2.9865317845543067, -2.7999946759124854, -1.2838312245639127, 2.413346177958395, -0.750410797363311, 0.30737882760533586, -2.2313273305090275, -1.6341946129780516, -1.7020799326766183, 1.8216533157683872] : 0.0
69.61198265247384 : 0.24596054147481247 : [-9.07542197645208, -5.544435502278024, -4.8079567819856805, -4.2198136511016235, -2.9287424392956742, -5.720620167056287, -7.543764244809705, -1.6718695913481223, -3.585163014753081, -0.6431229170718007, -1.2416322038282253, -1.3384261155819885, 2.1858234859158046, 0.34043113573901806, 1.4204736234781283, 0.9564052294964052, 3.1437212674706494, 4.850294379055707, 0.8150427122558854, 4.752225914067806, 3.819525926632554, 4.331985885526851, 6.285524190798419, 8.67733935750306, 5.455508519137055, 3.8673884245257346, 4.440370249910817, 2.543108764356181, 0.43505641698877096, 2.1480052374917635] : 0.0
7.212146844452346 : 0.5497001921588478 : [0.7474858141852616, 2.68565063355185, 0.48016556625562967, 3.685421173206701, 4.567490134541258, 2.409149341062121, 0.23945621148200297, 2.5649917439852508, 1.1608556759514488, 1.8562544979513946, 1.9160718786728985, 0.7334419038916302, 2.4957941560913817, -1.2701077652809856, -0.5524971971070105, -0.6459096721968463, 0.8406847941831043, 0.7104543274991582, -2.108628217694948, -0.6095892526926445, 0.6451468084244694, -0.26917127735183954, -0.022906857132584446, 3.1124294994540973, 0.7310312311836341, 2.410263078225427, 0.9712986555125285, 1.023246572082662, -0.7416945200417825, 2.2727059405390797] : 0.0
40.12094798516362 : 0.6998332586091921 : [-8.157201712383628, -6.0840701856146175, -8.687242544938302, -5.765486875669091, -1.3113744810692385, -2.825284895128307, -5.3490286425454645, -0.957011235038216, -2.190316882013241, -2.090521931317656, 1.1882153310108472, -1.881934521708031, 0.6075687291162812, -2.58871243211745, -1.4874818627343465, -1.6321287617603857, 0.24385453572779436, 2.0371575464637286, -2.8509698996371697, 0.2342872517753718, -0.6813830372569492, 0.4976604756360144, 0.11619416419475348, 3.1783110587351384, 0.8238607131588297, 2.7508239195771336, 1.7884155113126772, 2.54504970524293, 1.910464389706541, 2.3970212748159403] : 0.0
112.43759601526752 : 1.0952793394501112 : [-3.948623658734464, -1.4491099583969413, -2.6942777903019004, 0.9002742241182418, 3.0124032077856553, -2.456543697632876, -2.5451573739310946, 0.8974549218451506, 2.127907054614513, 2.729779146128494, 7.34717471301774, 2.6953190174275825, 3.9516338091452754, 4.3628570678479655, 3.337119150211087, 1.6627519188000688, 4.419589862457848, 5.1207256172214235, 5.94151318271105, 4.865493077227901, 5.242902064121406, 2.300435641918178, 2.6228897291217663, 5.745780207332094, 4.268440468790313, 4.467551194671861, 1.7030153859610877, 4.0703595968474096, 1.9092401880386551, 6.829891642925719] : 0.0
34.62908266382943 : 2.514515543453087 : [-4.369462035227036, -1.430871790638871, -3.732859077681454, -0.726829186790572, 1.5595302675601073, -1.0420554767618173, -3.5171896816008177, -1.5549156477060475, -2.4789624671911907, -2.956889555885882, -2.199982498464169, -2.464412076163103, -2.550035847588186, -4.911662418983387, -3.6866071210806415, -5.556972444144755, -1.7939207840057976, -1.5332490430471428, -5.190616679359644, -3.221855881480724, -3.5829404455779845, -4.195284093780629, -2.8214295878382636, -2.3593167804564956, -6.416246700645229, -5.890230543199537, -9.502930192339045, -7.992815518324697, -7.595727558216585, -3.8618375393007347] : 0.0
58.921838172837234 : 0.2724477205852049 : [6.9645613185679025, 9.612281148383683, 8.002022786678136, 8.690664134097826, 10.107585718013098, 8.373623984597605, 4.9815923532268815, 11.340310345751885, 9.257184283516256, 8.918876471729424, 10.46913583851994, 8.712127080275803, 9.156328491660403, 5.055186485646712, 2.7250945566165616, 3.344164926514939, 2.9881732983813842, 1.1645261993505347, -2.007076538697304, -2.3246246316373194, -2.8220765935602214, -5.683798805530739, -5.146936427854246, -1.9092925469080533, -5.414189778875425, -6.144549216828279, -7.38247700541452, -6.087081061668671, -6.4530092528849305, -2.8910961793413508] : 0.0
98.19071899391565 : 1.1484593578669975 : [2.1835950133558284, 4.051360937861768, 2.6683296030074732, 5.403133650812537, 5.918123994507452, 0.8709420955418494, -1.6929561567221376, 0.47013318407362403, -1.0293797662495714, 1.676288642026182, -1.7690150522839385, -2.00131489924817, -0.5628176211743572, -3.2291498928862463, -1.032542533872954, -4.278520165473108, -1.4719797265225507, -4.274546450465204, -6.7507663362245385, -4.15518407889299, -6.362529378309198, -7.603132351826266, -6.251484102625757, 1.0418827566641025, -3.5685452957656314, -0.4902287037265247, -2.64733504898519, -3.1988242759596397, -4.483318972079075, -3.4092312673249383] : 0.0
54.220261806870994 : 0.4195007872623638 : [-3.721728037170265, -1.273054730382947, -2.8276018307942854, 0.04917542114423257, 1.836725557332672, 1.1867313773919466, -1.5383369235943236, 1.457185497743518, 0.09440335081047074, 0.3648618740014833, 2.8358293345276215, -0.40314596854510576, 0.8463526361119769, -1.0578873308059016, -0.6945083809833736, 1.286038963624677, 4.481302742537563, 1.8246091192943816, 2.3209002773453795, 3.717204758162117, 3.8453108982025657, 3.7646800439554196, 2.11155633451555, 4.493050716495727, 2.295108890154867, 2.705826048879409, 0.33363648623537756, -2.1810629054721096, -4.124788294191175, 0.3325406227994194] : 0.0
7.659733858317063 : 0.8486060568107681 : [1.4175144130056956, 2.764718022426357, 0.5110427593641286, 1.8095812071100934, 4.468510868511063, 2.7077175507358957, -0.1225774186708955, 2.44875062327215, 1.3642938184632658, 1.714294352758251, 3.371149248982942, 2.184645025646506, 2.6336068134915678, -0.49074046586150244, 0.18451496200917572, -0.2419938171694901, 2.5949224696547555, 2.4924481749201135, -1.6645143501445183, 0.303060186876546, 0.7399274557862894, 0.518208032680159, 0.9102552915928481, 4.151649874144283, 1.441089618106034, 2.8596151231416633, 2.2830206384871863, 1.9276440780250204, 0.6888302156440368, 3.4415273347401163] : 0.0
94.25811175990803 : 0.08413199612420398 : [3.377569854489754, 2.8058058790245446, 1.3383403963397864, 1.8795934957472804, 3.5873325705586288, 0.8929400226803734, 3.6024885420622264, 6.53211164337227, 3.7297743713314238, 2.702872764765211, 3.9862190398862922, 3.5844759836664855, 3.797227847667218, 0.3125936772046458, 0.7830633132560227, -1.6560930303125372, -1.4951725466648358, -2.5892145087283804, -4.723197302666016, -2.908524362518362, -4.5248562732317765, -4.637882575552025, -3.4022900673979204, -2.385734546699977, -4.297977592626558, -0.7423530279214456, -4.0090856048539845, -1.2636512512575049, -2.195467208076475, 3.033156059776887] : 0.0
38.154061091388584 : 0.4045034620078599 : [5.423627274112107, 6.369478766081926, 3.8073975084921154, 7.552534308293667, 10.593676866326357, 7.601577772478315, 5.4496206360117885, 7.640521550062127, 5.412599923494458, 4.609552901901878, 6.092179300247372, 5.985722296204695, 5.23442276788068, 1.2691280600113244, -0.1106480201857929, -1.7851737271240018, 1.6616390644951067, 2.232415039087185, -1.864304607150126, -0.5697441432901282, -2.9299793740323286, -3.9523147297084122, -3.426759466519705, -1.273389181246482, -3.070219309093798, -1.6907406872012665, -2.2527823270036254, -2.144064474039177, -1.905199553901286, -0.5622476833762116] : 0.0
20.064028731892225 : 1.448755284501316 : [-2.907929944605176, 0.2930016480543287, -1.2040812101272205, 1.6284877781319516, 3.4429435013617686, 1.81276816297559, -0.4922240413079644, 3.4971444991722604, 1.3245747462655373, 2.440469420006707, 4.528146870474285, 3.4083461917043563, 6.12350317292827, 2.9543420172712067, 5.456875641295954, 5.029735837290088, 6.474082601887051, 7.5634885851413305, 4.709873292224563, 4.776111684614428, 4.4429553400718245, 3.271956033393069, 4.9774410394290935, 6.9567833669240375, 4.511776278543023, 5.561762282349806, 4.461899654109849, 4.9407525404477415, 3.489570418930559, 5.1047121646088796] : 0.0
46.846395623347 : 1.0047882379931585 : [-1.0887736052155923, -0.35702269378145557, -0.26186665612489457, 1.19739633289057, 3.5608915849981475, 0.3270927549665742, -2.148306489491411, 0.9877715222450277, -0.1646266311314144, 2.3097202569486566, 1.533388581922865, 1.1239387206464142, 2.63452927686955, 0.4221410872568504, 2.4995148000694036, 1.7606284460185548, 4.347840457393522, 3.056008970775414, 1.4553205871434323, 2.25115703308543, 4.490666195540814, 0.9967082929425426, 2.793864346639995, 5.0302176411975505, 2.503437514135881, 2.7552223482686897, 3.004658302308401, 4.744596905347194, 3.842310108342768, 8.40137532788758] : 0.0
19.194659611908488 : 0.9755358260214338 : [-7.87945787639225, -4.25437844665661, -6.726111549149802, -3.3655073697883138, -1.5198415034835706, -3.147023677344343, -4.186749826452461, -1.2653729410301109, -1.8083617574601856, 0.7809310356979294, 0.2931292636674876, -1.44968181123634, 1.069509372795745, -1.9477170183796855, -1.3406287116538174, -2.8346419696523437, -0.14733041834063793, 0.2920732407134663, -3.2392128170284367, -2.038758417159369, -0.8010423397252734, -1.5936628279401326, 0.0902429485463434, 2.5875439029224125, 1.3304760455787217, 1.9299873529356835, 1.0546917670374005, 0.5603080166152425, 0.25632123284002284, 2.552732688398785] : 0.0
73.9201257404667 : 0.9194120116032622 : [3.2161002563887497, 7.2588379759110255, 6.853967907150867, 8.72113556225868, 8.918786596347278, 7.0776090418630675, 2.761745748822847, 6.579458828780334, 3.532270199416597, 4.515656588728131, 8.431829717362735, 5.530348505001097, 7.656402358378047, 2.253424741665279, 2.75261411565529, 3.396968042838293, 3.9361131429206244, 2.136602078983475, 0.25637905522464033, 2.3285492790649, 2.585175498438425, -0.368392536270713, -2.380259940833477, 1.6651796705326136, -1.223413989754531, 1.2825798102139183, -1.6646191717588428, -3.292926827631485, -4.046338837291941, 1.1729103192571215] : 0.0
58.93098632080057 : 2.175666532822718 : [-6.739048911727252, -6.488959959458242, -7.990152131140254, -5.296592523921637, -5.091299873336286, -6.0409150439265495, -8.509677461146444, -2.190891798581122, -1.825269619754092, -0.13916057111495017, 1.4305201701290304, -1.5347649462818722, 2.9355711942161697, -0.8736285747589374, -2.1762798788118816, -1.1578509962185786, -0.3423729618936442, 0.11601028517795542, -3.9663389417948576, -1.301037903113776, -1.38223135038332, -1.8785612868460546, -4.01935876249133, -1.4658916383357603, -3.966907855265985, -4.015149929663734, -4.585364932571768, -6.055959884038392, -5.988803669732714, -3.918691329630942] : 0.0
11.13777090265353 : 0.3415700119600231 : [-0.1596320461414673, 1.597512625768084, -0.7130777171475337, 1.873119893809841, 3.7216404069649944, 2.309519388551545, -0.3311119978714856, 3.0621549836221047, 2.8748306034081708, 2.9150046318246816, 4.567925955014266, 3.4151985206717286, 3.691051706864326, 0.07399671824612353, 0.3711862925450262, -0.475717013463982, 1.4394633176918263, 0.6620346491380867, -1.8180433401279923, -1.464423693489699, -0.9005967364361263, -1.9433965007236833, -1.8170034230121483, 0.8901659448762171, -1.081323983115981, -0.2702917974487891, -0.6489473037161582, -1.8980420701659428, -2.7504278008152316, -0.5229111257286427] : 0.0
67.89070529327775 : 0.1123894862855762 : [0.40853791034550957, 2.7717447618187014, 1.2271471696256013, 5.987941909973019, 5.96917822269837, 4.1563053232121, -0.9056407811055474, 1.3103492955874219, 1.3199826435760946, 0.1295159701752996, 3.4895471289897873, 0.08036588599251626, 2.277273218344975, -2.5389390120128876, -1.0257276473505836, -1.7054172236241447, -1.603161340214685, -1.4282984348338927, -5.1651599627769, -4.833701618904984, -5.118375777967834, -3.7204676723402863, -2.0615093296325306, -0.524326845087971, 0.1775808107491117, -0.22753340183216286, -2.0464654476960495, -2.8021041687073316, -1.6146386842584144, 1.3201369808972014] : 0.0
74.39573322547668 : 2.124741121325333 : [-0.4246184322031601, 1.5081581368936203, -2.174818966711491, 2.705708735765921, 0.5452536250623199, 0.4944508940706145, -2.163705952235971, 0.612576283435157, -1.1719927464666844, -1.9881401279798834, -0.22514463553206387, -3.8774833685063523, -3.9305175040371227, -5.654025210281529, -5.696429101883751, -5.962574298792558, -2.3051893062155897, -2.5787993683295816, -4.305839336090504, -3.029021092046773, -5.1335659629070705, -6.213398668061365, -2.8831334967756526, -0.24629008856262447, -3.5641937244748263, -2.562737783692493, -5.145493428790793, -7.436921320663767, -6.32385504903058, -5.067461561593996] : 0.0
34.597374150893565 : 2.0963381607590548 : [-4.456407256440804, -1.1221614120448227, -2.6696889872046263, 0.04577635044024797, 1.3410136697070947, 0.4268285110177784, -2.339614190234545, 2.4683779568710955, 0.5715359118214463, 0.23358650533493153, 0.6762005839851608, -1.0836462748537297, -0.009722449151352452, -5.589346297927684, -5.9027985138852745, -5.632335343402313, -1.581534457101705, -2.874615961651428, -4.7184884322353895, -4.2027962702321755, -3.1383676757437335, -5.059861411124712, -5.078708605443673, -1.8401506761685376, -3.87900857611681, -1.8752565648132724, -4.82433512803777, -5.075663965800643, -5.5591691843800675, -3.7251810891632067] : 0.0
21.631682441048934 : 3.019938516152685 : [-7.027804944405532, -4.932815262799685, -8.716595654350913, -3.191788778208037, -1.0154053604595772, -3.0879751570819938, -6.335318392225418, -3.3348012626679298, -4.281536609270633, -2.893770378449915, -1.271434531991642, -2.8356556422661368, -0.9429768423444616, -4.660115626645508, -3.501212323436828, -4.40952756505339, -2.0426764831623196, -0.48763672251298695, -4.123905030175306, -2.343368049074783, -2.5373568185861823, -3.874764871460638, -3.6488126619421353, -1.0017219923247782, -4.309384482738318, -3.2219534322145886, -4.706876156815582, -4.033056029859679, -3.9974847770156474, -0.6846686250225538] : 0.0
13.2241153960381 : 1.8364068373885887 : [1.6058614855061013, 2.1855979186009025, 0.8997180922313395, 3.015718115635205, 6.051909343218504, 4.589811912418426, 1.6227344939299468, 4.923265993990526, 4.559556405692068, 5.525525928961489, 6.985334419429605, 5.324863691869435, 5.8113482612886465, 3.013344574609315, 4.371229895605254, 4.067314224569776, 6.666758827429424, 6.502170499958034, 1.8781940952407212, 3.694319531031485, 3.7658921819585607, 2.2698136938699203, 3.8132138786414043, 7.585107838644668, 5.294116913456509, 5.968989359675726, 4.379720168993822, 4.580442501740819, 2.8562796329846005, 5.62522159972577] : 0.0
7.294684070736228 : 0.4496994525946837 : [-4.796526744809882, -2.9943343478795317, -5.018252233417189, -2.203587102155263, 0.014926987168293548, -1.4383074479391953, -3.4920874250370852, -0.6068852448526614, -1.9002920572770978, -0.484979364871956, 0.3691650301433751, -1.1678933596091752, 0.25956514324692526, -2.584811345321607, -0.9991864140372924, -0.46818530429476046, 2.232959311377699, 2.2608233851271913, -1.088873571419927, -0.14015719141651994, 0.8929795328237528, -0.1998186672161425, 0.7004459546391293, 2.4836045584733206, 0.4413999371229097, 1.644559837635383, 1.0744390803555102, -0.040055199831099286, -1.4424510001665465, 1.4899937751729244] : 0.0
14.70812986790214 : 0.39641910103593003 : [-3.2010488147906164, -0.39187143384769735, -1.3734688486754643, 1.8750293934883735, 3.210725017336566, 0.7217502448684964, -1.7619005987799834, 0.08758639276438096, -0.9457997106614218, -0.029642731189551297, -0.0304707647601552, -0.9221869848281442, -0.7378698409845141, -2.5235823952339285, -1.4690910495109573, -1.5001888432523194, 0.8327815984742091, 0.9865556259073998, -1.445229514803911, 0.04060968190638492, 0.9067487748248644, 1.81206015495026, 1.3558435497346952, 4.990636583543999, 2.280196449014751, 2.7461140219297775, 3.09634382683722, 3.599836350823157, 2.855540834057583, 5.188081799860622] : 0.0
