Fitness : Violation : Position : Miscellaneous
14500.344134639428 : 0.042521719615175584 : [13.822311455860266, 26.4711871214281, 32.99889647959989, 28.514515794986636, -37.65935273459616, -0.8513068932214061, -11.888753261378383, -7.8800269166293555, -39.761608606205336, -45.00538497109657, -14.859370054201442, -43.21576822568434, -30.141845642065245, -13.094931834089268, -22.516781420730144, -1.3313712576081524, -19.099507839912228, -15.386707179029795, 9.554692356727458, -1.7343737515988806, -0.3980114974787998, 15.633712857743625, 2.7822952874178313, 2.3291702995596673, 4.840533814575696, 8.148094121454463, -0.7593408134534982, -18.970566886218613, -31.02086936938639, 16.31184265722368] : 0.0
10856.823551657544 : 0.001593871712505877 : [-5.697639346168663, -10.746936161896517, -14.56851319634281, -23.061306041439952, 4.584088059492078, 6.159614754502972, 0.7044106259528486, -14.04325629248253, -15.935022082121158, 11.247154345785406, 37.90046035429491, -0.40609696652642313, 23.39525336168855, -13.686362414908846, -22.08796701989888, -5.166813199513882, -12.061837682253312, -11.156684624967834, 23.970312205967335, 17.08586460207652, 37.196774855569664, 6.930610453165961, 9.660537541645928, 37.619604210961995, 11.8720107169562, -9.77746808774517, -8.925565779084, 6.156171344262436, 1.3898745545758047, 12.105247441714548] : 0.0
12595.941572155094 : 0.2001524671939759 : [30.920480832743166, -14.616496447097006, -16.628697951878564, -18.466231121292964, -11.613592100748804, 12.746978691080429, -3.4258260807900385, 17.242366661135797, -7.415139592841982, -23.207745574972783, 19.70688280885251, 32.77944298579936, 3.928265468361517, 5.00378809820071, 5.318138113882144, 1.7336325075722385, -11.270178235303582, -5.492607843082048, -26.16689474325947, -20.938096460524854, -23.36851937474323, 14.538736226785204, 17.923331398770713, 28.460088872790408, 24.730939264056868, 23.322048152192124, -23.299800027234884, -18.683817721725546, -9.645467516281926, -38.509986245366676] : 0.0
15400.813428892023 : 0.005735138152225868 : [-17.786025425724837, -6.674113086173595, 18.989410520491724, -6.822732880733805, 4.983754227999043, 11.485292355735892, 10.079335239252323, -23.635097875729084, -23.081849883967088, 6.158489894023003, -2.965807380045403, 17.860200287070374, -0.8855700746262762, -2.6485721889808076, 9.445955341416342, 2.499232194393352, -10.275569516724822, -1.287878733165619, -12.095254990376258, -30.27051592120828, 4.671134069572517, 37.555679519771175, -8.613740707690347, 4.247284871408173, 18.14469975736357, 17.184825000150973, 22.188927433114998, -15.656153771908281, 39.69848048859082, 42.36733888551203] : 0.0
16820.41972892166 : 0.01884918395518616 : [19.137812356417637, 21.58771771570759, -18.699121701097287, -13.100891192388204, -0.6383415971575133, 32.36997711204036, 11.929147801366206, -39.00153237872315, -0.1716106812083762, -9.438350162586392, -28.541250900991336, -14.81515453639759, -37.6175729727191, -19.263988795070908, -23.450155798526122, -48.0976525672299, -26.809604522387257, -29.177683263881978, 2.2179530275113315, -3.4999908276046456, 15.895844599409788, 22.3017505828619, -2.2840104908499654, 4.872779999850231, -14.300008926160446, 27.28791803589947, -17.20228642548898, -7.38959099333136, 0.771406530709613, -8.587609248839735] : 0.0
11642.746005079116 : 0.007899876685820158 : [-13.053991139496507, -12.045876468989263, 4.293399220397816, 18.55727298842547, 37.34452785911794, -8.690052306320155, 15.479554525790682, -0.3294551191945245, 1.0538605067910378, -20.254906597565743, 4.429338199635102, 23.803678355526486, -9.494428839163918, -17.58450017135397, -12.169768392257508, 5.887634027041902, -13.04866951213312, 12.469974095308427, 22.562888237271842, 28.125809347917734, -6.010851866311201, -17.84178909574149, -22.293894887326196, -12.632181519480968, -33.8820025667129, -4.746511928986899, 14.716066188296672, -1.568873831418431, -6.962997815639156, -21.195291041612798] : 0.0
12371.929585894592 : 0.062056854566533634 : [33.868117029912156, -0.05174699322055076, -16.571323125598845, -16.076233501293174, -13.77422206956141, -8.49966948087488, -37.29264503767756, -35.2339064447325, 0.7873630552867752, 14.138434645346766, 27.396937252108614, 41.58331528659579, 26.583101767671607, 11.774513802348142, 19.028316127831395, 9.20429768084891, -33.10768208786207, 3.063497659179788, -33.64533865079433, -16.70948072358818, 7.1305990875208956, -15.383948584751622, 8.034193869536852, 15.732605713398415, 26.224982436420753, 0.3076450129452013, 6.879750379578473, 12.914064273864966, -7.16293272289569, -11.788302881782823] : 0.0
15693.674814543258 : 0.005968839601159038 : [48.58524542250153, -6.538591577530955, -5.7040314437201705, -4.716405918615685, 28.04245437923758, 46.764003025571384, 18.635855898946595, -27.060355654964937, -27.873830729604165, 10.982355697454718, -7.682791093959311, -12.289563489462129, 5.229489463128431, 24.83511655011642, 7.232800081884804, -26.560220627265792, -2.224337456716383, -10.054483483832048, -19.559697835560954, -33.17569101739493, -5.229511985753685, 30.409234156350415, 34.6674953675989, 25.438270471633864, 12.414352485923226, -1.1862271919713692, 16.917683035369052, 18.469218643402087, 5.22453839073521, 2.998680742317357] : 0.0
10887.032994920977 : 0.0015114204921117629 : [-2.6353703860429665, -2.8991417336973, -4.231457403080704, 2.0706533522683137, 17.10180261024332, 34.344656618487654, 8.352812273394651, -10.030414130046495, -34.487281643853606, -7.66880964996578, -2.461710917394326, -3.59060783321965, 7.213821395370448, -19.041109073956797, -10.567066876063937, -22.31423949639074, 11.160933441867728, -4.060626590072641, 17.757732443051395, 3.5263432915941193, 29.88227480266822, 16.54254428098767, -14.599977812060002, 10.060553912062499, 19.48595273173834, 44.705398302708176, 9.733939928514353, -14.74519801776647, -26.282020285585023, -7.667790742669013] : 0.0
12429.847053744006 : 2.3818643537429907E-4 : [23.456874173773123, 2.815942286289747, -18.83819045409378, 8.39738471371066, 14.934070993848229, 15.781037392535698, -13.076572283013753, -3.526091677974499, -9.759879316011254, -7.587368374852613, 21.305452758550302, -18.730868081315815, -1.888756871475362, -12.06871380567959, -4.10680436066518, -43.86331733926071, 4.472933200602203, 10.437592078435936, 1.2795896469535695, -2.2626429304280733, -18.363770763139588, 4.332684764524622, 17.013994481546927, -0.24624431165385974, -0.9628605183904035, -12.034415715240018, -29.784719726569968, -12.021280287971756, -0.7871335604023031, -36.05031032037449] : 0.0
11776.004881490588 : 4.7860750595167073E-4 : [2.713997547659444, 12.561288730841628, 1.961441779433816, 11.007404667132045, 21.419612440852827, -14.032836912406978, 9.143203610175101, -5.397761485441311, -39.67665760601444, -18.228640874978797, -48.043723086495405, -27.84083013041441, 10.625966044181215, -11.702202100797182, -14.267638262805878, -12.191733027567844, 20.85015533115226, 24.016141255982753, 0.4495012316278988, 19.668993647923795, -8.557581835306515, -22.66016649541134, -27.771139561971307, -42.889911139496434, -23.720447946203336, -40.40174317871947, -16.359104415692066, -4.499812134108939, 6.339205870209143, 6.132714490798576] : 0.0
15690.18460013773 : 0.003292461900380861 : [-27.381113327893765, -7.7557100399444305, 9.842865258492644, -15.707234949945232, -3.1055572140895578, -21.060958277641326, 9.464816685191204, -8.34955237321144, 31.251621479684964, 23.560036066461713, 31.259024920777136, 37.579613139128504, 46.499860411011696, 16.70196859217678, -17.562780037676422, -4.831948623543178, 8.813374784951545, -17.700618061575113, -14.528112119569048, -38.18022808284489, -10.317933709052562, -4.774126639074483, 4.935547645474955, -9.505496516213057, 22.6234939011318, 5.887029685250193, -13.953844101961279, -4.554319133003816, 37.71165334587124, -2.1016513993840658] : 0.0
16779.830215604063 : 0.4245756077207676 : [11.10217731609918, 35.93082486298826, 20.80612134396057, 4.288682431152477, 49.462307760861776, 5.829862736965165, 8.98057357774822, 13.78763870892989, 3.44121776164328, -6.181744981659506, 7.871433553171461, 10.153341452780769, -10.88107782557044, 1.5316345069281223, 25.79091670558457, 30.865949076988073, -4.972035527888941, -18.998957699492895, -33.45086959421825, -17.335133699102467, -29.609633607270705, -43.92305882584567, 8.284278310654173, -12.088265933573549, 26.29890995828764, 18.57139693329565, 9.101397608791348, 24.670885132619514, -27.95403813335611, -37.11820387448868] : 0.0
13640.43875553129 : 0.008324002930202863 : [17.14836998675407, 33.129485133705, -2.5842595890258266, -7.070258207325985, -28.13953655436842, -32.22096641546081, -3.868920832971309, 10.142063206480067, 11.140152060578451, 24.296408762035142, 3.40458711675511, 20.758110150547765, 20.65988278935361, -26.725820080511483, -3.296944418642749, 17.53486213074409, 6.831310602505837, 23.490124829715057, -37.447135954434565, -24.098843355290963, -18.80425751240673, -19.268289706159763, -3.5107251313772387, 19.62538581770427, 1.662829164802492, -8.466807895004514, -22.46757786583793, 4.039230293424836, 19.19216249367247, 47.18395640259407] : 0.0
10681.727377620504 : 0.12928760089276403 : [9.603254302817255, -13.76683568294789, -7.768690046320575, 1.0776418455488823, 0.9214234991321373, -0.15920620575907662, 15.841631648749875, 20.189931278771994, 29.34496222051674, -24.91709684320621, -12.938119081771987, -6.817181826138331, -16.422551064835744, -27.225646087114715, -24.816453402862532, -37.88253749102105, -38.4877648128156, 4.49351594984482, 21.58761419399548, -12.032038425523256, -15.356223160402136, -1.9125710748975493, 33.07470276454615, 17.057138974315347, 7.943856631809794, -1.4222625009848806, 11.076180818760442, 10.994479264512286, -3.5708249146632403, -11.854802129448629] : 0.0
11431.217473420795 : 0.5008513210977648 : [29.848091207236504, 10.492512404878285, 18.038960763571925, -9.503037926711297, 28.419135018365274, 20.18202604938874, 14.267971486457043, 9.523746233520615, -8.444310805263871, -15.514668150798155, -18.93101268196835, 4.418138833160718, -14.852402890110007, -8.618269023880252, -8.313387032508563, 9.853790596887857, -11.90424484661569, 9.76504154184624, -2.3148512787051914, -20.318330298892736, 6.929791507894528, 14.5490990712814, 23.213898754914474, -36.412018874200825, -35.48997439730487, -39.19529859745664, -21.716333118397575, -20.61544548579239, -31.572813735522026, -29.692707019396362] : 0.0
11540.167730982203 : 1.8756830022953846E-4 : [17.99707682295204, -28.302843881785343, -13.171658074097316, 17.799738455576893, 15.095747241120886, 26.025404410317485, 23.786484437274535, 13.278195465108073, 13.356330704646325, 20.973989210233444, -0.7678617345863081, -30.17247732786087, -3.3928590419288778, -24.000912336624474, -1.7383170782928836, -10.208647139091696, -25.00995071778754, 3.5748613692900335, 5.234584092489703, -19.326153484436585, -13.287322413944148, -1.5045133892389515, -1.50508682023791, 13.309175094483033, 3.1628595881408845, 12.637516601363377, 2.9838610419280585, -44.012865461525394, -40.63932266608219, -20.376475655941466] : 0.0
9750.466055830846 : 0.29566496113511354 : [0.28402448003116376, 8.733221919119792, -1.0073081794505567, 14.30095735238871, 14.998948865640457, 9.978726621081222, -12.272427016828448, 29.40561534535403, 5.7027139284206605, 1.3823541357484643, 6.582536592701604, 17.198479254546484, 17.745454176773116, -0.7737076492983164, -11.110391991718329, 2.257674630643437, -1.3847698408683229, -14.510975826619728, 2.70372984085504, 9.582275258597313, -28.174685964851513, -10.155070429053596, -18.192597170383685, -4.907809551190956, -19.150649651484585, -1.1977517586510391, -12.00624326713083, 22.042453160314707, -18.255429743311637, 5.790929358243794] : 0.0
12156.5987421421 : 5.723396294209593E-4 : [-4.905651487637499, 5.51191965919711, 11.263971655655475, 33.701667784365874, -9.17448566646232, -2.0046960133466563, 31.07080111410567, -0.8600476522646545, -29.062752053666532, 1.3842700695810635, 8.770086916648355, 33.75261158306101, 25.670393077604036, 27.237477918281925, 49.67209064264998, 21.78051993930024, 22.394630689622524, 21.328161966460506, 11.929977053424878, 1.075690735424315, -25.5235753835621, -34.418261522207736, -4.504073912633677, -28.892098889271384, -23.12019945912956, -22.717695252193963, 0.18460832173121844, -1.1103649215449805, -5.371504301534518, -13.021869108897492] : 0.0
11572.647957562072 : 2.169391876439756E-4 : [16.727218419145853, -1.751483078141252, -20.704710313438337, -27.077501805958406, -37.51714207522241, 11.399529689922225, 20.493561915911904, 25.942766543064465, 28.453034388407673, 30.38031903233966, 13.01308083605369, 24.631846698264724, 0.5411692359409201, -16.475003391444677, 6.682433521102725, 5.2617765691570115, 7.182414461175767, 18.081545971494965, 9.388752182316239, -0.6338863052390096, -30.653779996025094, 10.400235029492062, -9.445113299621928, -24.78229389598119, -29.048501827022577, -22.361603451265907, 7.702588467662184, -0.512440642911173, 5.731534267000836, 43.03191024956622] : 0.0
14886.059176175253 : 0.0013464260523884757 : [9.875499758495032, 16.667014269117033, -16.353945388239833, 3.3236991847119555, 10.844645755937957, 4.938717754953007, 8.902050423370284, 8.158087065444656, -22.99469154016795, 11.655779617456481, -14.670151119225357, 25.132705550625644, 39.53641281705816, 16.22338044109736, 3.2076680262662607, -31.94229224188149, 8.59123527926589, 15.029535580635866, -7.877508288606813, -2.6665949874418597, -5.536610982346083, 14.635272306511258, 7.537741631163065, -24.337044200096052, 24.487505381918748, 15.701853254820165, 7.599321789595702, -2.436466808525836, 3.0250699404505426, -16.442021077392383] : 0.0
13678.148154390252 : 0.0012912410211414205 : [-5.557806180624915, 21.232423082816766, 5.808835320983791, -8.75759574583018, -13.177628546050055, -25.198514311221402, -16.468639737908006, 27.1146228450866, 10.351693640471305, 35.962085917972885, 17.033888682252165, 16.795586979563094, 7.125842162615452, 2.6762179259420975, 19.324240052231985, 9.608460520183526, -5.5621859167451415, -12.994510860834868, 8.043906837874404, 23.0956377919561, -22.983729723178165, -3.0147052417555447, -32.90836645657255, -23.849572939178515, -1.4885411483408202, -21.673863201723265, -6.199212135848509, -18.810478011339768, 26.516139148073307, 3.749047249581242] : 0.0
14914.146169855507 : 0.012151042818973768 : [3.1730658338012994, -47.23932993255282, -34.87813752987946, 6.258402957746853, 8.683827812392229, 41.811911162082865, 29.02379657637351, 3.8670249613265995, 1.279899620564257, -19.430115270000172, -7.987356601991199, -27.324348505366068, -3.628879023257717, -4.916676466002599, 1.054756480635569, 4.499720229913208, -17.25865835416418, -1.0339772914508512, 20.91085993246513, 24.034929365471257, -1.086204437212487, -18.83020639777029, -29.738730296002352, 4.994264044413267, 38.78902940379561, 29.09623116876832, 34.43357355746991, -7.583835279587149, -7.133122352179107, 6.038367216728178] : 0.0
16468.345500254934 : 0.06483447331348742 : [25.06995593635392, 28.129725958900302, -1.1677160148572159, -9.230007432931355, -3.9529189726793366, -48.361525506955175, 12.528020757311907, -2.2529714727043055, -3.898952859995802, 5.0015130557209275, 11.304243420438237, 6.424654072967233, 6.731554367548263, -2.5267583137861482, 11.818284281537384, -15.030793960989648, 28.476931434572045, 12.029525672397014, -23.616295387681426, -26.77747865126212, -40.41442812518047, -21.786914543058767, -28.305783423171853, -13.612876200591606, -29.441958015437045, -11.14991064168877, -26.116475124755688, 34.38020265502544, 24.94119889010995, 13.593902821424361] : 0.0
11738.686353448047 : 0.00226568622642039 : [-7.345438148494408, 10.735419441626842, -26.474162758797558, -4.136671390580727, -1.8841305647983564, 10.13327966790905, -8.204112476983324, -5.945733115971489, 22.80489244520291, 10.197897585202487, 20.364626089919735, 19.824541588395387, -6.3191731391101875, -1.1089394246444484, -0.04842691801446897, -27.197402583169314, -12.268039554840461, -9.080960334080267, 8.151809770095962, -30.271438432162043, -30.3403333431796, -16.493555517694464, 1.892527415166871, 4.2851246708786075, 0.3637874019964835, 16.53065899499389, -27.908551529741423, -12.731881393086198, 26.8392823229954, 29.67861197554056] : 0.0
13296.679785155757 : 0.003797665135907069 : [37.604841206574605, 30.434348411512353, 46.56560143757497, -2.724709661535627, -21.31993903988966, -4.440711558424205, 26.98209814302366, -2.749902207554193, -3.8965498018193934, -8.185872563147047, -20.68791297531368, -24.72569456377399, -12.843892694151169, -11.363174901051593, 4.3230701106136955, -13.717566716384303, 33.7705703982288, 14.909345093251904, 20.118225571784937, 5.882043111805018, -12.334768817004813, 4.570876676802669, 13.096903714185299, -2.9609449165738866, 27.820199009528466, -0.5704121045597876, -7.413586964278975, -4.716447091502424, -22.877871927586952, -6.294429600280736] : 0.0
13020.850749012347 : 0.05228614477235475 : [18.906781939113653, 28.308829128566636, 35.67086901856349, 28.911963641040472, -16.09902972917189, -16.695237913395804, -24.803228657985315, -19.153401389926145, -9.197483122920922, -11.740963717438145, -29.73216739592769, -39.251474146656626, 3.6927024122563665, 7.86050847679825, 29.68377937962391, -7.606577694614341, 0.024791627854826914, -1.1159703124057785, -19.423998291021036, 3.0286758518443193, -3.535984597531444, -32.971706404276546, 1.7308706611628766, -8.076899556752231, -5.877791065530456, 41.196627653586994, 22.397789200164723, 30.1368295235161, 9.62632944487158, -11.869572611465783] : 0.0
16166.693748993259 : 0.004503137291233025 : [19.023290991235697, -20.94653678102476, -24.7702252602771, -25.467430324431778, -16.8309869830093, 35.303178755124314, -0.19139278576803145, -11.060859093243744, 2.243011465238233, 25.076982853664422, 39.27832204214748, 35.43404152909612, 40.051680968984925, -1.8126709400915684, -12.825756640572074, -25.057050223447, 17.835508549468365, 10.797554724807632, 2.4030984121345824, -31.845106881095333, 3.671181950437255, 17.05068960917746, 22.98425001158705, 31.15758078361211, -16.141325147539373, 3.0787718200004193, 9.864103801533968, 14.479832321138842, -6.760420673851549, 3.5284322131885215] : 0.0
12433.823466775757 : 0.019587562732479538 : [12.535038284420782, 2.359623407179373, 34.553922001297636, 35.50007150937901, 7.940843019189613, -15.91897284678957, 10.136089810354573, 3.08427441087451, 26.353360362902613, 8.754011413167508, 13.574670948263817, 33.27349426111968, 23.22909658678523, 35.11223842895633, 28.628615801275103, -11.263423548400404, 0.010907049998149176, -25.225168112053055, -34.419065728667825, -35.167444960472224, -19.274750095793603, -11.37609707628184, 0.6377134533891073, 21.928676554388158, 6.032608232932631, 17.811420799681063, -31.752534959551696, -26.519952985543775, 1.6478449104175787, -16.021460518163856] : 0.0
12258.877025939408 : 0.2961625824618876 : [3.276621642091957, 8.017478359159579, -12.312141223024721, 7.45843198731621, 20.433501608115055, 20.70525422492784, 3.561411580234541, -1.0099402700878848, 4.706961739429024, -12.631990414023033, -1.730916285424847, -15.194339193669062, 6.430653287055158, 26.34013421924208, 6.09588777309221, -6.040454397369963, -31.145145307160547, -6.270224026574624, -12.680245151942827, -17.58472700781327, 16.576472189674224, 12.158988360075409, 33.44113581398943, 16.675871883298278, 3.556493854039438, -21.590559493704518, 29.45998268320377, -14.953136820977107, -30.67625624061049, -26.69441907697167] : 0.0
