Fitness : Violation : Position : Miscellaneous
-0.8192874101429204 : 0.0 : [6.2705691653196975, 3.0649809284119627, 3.208286842637493, 3.003336895917373, 3.0377284303668253, 3.1020451401566937, 3.0928884252542383, 2.969788855540768, 3.045224765545265, 3.0180390961797077, 3.017112797866354, 2.895572424685934, 0.40539007890109857, 0.45012256926728067, 0.4157573300183134, 0.406679786388936, 0.47209687393651817, 0.5234369487024355, 0.35890569889391805, 0.5336737575532847, 0.4142720839692599, 0.5127145262777629, 0.4538385547310935, 0.4655682892001414, 0.5063761743743667, 0.4248580646858536, 0.42452199920594136, 0.40986408561890497, 0.5539575984335983, 0.4673517477179791] : 0.0
-0.8183834817245536 : 0.0 : [6.333276122412715, 3.0965927682217673, 3.1697512332668754, 3.0274139437053225, 2.9462639154454577, 3.160268359155217, 3.1388802188581817, 2.950435016223614, 2.9565296907451, 3.0259711314717266, 3.016462772377075, 2.8864608322487717, 0.3801672798202107, 0.5559320230069964, 0.5048284002524666, 0.4045106656816998, 0.5563323292937558, 0.47536044029483965, 0.3467799250267711, 0.5131060967500536, 0.4559012217044951, 0.4356452226244983, 0.5503231575049506, 0.4584932131056623, 0.47532431474965775, 0.31106401982778864, 0.36456473519084903, 0.37117293019644304, 0.5745891986996725, 0.5056501403275597] : 0.0
-0.8157475337056007 : 0.0 : [3.2046677843811757, 3.0282694789636238, 3.206402347833459, 3.071541242538813, 2.9563852269698767, 3.088562343599208, 3.0582914768782095, 2.9193480648776102, 3.01331674197838, 3.0703092963029315, 3.0042187448224187, 2.868628236829098, 2.8996373831424496, 0.3858272097822094, 0.46097226324507934, 0.4140916194797637, 0.4504351858070039, 0.44381899352784526, 0.36910200835587703, 0.5057625515047526, 0.37042911171686727, 0.4714246973100991, 0.4382937093497679, 0.43363632520281165, 0.49401162348314687, 0.36201443728986443, 0.4087372136625691, 0.3648651785657768, 0.5017735316690735, 0.4492902030225436] : 0.0
-0.8200377225009372 : 0.0 : [6.2498271497454745, 3.091926680518187, 3.126206331792217, 3.0313635401511076, 2.9998828686364916, 3.174359362201899, 3.1473147585111314, 2.9275058020235893, 2.985615116850669, 2.9825094898901225, 3.0275661662482367, 2.9142279025783724, 0.3974559736852324, 0.4545025962904377, 0.47597704155195, 0.466663502772816, 0.46949016830866597, 0.4965739048620435, 0.39520906599088534, 0.5424634753687269, 0.38531830676307105, 0.4429035284177615, 0.5407650803720107, 0.43268467428389273, 0.4763002693853758, 0.3527968518971488, 0.4572724824818605, 0.3995929263419643, 0.5328375111809911, 0.48674498141675987] : 0.0
-0.8151134162438674 : 0.0 : [6.291816027252438, 3.1611432530276287, 3.278841852466573, 3.0200447252625673, 2.993316188102673, 3.221324711119573, 3.112917099137493, 2.928384018220452, 2.9695342790294745, 3.104716672369619, 2.9961138851224485, 2.7626410729231488, 0.48897545793409064, 0.3931286221011189, 0.4922068367548328, 0.4347380786225427, 0.45085015917391436, 0.6173733134006082, 0.3980453572612262, 0.5140668587487921, 0.4354984157649172, 0.4545567370784801, 0.5366897914134245, 0.44591855993361695, 0.49898555062609457, 0.3199154247572328, 0.3809680454994139, 0.354014896504499, 0.5343099828582207, 0.48629531793217795] : 0.0
-0.8196904726700777 : 0.0 : [6.253919388665884, 3.0108961140535513, 3.153501946042404, 3.0114372763020527, 2.9884342711970495, 3.1524772008661297, 3.0547292882684616, 2.8786337228526317, 3.023050680990636, 3.032104600718313, 3.0628646416588414, 2.8960134806019777, 0.41743083721227203, 0.4764747577354054, 0.42056953036704103, 0.44540441188256086, 0.488991994452338, 0.49305932837832017, 0.40197765675704317, 0.5788911550959105, 0.43045176569351523, 0.46961348866428276, 0.4842739424913606, 0.4588025752984337, 0.5205134183927314, 0.324862617014942, 0.3821849957252092, 0.38752307671953445, 0.5372102721599328, 0.5075307011832122] : 0.0
-0.8134151226595271 : 0.0 : [6.271225466044566, 3.123242878476641, 3.278893848190691, 3.0257561614245234, 2.910327823939417, 3.1110999364927197, 3.251715801591887, 3.0038222282673313, 2.947592016560232, 3.070804304022567, 3.0554793420340505, 2.917348893099981, 0.31241364411161743, 0.370108296870694, 0.4912060957267361, 0.4972171846323903, 0.43638998055673206, 0.5182402396670839, 0.4660316895396599, 0.5558906970103306, 0.412600096875846, 0.3788770186647017, 0.6110245672647647, 0.42617108971926226, 0.5574599093779793, 0.3629333659878719, 0.4311586400283992, 0.35800410069355326, 0.5587439769003821, 0.4663821031984968] : 0.0
-0.8189150766913108 : 0.0 : [6.335275176183599, 3.1177289700590154, 3.1997798956028896, 3.1163863812509316, 2.968808672943207, 3.153735472956244, 3.0906958638532265, 2.956183623408421, 2.988631470217511, 3.0689660684544826, 3.067759022155345, 2.908321416187425, 0.4385102534303471, 0.4445080616517856, 0.45839803827622616, 0.38280020110725954, 0.5422141368160116, 0.4769178208377151, 0.38561497558153446, 0.5134643918756472, 0.4330159061309995, 0.42654462101906176, 0.429228939385475, 0.5217496952304141, 0.5746186674369096, 0.3742366877384505, 0.3917901984946546, 0.4059891841970442, 0.5155734212345304, 0.4601809344829567] : 0.0
-0.8196585477862702 : 0.0 : [6.360067477606249, 3.0920185650211227, 3.1523690358259837, 3.042911170525885, 3.008711203196471, 3.1411587774719503, 3.1064939830106146, 2.92927465460064, 2.9421152377535407, 3.013986874776239, 3.0551381588896023, 2.8722975345377386, 0.3422788467915264, 0.444768614240254, 0.539556317990853, 0.42697538095684257, 0.5302920294841104, 0.5298620632539801, 0.40753393270620186, 0.5053760844582945, 0.41826671635459833, 0.46106342901115227, 0.5141664031537811, 0.43271946291967445, 0.5249297557604473, 0.3398551541624121, 0.3818474949337952, 0.3985320704174071, 0.540636474901631, 0.47878334943471784] : 0.0
-0.8200762516455197 : 0.0 : [6.292192525522378, 3.1037243929722473, 3.1757691664799963, 3.0030414697447267, 3.0296068956907165, 3.1352899023152925, 3.1431617762804445, 2.9655161365405105, 3.0172124549020616, 3.065600952242086, 2.9665236993826096, 2.9177077345354356, 0.4002151553766021, 0.4703176973227057, 0.49962998952268606, 0.4725790741927379, 0.4730275814285303, 0.4620649245215888, 0.34630237960060534, 0.5544907130390349, 0.3823208253702437, 0.4674343356121584, 0.5024236221994189, 0.5077948258695476, 0.479961038738126, 0.37697476087195636, 0.40033575428450624, 0.3945888637037851, 0.5196311198965229, 0.47663114807038465] : 0.0
-0.8195760900576011 : 0.0 : [6.269157554278488, 3.061688702974757, 3.1876573315437238, 3.078014710177421, 2.996757642702687, 3.1460103299369737, 3.1347014469942573, 2.9215633610869096, 3.0996572587212556, 3.0410861536367033, 3.027773728426874, 2.852001994148586, 0.4224656139703781, 0.44258269717857135, 0.4794400308565048, 0.4138902508712772, 0.5224548415035197, 0.4878987559800394, 0.3883120865927315, 0.538577867987147, 0.3721757104122873, 0.4537250459604424, 0.4658752927412722, 0.45545913542536537, 0.5136048038267603, 0.3987699608837547, 0.36230407538923337, 0.43555079705495514, 0.5672044398111418, 0.460762054018797] : 0.0
-0.819451664593588 : 0.0 : [6.329258200087159, 3.0758286702096127, 3.167797381396965, 2.9701565282150506, 2.9522988097285543, 3.154660654060393, 3.1282049567950923, 2.8854982791194614, 2.9950866474684457, 2.953284779404739, 3.006532051523939, 2.906384305441728, 0.3910035588755485, 0.4505702536908538, 0.5325733508839507, 0.42979966347460585, 0.48625187287791233, 0.5035573872683132, 0.38635432279903703, 0.4925120650065875, 0.3968342710609875, 0.45372370028888076, 0.5132375868971235, 0.430748800343505, 0.5413259494342185, 0.3854987640465176, 0.3609601731794473, 0.4541124552086254, 0.5248552387095662, 0.500523652385755] : 0.0
-0.8197496927443344 : 0.0 : [6.346317288373161, 3.0481620782786463, 3.1675831145523015, 3.082502223927157, 2.9531871868980524, 3.0715294857582247, 3.145468120542502, 2.9070922546183873, 3.0260278886717424, 2.9934766890487414, 3.0086388551305205, 2.875253965598029, 0.3506421400464992, 0.45443089240549633, 0.46175901375455886, 0.4101626842245153, 0.5600528439631136, 0.48206878095671035, 0.41376418583002705, 0.5366455618593711, 0.39063409636959234, 0.4292850976991688, 0.5110896194499442, 0.4792600674177976, 0.5432618262278652, 0.3344926359187059, 0.423058701556139, 0.4025335040479855, 0.5497153146366368, 0.4776443986461725] : 0.0
-0.8173957562780768 : 0.0 : [6.295276268665252, 3.112079403513727, 3.2204752731775472, 3.0784889611014297, 2.9427607133314306, 3.1966803604845575, 3.154592416362374, 2.953279483808289, 2.9184055745658233, 2.941378209940308, 2.9712039061923985, 2.828807531898423, 0.41815432188765306, 0.4817954791407685, 0.437233577256081, 0.474127341482265, 0.4798909398426379, 0.43700283072332285, 0.3929198137353086, 0.5090805065274338, 0.47403837254384007, 0.5378735260380348, 0.4814224836387796, 0.38700220746015934, 0.5842186296522238, 0.3556383008348249, 0.40177045936909733, 0.40919830183678885, 0.5467181078061039, 0.4326727011580769] : 0.0
-0.8191774923054503 : 0.0 : [6.333669572276051, 3.0709532557908865, 3.239527929784389, 3.04877626662964, 3.003968726540245, 3.1226404186700663, 3.0221085694915386, 2.934376797754579, 2.9820286851175344, 3.0698885557506594, 2.9357378999737755, 2.9448984059983516, 0.3572624490649673, 0.4107940567494477, 0.4782762161592116, 0.43342714898914914, 0.5092279992224031, 0.4454201759834858, 0.4222989115513862, 0.5240057687210551, 0.40485975447047695, 0.46629191967744776, 0.48064639777667284, 0.4949397630846239, 0.583404638828533, 0.3723380421318456, 0.3923613853086316, 0.3963867208744379, 0.5526646275576703, 0.4732845152103214] : 0.0
-0.8186836907024985 : 0.0 : [6.258197473122958, 3.0848225756729764, 3.2169627076843472, 3.0760896740303796, 3.0185368677168216, 3.144338798720317, 3.0756779751250214, 2.9036622915281, 2.976798560530325, 3.0408417500757237, 2.975926514069972, 2.8866944813847257, 0.48886027988262526, 0.3985041089441677, 0.439411632194279, 0.4345458637013912, 0.5159152562060503, 0.4883569207484184, 0.32280902962226454, 0.5662257385373615, 0.361448645601283, 0.41365213050611255, 0.5133844559265195, 0.4851740595173626, 0.5438838634282227, 0.40104049738315006, 0.4668832863056922, 0.3724909785590003, 0.5558212036682615, 0.4574419291936621] : 0.0
-0.819155468020943 : 0.0 : [6.295747606900354, 3.0606389491518793, 3.2072331163692134, 3.02575542484934, 2.9842061582268835, 3.1176151911983565, 3.096373069286566, 2.9105182581537283, 2.9536584490010283, 2.9369046396641485, 2.973520398806048, 2.8068860522982875, 0.3534337263821754, 0.47203718603178146, 0.46282472240366584, 0.46903608511681677, 0.49402854340992214, 0.4876123367131656, 0.3384220845906315, 0.5814711739994252, 0.40987287780747444, 0.5019423515119635, 0.5089856897673504, 0.45825895815822754, 0.5681061526024237, 0.4270484259184877, 0.3540253466039679, 0.37703813064283204, 0.5023015628092031, 0.490673902262764] : 0.0
-0.8172772539018252 : 0.0 : [6.2567449682233285, 3.0496564944232745, 3.2278543414597607, 3.0908084112473153, 2.9852739688085226, 3.0993529952494066, 3.096264179493511, 2.850824054536399, 2.935484061249725, 3.0314688717550147, 3.0642278323568366, 2.880492349733949, 0.37191431711589207, 0.5070418324122241, 0.4427997812385315, 0.4135348470260873, 0.557969716076296, 0.433136591508071, 0.418055784324584, 0.5681927884155047, 0.44456493487391036, 0.45906082933415887, 0.478030334498711, 0.5365581564466341, 0.49811061688844666, 0.28406340404313657, 0.4138491571933832, 0.3577366195896029, 0.5523262473178351, 0.5128204468961121] : 0.0
-0.8197624793199015 : 0.0 : [6.270644032520756, 3.0407456171968326, 3.2089398428898432, 3.046773627988097, 2.95712775047188, 3.176049196485998, 3.0971778517946884, 2.87145916738608, 2.961052418479316, 2.988173845589631, 2.966391053077537, 2.815496754729435, 0.40325631168091003, 0.4362335891280578, 0.4382477864723815, 0.45333303640566197, 0.5127302993660225, 0.49167069627416266, 0.3763021090980724, 0.5266861022580301, 0.36656272907018705, 0.4790325412052251, 0.5299545781510198, 0.44908202742104586, 0.5597879646898494, 0.3613821795737816, 0.41828585340701285, 0.43330939975461624, 0.558350847636647, 0.4474738735115402] : 0.0
-0.8189842073648395 : 0.0 : [6.2955901058758545, 3.06377796644159, 3.2197009835630874, 3.0757807474560814, 2.942671504487844, 3.1233655836087877, 3.118923521744982, 2.9377001957700317, 2.9758954133198694, 2.980736754711736, 3.0180956986619067, 2.8970810314535367, 0.38244765430178534, 0.495851909526196, 0.5330388029009283, 0.42758923104138225, 0.4846950199196532, 0.423740706576208, 0.46111878871341494, 0.5678827245799496, 0.40476912118528546, 0.4355759518626314, 0.5172305476963668, 0.42014054539372164, 0.4786958460847871, 0.39065845446038217, 0.3822405419288152, 0.3949315543881426, 0.5654262903661376, 0.465186785125284] : 0.0
-0.8197267440926956 : 0.0 : [6.3536090129073965, 3.012190540165738, 3.1813714557193693, 3.0575920627092428, 3.0188952403701848, 3.1252461977627233, 3.1276994977731176, 2.9326525084951203, 3.030519609149022, 3.024323311321334, 2.9910489226280688, 2.864218270699901, 0.44640032529318285, 0.41947915416939957, 0.4295761588503547, 0.42936876056582784, 0.48359847680537216, 0.5539749830985545, 0.35632130490284813, 0.5546488338118787, 0.41961095789797365, 0.4801133160619937, 0.5092135438469678, 0.4137074054140364, 0.5353998898998376, 0.3961898616476915, 0.40011008729255837, 0.38176088955632503, 0.5214012042669731, 0.47713636652527824] : 0.0
-0.8170452722807967 : 0.0 : [6.3520653695124505, 3.0703049033324463, 3.264843315384103, 3.0130307833526526, 2.9659589037125715, 3.1726459147779273, 3.0558071769365913, 2.915088623777795, 2.942192074577399, 3.008259859474356, 2.988255057598485, 2.925230481411338, 0.3821268608544979, 0.4368779925484214, 0.4818075683293057, 0.4924018766263565, 0.48361989689418994, 0.422528087429583, 0.4457470504015189, 0.47490521356352533, 0.37229296377438065, 0.495004344448028, 0.4962082706261015, 0.476459555555513, 0.4733628381113475, 0.4421633139496035, 0.40929097492977334, 0.48802209883694403, 0.5210860702809527, 0.4473343831091325] : 0.0
-0.8195067331843777 : 0.0 : [6.330589433865547, 3.0530913191052376, 3.2257880769980223, 3.0544310819281604, 3.0161403370789746, 3.1686617473100687, 3.1430903337706315, 2.9561973853058268, 2.9462939918657085, 3.039486768521611, 2.9925396239902025, 2.9503298058118856, 0.3956072352476663, 0.43386336812263393, 0.4538334248017304, 0.4742576132511564, 0.4832418783005634, 0.5154309835758291, 0.3946005174305405, 0.5343290562687549, 0.38068953351430934, 0.41938808064983646, 0.5180926930000671, 0.4171388841138306, 0.5672913242725934, 0.4246716227305324, 0.4217308987353252, 0.3895336531348486, 0.526466351066295, 0.436274774975194] : 0.0
-0.8161925149519098 : 0.0 : [6.330108985603719, 3.110584143527009, 3.2086288068919897, 3.016748358996154, 3.002131930677598, 3.127542907053188, 3.166243502685349, 2.8711798478547275, 2.991037950335053, 3.0700440525902013, 3.0034521321955943, 2.9267840248797166, 0.31209065346434994, 0.4929276780149601, 0.4877188550156837, 0.4737080211810819, 0.40318250361878927, 0.5617443004020395, 0.3597413639849672, 0.5384316691835609, 0.5200642178584476, 0.41836716573352184, 0.5097210424828494, 0.4462620894720789, 0.5074962978536388, 0.4358316276483978, 0.3995724133997675, 0.35931388327995784, 0.5604304318844826, 0.4528953584525127] : 0.0
-0.81838801289187 : 0.0 : [6.39165667354828, 3.1408635928035835, 3.23704942374413, 3.0757714935462843, 3.0022540651960297, 3.161753868248598, 3.1587836782357814, 2.8795368554241065, 2.9882073534244933, 3.056897834357278, 3.0558923243105784, 2.893944381670853, 0.3222980707112615, 0.5114552541473194, 0.448964569057684, 0.3767082330896744, 0.5114897306723796, 0.5633005402086402, 0.3539592875317778, 0.5223043797902214, 0.40831959640746684, 0.47760353690071533, 0.4835541122061567, 0.43355629608468294, 0.5369613340888295, 0.3620824564933251, 0.45218447741269235, 0.399105101113562, 0.5163187690064979, 0.48416881858656113] : 0.0
-0.8190558815911114 : 0.0 : [6.327417473783416, 3.133554004935351, 3.13791348025589, 3.026179057569114, 2.947862348041185, 3.1576128685440157, 3.0850358982284853, 2.9807107914983013, 2.9613508467315697, 3.050410521123549, 2.981836346557185, 2.9314357389513566, 0.4337123350273703, 0.45094311956568855, 0.4796407568078436, 0.4743906117595963, 0.5236955565104522, 0.46310593234071784, 0.41764599392657836, 0.5474207758601226, 0.36887826682134206, 0.43903488868722806, 0.5089598147641333, 0.40109479024551364, 0.575683262011419, 0.3803403305063449, 0.3301668509983857, 0.39552745813953716, 0.5408701051334045, 0.48529639882614045] : 0.0
-0.8195120232076138 : 0.0 : [6.316569060236698, 3.0532297498767154, 3.1701828380519927, 3.070874263904648, 2.9929358618135695, 3.1588773143403515, 3.1347582738983655, 2.9871058991559947, 2.967438217001117, 3.0386685328668, 3.0271177738663324, 2.89962819667535, 0.3836141749291002, 0.40122009147071036, 0.4002213037610811, 0.52176239123065, 0.5205421927752879, 0.4958851300817889, 0.37858526048800745, 0.5310519185530953, 0.33476009005200574, 0.4890833962485891, 0.5061931911326962, 0.4578452356899176, 0.5568419086380392, 0.3656790897409836, 0.37462363794975495, 0.4557214502367011, 0.5292522173759363, 0.4906897201361553] : 0.0
-0.8168538541628675 : 0.0 : [6.248868341818757, 3.0788376689561217, 3.0902251050297544, 3.0266494873830303, 3.00916515184013, 3.1806912293357423, 3.0827030887865523, 2.9896896621181632, 3.0304965450830634, 3.1054125907923145, 2.9320109645224597, 2.90659772968988, 0.29192958831434057, 0.5149030305759044, 0.46978594906441484, 0.47108835238449237, 0.47142473177461386, 0.5317250393654129, 0.43468959361063286, 0.5483306137204252, 0.3762687357216149, 0.4622227303014447, 0.47659026855062697, 0.4924543266260394, 0.5992327683368475, 0.3777963423382711, 0.4043138855731875, 0.3476887171612977, 0.47924121490342686, 0.4814668023732581] : 0.0
-0.8180866697617599 : 0.0 : [6.300214788634847, 3.0903927394691024, 3.2153913371647675, 3.0450992584388796, 3.028314195403124, 3.2337735203890547, 3.133726065991125, 2.927147429647337, 2.937789154459485, 3.01872828452362, 3.036995166888498, 2.8141253794547234, 0.43263009471847824, 0.5049932512486355, 0.4393416564302972, 0.36549618171408726, 0.5115115193906704, 0.462525024662767, 0.3561990714214977, 0.5003922823590996, 0.4033092978641701, 0.4468438965409073, 0.515433919469369, 0.5129156510872256, 0.5699046128560785, 0.42388969258547604, 0.33015935430681237, 0.44138943717836543, 0.5284685173659331, 0.4670738433629791] : 0.0
-0.8188599256520956 : 0.0 : [6.256512345875376, 3.0714071154143108, 3.209909525562558, 3.08068043597559, 3.003634424495952, 3.1865127096108057, 3.0275940702966464, 2.89268944203602, 2.929763822775982, 2.9991924988938616, 3.027085617068744, 2.893944478254842, 0.36828308714548885, 0.46597446548849353, 0.44926125587052856, 0.3950687337759338, 0.4877190899441034, 0.513901557971649, 0.39447208118224253, 0.5719355439936671, 0.38015973919852797, 0.5290095466249571, 0.4717228553241195, 0.46506710312731603, 0.49075471260061276, 0.38786431522732645, 0.4748392722327837, 0.37446142119745063, 0.5187118665412804, 0.4853558502881549] : 0.0
