Fitness : Violation : Position : Miscellaneous
108.21767705046798 : 0.0 : [-2.0989674339312385, 47.09169904891752, -31.090918064284303, -8.765121065702877, -22.91641444254429, -18.88851367142745, 4.54080968114758, 17.739989883077357, -37.99896396216724, -21.810233814423118, 24.475601940580603, -26.070523577080365, 0.04917618197079193, -32.56373268833033, -20.490142813099418, 16.013973560688832, 33.47157059234948, -32.8686983314831, -13.846858328824464, 24.34671304522257, -45.940788855848915, 35.50563605137993, -19.3847228277802, 34.004873352755006, -38.635895542044004, 18.18889905759012, -0.31399301085423287, -13.487586489183489, 13.937532172383781, -41.557778511868264] : 0.0
255.181332977746 : 0.0 : [-1.9953948729109163, 46.374359002006145, -31.168680568061454, -7.971422670068162, -22.2927032436653, -18.68416327132579, 4.215534369518738, 17.406495466379123, -37.84130219957027, -21.146863506609897, 24.89994936376433, -25.976573197236977, 0.3783857857947701, -32.423712178289776, -20.317679017480614, 16.448539577696977, 33.894081051220525, -32.9954383690954, -13.950191071251425, 24.685958108904252, -46.33110972526017, 35.3028918816458, -19.287873685756747, 33.97388911706365, -37.958534469206896, 18.337233583092413, 0.3607171636377771, -13.437038614671533, 14.11186917665972, -41.56966244511099] : 0.0
154.23922483459043 : 0.0 : [-2.4501455630820077, 46.40776960575381, -31.630957110868877, -8.709123381203103, -22.953907019653514, -18.75865683260158, 4.67440519957073, 18.0054309414999, -37.8473396728563, -21.483689805029762, 24.48075913877966, -26.645309847617273, 0.3304008831711397, -32.52089489578799, -20.55684805057611, 16.659102811303118, 33.92752407860654, -33.05324178765145, -13.646483730715289, 24.74441749184436, -46.64184347820556, 35.46776888469377, -19.172828195244563, 33.85455679504708, -38.67091292690425, 18.101250414985994, -0.030133715760213176, -13.603498763755454, 13.935894244394284, -41.38386126756185] : 0.0
73.24626768297269 : 0.0 : [-2.450973904585228, 46.607696884004426, -31.360935783634908, -8.631331784844932, -22.598513796590005, -18.92117788642187, 4.3571592189004855, 17.65098653893575, -38.03420742055378, -21.691908725117177, 24.35048194802394, -26.725306119634688, 0.14250081611848164, -32.52548043472618, -20.328231650354056, 16.182044956891293, 33.4715734947796, -32.692262563971425, -13.811996622871078, 24.40626283586253, -46.00447710299666, 35.48578938571244, -19.175008274401986, 33.7105529478864, -38.52328756959575, 18.270287047926217, -0.12027313224365077, -13.692863638346944, 14.197717240462545, -41.35340825660512] : 0.0
532.5505813077737 : 0.0 : [-3.375179171590114, 47.00797772368038, -31.74863311170902, -7.97965067131557, -22.798071977960397, -18.67924471680338, 4.011043626874168, 17.858303270128864, -37.704996349405114, -21.605910642554115, 24.1343618742034, -27.143694029560912, 0.19755228135417413, -31.96166045629786, -20.30615729699893, 16.910611655003095, 34.310856006750186, -32.17920511403277, -13.146194910324507, 24.910982306350313, -45.65931539722719, 35.64607894370902, -19.2939663805652, 33.51416715588535, -38.439948716599176, 18.23825531831512, -0.19568041018582438, -14.543364087610037, 14.866096935787773, -40.10722220592704] : 0.0
256.80848800750033 : 0.0 : [-3.139638278541483, 47.297162080234884, -31.01074599378785, -8.763668193070815, -22.715835138713917, -18.723392012813093, 4.3095375178872555, 17.51436856741308, -37.61922268699553, -21.76160557108075, 24.805905624383392, -25.85685035567858, 0.35002315250620253, -32.656164933288665, -20.199534226517862, 16.127376951713305, 34.42752440816139, -32.52970359833451, -13.892184770114577, 24.814342801901184, -46.46977751959337, 35.48873182901754, -18.89590768817004, 33.77904563293936, -38.59018836924544, 18.105494852097717, 0.12293430837532748, -13.139804960755374, 14.068227789611207, -41.408564220401516] : 0.0
290.4388463809117 : 0.0 : [-2.6899997401902476, 46.41886664284645, -31.055645702049965, -8.690492103052037, -22.92102106378692, -18.921013758637095, 4.490738889005588, 18.059082456558844, -37.667865545514594, -21.6388429135925, 24.3366169535534, -26.386593323838802, 0.24262438060874322, -32.33312820433595, -19.799182324850058, 16.471844875893247, 34.689802689993016, -31.769343871840544, -13.119687902853155, 25.04142901266095, -45.71506473706444, 35.465048954465715, -19.582561903210195, 34.134079330171716, -38.37394685150921, 18.000636911469734, -0.4080938797157372, -13.495081607068048, 13.908988311909658, -42.318997471108204] : 0.0
83.69285567345713 : 0.0 : [-2.5920656728719758, 46.42977718914384, -31.578358072813167, -8.598019524509287, -22.81001665450337, -18.51809047174762, 4.466677330503839, 17.525160630756293, -37.7485056953036, -21.62259623926291, 24.463697620764506, -26.389541931190823, 0.14181338389591772, -32.653505245232765, -20.1546159845325, 16.270818569874457, 33.71992918643305, -32.88871052504412, -13.847754006885985, 24.509722963910168, -46.07619226192911, 35.13694288592052, -19.391170869231203, 34.018706136659354, -38.68110087431782, 18.528039031785276, -0.3448209793082861, -13.640515019352495, 14.091851815653335, -41.247347350741826] : 0.0
63.20388339455311 : 0.0 : [-2.216414594290331, 46.662642516656405, -31.290785738351154, -8.695153071582872, -22.717583645664753, -18.944460592835487, 3.9386237288587633, 17.825594855956822, -37.99648798680124, -21.61044865442918, 24.54690780333148, -26.34088325095239, 0.024715909417594356, -32.41642218934917, -20.447588257214534, 16.303459073314382, 33.56242339478371, -32.79528847127923, -13.911915589445599, 24.394195813526377, -46.369158320330826, 35.42689690523463, -19.514261000609135, 33.87253373276975, -38.520829053462165, 18.32185086985163, -0.20683099335484426, -13.608027955522738, 14.193737893617765, -41.36436203751222] : 0.0
60.68791713405356 : 0.0 : [-2.852776873839061, 46.744251693774665, -31.342369649647203, -8.786010855568385, -22.729459100458, -18.857162996732118, 4.275834174031314, 17.78827320197068, -37.97174042975058, -21.649985985483134, 24.550110630922312, -26.602698235082283, 0.29225206792741715, -32.40725388994345, -20.26900518832548, 16.21978029446502, 33.73479663044398, -32.779365094029224, -13.991400582866063, 24.482031418409754, -46.223315569760345, 35.50639204669619, -19.414385133858755, 34.10809752784951, -38.183252628492895, 18.45840264770682, -0.2555607482931053, -13.503575091178943, 14.149969650824954, -41.47645685305844] : 0.0
468.0314206082845 : 0.0 : [-1.688729862647047, 46.76919246528112, -31.147987265649224, -8.60846651539114, -22.26050567495581, -18.5842639412357, 4.4131877635397, 17.006008902058564, -37.679770582856335, -21.419884118652543, 25.33800498849906, -25.367500584771427, 0.44677291961447113, -32.407859025822624, -20.78934232336009, 16.605770448143716, 33.35933802791426, -32.1009675793907, -13.429326814000621, 24.129835975892334, -45.77474933495567, 34.82214764979619, -19.2303420186678, 34.057755840126674, -38.57019389203293, 18.221460895409624, -0.3385491170760632, -13.169365722497888, 14.255064611025631, -41.47204701646256] : 0.0
260.13324316564194 : 0.0 : [-2.771607642148075, 46.79547419754576, -30.824309430187533, -8.11427165697637, -22.615446833481933, -18.50039948724008, 4.958751816111824, 17.780875910891872, -37.7141962757019, -22.0544643937128, 24.949921531047764, -26.59973455161165, -0.028759981358450815, -32.65644708662563, -19.99834187955161, 16.56145522071835, 33.69419062947631, -32.53831949069322, -14.178842500385182, 24.539157691858968, -46.25053570942676, 35.4741006359845, -19.310865141026568, 34.26711217922009, -38.73439752138932, 18.254943522144366, -0.2881219720241431, -13.434614120511133, 14.309003514623384, -41.14816268026627] : 0.0
147.31832854308547 : 0.0 : [-2.104068027193825, 46.58010006061056, -31.123377070385242, -8.445480719768174, -22.751631542923896, -18.97414328076265, 4.716946578923711, 18.20492877494177, -37.79047167512467, -21.74562394119848, 24.711606392745715, -26.25125858673061, 0.23011322907637988, -32.4014852294294, -20.189104035317953, 16.325803204265107, 33.675957171111435, -32.439866791236824, -13.482511244299394, 24.56773307173325, -46.2367962827181, 35.37009114658704, -19.025319068948562, 34.418472009002684, -38.07573814706285, 18.515272373130923, -0.13757485445646697, -13.486703769844995, 13.961985540221786, -41.133247111325744] : 0.0
644.6725763203193 : 0.0 : [-2.9908726120294324, 47.18612177977158, -31.19508357391252, -8.07289958188542, -21.943000849443624, -18.437444485059686, 4.0271957464828425, 17.55733753095542, -37.53895329758721, -21.14821764549166, 25.105754949877344, -26.808844653015385, 0.02119571685746935, -32.74054643510014, -19.603049670584713, 17.08636781908338, 34.462429627195775, -32.243461332166035, -14.626296229826075, 24.363589236209798, -45.831917375402206, 35.45587114790638, -19.27385451387056, 33.77103549518843, -39.47807727102774, 18.861934324957723, -0.7046555262982954, -12.887469671956609, 14.72601761530142, -40.92627062315947] : 0.0
248.7986899512401 : 0.0 : [-2.6088167823272572, 46.6571234672753, -31.706487832006204, -7.886053111648453, -22.21789744069657, -18.831322898408125, 3.924004464536387, 17.752663019244206, -37.705817073714925, -21.470359765606936, 24.63381322795452, -25.65733451964075, 0.687004734956111, -32.43326253311129, -20.428395223907323, 16.24220173198631, 33.4002550504872, -32.73925246047275, -14.069763750138673, 24.770584032763033, -46.24686093278279, 35.58606561655435, -19.226981382414365, 33.94889799551366, -38.37703007240967, 18.617348609931113, 1.0065724276542287E-4, -13.62330750550985, 13.836764663306209, -41.03999014085956] : 0.0
574.6738750493087 : 0.0 : [-2.188329184821824, 46.489426931784, -31.748207269997025, -8.709754536996385, -22.500702991346227, -18.63736221526572, 3.9968778131148595, 18.586174620742984, -38.111741187297156, -22.274940662339326, 24.284772136384994, -26.650837504850468, -0.8531150304092305, -31.493874000478357, -19.977567579122933, 16.61270681329422, 33.6087615847526, -32.12954935234558, -13.323640954749633, 24.479419849112233, -46.648926778320245, 35.437062292626706, -19.27484513587743, 33.88752534447493, -38.63074910734183, 17.92968121718315, -0.002538261130735131, -13.596704688598962, 14.345540098939424, -40.93442228958996] : 0.0
242.2897957134528 : 0.0 : [-2.5743376131494315, 46.51696291278693, -31.53290343027411, -8.822575867035265, -22.253056552189776, -19.010842039093987, 4.007044437398729, 18.46747411985998, -37.227538439956625, -21.110221778117257, 25.001314572667887, -26.54252834167336, 0.4403996873213968, -32.25930490117471, -20.64203342249221, 16.719759803625678, 34.03550578266136, -32.188545559067705, -13.459816362489647, 24.411124070993203, -46.44826637259965, 35.59944954974985, -19.28490769084608, 33.80615690828479, -38.67861533562295, 18.411650766668192, -0.16078586448050497, -13.683570678885667, 14.08310585228744, -41.552788713872296] : 0.0
85.22951720287224 : 0.0 : [-2.1286932722248197, 46.494523662243964, -31.614212300177492, -8.76706412092044, -22.532848596072505, -18.868451782436075, 4.32963552746178, 17.550514545759647, -38.09362159010936, -21.491344002977982, 24.696219452702675, -26.522311969472483, -0.1408100741921417, -32.36804034752953, -20.411970571047334, 16.0832859999081, 33.663756624881216, -32.72727521321707, -13.943269839923708, 24.444732525982914, -46.0338485349219, 35.44057325757363, -19.219311067426712, 33.907761896690786, -38.325894645843775, 18.482161675057895, -0.17817263594093014, -13.678570183062043, 13.746756099150083, -41.345419995119556] : 0.0
2108.663406632254 : 0.0 : [-3.7121127672552285, 47.33832623487048, -32.34915594920403, -7.856077902510611, -22.331828936581473, -19.517908746400458, 4.123002776974763, 17.537190607810146, -37.23983329836876, -21.243787923902445, 25.0974000040854, -26.2736396630953, 0.8727517826222841, -32.84666151624265, -21.158441434893398, 17.424223632891582, 34.63420869708676, -31.978658106527558, -14.675269171386095, 24.32679318596535, -47.416203680423735, 35.63490885871966, -20.926570970012865, 34.99733935280557, -38.69201230188348, 17.85121309826451, -0.4052932456863905, -12.7946896633329, 14.580376429275375, -41.54604156763857] : 0.0
126.39981068405893 : 0.0 : [-2.905197127047774, 46.97332482928712, -30.88143483246958, -8.470865281493424, -22.58395285642494, -18.65594174454896, 4.127129415500714, 17.635856110678862, -38.017347417264126, -21.755441974323404, 24.34032072505577, -26.42491695653281, -0.04438307646073347, -32.43699422368362, -20.782312950764574, 16.435015811700897, 33.6066323942774, -32.66811960382981, -13.716178146781214, 24.090857419694053, -46.07976930534018, 35.35330691973192, -19.18692839354485, 33.91434860521702, -38.64091976433842, 18.01338199524284, -0.2623940250058977, -13.6099582656732, 14.112553008101946, -41.435977531045395] : 0.0
1687.6560616488352 : 0.0 : [-3.4424202054197766, 47.58779730334973, -30.33598374223035, -8.720776032583291, -22.35700187525593, -18.647974474910452, 5.170084699222252, 18.556360262915568, -37.86093382787065, -21.95664902418254, 24.675693264155505, -27.39472133965567, 0.17281408163215717, -32.97169810818089, -21.052360774061363, 15.258553913569171, 34.62500513620489, -31.93704063297253, -13.295628278419253, 25.64555832954276, -45.29283039756573, 36.34288836694196, -20.159159909328512, 34.84013966939615, -37.27848061432273, 19.76175617655252, 0.6611818627661452, -13.484382780215933, 15.449582199046088, -38.54787076909911] : 0.0
206.07272818947592 : 0.0 : [-3.1863898867262925, 47.17465413184589, -30.96329257285565, -8.498448642831768, -22.67232518701786, -19.006035867921046, 4.467058779831018, 17.660747111198496, -37.87022295678327, -21.333617940964686, 24.536419284580937, -26.411193641382827, -0.24699306662771614, -32.733562449767255, -20.47063872112307, 16.22338941832924, 33.45812612754256, -32.76969080207621, -14.029062434932836, 24.19493782009368, -46.01044900457349, 35.73977439680985, -19.43549405174241, 34.26524394064229, -38.0635140962972, 18.71132385944363, -0.49544930915305097, -13.198842503105755, 14.394113643396242, -40.70913944490249] : 0.0
294.2885355465906 : 0.0 : [-1.9089267036279116, 47.20411879185563, -31.02418565325575, -8.543477917524168, -23.049806004048214, -18.8957539551903, 4.9232751469195435, 17.8818179192185, -38.15500977059862, -21.353144169474277, 23.65980509359249, -25.936857591750133, 0.24126755371963154, -32.43254876005081, -20.217307988043736, 15.91908476630946, 33.766138406739806, -32.66787196045291, -13.653626408773134, 24.6959559562863, -46.19366942376365, 35.58611932619013, -19.3138716553697, 34.263418249530474, -38.546471748110946, 18.79190399530816, -0.23536003214850335, -13.671958505670707, 14.268440299264352, -41.664925393519624] : 0.0
44.60765035137767 : 0.0 : [-2.3189879105651663, 46.369706210086946, -31.363316969101124, -8.638982161227903, -22.666314285739634, -18.88584903900071, 4.446006482528974, 17.767642097086032, -38.097206563747775, -21.77871191204534, 24.557377255061468, -26.354733676406816, 0.09240919359969761, -32.43656491933511, -20.39276459836925, 16.136787587112146, 33.653557396266216, -32.822761797601764, -13.915581100732505, 24.47148410402509, -46.21632214221839, 35.30290267668864, -19.351945340557016, 33.81064891860683, -38.451227077606816, 18.279171595452894, -0.20812471605355648, -13.682742026563814, 14.093120367816487, -41.41683573599402] : 0.0
592.6543691749426 : 0.0 : [-1.6070617274222805, 46.84523047336914, -31.67296419513642, -8.079524216482026, -22.36782926166489, -18.965984705437684, 3.708078880506679, 18.539386048803067, -37.19665099512911, -21.105388151094008, 24.461440385327222, -26.18380557059796, -0.05956454246278259, -32.10191730917907, -19.328190760903723, 16.387786512501798, 33.79744736732022, -32.607596587463824, -14.575516452578505, 24.876722626082294, -45.69756351818636, 35.394928315311, -18.853073412836626, 34.503924466170886, -38.53457235454067, 18.817288147304097, -0.772419256666613, -13.214146025881824, 15.006888220661807, -40.4567054309377] : 0.0
1095.5613664439793 : 0.0 : [-1.3805657883651932, 47.15460911169698, -30.712900097094, -8.271445078190162, -22.611930702700732, -18.762667365507802, 4.315306507812737, 18.26253284742374, -37.180348481488544, -20.826266764066716, 24.816039594373255, -26.722354191411696, 0.1035680321025082, -32.29494518182291, -20.986680821423064, 16.8381702049924, 33.484337773577266, -32.19118641991711, -13.926616446701704, 24.810240988106944, -45.605169827061985, 34.856435935766655, -19.389659039294244, 33.605219563279825, -39.38311731053621, 19.17041711929251, -0.9517826490491862, -13.35118699064756, 15.767669683980579, -37.44185604614937] : 0.0
108.82626176823102 : 0.0 : [-1.6702240155634807, 46.91056580533412, -31.42115740722344, -8.647130685149184, -22.72089793836951, -18.74167852745989, 4.390347855057279, 17.697612758268164, -37.78454913794039, -21.805741690419595, 24.117911394689855, -26.371534998817552, 0.31559862488715984, -32.295344778742994, -20.18718412333634, 15.964872171507178, 33.466194636342, -32.72340033934921, -13.863983940685083, 24.716969239982696, -46.35816259658807, 35.38555060088014, -19.075206488386982, 34.018462400888794, -38.30396562676218, 18.5653255018123, -0.3916234586404168, -13.47917127554353, 14.105778154111746, -41.364842850746776] : 0.0
558.998783634799 : 0.0 : [-1.8699982918199907, 47.627119336606604, -31.125484450584906, -8.409750094286503, -23.187375366003792, -18.526063627835864, 4.815327513253688, 17.656458068858445, -37.27828568738996, -21.476609744427858, 24.588208228166962, -25.7148199300388, 0.959047838504568, -31.364447453533415, -19.509595501980414, 17.031336957159432, 34.379351027767356, -32.721573522984166, -13.601825548317493, 24.872293022101395, -45.63326295343036, 36.0144212636917, -19.37904888453832, 33.95680061004097, -38.46799197683309, 18.237205800154367, 0.3847041753508347, -13.178867061849719, 14.019076133114481, -41.90022427379961] : 0.0
231.03185166838264 : 0.0 : [-1.7129564266332042, 47.01731435907526, -30.723403553875983, -8.360471112180143, -22.498587670521047, -18.63461622731211, 4.152837438448925, 17.770598699906362, -38.11493340959724, -22.268977073217812, 24.542901706746754, -26.099133551451892, -0.17152977188981083, -32.90305780144602, -20.478944600799288, 16.393171770022796, 33.99219364250028, -32.701622366913604, -13.373495796689525, 24.657191963668215, -46.313846161014, 35.29082774556691, -19.17402166764481, 33.77047025794404, -38.56490136962964, 18.510961220818913, -0.17374027207638432, -13.200130643223913, 14.608198774694165, -41.07392395711105] : 0.0
416.2084972770282 : 0.0 : [-2.3835427528804107, 46.83040170045197, -31.222346892991638, -8.54838637658121, -22.32396835289827, -18.430074896679244, 4.336498486696353, 17.18476213650645, -38.00918465699849, -21.75064389791693, 24.738017421174675, -26.92444310526911, -0.472798629052392, -32.63121911957933, -20.387957771562945, 15.823455655348715, 33.43073533740406, -32.66956896106966, -14.065087138335752, 24.667588479632464, -46.584572313701386, 35.2438910595178, -18.86866239816821, 33.98913002212467, -38.73618724642597, 18.35412130166039, 0.08289973939918069, -13.275663693116737, 13.241578455883346, -41.28732328823321] : 0.0
