Fitness : Violation : Position : Miscellaneous
23.897868872057682 : 0.0 : [-1.5247111644525422, 47.41208844493396, -30.60976894082477, -8.048840683911704, -22.312781543779565, -18.683281987919372, 4.32270729948994, 17.726320238593985, -37.943630994121776, -21.72085539023876, 24.477518745065396, -26.42717153607026, 0.07225248057138212, -32.549805156277436, -20.311870458450098, 16.187374866080447, 33.663888780412705, -32.799305569993464, -13.920689032717398, 24.500805199052408, -46.215042822329984, 35.328524861280115, -19.374607009874946, 33.88044389630641, -38.51774306879768, 18.305767081182942, -0.30460808760451286, -13.637350022739312, 14.022106478190278, -41.46767043756746] : 0.0
23.608177804899658 : 0.0 : [-1.5057817969635532, 47.43973110810606, -30.555491050274785, -7.968754946542175, -22.214585020642687, -18.5918399481816, 4.341908494209354, 17.71911911674406, -37.94836964881597, -21.71105152078838, 24.4800043507137, -26.42549723066512, 0.057718991232842486, -32.547854145185354, -20.30178577784202, 16.171205415882255, 33.66629320782194, -32.81138988608986, -13.919861931153097, 24.499435570998198, -46.21391006937125, 35.327951004494004, -19.37784747546265, 33.87822368812202, -38.51969685645503, 18.300328944355467, -0.3092984923216802, -13.62506565529582, 14.013381384659281, -41.47520518975962] : 0.0
23.986626888709345 : 0.0 : [-1.5278615507073552, 47.39893571834923, -30.624500682219274, -8.066701955050744, -22.330053181771994, -18.702292777510767, 4.310263531889613, 17.722177416132492, -37.94693334247673, -21.715950176067707, 24.473109528702025, -26.43284713443264, 0.06372314235396521, -32.55584778366986, -20.3092326738491, 16.181357391212863, 33.66551984737859, -32.796299647627265, -13.916027381842884, 24.499792220250995, -46.22257270596654, 35.31987289370898, -19.372110455917536, 33.87743388060119, -38.520164300623705, 18.300462943195512, -0.3005019415629926, -13.61722544325226, 14.015566627403999, -41.469167829857795] : 0.0
23.758769502024602 : 0.0 : [-1.516370117146224, 47.422400034985614, -30.590021570064895, -8.006340235675882, -22.246376639389847, -18.63912979216238, 4.324153378884093, 17.718009620786088, -37.94263377328684, -21.72082458722819, 24.47111424495952, -26.441350371993018, 0.060348329197473315, -32.54763846621256, -20.316711582388372, 16.17390002474012, 33.67627821355358, -32.80493242568426, -13.921097068045551, 24.493507206091962, -46.217064744808475, 35.326092036010024, -19.37091451673302, 33.87154744071036, -38.51951645523704, 18.302497969583552, -0.29245444667115844, -13.623059677265061, 14.014476934642133, -41.47514773755146] : 0.0
24.10239859162304 : 0.0 : [-1.533221382572098, 47.408863377493674, -30.61081479546307, -8.057281459835576, -22.318894551328743, -18.701362690778375, 4.300954012115632, 17.727456075053137, -37.94031757440784, -21.725002238397188, 24.476381044684793, -26.43959797111546, 0.06535433830508341, -32.569987751732015, -20.302053349385496, 16.17625174157057, 33.67357301931641, -32.78421678983878, -13.911313186571913, 24.508754223201365, -46.21805738392345, 35.33625271754468, -19.38232413349785, 33.88269732028681, -38.52091650379522, 18.29967388515648, -0.31124698902552117, -13.624074387316012, 14.003989459672189, -41.45933867218824] : 0.0
24.465265488876472 : 0.0 : [-1.5457060738920174, 47.37063774788243, -30.692704385575905, -8.166552052765981, -22.43250502644663, -18.785161209255698, 4.2867770415251805, 17.721301367315757, -37.95194762535952, -21.713920030370808, 24.478226495617356, -26.434506844555777, 0.0644092262213023, -32.545124325159335, -20.313337927939475, 16.171586830632844, 33.68040537807655, -32.79506267600807, -13.911158780642262, 24.50203367328792, -46.227020010623335, 35.32645485436446, -19.37294376364117, 33.874969373985024, -38.50884260073231, 18.306009382405932, -0.30733514810608104, -13.62945073222733, 14.019558640522813, -41.472600487554146] : 0.0
23.747752124322588 : 0.0 : [-1.5192075663236166, 47.429345188442845, -30.578276303125847, -7.9948601228433755, -22.24369488569315, -18.631688508553985, 4.3276950828635385, 17.725529440955608, -37.930698362044026, -21.72379330708119, 24.482358878255518, -26.42329600104599, 0.06339763296856528, -32.54530767408693, -20.31581121442101, 16.178909554301885, 33.68715536211515, -32.790407916693766, -13.922908795279117, 24.50544736102075, -46.220528702860946, 35.32064984405612, -19.375934122304294, 33.88121495529247, -38.50849536521399, 18.29768296466241, -0.295454911952763, -13.628033248847078, 14.028146281159087, -41.464012489124656] : 0.0
23.593130325026127 : 0.0 : [-1.5153678034512268, 47.43232333482746, -30.56942141197851, -7.984456690603518, -22.23253025860139, -18.60313698385437, 4.359556199447713, 17.725577022242366, -37.95842956442516, -21.71852856299808, 24.47839742902019, -26.446884439389663, 0.06828077170591908, -32.54145118630562, -20.314188647180174, 16.180268218526315, 33.67317607368953, -32.79672153694888, -13.917929034213758, 24.49432983621035, -46.22060226862642, 35.33124512587158, -19.37591170235364, 33.88758802568991, -38.52233828519665, 18.304963899320256, -0.3113936564674296, -13.623922459533983, 14.006119542731309, -41.468134813391345] : 0.0
24.456843450368652 : 0.0 : [-1.5418951680842987, 47.37173168150697, -30.690790026207168, -8.174994644653065, -22.449159723420216, -18.78250563824142, 4.294608562287536, 17.721948183289506, -37.947861587629106, -21.72354977821874, 24.473499189726436, -26.4354924569256, 0.07365450019660516, -32.546214941569076, -20.30544790763039, 16.1725311770579, 33.67820910445066, -32.79158816463015, -13.920556400965683, 24.497529433682388, -46.21636470238589, 35.33360629300397, -19.378792416502407, 33.87154650346398, -38.529205268086955, 18.302325107744306, -0.31204739511639856, -13.627523790179549, 14.017725168524361, -41.475448868366584] : 0.0
24.268482389001807 : 0.0 : [-1.5392883832082824, 47.394423127451944, -30.6408530918576, -8.106747193800535, -22.387545193234786, -18.738404729476475, 4.311770240667457, 17.716403977183155, -37.94808044784763, -21.735032170267264, 24.4885887538568, -26.43045399948666, 0.06507168998566791, -32.548917353468475, -20.31385766737886, 16.173857740125648, 33.68127447452518, -32.79012972812133, -13.913552659880459, 24.49435884827641, -46.21753437676321, 35.32862848386524, -19.375837298176464, 33.867624145824074, -38.506756742196124, 18.287004632200894, -0.3049417795216849, -13.631587403098795, 14.017415125926357, -41.460091089105134] : 0.0
23.52799620335882 : 0.0 : [-1.5086113585815952, 47.43666224643209, -30.56963285112382, -7.980896588329248, -22.216377446936797, -18.595452526932966, 4.354614077562181, 17.716654751032785, -37.95763774625865, -21.720548786323178, 24.49156291323281, -26.424488572051857, 0.06433847541176607, -32.54827176028371, -20.314775896222407, 16.1742207611482, 33.67776611702158, -32.797701936175415, -13.918802716627194, 24.491766952998812, -46.21241362177177, 35.321577763278796, -19.383574100024003, 33.87470398596936, -38.51617383428732, 18.306584131376383, -0.3002098460441548, -13.627114154621658, 14.015464401002031, -41.470351326705725] : 0.0
24.067856276489252 : 0.0 : [-1.533984549534648, 47.39384559351041, -30.633597887946493, -8.06767022302436, -22.333360337284816, -18.71586773105654, 4.3068210178418775, 17.725632439498135, -37.95657655182727, -21.722406027164688, 24.475093309728045, -26.42980650096961, 0.06371751828157346, -32.552401745825975, -20.310325907709846, 16.173975572247272, 33.665412099732094, -32.79442237530269, -13.918746976591557, 24.501795786717103, -46.21643942353191, 35.325956853775445, -19.369641618572594, 33.87915093998194, -38.52474424688271, 18.290998313041236, -0.3022019717836234, -13.630054964428396, 14.009208000198104, -41.47611563567472] : 0.0
23.44980288141256 : 0.0 : [-1.4985249107894467, 47.445552584118865, -30.554997653511435, -7.938919472728058, -22.155704819417082, -18.545507262220912, 4.40270685514393, 17.742880327708438, -37.94681566671959, -21.70898825402677, 24.47636433101179, -26.43584446139757, 0.061245034773248296, -32.528182482982956, -20.30032647110172, 16.174691776487727, 33.67125055045036, -32.80630803218064, -13.91623962854597, 24.49791940262063, -46.20475046446495, 35.335321441535136, -19.359334092402904, 33.88574790861936, -38.528574941973964, 18.306812660504075, -0.3056313375547084, -13.6350151261617, 14.02382322486714, -41.47595464351062] : 0.0
24.202245180990705 : 0.0 : [-1.529545049701661, 47.395115686014705, -30.64663096604416, -8.101847665687357, -22.38856844511169, -18.7536687234195, 4.288009493956203, 17.71897174130911, -37.94973677697129, -21.718625966884282, 24.479881312737646, -26.436429763088505, 0.06951045056722342, -32.54687656915225, -20.29764637359172, 16.17730662838338, 33.677757515641474, -32.79028577945243, -13.921443695320448, 24.504806856239043, -46.2190365281444, 35.3314494945575, -19.368782227365756, 33.87918924764963, -38.52255622907931, 18.300872395623095, -0.30535802652665467, -13.62938188174887, 14.01879493853367, -41.468773202028586] : 0.0
24.08700979348833 : 0.0 : [-1.5250882242051382, 47.401101584696164, -30.637033612389416, -8.080069019582142, -22.34433711245646, -18.723404251337225, 4.29706231085097, 17.723188016575136, -37.94352962142778, -21.714465001582987, 24.479316515190536, -26.43723264010891, 0.06115788553747159, -32.54998969239754, -20.308047946268466, 16.187136426779524, 33.67245494691615, -32.78906729481651, -13.924387089916294, 24.49959289544164, -46.21943802711322, 35.32957214351366, -19.380076440163755, 33.87654769138389, -38.523696280948535, 18.299300472818114, -0.2959558294030821, -13.624812227989642, 14.013369742020288, -41.48103182090526] : 0.0
24.181355053484975 : 0.0 : [-1.534226155913692, 47.39164686126554, -30.644171773428106, -8.106409402748831, -22.378757961314527, -18.747272190860393, 4.293211737003084, 17.720716134958494, -37.947570388456185, -21.719224918320776, 24.478985199875, -26.428173834762383, 0.06008839752450447, -32.54540454639312, -20.30556796228342, 16.179435451020574, 33.679076074852944, -32.78518701508537, -13.914124525150113, 24.49270187073096, -46.21008670934494, 35.32503814308275, -19.383332191300994, 33.875123274387974, -38.51481667757613, 18.296561105335318, -0.2991616313055435, -13.625835125169871, 14.024291420648625, -41.466403583414554] : 0.0
24.462899052840477 : 0.0 : [-1.5497212743048783, 47.368501427149425, -30.689450864191944, -8.166743559140512, -22.4391382206336, -18.791494833953426, 4.292595488663161, 17.726099053627763, -37.9511517183635, -21.71593027697154, 24.486381225350584, -26.432115832167913, 0.06666585063168773, -32.54197300260154, -20.306842187946696, 16.18528515041283, 33.67835138576004, -32.78787176530465, -13.911414908350725, 24.50777532693096, -46.222530366894915, 35.32310417758481, -19.381012366677943, 33.875052181348956, -38.52631749798887, 18.29782610943402, -0.3033643481104825, -13.630323760418248, 14.003510091938272, -41.46564414984526] : 0.0
23.895937289384648 : 0.0 : [-1.5258562503120616, 47.4092279752962, -30.591970385310756, -8.024924459110855, -22.268688745048443, -18.658347888976806, 4.319671488980613, 17.71517165138073, -37.95446787514808, -21.716282276739044, 24.474113390276642, -26.437828857905814, 0.06956581092121514, -32.53360446421749, -20.307003505496887, 16.167594886998323, 33.6722909146994, -32.79622732619954, -13.925171836278626, 24.5025750482054, -46.21721486311125, 35.32550512313704, -19.36929088548654, 33.88528534653487, -38.517038654417405, 18.29192658536294, -0.30815457570341426, -13.622493679050104, 14.01849146670498, -41.464332632129846] : 0.0
23.65414446586365 : 0.0 : [-1.514130380452982, 47.431012332338696, -30.565962045984396, -7.975329366420253, -22.215664141418102, -18.603700139793666, 4.345111978112908, 17.731359825192612, -37.95259373289002, -21.720916038870204, 24.484134802441485, -26.43051305518855, 0.06394659785294103, -32.5279162267735, -20.315714512878085, 16.190029483449756, 33.66556952729891, -32.805597790637904, -13.928420114851765, 24.502106311461958, -46.21431860563438, 35.33511769972418, -19.371428533918355, 33.88301416137311, -38.52068728687101, 18.29640353810747, -0.3102740796824115, -13.619009805306952, 14.021689637137666, -41.48448514528399] : 0.0
23.518113417907628 : 0.0 : [-1.5069057409883553, 47.44887257684958, -30.53689449451029, -7.946811966424935, -22.17309082886071, -18.573656546067237, 4.377750715265954, 17.72046660175835, -37.955519419784935, -21.704970419139237, 24.47467155275169, -26.43192804461503, 0.06539656339764585, -32.54025877626037, -20.30462091433946, 16.189021605070455, 33.67924870958457, -32.793287471509615, -13.910322797084307, 24.505030234982993, -46.218486921138734, 35.33652884692978, -19.374974137928177, 33.88372029690526, -38.51966889120859, 18.299855733147005, -0.29948280261804133, -13.616916108878321, 14.016845895660953, -41.469334650794416] : 0.0
24.35366558499254 : 0.0 : [-1.5422968854624468, 47.379506576223385, -30.670709577906088, -8.147789966362058, -22.431619318308563, -18.777656179335512, 4.294648057462203, 17.729847394365798, -37.950136234433174, -21.724668510809945, 24.482266619340002, -26.424294252236052, 0.07402298947710936, -32.54444959965852, -20.306303229758218, 16.18245028379843, 33.66765173432822, -32.79540989124291, -13.921531639364467, 24.50188972291575, -46.22130692360136, 35.333152719460955, -19.374675305304844, 33.874662386795976, -38.52569002148252, 18.291801710308356, -0.2997076789668492, -13.625704100602741, 14.014465188633036, -41.46677668181076] : 0.0
23.416265647600653 : 0.0 : [-1.5041079164829876, 47.44857838217398, -30.549806366773417, -7.944735696094536, -22.174176651676706, -18.534334740237078, 4.3916070555118605, 17.738261925404977, -37.949170093908904, -21.70387007259248, 24.49481230032154, -26.440520712757532, 0.07273653237842756, -32.55127684845284, -20.30772205473274, 16.18212500740318, 33.67027160379058, -32.806944238860964, -13.926651086269677, 24.507218678943865, -46.2188611216361, 35.327369717933635, -19.378929083143362, 33.87212115919719, -38.51015570973886, 18.30498826436915, -0.30317199343389456, -13.63515687597977, 14.025929706260342, -41.47835693567846] : 0.0
24.277684183132383 : 0.0 : [-1.542055469760635, 47.38486420096986, -30.655096449362425, -8.118054007048226, -22.40845147052118, -18.757632868222217, 4.292855745591249, 17.722094491380176, -37.94017482677792, -21.727008328346514, 24.4774838842824, -26.425198836209233, 0.06545734011930202, -32.54165251071552, -20.303744843474963, 16.179299077052477, 33.676220504074024, -32.795216488209434, -13.921032900089694, 24.49305348797204, -46.22286814725126, 35.32846430090801, -19.37617738209599, 33.874237568831894, -38.51949746410317, 18.29614328785526, -0.3075005550108275, -13.631671144134003, 14.017162363414744, -41.47625619193454] : 0.0
24.014045776625778 : 0.0 : [-1.5240431684295506, 47.3989363244403, -30.618485704364602, -8.059528083033166, -22.31205525654636, -18.677657491367718, 4.329459983068267, 17.72372607097577, -37.94800752165732, -21.71322914132788, 24.474111679690992, -26.414575482122626, 0.06929615987331016, -32.54296553355725, -20.319531429414056, 16.180651165920576, 33.67933762429358, -32.79967697330988, -13.920085646890568, 24.510205027135783, -46.22899883533834, 35.31864914900918, -19.38748532997368, 33.873865046778775, -38.528648408487356, 18.306885676233414, -0.3092928479461991, -13.626266839396813, 14.017267910045115, -41.461245285919475] : 0.0
24.225645987575476 : 0.0 : [-1.5361499765693265, 47.38405618055346, -30.656803984533223, -8.114681150949746, -22.393718202417123, -18.759030364671638, 4.291410183808422, 17.720081879664164, -37.9510383174523, -21.71803108372087, 24.477593854525153, -26.43093681219554, 0.06486248825020113, -32.55112587492968, -20.309281606039963, 16.17616848102412, 33.67721183192812, -32.78557487697144, -13.920252669860613, 24.503874475351335, -46.22566670199312, 35.33114657995745, -19.37148143446654, 33.87642095459568, -38.52496688006659, 18.293447281251122, -0.2994323347739407, -13.62146902811347, 14.012302354694196, -41.46645240883839] : 0.0
24.195022778191824 : 0.0 : [-1.531753902301022, 47.38526345857858, -30.65186135906231, -8.112940746836165, -22.377290086858874, -18.74566944423392, 4.2935101857235995, 17.724675530955246, -37.95505872426713, -21.72561027406897, 24.485186634629855, -26.427513687462046, 0.06868637988678279, -32.541900833987455, -20.309814082740598, 16.178430442868752, 33.671877007143785, -32.79604463193842, -13.918631503327877, 24.497010665729086, -46.216297640895526, 35.324457308894075, -19.386728467780586, 33.8796871518107, -38.51610135942268, 18.29851462958426, -0.3036821637826266, -13.628025517997928, 14.012000015861757, -41.47224894892518] : 0.0
23.772851031171186 : 0.0 : [-1.5116974841185686, 47.41552565423054, -30.58620477953808, -7.997054942268634, -22.240955584643988, -18.615802462306096, 4.330587308702901, 17.72552514311088, -37.944472187757995, -21.716678393271184, 24.480108640070817, -26.42356834519471, 0.05630503150564899, -32.54207563439004, -20.297362961610656, 16.17581597755637, 33.67544469955553, -32.795705244590664, -13.922648644767754, 24.516425278639424, -46.223101814247116, 35.333570720958164, -19.387356272116858, 33.884478126953525, -38.515016821610494, 18.300127813301053, -0.302977291965998, -13.628174070550955, 14.015482007644518, -41.471090459613066] : 0.0
24.066856588177068 : 0.0 : [-1.5206815601409769, 47.406171498693105, -30.61689835911121, -8.049333971976688, -22.320259477952888, -18.70728175584711, 4.296690671876652, 17.72046475765902, -37.93709082004561, -21.716579142455725, 24.47433382689197, -26.421551166687664, 0.0814013927222953, -32.558453237336614, -20.301397922051414, 16.179838011945968, 33.684540215504676, -32.79396183201631, -13.923231838845043, 24.501204654296707, -46.21223097031066, 35.33140945389685, -19.37116001881997, 33.88001811225057, -38.52200936105478, 18.293893625250654, -0.30346407951880827, -13.628507029341703, 14.007398041236742, -41.46914271742803] : 0.0
23.875709002082882 : 0.0 : [-1.5212660894317787, 47.40564513243615, -30.60733840791935, -8.028942776837859, -22.281870069818517, -18.65538823376133, 4.329814799345539, 17.727363863334105, -37.946470329563795, -21.72016449587287, 24.478194661737284, -26.42199432991637, 0.06726502732520594, -32.54678215074789, -20.293553036428477, 16.178678912153075, 33.67958076695912, -32.78545492767584, -13.926252419345278, 24.50487390638046, -46.22140990542154, 35.322458972364956, -19.376908773583974, 33.87445373443935, -38.53459141644909, 18.29566934096036, -0.3041537831870659, -13.628367547849132, 14.026447655145958, -41.46400881381055] : 0.0
23.930528395339717 : 0.0 : [-1.527788221851742, 47.40639221333069, -30.621669974100122, -8.066326520762454, -22.322855798202283, -18.69238527949058, 4.314057011181774, 17.725083573013176, -37.94506801079797, -21.72119413476005, 24.47865993693096, -26.43383752054276, 0.0643076232958654, -32.55008462243931, -20.317384150406305, 16.180563103643017, 33.67840883307119, -32.793763792923954, -13.92086086886212, 24.497980867821113, -46.220006142394965, 35.33295374208244, -19.379750264474055, 33.87397642832384, -38.52317275793855, 18.29720534412217, -0.30582792886114596, -13.626560431039334, 14.010521082436396, -41.462443471927614] : 0.0
