Fitness : Violation : Position : Miscellaneous
-3655.398832994321 : 4.286683829858829E11 : [-425.3154602239515, 452.65493215921856, -700.4273756028941, 596.4931058165984, 497.24706436606704, 266.57501544729644, -246.08617233299336, -656.3371463189482, -233.45636249667325, 591.2505741431546] : 0.0
-3988.074637405145 : 1.1913107749961028E12 : [-170.18155935968218, 548.018511952286, 885.169556980364, -441.32725038829034, 873.1133457993632, 476.2234876945114, 36.709137555165626, 715.879527429845, 901.7091324813537, 929.4284599142143] : 0.0
-3576.6356302450577 : 1.134617305626585E12 : [838.2159146342099, 764.4728402490281, 965.773550326812, 468.48481822414175, 513.9603810563543, -500.21433702289863, -707.1858774196327, 171.36959810260782, -727.476559996265, -373.64662200963016] : 0.0
-3629.3046613875126 : 8.367918093012072E11 : [-40.70488471082729, 530.592944368094, 933.465668171023, 573.0724139334203, 859.9432383232154, -782.2180835270842, -91.25171810452491, -21.32034605151682, 44.52990479999448, 297.4252159449099] : 0.0
-3092.065688340377 : 2.827832495528219E11 : [-388.69830832580817, -448.62889993719983, -379.2573827926185, 633.3784892549534, 124.4813046386262, -824.8181916271999, 344.1156726452723, -118.33047729897376, -477.8924143855678, 860.9700493284365] : 0.0
-3650.537751287884 : 6.9761550884881E11 : [-361.08717869348936, -779.1852644627797, -19.85335062522074, -727.6194163807095, -163.50056481715194, -186.75258526403218, 830.9315428183081, -342.5841469019927, -750.8054097273601, -990.7324981058539] : 0.0
-3459.072945176225 : 3.0420195910185E11 : [137.70807369264543, -751.1344559697013, 149.73432701896928, 547.5539679210457, -421.9075156919922, 200.19536023752994, 500.03200997394157, -351.908143049673, 603.8006113830672, 934.1669284733698] : 0.0
-3959.8079342861597 : 7.702212857964114E11 : [-690.4420703208203, -423.5406534496334, -735.7321676194863, -186.26273179896737, 372.50575749969096, 754.3065925424057, -719.7604088201504, 621.3642223328268, -469.9953657230454, 581.6726486955487] : 0.0
-3779.023400341962 : 8.388052968103024E11 : [898.9937276726573, -719.2565050791841, 552.9893653169283, 859.2623292457552, 255.58135245234286, -280.5717666791001, 264.56515522755006, -684.7306669891309, -7.528705423422025, -644.0333885423437] : 0.0
-3734.754842851682 : 1.062738378660484E12 : [-143.10087894328524, 503.1168681376448, -402.81327366702465, 924.7453388557169, -497.0523534727183, -810.9053627990488, 908.9930121152105, -648.2330440003693, 348.7042778608991, -602.8174986941281] : 0.0
-3319.4586704032076 : 5.670598267075511E11 : [591.7054692599525, -489.9892047070665, 326.42363071386626, -108.3762686385013, 509.30528437830253, -840.4318452732331, 82.36969093860533, 925.3467507120765, -463.28821355314506, -17.97012239354649] : 0.0
-3547.461949329193 : 4.7104072415818097E11 : [575.0499049548125, 513.0762509624881, -158.16956907234612, 578.6332521564331, 514.7643447180901, 453.7207015426866, -796.469448232245, 620.3793782344981, -69.108546623726, 511.2695809588657] : 0.0
-3877.1381262714544 : 8.632468838360502E11 : [863.9525072269871, 73.09950723635575, -697.6938937025878, 177.7907347875057, 548.3251197962907, 761.5732323659217, -87.91170904774879, -683.4752627721157, -103.63675614645399, -734.8485288989932] : 0.0
-4463.172338546011 : 2.0241618148360088E12 : [812.1825402973222, -464.2405053087107, 945.096715019879, -427.3414042821586, -510.4721123927854, 806.0586951873279, 891.3852072373159, -986.344589930789, -788.3534565128706, -225.22534834754367] : 0.0
-3477.860175872324 : 9.25445066279253E11 : [-378.99539418798884, -114.0443878461424, -618.0466046548447, 872.910350482492, 850.8657318833066, -192.540518435354, 824.4839319388298, 130.90999683908558, 490.3191268896873, -726.3086066747389] : 0.0
-3285.2684526725097 : 7.084932579184595E11 : [-970.7524849060649, 234.87883697289203, 588.2807790455672, 236.03632719243234, 604.2129376558612, 418.78679242055387, -424.8554706910841, 606.8297798176184, -436.6873188303409, 950.0876198176743] : 0.0
-3494.4709188522934 : 2.4027890171971024E11 : [525.4561115416527, 526.6266151386358, -203.60363908606826, 556.5020106649779, -418.0168979218185, -153.77087957984094, 85.9642832636543, 618.5203925156516, 503.6690513923235, -664.8813930525876] : 0.0
-3595.6453376358418 : 4.5530253147950226E11 : [576.6558915464332, -757.9098727944192, -139.6523320596586, -699.9621102026715, 133.19380073986986, -353.7226739132959, -407.5702234843198, 515.0739331073146, -732.3983065644331, 914.0437953565486] : 0.0
-3165.035622273206 : 7.378435758228157E11 : [819.9695547959627, -806.5373620443545, -681.065836898644, 629.4357349818885, -721.6385202239297, -312.2358796629678, -444.0834310810974, -418.13777168482466, 252.94398075845183, 95.71215450241306] : 0.0
-3625.8291750562016 : 6.73129955100256E11 : [860.1873246157063, -732.4714575652845, 50.61636346488126, 215.05750898956853, -444.93428363894566, -802.648499676737, 608.1506858743087, -601.3517641584822, 246.83242928115578, 930.0005058423303] : 0.0
-3404.4376283055817 : 7.623900795425958E11 : [9.934788131895061, -754.4535048244377, 615.3237605821226, 141.43509874495294, -769.7899866829088, 242.593418667704, 104.81211642111396, 356.3360493852754, 915.9487123159238, 594.5864591101994] : 0.0
-4067.719907684989 : 5.911730500427432E11 : [-700.5367250851772, -432.3422052058454, -388.27878602615783, 579.8766589242633, -204.90063747383, 391.98452313216865, -395.6089353832041, 659.9594192225808, 826.592360763494, -666.0694369065279] : 0.0
-3667.868681292757 : 9.267418259295695E11 : [-497.4739359684275, -770.7435899661456, -197.9327847902477, 904.3582575201065, -448.85258075480255, -748.6025692340571, -24.520164232302335, 969.9868544018018, -48.51475730877627, 886.4337749820236] : 0.0
-3885.9130794431826 : 8.465757413912137E11 : [569.0992611083418, 82.75330270622635, -712.429120717454, -760.9288189868535, -379.4870604301939, -808.0830824315701, 823.7721820554441, -190.55218610283964, 578.9619058886801, 923.5920242649565] : 0.0
-4961.098842502124 : 1.1387018012497402E12 : [-733.9069591483513, 492.6351023946047, 627.4641220768585, 117.77684678716105, 914.4211670481409, 482.7500984225678, 881.3879825215815, -655.7093796320219, 90.71699136987854, -416.2874575424904] : 0.0
-3406.4205318851923 : 7.515403432073184E11 : [-649.1316839865991, 471.7229771306703, -705.7135142454849, 855.0594850938603, 336.8427051647682, -859.8209953743401, -218.83544762812596, 573.0374977384638, 242.45611877491862, 646.0658658677695] : 0.0
-3437.9653787165084 : 3.2571153420164636E11 : [-672.0778137850509, -785.6514263412813, -171.11759665124055, 2.5811762644047462, -448.5610316407657, 451.7169426356543, 290.10553959952335, 379.2711649535883, 128.61779579856963, 607.1797307678883] : 0.0
-4592.33252025968 : 1.119522455834295E12 : [-358.9813870374958, -748.3399493006075, 965.1981661780653, 925.1203488665495, 559.22584928485, -255.9274323050364, 552.0937966991486, -622.4047600819978, 582.7984769048201, 847.3701239087648] : 0.0
-3480.5743202319636 : 6.148526934620634E11 : [914.6476096695642, -828.6731768533366, -33.25606283603611, 557.2562398412822, -468.20827995108823, -194.3274378552928, -424.1005486445782, 577.4676355298161, 245.42980101257814, 618.0299733599645] : 0.0
-4264.5674552712035 : 1.185896668332397E12 : [233.90423554276413, -829.6426875917928, 928.2224362849342, 149.2708149353391, -389.49165648297935, 795.6703096419369, -57.94289535075745, -635.505339119697, 805.5029600849828, -703.6331020152784] : 0.0
