-4.371367932375583 -3.404135965160457
5.763176483484205 6.725046332333204
4.8936616502392045 5.85355993893003
-1.3759142431481957 -0.4182176917441178
4.02973450343198 4.991176309308395
7.928701437247522 8.885187655745613
5.1372462578304265 6.094959702177346
-1.4091146695182588 -0.4505484159424671
4.445072496786096 5.404839519551032
6.2839387034727165 7.242703624811719
7.379463710642963 8.32049687175586
-7.931553353318108 -6.96953123511412
8.802207849077087 9.760443405920924
-4.13440676094305 -3.163574405051106
-0.7360709811042858 0.22090699750552822
9.01087048511427 9.970341867302913
-0.6212861562178866 0.3383601069259101
5.3677667164017295 6.332685862566807
0.11849407935893885 1.0775013033010534
-4.151812052997837 -3.196777378467238
0.7323498914809266 1.6890809045676103
7.156296108187794 8.116361476219568
1.2315376090815402 2.190809842969079
-0.7261869229692266 0.23189266634195294
-0.10780621244137656 0.8551347363516046
5.170125473948292 6.144245448170182
1.5798474565868368 2.548700552190674
3.456543295060771 4.412951893938912
6.895425644069967 7.856229750954687
1.7303758464794168 2.683133541029046
0.40202814719739366 1.3626291010400837
2.068353534402358 3.029574690865502
-1.0600081052073222 -0.1025105893535243
4.685305829077768 5.643769807784934
-0.12832514112430626 0.8362802597197527
-5.59560366862274 -4.6259148709540385
-3.9759245086308765 -3.0168594325262927
-3.5176307086163883 -2.5620090264928153
7.153751114171721 8.112609174403858
4.733437109595461 5.689250736148352
3.199750972020011 4.159606630052276
5.087438183309785 6.046785875109316
5.916893857045736 6.876203770798776
8.985698589363846 9.941881766875895
2.5571660410827883 3.5163689309116464
-0.5265681406630911 0.4316371603118343
-3.3285004954983557 -2.370033817299671
-7.687119498123054 -6.726459526590816
-7.468319819677468 -6.508582090580532
-3.1704818785052753 -2.20681629684506
-3.049212812551973 -2.0874409851033633
0.5691224343571974 1.5150130272334748
3.0398777309989953 3.999025890126028
1.6020198806820884 2.5610914719103617
0.7494620875984814 1.7116469561704584
-9.779099206932027 -8.819422013385328
-4.054516046518235 -3.089200658526252
5.312651481151796 6.2744808889969965
7.7045095173176605 8.66660177398768
3.435526079927314 4.397401939737282
-0.731971420057941 0.2234010257071093
2.900370306080312 3.8577407530960626
1.9577651492517016 2.9169865084702438
-1.9932557097351729 -1.0355469585429562
4.315490596228134 5.278646950482148
1.2766563211233675 2.230049394476455
-0.4202829324208297 0.5418047120948988
3.23334314958054 4.1884721626036345
-4.611660850947398 -3.652702903869285
-1.0764459886840747 -0.11309275281430464
2.9011855828990645 3.8643725999476373
6.3509436115707585 7.307757012001365
2.029839292327813 2.9888635476202037
-3.221792351379383 -2.262243589575419
1.6694003736428458 2.6205121317839564
1.8837112128414648 2.8466522762173136
-0.22102650715477212 0.736750147124162
8.58651053562091 9.546352612703584
6.392015742199009 7.3491844016104615
1.9431710161417692 2.9020466156234384
6.213270227139011 7.168925649286505
-0.909107405226214 0.061119692991722374
0.41452885601986855 1.374655368253189
-8.96650803547038 -7.99446661651063
2.164037330497157 3.119914791185811
-5.2611725693400295 -4.301510011492397
-1.7014785256447622 -0.7414147831559799
2.9438104163073544 3.9043238414920953
-0.7432570557105747 0.21511158846025946
3.22352512008003 4.179611732958026
-2.2815115070021452 -1.322794350786886
4.6002688205520075 5.560392487826986
-1.619927658427097 -0.655858053884921
3.461910467701773 4.420174103376334
-6.703408620102042 -5.74945647508493
2.917719837454495 3.8777889481583565
1.1111218391387248 2.069000683927145
-0.16547264806973327 0.7937173781316451
4.614136069434686 5.572996317859413
2.5309696578413914 3.487192473513673
