-5.903959577884561 -4.910061526297448
-5.421530282589545 -4.446068812754989
-1.7074926876133618 -0.7395365675092187
-2.5433802950086832 -1.5645685192283172
4.776168760009322 5.729903087019438
2.6514158033208646 3.6740293120725536
-1.1925448981643871 -0.09182395153881462
3.185799882829275 4.1560979618096345
3.7911358604033154 4.749756237733319
-2.534326119806625 -1.6212517484478957
-1.280879557491069 -0.2769322539877739
2.968760661249821 3.933132807424889
-0.7470265478184954 0.24816142995924317
-4.13440676094305 -3.163574405051106
1.597787005361698 2.579261961437891
8.43809018016863 9.368274282624533
-0.9574070896224063 0.017693676588038
3.41153154827863 4.35631570091094
4.7886886138442675 5.678658324677521
-4.151812052997837 -3.196777378467238
-1.5696509539800534 -0.5977986175883707
3.968297948018468 4.921187415033764
4.931342255475602 5.903885375956552
3.283459876071415 4.245051775588372
2.4130333403139343 3.3619961151712436
5.170125473948292 6.144245448170182
1.5798474565868368 2.548700552190674
3.218546793248849 4.128788134263271
6.200281027863209 7.197334830583687
5.083694604101445 6.064220391146888
0.2200797438904305 1.1854542761120064
-1.623339614902373 -0.6732310330684468
-7.043618782638324 -6.100112699709903
-0.2419134205735043 0.7920388817259321
-0.12832514112430626 0.8362802597197527
-8.979375174409956 -7.9852479455564165
0.5450462937996257 1.5238918580787795
-6.66022429536015 -5.705774949864665
-6.894473169280099 -5.9450733246627925
-8.9277378938949 -8.008050450737596
7.940666159080897 8.935097625336827
-2.2988511259218405 -1.3363331451065132
-5.152384160381489 -4.217053053636961
7.586925302947655 8.566001096407826
-3.6332390912479715 -2.6608965574516956
4.829715469062621 5.839766181450173
5.984512869059548 6.956597000772503
1.9925514925508843 2.9328495774577634
-0.40660789501180794 0.5218469967002477
-3.1704818785052753 -2.20681629684506
-3.936716130666272 -2.972765535656687
6.676640583207691 7.595104633186196
6.3435813514650565 7.326213092192192
0.8968535518778724 1.8201918337314162
-4.36447073250355 -3.3883683313354735
-9.779099206932027 -8.819422013385328
0.8518202684396228 1.835540981829028
0.07030704824642164 0.9843769882974787
6.20522951035921 7.201467719628766
-3.74785402382995 -2.7824454989735425
-7.1085349328253375 -6.141929785942748
7.810902066225148 8.776246078366473
6.204657908208281 7.120541791643889
-1.9932557097351729 -1.0355469585429562
3.463480765974934 4.412201937155381
-3.4312267511414887 -2.496775446983941
-1.3925375854887538 -0.42875797476496347
-4.720572012376806 -3.7362932498075696
2.066387649949542 3.0315913294558197
0.615013388571364 1.5987188001556498
2.3275956150711083 3.210786774394572
4.95677560801847 5.938044275610651
4.2282741903592065 5.167753998474991
3.2147691850980076 4.214952371971826
1.6525875545789839 2.6205121317839564
7.19286329597505 8.219461137913752
6.589450964082533 7.5348516364464775
-1.3988126380558752 -0.44462984648087067
-0.03375824827551965 0.9331020450395331
-3.5310932259175516 -2.6191060851811407
1.4598170898771876 2.5067687981634075
1.1916080977474885 2.122702881474109
7.195373312287031 8.156577053123032
2.8928473697580035 3.8356636759081892
4.89946814172748 5.877269804849728
0.5617974195380668 1.5195086584691833
1.5223789000770025 2.47869839238345
8.47558825307841 9.4289623268536
5.934036441323525 6.856043625951184
-1.4874709309300425 -0.5495170390230095
2.5684427104694363 3.5745887197817767
5.9065848484499615 6.886258952923223
-1.8155946143473325 -0.8777207297685305
3.461910467701773 4.420174103376334
6.56825767794335 7.5422553770126175
1.1116577788975721 1.970286363535453
2.3388172875680153 3.302136456902237
-0.3154640153350359 0.6454021131430077
4.614136069434686 5.572996317859413
5.781608164418945 6.745502271907129
