4.55827318116474 -0.15905435154831515
-6.437103021109857 3.1410389089968955
4.830825705509984 -6.7599690319897014
-7.296298615144112 -2.0885493157449346
3.9553674291263636 -8.626565801635245
-0.23309703666537018 7.4023015202408935
-3.5050992399688186 0.8149759626112623
8.777894108620742 -5.501083090424245
6.146466610412713 -1.8775169270162202
-2.650789317150732 3.9705392063881
2.833298276671332 -0.8201446136642865
-7.9586812764801955 7.719045126282008
-0.7157764946539231 2.0536356293142415
9.865006709409762 7.405992364229416
0.8631311566989464 1.272398957387411
1.612030822864586 9.368274282624533
4.540226946427627 4.972453818777611
-6.107939811107153 -8.169681150081324
8.15070724771013 8.013483630187473
-8.929615432510197 7.643419808822976
-0.5346122749134068 3.9529271892248925
-4.257754059366528 7.13045289946464
6.101726899949767 -3.3219521410041057
-3.0539332223057336 5.086869114091231
1.932599707901284 -1.4702026690058556
-0.9907523592842882 -6.413459250583172
3.404065448032112 -4.087264969151747
0.7366238143885653 -2.036341347749884
-9.947697085657465 5.670426130250586
4.593064283395854 7.1895689716465085
7.513769791550107 -4.084110598095593
-1.4018895584346698 1.8360644023125623
-1.5484314719381391 3.5418279227035203
9.841956004560387 -7.085679315883762
-2.9251082339424332 7.295531522090389
-2.1515207921224855 -6.898676024136119
-3.692662190818698 -9.911507728189052
-1.5475631846019429 8.213272820318721
-6.83621386319097 7.120936333118635
4.42434237066114 1.2581217505873372
-2.4755661634740704 7.436624766135072
-2.2320426662655324 3.997069768289947
-7.751504838316629 -4.31655922424383
-9.568274354754056 -8.332544013184307
-1.551023591871683 8.140427344553164
5.116889978591603 -4.632805838530438
8.75384621457146 -7.517895759562485
-4.068558518446359 3.5735153031454114
3.5078185819110725 4.286044500905717
9.830444963271184 -0.6335425336735074
0.12288724687461183 4.949846759940947
4.099708154373049 -6.849806250204569
4.164637718074143 5.4688009000998505
2.5811475829292423 2.0129411328007123
-7.734712676547904 8.435692599561651
-6.095364336210798 -3.6611384260540376
1.5832978659652657 -3.340643093738467
8.682491273860919 1.8830057370727538
8.283319113049117 0.9587410142565531
-0.5607918405772221 -8.756977743156293
8.389116803995119 -8.025599448591183
6.9904021558693294 2.5090017139325305
8.366062937507294 1.249491679182693
-9.948618648240409 4.845481410570871
9.918653830317474 5.367510044831844
1.0471317701116547 -9.142698954590005
-6.257559829919359 3.5941452219995096
-9.58806896827423 -6.186354551722674
-9.651347642106048 4.255806096709909
-5.891791193586926 4.152273221137957
-7.416283965805945 7.997513366902634
4.660663264172927 -5.841414996495158
-5.9052449492085435 -2.901982721696374
4.693071747848169 -7.68816160283369
-9.25391399953349 9.180151519167275
-6.228377772582638 -0.48651913660882684
-2.1293802561210278 -9.060408747690792
4.300006819081087 8.260214363175436
-4.756022064279433 -7.074651848842701
0.27792012257748233 -7.202920208209351
-6.201937921589509 -0.0595313117864098
3.926020467833059 3.383486817540957
3.3446900132533095 -6.708407389736868
-0.5031955877605547 1.0277853086680917
8.958847284207884 -9.098851327076154
1.0322649545157034 -9.606374330326293
-4.8250080812697504 9.206146023969776
1.3955997762054313 8.054007076512388
-8.221242214011493 -3.197329074828465
3.5956485145729147 0.8665776141451396
-7.269683039430368 3.9553388596691104
-7.76085772097127 4.966398579486505
0.6345604056559502 -5.62386159144096
-7.112748500209642 9.72005039445305
-6.822838556692304 -3.912775566222333
-9.840667442734377 2.95759974251453
-4.925499416843326 6.717406992852993
-8.381828232523281 3.8966230242514044
9.339327108451023 -4.757788519260768
-6.2125665812363495 -1.6048823967104227
