Raw 2D
-6.728717190351818
-6.757567593509824
-6.629891893101123
-6.769515639661052
-6.916740318503917
-6.688338196892154
-6.650602896588936
-6.904379276515241
-6.622950553231911
-6.765728170148277
-6.802652329372499
-6.8420441577507844
-6.7421813955843755
-6.714084643457377
-6.905245619101089
-6.791625582892813
-6.823125009032443
-6.929042254426497
-6.825017050309245
-6.705036548533122
-6.8561150781488
-6.564894278514572
-6.840876112227603
-6.767132622983588
-6.896790397745523
-6.8400656544615615
-6.700651106332106
-6.936924431896287
-6.592545609576522
-6.902830908339601
