-566.6992639600029 -599.9998211458169
-571.1370337872461 -599.9999168169693
-578.713773044703 -599.9997877911853
-594.8445065297467 -599.9998503317063
-570.5936442026907 -599.9999285721467
-561.078211461413 -599.9999605910516
-554.566512152976 -599.999842697226
-557.8664121732434 -599.9999173854102
-557.6932187711359 -599.9998309228472
-586.6194849566459 -599.9998725212629
-549.7832023762965 -599.9999556071847
-588.4727108709676 -599.999830108469
-587.1428876053669 -599.9999121961042
-578.9133055047362 -599.9999161688386
-591.2631127742646 -599.9999873687258
-560.0760275572973 -599.9999785308507
-586.0192528607593 -599.9999941184999
-560.2937704199971 -599.9999859251402
-573.8840526459751 -599.9999389632715
-555.4584025568578 -599.9996912452532
-561.2760626462455 -599.9999459897926
-578.5992385129089 -599.9997892602253
-572.9213219116261 -599.9999754487751
-562.4955217145962 -599.9999506385363
-573.924905414913 -599.9995184246636
-587.226133415495 -599.9999679074851
-596.6106129705992 -599.9999108553877
-598.5897411427723 -599.9998262580846
-588.5491494095882 -599.9999803556008
-593.8033155499453 -599.9999276106048
-588.6297602342129 -599.999826194316
-592.2572707561282 -599.9999518381234
-562.9542857946606 -599.9995031083395
-550.7662126866668 -599.9999618336128
-578.1259914293169 -599.9998876423087
-571.4848336654038 -599.9999226404342
-587.4093944165372 -599.9999596240194
-588.692154514997 -599.9999540050542
-569.7891139298656 -599.9999803898168
-569.5452126798855 -599.9999788075122
-570.9275009107445 -599.999899522549
-562.1539561908427 -599.9997157318749
-570.9009459582117 -599.9999460026863
-581.7559093170853 -599.9997260886978
-574.1640564808158 -599.9999683495142
-592.0608344158047 -599.9999375350366
-570.6241205196154 -599.9999380562058
-579.569519243175 -599.9999751215238
-581.7145236934703 -599.9999680591262
-540.7837465717873 -599.9999520025099
-585.592610995216 -599.9999701148258
-581.9748146929873 -599.9997399226454
-560.5622754478202 -599.9999364307178
-585.262337413377 -599.9999018812036
-591.8586811116858 -599.999921534558
-553.1667302506279 -599.9999325478832
-591.9884341814984 -599.9999968294737
-568.9671725592156 -599.9999494575868
-546.3437606131718 -599.9999663683703
-546.0044884155011 -599.9999011077284
-581.2047164681437 -599.9995824584263
-596.1949471919521 -599.9997596045014
-590.12121287779 -599.999897904479
-571.563466136458 -599.9996369712237
-590.6355125688243 -599.999922859133
-537.4701521370977 -599.9999991025754
-539.7033800288791 -599.9999063279106
-588.8239605857991 -599.9999596735106
-588.1422027076186 -599.9999584790366
-566.5006250642298 -599.9997371782035
-541.2876196846045 -599.9999995086542
-585.9550230230766 -599.9999923574378
-578.848791612411 -599.9999649269238
-565.5802707959784 -599.9999343752047
-549.2322688746235 -599.9999093127531
-570.6540081439305 -599.9998611159133
-557.0100456759717 -599.9999220981742
-583.9258438339718 -599.9998870460618
-572.6407963271382 -599.9999671931225
-582.0181020765989 -599.9999902658561
-584.1198278227456 -599.9999732383981
-593.0717014901976 -599.9997268044099
-538.9096675231019 -599.9999670308791
-596.9102698387874 -599.9999221976917
-568.0653996687818 -599.9997062861715
-599.7559564784352 -599.9999657831531
-556.8703836751943 -599.9997752729207
-590.384952631466 -599.9999292116944
-583.3494458212508 -599.9999755803362
-559.8922788435077 -599.9999597208339
-552.3529880644776 -599.9999635079979
-571.5688272791049 -599.9986103208074
-595.7570439045005 -599.9999853405558
-545.2394326392464 -599.9999581021514
-541.942577010633 -599.9999681481704
-597.2418216138863 -599.999840699298
-578.7424264793856 -599.9999821690855
-582.9442505026207 -599.9998729285106
-592.2399089563853 -599.9998912174283
-547.9167324868375 -599.9995756588925
