Raw 2D
0.371
0.3625
0.381
0.3915
0.384
0.376
0.384
0.377
0.3775
0.395
0.3665
0.3725
0.3735
0.374
0.3885
0.358
0.3965
0.3795
0.373
0.3815
0.3955
0.385
0.38
0.372
0.382
0.393
0.373
0.3825
0.3835
0.4015
Raw 10D
0.0232
0.018
0.0161
0.0126
0.0137
0.0157
0.0124
0.0227
0.0089
0.0093
0.0234
0.0157
0.0102
0.0154
0.0184
0.0128
0.0122
0.0171
0.0134
0.0106
0.018
0.0093
0.015
0.0158
0.0129
0.015
0.0195
0.0144
0.0212
0.0126
Raw 30D
0.0
0.0
0.0
0.0
0.0
0.0
0.0
0.0
0.0
0.0
0.0
0.0
3.3333333333333335E-5
0.0
0.0
0.0
0.0
0.0
0.0
0.0
0.0
3.3333333333333335E-5
0.0
0.0
0.0
0.0
0.0
0.0
3.3333333333333335E-5
0.0
