Raw 2D
0.011668334917087504
0.007395454848862222
-0.024572167643040422
-0.03164613491153288
-0.03804400251099947
0.018922501730625197
-0.05115030528757651
-0.046304093576023865
-0.05537975134493821
0.01070494917623706
-0.022440761610188546
-0.061780141945034554
-0.06668173667043428
-0.010826518206633188
-0.035364679341169325
-0.007264390816095674
-0.00459770214942589
0.020185742046433457
-0.03375281043820134
-0.018345063086266798
-0.05331397332849277
-0.032932926733231255
0.020486864121715683
-0.04435441858860437
0.017184851796210685
0.00913153278288482
-0.030648652662164357
0.015198788299699555
0.009613556403386302
-0.014475237618807752
Raw 10D
0.2559771681157716
0.2352255975842562
0.26045892501659
0.24851805255717982
0.25185259055852527
0.25772567697325716
0.23179415919794075
0.24250986784909864
0.22515210888752216
0.2495876508598762
0.24489545398895482
0.24656281214962655
0.25686125815261174
0.23069893040699116
0.23255226508552265
0.2513561270695613
0.25190160049101534
0.25055605557356003
0.24825907591059088
0.22174330715743318
0.24139389488593913
0.24584643275846332
0.25114302085543183
0.26293004946130044
0.2387263813312642
0.2388585722525844
0.24616894591368876
0.2450898974789003
0.2237581520455814
0.2557746517097465
Raw 30D
0.2628178481373518
0.26825361935494924
0.26163006226047525
0.2694879688252092
0.2663101425745677
0.2617412214592667
0.264331932332812
0.2703073937363424
0.2612920678765477
0.26165044366227747
0.2697395635961536
0.26531813209835403
0.2639785330986441
0.2702810363918649
0.26341197322245824
0.26340968762779027
0.26626984635274387
0.2650148870526826
0.26273715140037507
0.2602211520958023
0.2648283797244769
0.2674717282603037
0.26169776646810416
0.2759926510013272
0.26330565134589407
0.2648238094782472
0.25756902309685353
0.2634144684411287
0.2741720714126361
0.26646574511651566
