# FVC 2D Coordinates
3746360119332241.0000 358351.9266
4348826934020019.5000 1556837.8931
398238634338762.8000 103.3777
4616601328599519.0000 54613.6089
848245058072563.6000 536415.5757
63152845118319.2000 295947.1804
984150070117321.5000 674910.0759
3570675267533339.5000 1163115.8803
5797613422054547.0000 11504.6039
4077039566722841.5000 295634.5235
4005214479131208.5000 191760.6720
3271359930006442.5000 204631.4221
2410783260399516.0000 339541.6955
2433272557442368.0000 89085.2332
1064680068221804.2000 4637.2960
138588690296622.7700 428991.6993
72234165822354.5200 871141.5122
6558823924554471.0000 321249.4844
1933183837858911.0000 8483.9846
4423081988904450.5000 4500.3809
5732245098724276.0000 676969.7599
2945304521862358.5000 467655.0302
878941866857032.6000 7448.2567
989568924196811.5000 745953.5922
6864095214504430.0000 115689.8237
5534997533037526.0000 128977.3133
5998166294014987.0000 72496.5636
2969447129958026.5000 235742.1225
252846093234710.6200 2264286.9171
2562271119171583.5000 497889.8845
263365109134486.7500 104967.3098
2167673032099119.0000 517923.3591
539783556801934.9400 59498.2450
600054246511124.9000 10011.7210
1279818617671757.2000 609988.1800
1499289012996351.8000 281830.5267
1390123396561483.5000 528550.5437
2362123227951087.5000 191970.3462
3763666026361919.0000 157630.9479
150018478578121.5000 563049.8180
752798823325238.4000 143560.3284
365057646660300.6000 114170.8705
556519482304200.8000 228323.4171
142448827750616.1200 21254.1628
1727711689264770.8000 34649.3372
1776493471762183.0000 145156.9140
5948757276766002.0000 3307338.3525
1621631253522990.5000 410276.3354
107186387543253.7000 1066018.4567
551158270442994.7500 167630.6060
155531373588704.9400 3147367.5998
282835036353228.7500 1178935.1687
439378415686829.7500 982175.5142
3851832186676107.0000 55194.9472
148932567260767.7500 1815233.1283
122339063736715.0800 1886478.3057
3803929915434990.5000 386157.6379
4965702357282864.0000 2195.3961
202098874590479.0300 2538274.6657
2908247258454523.5000 190391.7277
898461770118578.2000 1001036.1681
1648177133677093.2000 435912.9751
1093517139552671.9000 372217.6329
590055669761206.0000 981832.2379
3161592095307775.5000 148939.5489
62437317472557.3800 3340865.0152
898806181123619.9000 259024.3252
5668881785611512.0000 39538.9725
1376585626337236.2000 29968.5981
4837959201598333.0000 2084900.2062
529618417011346.7000 58988.5742
262195521050548.6600 823771.1665
1286959825740933.0000 171392.5752
333179917515973.2500 1256108.1550
941146378016228.0000 749143.9258
2212819342426119.8000 157055.5625
1369093119575351.5000 470795.3613
344934413454389.7000 355348.5903
940004626255655.5000 191927.6465
825738646189692.5000 93202.8784
5610847840876627.0000 797814.5842
1185276112305404.5000 363562.7381
323164047778095.2500 74106.8959
1399208045388295.5000 665084.0363
3847076242643336.0000 159744.9720
3463149359198854.5000 2767.9958
4614115219974541.0000 2676462.0060
3373721781357165.0000 142.5590
986311163940382.2000 76601.0544
1327045113052951.8000 227036.7497
125327212322843.8300 828994.1906
299302105637811.2000 979791.1342
73429657230100.6700 1187476.9845
266212585499893.6200 141344.7507
2222798896784376.8000 143256.4044
410849018962466.6000 259121.4154
1320569165826525.8000 1712.8422
1459226892575112.8000 15504.1699
878727817178519.4000 427207.9350
2537999587258090.5000 76425.6424
329618555673237.5000 1098319.0550
320652037391555.9400 3184.5841
63442128245207.9100 2186110.3114
3956022498866069.5000 1466500.7838
1791294203269244.2000 652692.4159
1239988537848301.0000 722258.3246
614921168089500.8000 01.3872
549992778720296.7500 7156.4083
4651332469772027.0000 6209.3499
3931998150587698.0000 89123.4503
1073477501195649.4000 49641.1527
4256726063502400.0000 503.6381
257487972926902.6200 166371.7741
959000305422420.5000 207417.4632
1141020610275627.2000 659244.5843
653034224398689.4000 350867.3761
6753254881958989.0000 3708433.4783
3389239830461418.0000 242251.2419
775658240843659.9000 660178.5699
1403369378110170.2000 10334.5388
1437097777660895.8000 11923.0499
1328151697594764.8000 92259.1395
731921435045059.6000 782314.1126
5476305205978198.0000 59712.8172
915332028019234.0000 600306.5559
460613090081312.7500 348277.8082
1379666772929459.8000 115525.5173
6812313063737376.0000 349875.6330
248167145739755.2200 15499.1603
160591637718988.1200 1065152.3362
339240614202177.8000 92004.9727
978311924543968.0000 1569.9955
178342577685897.1600 1800139.8562
4626271003950467.0000 876797.7714
4824757389826837.0000 480275.6702
6266221903527501.0000 2520672.2930
664032775631344.4000 1367216.7933
2544910194499569.0000 730455.3096
255404379743750.0000 2665974.2113
3726890314729938.0000 667718.7069
1027144863070398.2000 66311.6633
6788478164477226.0000 296.2489
2357025472295484.5000 1653665.0766
1082820409971125.9000 52000.1967
296836260203016.4000 18919.5681
1377995634709887.8000 73926.6203
5074522811756907.0000 8229.5959
2222619084203577.5000 473566.9562
2133705579155233.5000 2635.4026
764456620408387.8000 105301.6036
1762587784458225.2000 1080633.8900
76005102394752.3400 961623.1346
3135653322068166.5000 630720.3486
840097601869995.9000 118314.7924
3035974436002649.5000 201131.2936
1958304270142627.8000 927042.8319
278502187013362.6600 894736.7019
6405315505120591.0000 2916466.0372
163358732222480.1200 311432.9303
4825297456481845.0000 17301.7029
3003825035774161.5000 1563390.9097
276983419513300.6200 2943.4782
386715101967521.3000 216098.4757
2210453831585778.8000 131243.3078
2255269884371364.5000 196367.1408
452353580490164.1000 1364016.0262
344469762568659.5600 431698.6548
2298798149335219.5000 1171855.0376
426558332257471.6000 5269.3558
177894187080847.0600 6633.6363
495555096234579.2000 253943.9476
222314534391785.2800 163684.1658
4963850264870360.0000 853002.4174
3659904130980328.0000 1007616.3111
68252373917665.3100 1916347.3178
142426068901333.6000 151275.7655
752568934530290.4000 2728.3115
318120040075517.8000 571373.6682
434960018136364.0000 98116.0149
1212095960523134.2000 5012.8997
126579210319727.2200 2956347.5127
1251399260266283.8000 666405.1715
3155627555585266.0000 30.7254
494173173178142.7500 69359.4562
149917291514797.5600 944423.5341
541637479502199.0000 135106.5083
245266399397073.2800 588609.5088
5781371971113751.0000 1702672.4872
497676935430441.5000 775963.3109
1611394696379740.5000 35175.8951
6484039414955204.0000 1361942.4855
4646892457291290.0000 1014229.3140
3577911262774856.5000 72137.7250
396878687622742.4400 7363.0271
3631244216388936.5000 997075.3158
396995610879680.9000 149020.3319
784718193717078.1000 1461484.8496
193475869338942.6600 5571.1604
6568026720785431.0000 788032.8883
2329407177878616.0000 871664.6709
3600333305972077.5000 1482807.2259
2659692452681440.5000 116.1849
1301858937600749.2000 689282.4871
4056761792994427.5000 77815.8560
3717299907856060.0000 2280775.5229
423551021475079.4400 1630521.5793
209109714515148.1600 250044.2266
1476675910776622.0000 376290.7018
876762607547696.9000 194237.8818
6401164202364257.0000 1637863.6064
1268438606317207.8000 139381.3652
6094976802246874.0000 1667.0267
1720730230612059.0000 428072.9922
6414732944449403.0000 2538268.2851
5255910856160751.0000 2190310.7660
1707253007384478.5000 211922.0275
544978036751678.5000 150179.3347
3136431069428742.5000 38531.7159
831970192058715.9000 69237.0063
253019691637804.9700 50714.0903
665228449232742.6000 555441.0484
610644242375497.1000 1747295.9546
792337998528269.1000 54972.8951
417553326624603.9000 160765.6304
5923665417849235.0000 837974.2825
1938307401465583.8000 19416.6581
512770885468154.9000 1283228.5080
2108585177008032.2000 277452.7479
1278848239822887.2000 454363.3568
64200064841512.9000 1843789.8674
4393677821450716.5000 1155103.0376
532246935813597.0600 66034.6810
1954451440479267.0000 992322.4752
1036373838647097.9000 4125.2124
769253463919045.2000 657880.2751
197992606193616.3800 2914907.2370
164460872859025.1600 280314.0733
815275770119365.4000 21339.9585
2388509804885852.0000 143193.4777
505959680418352.5600 1144937.8661
2069561983794958.8000 109694.2603
5081755742589618.0000 2621323.5303
3311673721725296.5000 1429460.7353
4071690128129922.0000 572.3792
1006995087369863.8000 202888.3656
1276635587027455.5000 130171.9512
130999898510674.3000 1127140.5689
62717546118850.4840 2114509.5879
6433955549144362.0000 2224518.0668
545186434274197.2000 82776.2693
6542491552849670.0000 2294933.5846
118702250388054.8800 1012051.9515
6189116784455740.0000 8521.4043
703019107335198.0000 445781.5467
3423459258745710.5000 2248237.7428
1661202562427907.5000 84803.0724
105825903286773.4200 2323018.2065
183334314247327.2200 227019.9856
3925595734787219.0000 4227.0434
243213603672856.9000 20217.4639
4816362854745933.0000 1105238.6346
165948348099569.2000 205326.1501
2847820225727139.0000 232941.2797
540834268646613.8000 205692.2042
92556632214858.3900 3125453.4148
1667590197940393.2000 423818.7625
1822247038788466.0000 761450.6654
742921065348281.0000 16129.9696
914746003956734.9000 144407.8893
3357883977938582.0000 426425.1360
479558185860728.7500 10666.8769
1228840383737747.2000 983064.5909
272048204243883.5000 133544.0274
1987838413883596.5000 20295.3547
4687661725536015.0000 1162532.2392
747556344397313.4000 12951.0648
1142555692535245.5000 99576.0360
697654302625637.2000 6137.1464
2012750728973883.2000 316747.0711
1203764644792647.8000 998672.4117
4767769824651744.0000 1070135.3624
2302358657635692.5000 138615.3167
2446806928289482.0000 16650.1402
1440625771132251.2000 485585.6362
5656751132535755.0000 2680056.3631
317949043678474.1000 1431810.7905
4076379850990980.0000 597652.8212
182175648716215.4000 1060228.8369
1314321892957966.2000 931705.9256
199851310404835.7200 4336.9732
70477669298110.3300 706594.3192
403699790598854.2000 97028.9701
1111826635820437.5000 136397.4846
370357871096745.5600 112431.3168
4988962814490639.0000 439.2250
1129501642057165.8000 30262.5723
342625231881849.2500 4860.0568
66916403267675.1600 3836413.6581
115211535483901.9200 2077644.4966
575261926323374.1000 1350933.5067
168900800340332.1600 132308.0453
695966648104319.6000 217845.4776
559027430597638.8000 165342.0820
1238576113257786.8000 202774.8958
1289498759051406.8000 625342.3891
82709855082235.6100 2797992.1603
1536021378663438.8000 74968.8999
334460602075407.5000 320143.9862
174621052088231.3400 1934922.8967
324040935544679.7500 1899180.8018
608838295310873.8000 784655.1356
997620673519209.5000 604288.9944
496189281285289.4400 215757.4159
89564993450709.8600 53101.1648
2880263254093472.0000 1030223.7482
1023067010552732.2000 70350.7578
1981716536883953.0000 377359.1702
3877891173982171.5000 153562.2727
5556329144669131.0000 104154.1823
127821401692286.0300 2172492.3927
1019870292636458.1000 1047079.3000
138194757914271.3000 1378941.6607
2782088549681219.5000 19218.2544
5338339114849764.0000 38182.4450
1828538278598629.0000 3837.0787
772659188308182.2000 345858.6719
696013040465909.2000 185212.1237
1225957264117120.0000 12269.4666
962915520328001.4000 451662.0022
694066360091420.0000 205278.4860
910165778028013.2000 804412.8790
260653495422563.7500 206092.9015
3956166472028306.5000 2431692.3009
1037703396213815.4000 264817.5337
3627053549387777.5000 2148891.6658
3975566185351647.5000 1014429.4435
618271891767108.8000 292065.2489
151993864522167.3000 1568907.6793
2756024671421224.0000 265400.3522
79925989981351.0800 7248.1805
4702549303509827.0000 1473885.4148
4971466038407486.0000 424698.3400
6577828687244034.0000 473339.0475
1775154497011268.0000 769471.2448
556653438924512.7000 1655254.8084
502859921226523.9400 130702.3474
147203271086375.7800 2719775.8964
1355776378088586.5000 456688.0198
207969140110907.7200 15127.5595
148434364953088.4000 1212891.4974
626240248210954.0000 138144.6428
68504167154215.6700 2719142.1335
194459457761421.5000 2291486.6616
749800930265506.2000 1024365.0295
6489896457304731.0000 276091.9977
1896853057386075.5000 584047.0073
210188841534622.5300 2530.8898
1865339134380848.0000 336321.3054
194446708456531.2000 47279.3866
3548270129982628.0000 102391.2699
535609421635660.0000 00.3060
2069584472841621.0000 386392.9683
152500921668150.1200 383213.3844
538925609058950.5600 1126492.2376
1293536245731462.2000 501668.5581
333026867710187.4000 13727.6834
3343719431146099.0000 1791384.5206
4166919543520374.0000 1182766.2424
377723212594758.7000 69349.9806
2204476109592333.2000 328964.8382
2700878301203609.5000 8636.2854
459492826741302.6000 234618.7108
777622726361421.6000 528360.8972
120241196263635.4200 788282.1972
676800683088597.5000 1085048.7408
2623850174362383.0000 863672.4722
85283448699266.4000 3197192.7114
1445994602446293.8000 333349.1595
4781341884350698.0000 1173103.7030
6084276164769319.0000 994151.8949
3739382565492145.0000 3501.0642
71478510838518.5600 303927.7167
1669008378569452.0000 359159.7592
3509239747493439.5000 25369.6439
320870457791019.4000 907248.8252
180097565740782.2000 839362.7075
1427177763111142.2000 122688.9063
117542523563467.6900 1684441.0323
6912210349225472.0000 58975.7994
3182169081062296.5000 960844.2316
1114166738455945.0000 1039755.0860
266521252606044.7800 2335213.1596
331711406948280.4000 1547243.6699
5624857464944577.0000 551852.7068
3613977555463085.0000 46008.7572
64687587550738.3360 1518728.4941
6214350057578045.0000 9579.5117
2632313526320942.5000 307473.6790
2487884667382776.0000 244106.9226
1784403224620431.5000 62636.7097
3465752395460634.5000 667788.3400
79402486676696.7700 859479.0777
2183579457424295.0000 33443.9386
215366149570934.1200 1289811.9864
6290602968192620.0000 1236805.7575
422763007710248.4400 1608164.4284
3005558376397312.0000 93649.3658
835146540255852.5000 477336.5988
4774789533622045.0000 1208828.8090
4885980642045204.0000 101067.1079
615190099248407.2000 182293.9363
540565661905728.4400 10130.3746
151382355612168.9400 2461404.0367
108547990642712.8600 2802479.5541
1406903039435183.5000 128866.1886
470681166747513.6000 11314.2386
6217488026575445.0000 892246.5730
6811900923742222.0000 241744.9805
6020809954885586.0000 1893046.0997
142377247578285.8000 13052.7656
158462913634491.1600 1246.8518
538807439443957.8000 2326.9657
176009602581032.5000 551392.0148
4709714959907936.0000 52174.7636
1293790079348111.5000 191851.8694
746633859121028.6000 152185.5529
1477473853503977.5000 73623.5303
410586227737464.7500 421797.7073
5711786196100836.0000 10985.9389
679677383540881.9000 364214.3204
1646995760138512.8000 794234.6076
1710751462172364.2000 627611.9103
2956363007806518.0000 17546.2395
128763589771167.0500 792978.5952
2365047013997424.0000 609329.8731
308456479964300.6000 2163402.9065
2422273601336096.5000 326762.6043
884928027489836.0000 226936.7575
6852141987203924.0000 37200.9787
75622073554442.9700 205306.0259
4673645583620652.0000 1875039.1315
626533920569043.0000 207649.7093
1065340544464295.6000 401830.0046
448216050848806.5000 493242.1812
631144269218731.8000 1300918.0192
355926302407480.8000 2329925.7935
5552858041861243.0000 346125.0157
558261389158033.7000 169033.1898
1591955556438863.8000 579637.7528
4961296765091334.0000 876533.0908
6759342384911887.0000 978322.7966
361415228047103.8000 5339.2252
6748455146497656.0000 3278777.1220
257238794523153.8400 898629.5462
3301300530460237.5000 103162.5628
5809383449040117.0000 3426782.3783
2843059934804306.5000 189741.5468
4298261730417487.5000 414131.9899
296771034545326.6000 738037.4038
2101868619486543.5000 1145573.2398
1049071342515098.9000 39291.4662
170282133026158.7000 482390.8295
683032362396463.0000 318801.5039
1322316670809832.2000 180986.2957
1330414157489867.0000 623053.2560
3990441558832591.5000 414697.9357
277574978348859.7500 1426654.2008
321874536521386.4400 2193784.7720
2556597399098046.0000 1091242.0328
3237454076438821.0000 80866.7051
99368633408801.8800 1790772.2670
356655055670237.9400 105.9357
5969009583376724.0000 2072365.5784
1663012512293406.5000 112150.3607
80439219016628.2200 3412262.1069
858042312776327.6000 4403.2191
2447243676910298.0000 5928.2763
3260573991512053.0000 988104.7442
1235550905150793.8000 238872.7676
349937124865653.5000 40984.4793
910425850786936.0000 1251231.2800
3915614241339016.0000 121.0188
4487153569883833.0000 174856.3466
2426148680343685.5000 396891.7036
4250954253110417.0000 193148.7466
806487879868141.9000 283670.3388
107369024644591.3400 1848656.0798
688126262804672.4000 270918.0255
6145877870013734.0000 3342659.5579
2246865785864234.8000 236514.4637
2424408110696024.5000 825.6330
4975908909438213.0000 15539.9878
188179496071468.1000 211301.8917
6328124631548716.0000 2007429.8019
252906405182817.2800 1103326.7008
156045941412596.1200 143270.2840
764666723482836.5000 651865.7649
203359630500030.3000 54589.3695
475518091054136.0600 2042469.0594
5701106612658904.0000 3177458.5933
1771216304731856.0000 85495.8818
1602972318397610.0000 9072.7662
93079134426190.8600 26648.6367
6514057178972692.0000 1493245.7824
309694732074099.3000 120335.9650
1682212431740488.5000 530863.4827
77160772737208.4000 36951.7873
5890948440460252.0000 40102.5247
971139773333927.2000 325996.7193
3840201870028983.0000 420977.7196
484619565409177.9400 23753.3376
3920565571289029.0000 211720.7018
1152973283554119.5000 1023580.5037
2022972167025977.2000 322789.4466
1059330959690722.2000 70031.0854
5106197048322665.0000 237062.8189
5140660057647671.0000 607168.0081
5798384193993318.0000 2819684.0373
244454442800769.4700 398121.1540
2810778055136204.5000 397919.0067
210002521932776.9700 162038.6064
1087871203467801.1000 252504.2556
94922781283758.4500 97771.3307
5367913626808618.0000 607516.3066
983798183331572.1000 932564.5392
3375124901887277.5000 147678.4919
1912428437166073.5000 311212.8147
5216897175962404.0000 1605761.5922
3098017818117066.0000 43793.0436
3916346472920200.0000 283597.7097
4286565857963915.0000 1646139.8375
4315023533339273.0000 84242.8867
1979952753377364.5000 225030.6985
6498102686201901.0000 3318148.4830
2177792708928980.0000 333225.7792
154593525013420.2500 2400057.0415
348620061043669.5600 49455.8529
1754978534300354.8000 2784.3062
4521675747864712.0000 2625906.4170
1668407778265028.2000 478288.4683
1373890865142718.8000 139175.5714
773456267101439.6000 411256.8794
6766333320316368.0000 14248.7683
6456174117333196.0000 95509.3576
788758094356192.8000 189055.3462
3806378669113433.5000 192304.4470
3269225581433878.5000 431120.0379
1948974814742048.2000 1201183.9542
3044908341097259.0000 1380318.0803
1396878155852989.5000 97156.0505
5062614596935950.0000 2024642.0917
5017528988036379.0000 2891223.7905
571505177081920.2000 342814.2750
80514706551268.5200 2965490.9121
138828563516788.8800 1500150.6829
883390497387920.2000 407251.3521
5842249276653351.0000 739406.8244
111879787349824.9700 1511332.4640
5532326571153759.0000 1930912.8697
5923714202670835.0000 7509.6175
646447492812568.8000 42552.1026
6861926769608572.0000 3208929.7863
4796742341498054.0000 294015.2194
6933971395219018.0000 2658422.4364
6163548446494469.0000 2238169.3158
3376390710205279.0000 149885.6317
490531342340503.5600 42364.3060
523218829401715.8000 352187.4502
476724483748393.1000 255621.9123
3720055611300853.0000 192051.4567
2234414067299789.8000 420892.1115
311053345367100.4000 99411.3452
1470551474848393.2000 446.0092
123512557223551.9000 87860.4005
146529912846748.2800 600756.4391
2255852482063065.5000 66257.2249
5377779302177939.0000 1946685.9328
377030759142382.2000 83133.9308
6204218480074043.0000 1703.9006
894818289603847.5000 193616.2020
1189611338736811.2000 1084240.3572
790151491036434.5000 80777.8852
5674109381174703.0000 36496.0614
6689458690526746.0000 2135606.8111
4577861579949967.0000 2240416.5260
5851037091919295.0000 1254915.8762
848586172873749.0000 57403.0994
3296647168681132.0000 1605865.4382
2084174572740619.0000 1977.0707
5387814976419140.0000 300180.3115
1132286849835137.5000 423748.7808
2514093715065772.5000 310222.2578
3081453633245858.5000 32088.6530
359040986350197.5000 412877.2950
4978577825913895.0000 24904.1014
3662083408468120.0000 99281.1504
88164383388407.8100 1792778.6743
114078970839393.8100 2551242.2485
1959914055058720.0000 199700.0327
3514942466769455.5000 105846.0620
2654758465992964.5000 910759.9858
194880867715586.3800 1799021.6117
1429003320879913.5000 609757.5262
4512795493532899.0000 923106.4752
222167845953454.0300 2469253.9991
3754086138786796.0000 178561.4164
620768254281600.2000 932624.0297
1129575267707493.0000 77704.5862
136665143479278.0200 881195.0063
119078175958056.8100 2736400.9435
4956896911742618.0000 1938750.9791
2403840650323385.0000 186625.0653
233350004540102.6200 2463.5004
119780530232659.2000 1030215.6553
411483426439016.7000 154918.2426
76024298187988.5500 2059261.7065
3629623761420373.0000 1529127.2344
923223509363354.6000 194811.1075
2926882824760989.5000 1218260.2399
2461717352644526.5000 86608.3291
248757435112346.4700 770845.3738
1481353949691854.2000 356677.0358
5183294754808799.0000 64672.7659
2368451935024837.0000 166579.6012
629678376143967.1000 106863.0758
225681994595975.3800 680824.5603
107587163113313.0800 4921.3419
2522308546816989.5000 276195.8490
3771974825081543.0000 1199249.5252
380879501787579.3000 349158.7567
1285390596696939.5000 833208.1587
78857812662280.7700 2732355.8630
80161596477602.7300 3363708.6026
166916766298475.2500 1173268.9548
5590615315188582.0000 181980.7308
297338556951810.7500 489718.8874
908177802977501.6000 266963.5838
1654335218125504.5000 7410.4937
4478945710901704.5000 766078.4489
2092451169400173.5000 14287.7676
2240531252671197.2000 198921.0235
638822169895373.0000 125468.6680
236271792943660.6200 2701193.0072
206842241664415.7800 1971.7519
6339508094623841.0000 1879.2640
245000007671155.7800 1353698.8231
786426496765971.0000 174916.7843
3094197726165220.5000 1082183.5724
130009886296602.8900 1687832.7003
208681202787739.1200 1336189.6157
258002708324692.7800 8195.7375
149243369654500.7500 1096606.6692
426786229364185.9000 272925.6811
321406707589472.4000 43687.0199
860058874426894.4000 101096.0455
697920488983914.8000 15150.2266
5595662751659087.0000 80240.7838
372696690797389.4400 512107.7344
1916288900738348.2000 1013913.5327
83114167894162.8300 547843.3977
5950868664385876.0000 437221.0602
2014612902848846.8000 133972.5657
1761464566563777.5000 470467.4355
2864639677987240.0000 1935048.4208
1224136121125056.2000 368889.6845
1344253930900022.5000 786441.3850
3922866452855689.0000 133426.5265
2162932693261626.2000 1450323.3231
5710745589839526.0000 1322094.1428
635574613180937.8000 70175.1657
1191859319823747.5000 937544.3941
1749212885425202.0000 139996.7935
183807625326224.8000 53777.1750
5280775025469998.0000 3108930.9607
2128265839688691.0000 49999.5443
6909866166305489.0000 2448428.6556
1095857635527709.0000 73853.9604
215621122221733.0300 1451136.7165
1783737632051502.2000 131180.1704
657627007719410.2000 42330.9986
6531583591792173.0000 17260.3990
6807285367214733.0000 201743.5492
2638515330354873.0000 47135.8025
6701197878401421.0000 3420649.7095
3915793549518943.5000 1397406.5115
98365424874420.2700 2008449.8054
141455238016432.0600 1778768.6464
6473560954404505.0000 191555.5030
3013348704214023.5000 1332922.5821
2061249234095686.0000 457831.3557
6166974414140075.0000 683761.9222
5023155399471243.0000 56206.1211
462754894046159.6000 291860.6255
296172656553307.1000 405035.8493
715150086355441.4000 1283061.6149
655680238561181.4000 615815.6283
156360328143591.2200 108725.1369
271424603235857.7200 616771.6154
65694848288403.6700 592.5294
3957256121806263.5000 19813.0546
282742497554800.4400 1329265.3106
3795647648017498.5000 10554.4391
167633822095657.3000 3084900.4461
5095582107347323.0000 168067.3622
626372708901961.6000 358500.8372
151784198325404.9000 645871.0680
1018491747560482.5000 327819.2645
620040780683742.1000 379626.2925
6724040866680121.0000 1385764.1875
160306373402200.5600 21793.9578
265784977347882.6000 75642.7491
825983782211873.4000 12509.0136
191836970273978.9000 308213.4075
3621389174907480.0000 186444.3311
112552025893036.5600 11145.3721
6406061201782192.0000 1695645.1789
322827167417800.5000 2283732.7915
2594865338067025.5000 107133.1786
269990003290311.5600 108750.0170
162917829445928.1200 25381.2386
4447798273156904.0000 231897.5025
4391021165218730.0000 672.0468
198632318951220.0300 161625.2820
2893431953005379.5000 266091.5020
6664419490500031.0000 1764473.3799
2127206314659124.2000 110029.4935
2145574412682288.0000 69531.1718
208899565446885.6200 414715.8084
122264083894748.3400 686936.6111
5859714418769027.0000 1036263.4951
1125740626994874.8000 22475.9409
1745385538772458.2000 537800.7383
5884581580556120.0000 1536954.7161
78132905233943.6000 368870.9821
5700630176262335.0000 1456545.5735
6794887562946002.0000 428609.8996
1264854833688103.5000 541924.5813
2455162557485027.0000 84148.5189
1485460969259306.2000 1092415.2879
265218685412783.9400 74101.2309
4436029319539967.0000 2078530.3142
1682362956685018.8000 283566.2592
5850521432869683.0000 289221.7964
1035545993040497.8000 712489.0907
114040176807035.2200 71497.7693
192568635834479.9400 1912172.4643
1051421322720577.4000 107371.0067
400340498975243.7000 47244.7021
3791385676351439.5000 94588.4636
187410533145529.4400 1080667.3626
657948452689701.0000 912234.2765
2846875985895555.0000 5453.8289
1126539951339050.0000 982339.8066
2646739559332052.0000 522471.8023
85370347027260.6200 1484416.3876
324188152442384.1000 78.3703
4108445190027218.5000 1800687.1449
3400642729565364.5000 9466.5928
1919132743245090.8000 76019.4160
3436875295167187.0000 499.4031
6838061877920649.0000 724953.6312
206347795064834.3800 376890.7255
1659793679098570.0000 182526.7025
2745453345795432.5000 65760.9903
464148299148344.8000 2040616.0222
862874352272817.0000 129714.3610
2103789828399233.8000 5409.3982
6061603076712072.0000 2368567.3872
1650552969574860.5000 101450.3355
720171079409449.5000 1597543.0360
3545196253171871.0000 88557.2980
212886852748677.5000 1955008.1503
2145841681649583.8000 31886.1913
329182050911924.4400 155980.9556
225570594831595.2000 90910.2201
5622955359567452.0000 2152806.1836
504881740858034.1000 1535265.4051
359883902381903.7500 1603388.5386
1357494895059414.8000 284500.1872
747106694160730.2000 1373188.8027
4884822878188321.0000 1975050.1622
1868900829357423.5000 167522.7527
6039525759955875.0000 568824.7628
2595351252906891.0000 135559.9366
233649179706611.1200 220185.4651
5698349946570654.0000 708143.4293
1867028556362220.5000 537159.2848
185742471473250.5000 806715.2876
1331276993425283.0000 472393.5145
1888876144040331.0000 631133.0612
521547095230318.1000 552334.7744
110510485749955.1700 393845.4742
207252811977011.4400 15087.5576
2768942248892008.5000 774388.3649
592180335597511.9000 731183.2286
2258354108823108.5000 333577.6473
189084429581731.3800 642744.4788
698932208404107.8000 1480.3093
3763412156661629.5000 2331.1396
421856142948084.9000 1006869.7237
1475500238608999.8000 1060955.9620
5413976024278744.0000 1150384.0589
507416405479298.9000 2396.2497
394024776696426.0000 637507.0804
1243683845470400.2000 313319.7089
3836422393459416.5000 2350151.7153
207213038304519.2800 51681.6731
4679996159818318.0000 215826.2876
3048967152804649.0000 221707.2882
1726194508714699.0000 522391.7036
3244046159752548.0000 1751194.1861
5931780598189216.0000 293149.3891
290143697209604.2000 806136.6615
192304478435851.8400 2219752.6391
584874182088831.4000 798652.1929
3852825024488034.0000 1593049.2627
257444656292943.0000 2587792.9863
144171989566410.1200 352687.3140
277783981107265.5600 40157.5589
6313631426785265.0000 491812.4193
6254736471400643.0000 1664793.1373
6816208898524971.0000 00.0403
4446600326623661.0000 411473.3736
6270827497240236.0000 2133152.2998
4604782974503703.0000 115121.7730
2361276477916077.5000 1065783.7439
3903214730948175.5000 1462790.0027
703923365449362.5000 61911.5503
838770277581816.1000 831095.6512
165258455768830.0300 2427654.5218
187527823417874.2200 2542362.3198
2456250674299878.0000 1303.5482
2873817117947235.0000 2725.6517
2103815272603693.5000 34058.9140
3971850554322239.0000 94339.7169
2692037949471636.5000 344286.2852
906594146493240.0000 1237957.9754
3173925974536606.0000 5514.7658
714308175448415.1000 1022580.6105
2922468310403030.5000 3075.6773
4638620824377960.0000 228669.0131
3152082472195648.0000 1765312.6158
3460058341762547.0000 1428685.9310
968032427473507.8000 827107.0571
256959407535497.6000 1905215.9390
1870216674493029.0000 258424.9448
183896425515740.1600 1090099.1343
900707094497016.4000 285802.5794
2740101996306680.5000 969265.7039
519382189320757.0600 288873.3300
5442738246885401.0000 30199.0909
3680200344214606.0000 1173737.2603
1652903397010272.0000 1126750.6226
1054912257806703.1000 257524.2670
2191093209145142.0000 198232.6690
191058619865883.4000 503990.6447
2350143294589204.0000 567855.4317
138490319795006.6000 23236.6804
363637192044028.9000 817596.2391
138168710828536.1100 1013823.1823
474028871770515.6000 459328.1523
1290880782613810.5000 744199.9817
3698853245369957.0000 912313.9889
4399737087491967.0000 14289.3317
6616042809801713.0000 134225.6226
523959725807564.3000 1431174.7355
3772181665896410.5000 76400.7199
2105618054682937.2000 471437.5779
1436317259179246.8000 272781.8031
105522758720778.0600 102163.0583
3559147975870402.0000 1738234.8404
168250281857366.6200 174944.4833
155485209376240.3800 181827.3527
343475126003721.2500 654971.9023
1746706570668383.5000 461154.0888
72692570522385.2800 3207504.9140
213492815353705.6200 117483.9716
354790804494019.7500 2077535.2181
1541345587909038.0000 18574.7151
461707422865488.7500 25.4278
153800621410058.8400 556514.4595
6662916697185642.0000 908274.7806
3302208417456483.0000 125251.9732
91171424637857.4000 267914.8805
1110555633177060.1000 122149.6278
5833959330563207.0000 1380743.6367
3101523836252983.5000 584813.1282
4983242519654771.0000 288489.2767
2320862795267309.0000 193152.9038
4973359169377181.0000 1694204.3200
1093568431032847.1000 2243.0408
144235719274954.2800 74533.5019
1865842327036890.0000 165755.6851
2916659307867942.0000 945713.8428
1571579468728700.2000 332762.5754
422518213480387.4000 35598.2148
132301748729922.1100 3049819.5544
6783711356988719.0000 1016639.5914
4724764361602218.0000 1195220.4543
6325355401115393.0000 447542.7095
557498739207008.9000 689190.8978
131341410654010.8400 907770.3275
125896331691499.1400 1079009.4215
2633339630978317.5000 183755.9114
137999117744041.4700 604528.5093
335645952736184.4000 12601.1242
4578084842705429.0000 152478.2230
429715143234097.1000 1700640.0649
2608787420086976.0000 1628868.8260
2302046040416873.0000 1500028.9140
1725412155382054.5000 162837.3030
508536047716831.5000 413170.5094
619814974557805.1000 650727.2754
2535248040730377.0000 284100.2883
6743227581870669.0000 347217.9350
521813267683947.7000 182322.5615
4784029498020769.0000 670402.5205
1872193938472001.2000 104218.5870
138059073416927.4200 521835.3203
4019910241819612.0000 1011256.1579
3582586948202904.0000 391228.2569
964512530433631.1000 709363.7064
122545700357792.8000 179618.4027
1233677991727084.0000 120412.2498
6337388594976487.0000 2908188.7404
179532324005652.9700 158226.4598
307113747161320.5600 635308.9817
6698938551256623.0000 3363070.0851
5976206486987559.0000 631876.4760
2658059400239192.5000 76525.6438
73521417747971.8300 1311757.3226
194673833589507.2800 2441538.5901
65115861423202.7400 3910108.5078
406935609305420.8000 354140.4141
106312432184572.6100 2408894.6895
3370321882402788.5000 172869.6169
5024378742671850.0000 1134515.3693
640920470092856.9000 443356.4675
343834564390519.7000 12717.4858
78025793253097.7000 7133.2442
4259402525152396.0000 1961723.5313
971995882231623.4000 1041002.5975
653663854329137.0000 139109.7909
563011281180135.9000 97014.1139
140977000029930.2000 2736360.4619
4401341044158060.0000 240279.1290
841522207869002.0000 461.7627
120499447890354.0600 1060153.7505
461731716768303.3000 2058950.9588
1833996834134307.0000 254500.7255
4724260007520469.0000 551476.1589
2797837503335245.5000 16252.1282
114946982338162.8400 1591040.0921
1420168454803145.5000 790003.9739
4006690106564723.5000 927049.9796
6639697728227543.0000 316706.2536
289029027958099.5000 851651.6722
107882161938249.3800 3090643.9281
4267488783523615.5000 1492680.2705
632440161425891.8000 1526947.1168
4809012589412079.0000 1879464.0772
338437917720890.9000 48671.7471
5411188128168721.0000 348020.4876
5424914790636130.0000 71101.7342
3088538630610447.0000 1588947.7512
5416784858182131.0000 310.8634
3859896369658332.0000 19668.4171
320577578131514.7000 22072.4579
508295343249596.2500 173550.3395
1027917294686454.5000 242797.3897
1821840225071694.5000 511403.6538
124842605663707.0000 493138.5868
1047077232695790.2000 100106.3441
100588874758250.9000 86647.5300
877857442768629.6000 402293.0917
5572043268205537.0000 1876758.1234
208468255764178.3400 483613.5264
2011020305699340.0000 220765.7808
1968203619313126.2000 1061370.7138
1497909784627624.2000 532932.5558
4459779774007956.0000 391273.4332
4614387306677422.0000 1365.5632
2299364800347633.0000 249492.3716
369059582549107.9400 213963.5457
6375699607547191.0000 1243056.2046
92088682922865.6400 2780748.7657
3294064956647447.5000 572186.0244
2610610896748777.5000 808781.6210
1535666247787075.5000 56678.0655
1539708583767609.0000 292672.9947
6599374311455726.0000 955925.9271
4385107654364844.5000 2048259.5697
5429122126973064.0000 1350815.5037
68307645215732.1400 145617.0573
201043262428597.3400 2176640.6282
136027425880168.3000 26.6428
5519534890768293.0000 2405147.9756
76956469962737.6900 99959.1709
6927729262740684.0000 2996234.7879
431083509370027.2500 1162222.1541
298939040647954.4400 54421.2224
839403491731337.4000 195503.6094
490951505419004.5600 196643.3718
98048324160788.9500 26297.4081
1125305519073870.8000 29598.0004
1687683407339135.2000 37599.4444
6296027089373312.0000 09.7865
237600721277214.1000 88688.6675
2205502514647672.0000 1470332.7185
1803379590029335.0000 477588.3315
436840165495876.5000 125541.4507
666359143439902.8000 1327149.5665
1617082245477389.8000 705.9998
5191223051619481.0000 2481076.0963
3925037824005021.5000 956.0800
4317451314868984.0000 1436670.0581
1666819304540239.2000 799431.6253
3801290430567721.5000 1285.3696
2322650271936948.5000 75433.0273
5036871067808540.0000 38867.5580
5419596601888944.0000 109022.5168
157279251881519.8800 36979.0117
103110690846105.2500 2988441.8440
4421576800895292.0000 83292.0631
141058179258816.1200 1824728.4750
3417976685130171.5000 145748.9331
1715468404843714.0000 1056870.3065
804459656501715.6000 721254.4541
1233495215886049.8000 204222.8971
92382372005300.4800 3111268.7153
348257881890870.3000 65560.6352
280327273599910.1200 653643.4648
3552971153540165.5000 78494.0125
5101136311836860.0000 596346.8497
1607416886204478.2000 1128242.4854
139403656852787.5000 162851.0864
197941404995830.7800 2315623.9609
964686117551005.6000 126009.3296
219174396951121.4400 456155.4202
1072693748699257.6000 149666.2952
512945482703333.6000 543857.9396
1873956116958821.5000 30232.4827
1125622850905607.0000 297842.9500
1117273197409412.2000 57284.4334
1902707282529236.2000 102087.7161
1529433380043108.2000 228216.5131
2971040687788489.0000 23488.2754
632194168695352.8000 121572.0829
5574134924002921.0000 410568.9481
416591638247019.2500 111211.3203
282950779242918.8000 803299.3491
4234782966590163.0000 1236874.2909
329744713798066.4400 1938005.9387
1908636954730685.5000 259807.3254
1704276866453740.5000 19881.8381
870629913360815.8000 498939.3883
3185628543563442.5000 1236242.4807
718946540309341.5000 31523.7371
1395589646147378.2000 12732.4262
231614630675916.9000 2391754.6819
277480686296303.0000 367141.1360
2336485980813325.5000 1702.8359
441982532630555.0600 932925.7228
221719908751123.9700 805798.3582
3355471146528665.5000 1680694.0289
210598187894481.1000 534805.8251
2095592387125233.8000 416846.5214
3099175142582532.5000 1439355.0200
753071818439176.9000 153539.4536
483510143418785.7500 691075.4156
901538327837838.1000 10867.8584
300853393335531.2000 7559.3136
4330620183407687.0000 38809.3525
1311974862854147.5000 50130.3720
5125537816380762.0000 51550.8943
4399859956108990.5000 24053.3009
1909439708064271.0000 150734.8542
3358583137030114.0000 330319.8954
135290035748207.9400 748280.9867
5616950910147437.0000 584208.7984
565418381315711.4000 24262.3693
909310049877704.8000 282438.3174
542170823939854.9000 358149.9656
1249351907933544.5000 147719.4491
2637027208307733.0000 3864.3429
5145407085418147.0000 51157.2149
800662875494317.1000 1095340.5290
110771691624053.9400 352508.2225
2763640389679863.5000 16967.9078
2153428255816703.5000 160922.0457
179108057302115.1600 1133489.4387
287240697240390.8000 472495.7553
4877591386211031.0000 47506.7442
1494412405628039.5000 249769.3755
581637533101046.6000 82615.9591
6643125330454384.0000 2174101.9473
3822139203707710.5000 28990.7711
4065939646437832.0000 9667.4647
178899368030310.2200 1900158.2735
1927166177774624.2000 436626.7346
6632776164774533.0000 88215.9172
3207407266536681.0000 1648121.8918
2423153467589933.0000 48251.7893
3018259841902899.5000 59140.3471
139076384291505.3400 36738.9053
6743299362743525.0000 153668.4851
244701779552761.0000 2361473.2962
429156428177156.2000 1170695.4812
5551899186176063.0000 2357606.1739
833146556506319.2000 45393.7317
297750701046997.1000 177917.1817
3284236999998309.5000 371110.1429
1807508402217357.2000 175329.0998
1116723255856804.6000 166089.6524
851776171423469.2000 381712.2947
739800094424856.0000 244469.4815
81493361746001.4700 2893207.8166
3153081537420962.0000 784984.5856
119968507147677.7200 1630287.4240
1668328962543656.5000 7994.5698
2507978243709094.5000 1175306.6832
80181348777375.6900 614573.4480
2040068728232489.8000 496432.6011
1270771490992405.8000 451356.4496
2993024489352848.5000 132363.7477
243779398153706.6600 2107846.7305
584128117336728.0000 229533.5022
5345764988978504.0000 1011987.5894
2654995294715736.0000 4788.2752
2103628575065471.0000 558471.6340
647634726149401.9000 33793.5471
380723492917957.4000 73932.3454
5918296250459436.0000 1305277.6631
157720617454553.6000 338273.6760
2074952724506669.8000 244529.2923
5597965207848400.0000 19954.4107
959346992715739.5000 192424.1293
477451963923819.9400 237643.4310
251110643494605.8400 426261.2292
222206184053852.4700 68810.1893
5693946110284508.0000 1026567.6968
80541474001317.0000 3232872.9474
345706894849603.0600 51982.0152
4462415487270773.0000 13140.0887
502880454214591.0000 41289.1813
2296921795907575.5000 83387.9090
2519916344617920.5000 717023.5076
446607184629766.9400 1320921.2314
4232946597947293.5000 79997.4382
1326032789110205.0000 626286.9672
146201970568366.1200 42866.9717
2633017988248746.5000 654309.5388
1146070641850811.8000 426388.6184
1441317761324596.0000 224839.0785
1478697621778099.5000 745678.0136
93464146752869.8400 43867.5636
1923252833348915.8000 558767.6399
2202286080146384.8000 23828.9032
346267608573013.7000 174211.4092
857146762027715.2000 51636.7131
2433056079880263.0000 772096.6284
392436566661744.4400 1950475.1263
1153725580488232.0000 774251.2921
5686042252877151.0000 1742894.1618
3084394926295502.5000 10928.1574
403823766673997.1000 348435.5000
150594708661267.5000 691429.1784
182558070385727.8000 287932.5404
6099274550836495.0000 230367.5906
95433093952788.3600 1625037.1501
370225322842655.7000 1089514.6968
494483232182365.4000 247944.8416
467197900374139.2500 87085.5492
2270299453459926.5000 8174.5009
1199084432188632.5000 347554.1432
4275771255503386.5000 2017235.2933
214804993176496.2200 2367157.0197
75870206879230.9500 113118.6365
731955182512962.5000 426032.3675
123397264109737.0200 158384.2072
3542676185904736.0000 351393.0120
6703213790393959.0000 2541851.6097
254415315041076.7000 65789.2374
74109572025088.3600 2150645.4708
542502681277658.8000 100000.0361
674403416721205.4000 51357.3077
125469770801061.4800 2067.5833
2063248259150060.5000 1393880.6439
493091965621430.1000 24947.3681
568113052551615.5000 31557.1672
479103616259154.5000 121320.4250
6306645247544127.0000 531037.0500
2520561547696914.0000 1681946.2474
139433534215308.0600 2281740.6475
5305968154530069.0000 321514.7840
605154749492376.1000 138315.1015
1773472971686000.5000 29.3642
629417873201408.9000 991621.3065
504402180009126.3000 108808.0685
5201909510513130.0000 25624.4646
3760880983481660.5000 15875.3805
79215565454649.8600 617098.1495
1238654143242548.8000 56739.1875
2162602344842513.2000 422873.1972
358442407170016.8000 242301.1494
1371168504271197.8000 506152.8936
2850473197338859.5000 283827.9765
2981490369124294.0000 109359.6480
272036071751850.5300 381862.5929
344763281877056.4000 2378728.1203
166951515517204.4700 52438.8827
1396187696463753.2000 963355.0877
5987857104809735.0000 2386416.1822
194125715343454.2800 3400.0690
1512975878279216.8000 374073.3469
3061427699863703.0000 1524995.3424
137436107674173.4000 21605.6974
3705434758512181.5000 1859293.3863
727641137275167.9000 1555178.3813
1568985480418987.2000 448463.3368
4148403497758184.0000 185680.1271
3831931099985759.5000 1187682.9350
578750506474896.5000 1591852.9299
4073777508198400.5000 1453625.8389
2474545312093171.0000 1392.3472
69328949680167.8750 728234.8732
1402227654814309.2000 143689.6004
1040713452370792.6000 383986.2987
3204553017327269.0000 881.5714
1946097952559003.2000 412891.3476
83828541381199.3000 466527.8139
2874687109066864.0000 226617.3383
900816804146505.1000 150281.8347
5725338602879120.0000 1590422.5934
134938123232260.0200 16565.1788
107920368234305.0500 19699.6907
4943269682583743.0000 3168.9789
5726673926183824.0000 2830282.2721
740706654531221.5000 173819.5360
2763072464400191.5000 46514.9900
135820220405331.1600 177737.6274
552003935278547.5000 1543068.6727
197514421464975.8000 74630.0855
6697786964879112.0000 1414.8487
141754801475298.2800 2053180.0185
5847866479185774.0000 1223340.3394
232880025971737.8000 2591667.1113
668167735244677.9000 374826.3833
2422400864237134.5000 709476.8656
5233854747467669.0000 686323.2906
2973597441565412.5000 400603.6824
1295678844681380.8000 144848.7088
2523323585791956.0000 405811.3009
1419123096173239.2000 1057979.9635
79776577956269.5800 666305.7890
3667962400511982.0000 170836.8212
4969468760368501.0000 976603.8984
175439707962076.0600 2138070.6071
6681975584959862.0000 190090.3920
418148112504244.3000 18451.4614
3846676411663191.0000 1498715.9034
190495698408119.2500 2148563.7606
96498021652037.7500 700255.4439
4414944247291683.5000 92477.1931
5262212506731066.0000 1528549.3009
236930013375998.3000 66099.1508
1668932122044006.0000 34124.7803
322910927263610.5600 2098778.7814
953986125746049.9000 49425.2309
6691497445477478.0000 818232.7569
6263728643944291.0000 397798.5553
5293155556942052.0000 1614434.0871
1057436703297120.6000 169147.5399
1079409301037844.5000 639700.0324
1859900679446644.2000 63200.2583
452807673942805.9400 18026.0853
6150696510994347.0000 2890736.3437
110056255445545.2800 463218.0937
207492648845509.6200 2166880.8522
1815893235354090.8000 281282.8035
160443733411053.6600 26530.6512
757125946316688.2000 19664.8216
5417925425898155.0000 1447454.0252
417730995503607.4000 842760.3741
180036765498110.5000 449842.0184
2543001208872785.0000 65170.7820
290023263102098.7000 25668.7991
75566327915798.2200 1124934.8114
147872116996924.4700 1656999.1675
2198743632544765.2000 425828.5716
6834502486165184.0000 855789.9057
1948612564255450.0000 166076.8646
5575008768452324.0000 03.3240
2843932295627472.0000 1016994.9395
543164541560568.6000 795772.5341
132267454036885.3900 1633588.7123
247468022579534.0300 113704.4663
2484763040874467.0000 133869.6577
89842885111530.3800 277304.5251
389539172246859.3000 378851.5160
1569577070464869.0000 148261.2086
708668597229577.4000 4061.1315
279436074103658.2200 454325.2909
276270205646873.8800 683551.7919
130100995282457.4200 389382.9114
3593318140493145.5000 11506.9662
3752601718215090.5000 10342.7577
958357485157526.0000 203210.8489
1079441879261561.8000 815496.4347
3546008127114556.5000 193084.4035
5411049272712071.0000 2045106.3814
80270022610873.0200 290514.8330
118601008033238.2000 256720.6126
536993995133045.5600 294513.5539
1231715295155046.8000 140907.0131
1499048087877887.5000 490057.1479
1494950628001508.0000 300273.7844
5386751629684865.0000 14780.2961
153145300459126.1200 687022.1213
3914141063922924.5000 62200.6439
6621180928917739.0000 2622.7623
1524950702278292.5000 232150.2041
1761423676063242.0000 386.9275
4812221553607570.0000 25592.0481
215556106772967.7000 142102.6222
1183626143131428.5000 699980.6950
466117143951010.3000 9353.4457
1737923274084068.2000 183396.7545
722984301901165.5000 3123.3571
1920412444532871.0000 244262.3811
1611821401595422.8000 22070.9483
1867597130010638.2000 67368.9341
1753708532565775.8000 6500.3874
200023588116327.4400 16808.3958
843330214136509.4000 160168.1958
6500410966080311.0000 3574398.8217
449473675520618.0000 29574.2559
160673928784635.3400 7229.6626
1559079297061448.2000 514264.6524
981648514658814.0000 268354.9277
133352392812564.6600 2183182.9673
2052600932442337.0000 750511.2728
1240082988193162.5000 1809.4031
65517927532449.9000 2738068.6665
6351323482869846.0000 659365.9666
5778220146834381.0000 1713633.3297
98257472941122.1200 3231946.1864
2593356561518222.5000 1455283.5594
1662548305197457.5000 461534.6372
182888109164699.9400 10839.7746
2584018598297152.5000 201710.3813
555789275902554.7500 34946.9105
417426647982096.0000 793812.1279
1108427101679718.0000 323534.2212
772790289043309.6000 689331.1749
4636926027530391.0000 113232.4255
3071203440235066.0000 71516.3815
4453521269645789.0000 625981.4029
258444617616398.2500 78989.2487
1374604324888284.0000 358684.7164
86468166265847.8400 2007351.4128
286695547220672.4000 949560.7829
565028430347092.9000 1488967.1985
3187861402768541.0000 267491.9552
4442396970251561.0000 1447364.5264
1486273729650206.2000 733268.6366
3016687851860848.5000 1359281.7444
5367634185036690.0000 268050.0019
135597807862348.3900 3036519.8120
4120451749377793.0000 669363.4099
879833187131391.5000 270772.3374
114901560918089.5000 2137426.8482
165475949560054.4400 1313054.2226
386916237928933.9000 706394.2350
4758769699488808.0000 859713.9560
582655727173866.1000 153007.8316
484828424957127.4400 10580.2520
902793676425704.2000 191313.9947
1319878280512864.5000 13400.6816
1502247579935080.2000 5686.5418
1347993365597013.0000 701953.9972
542435936388301.7000 1875919.4108
4439003354132816.5000 1231.3106
1000021878506447.2000 224153.2118
190138102007125.1000 47950.1911
907996383940587.4000 293810.6520
6194036797538280.0000 3399804.6592
1379126912594923.0000 79796.6752
464875133445418.5600 31371.6257
237363638763957.9400 1978313.2695
476237474320200.9400 268889.6489
74669199769070.0200 104.6821
1045984956083528.6000 435204.2632
1631141156114089.0000 209587.3866
80306173668273.8800 90247.4847
107901785640529.3000 2438086.4615
5939854126313364.0000 3251917.0750
2579119697747294.5000 79460.0146
948432014172693.2000 967342.7500
3359848467256059.0000 604555.4791
2123283963187703.2000 9674.1430
1369176656743259.5000 15664.9933
6678259424978688.0000 2979746.6855
2349349603397854.0000 1548849.1198
5335343368972909.0000 2501807.1124
319689486300305.0000 213793.2375
267576352218419.4700 1925353.6431
135449171786393.8300 1585254.3957
5998535144965617.0000 3336817.4680
2686674701700193.5000 199894.6662
711823990721584.5000 56419.1183
258978639993862.8400 72114.4274
1799305240192112.2000 180821.0674
352350585787542.8000 1690222.0161
3723573644848945.0000 8147.0673
1325594889383666.8000 43392.4925
1053182860611300.2000 51558.4141
1877016631090694.0000 78099.3269
6901953080261101.0000 1059107.5291
3140419284847337.5000 22162.7382
293157488951591.2000 1556657.4430
2021794007561932.8000 101835.1247
303448887539900.4000 16167.2029
4466023770705647.0000 2265.9268
5501015032299643.0000 1157375.7129
665761801211396.2000 26764.5080
127908749404927.5500 17996.0301
1617237927816323.8000 555372.3943
64250403754858.5550 313943.9048
1029952670980721.4000 52313.4091
278428857151075.8800 1152414.5567
189345916751654.2200 2187891.4450
532910901742861.0000 333087.7570
5129281768446425.0000 689899.7491
207571923162825.6600 539242.9415
4382325419305418.0000 1087007.5393
218976638830505.0600 94414.4429
2938432144092035.0000 1899910.8804
148104268396786.7000 3089494.3051
955715137955999.0000 538429.1415
986091731081623.8000 228943.0798
228996208688886.5600 761307.0880
91840565878221.6200 2038200.6780
3165686602850268.0000 58804.4576
221057742489717.2200 204378.0185
477395763113692.2500 8049.9934
372853512954738.2000 619477.4532
147148999085610.9400 398365.3754
85877281403495.6700 1244824.1044
168990493510721.0000 22341.5445
2474031003196182.0000 534693.8463
177000174288770.0600 1750.5764
4844199895495769.0000 58393.2545
4660577524279980.0000 1151918.5568
243539211279059.2500 785586.0938
296883418868589.8000 1140.4693
65975935793163.5550 3342564.9610
2700724923530790.5000 10129.1903
6050527786010650.0000 2900660.4398
2178776009366719.5000 9843.7901
6651533339801861.0000 3639954.7545
287908491351150.5000 38674.1557
792602012713914.2000 1099213.2996
529323894852389.0000 598357.3007
268655880705726.8400 2534068.2105
1197624870469355.2000 811334.9866
930121152784571.8000 105294.7939
800209584841661.9000 474312.0888
388474325453888.2000 60092.4504
751749050493275.9000 516566.4916
6874844415257585.0000 2256202.1628
562811050285611.4400 174294.0992
346154863682314.6000 905.7073
1657425470401592.5000 413.7955
134520177485301.6000 3265933.2563
151985236729794.5600 2128159.0139
143964017631001.2800 886579.6548
392586585950994.7500 1929608.5188
3666730571439330.0000 2350418.4849
4544267101275815.0000 96275.0120
6259099713952520.0000 3476766.0363
5021392958097592.0000 1586001.9113
4955178157877746.0000 2173772.0730
4003547829822960.0000 16096.6454
6048024410043134.0000 139727.1550
5951680907965771.0000 1439242.2607
523589972797110.4000 46983.7127
1549054262223063.8000 661704.4136
4847408500322311.0000 1788794.9399
4425809380074059.0000 1751245.2861
710722213601472.2000 6436.4332
5404114806369060.0000 363547.4975
5984101855722512.0000 548751.1693
1836441478684692.5000 803636.0112
608828418394363.2000 73805.5177
6071501194328137.0000 2253277.6468
280121398781156.6200 1278573.6390
1043273827664738.2000 598342.5933
241965824443784.8000 39317.6207
6571883209995980.0000 3079210.7734
1155343190896110.8000 77303.0878
120890212498341.6400 60118.9594
453438209644090.0000 1089.0509
671092171428667.1000 46134.4539
63389951425424.1640 2374840.4391
2362229388158221.5000 600173.8950
1461917410534719.8000 728659.6602
3876067628662678.5000 2474.2565
6887409014851978.0000 325317.2670
124893755669147.6900 153087.7092
107122858296379.4700 19615.8390
245803666855506.2000 539026.0336
4322949104608536.0000 206820.6006
417447657210101.8000 1472558.3720
1567824837568737.0000 39466.5467
245254446365886.3800 99307.1879
2457077435234238.0000 1197064.2963
66285642065194.6000 362007.6025
5401369171232066.0000 18513.7983
484611212052145.6000 10707.0788
1410222835321024.0000 262967.7645
91276177147620.1700 267507.4509
2710288746795348.5000 95568.0004
6524724041622900.0000 1688180.5746
610034796403315.5000 1667508.2518
499126615242466.9400 100518.9814
2035486755562912.5000 651.1040
5752534574720207.0000 335670.7990
974811499569228.6000 551907.0792
692908813121615.8000 1302830.2619
5897774681660209.0000 1584668.7626
5610180316561901.0000 16420.1398
546545780377846.2000 104517.2275
2542234508558769.5000 116914.3308
2972449566377066.0000 869463.5133
1427702713875160.2000 24691.9389
5146047999880541.0000 1086289.2403
127023162357672.6900 226056.3130
145377217759232.8400 9827.2661
2677398911229185.0000 1805712.0084
1100562028069822.2000 286410.2793
2442135665170730.0000 288674.0494
189734140970092.5600 200.7669
155150781274098.0600 23548.4734
125244810797893.5300 1914567.4240
6356753491012862.0000 1413414.5266
5144975496956674.0000 51321.5750
2755084663873993.5000 341793.5739
152725622796544.7000 84004.4986
129817875877059.9800 340348.0657
3128860056127830.0000 889376.9333
2675868756973898.0000 219775.0521
132136676569768.3100 97729.6986
424676491073571.0000 106755.1183
180731119970444.2000 1400111.3361
250795508690997.3800 107868.5970
458201907581810.7500 463580.9572
5013599033747196.0000 14858.3027
577572976126979.9000 125.6947
163137285229006.0000 31021.4496
1078893178158619.1000 371490.9937
6603138354327088.0000 1075831.6744
2629641232826850.5000 4902.0061
75338580148979.4200 238532.3171
3486613331891191.5000 1347054.9076
4272184944138305.0000 2233736.5629
2325352535711911.0000 64419.8416
6873371912468276.0000 3095486.8586
4463687187671140.5000 20442.4302
162168631683639.5000 832158.9427
1630455035654643.8000 408733.8202
3916803276907679.5000 35822.7086
1007123600362736.1000 1228663.0293
2201589365170427.2000 1180468.4261
3219189457166810.0000 21776.8418
92616191613991.0200 2127212.9452
306508884066489.2000 2293440.6433
3210160985777634.0000 1313538.4345
2874094283698098.5000 221478.5331
2591684538623277.5000 60224.4633
1209084130507664.8000 153581.2160
5356905553525025.0000 830087.9624
473318195134568.4400 2311.7390
1464406878552123.5000 529000.6844
169841968196953.3400 2558036.7125
85097416243515.2700 640600.9629
97064352112698.7000 258770.7232
940491612553407.5000 733634.8709
4493335432837446.0000 100487.9911
1292114240956974.2000 295360.3660
802217078474200.2000 720704.5926
190327221122253.2800 50666.0842
1646502307845273.5000 1206240.4218
75283429034403.1900 3376662.7248
155160644645414.2000 284276.4047
489341882329000.2500 1159151.7032
1782559053914409.0000 701045.9237
3470538732772644.5000 785703.8154
499214559758298.5600 256575.5013
5089492264581727.0000 293413.4296
4490161871743521.0000 1638611.8849
992225459153954.5000 448458.0548
5948723590065379.0000 147605.3342
143536257814636.2000 916448.2805
1065021675573034.5000 319801.7714
188144506602389.7000 327293.3677
1592614673893389.5000 59041.5460
1458677643333793.0000 47373.8468
167481884158303.5000 15944.9125
339755000770451.1000 884512.5862
2433580246499741.5000 258825.1924
110553106256447.1400 2542045.3598
883338125554950.9000 107905.4421
2194244510239616.5000 897833.7958
138380901121573.0600 1042540.9213
6422369578189898.0000 2102107.6084
4849503269121267.0000 1541871.3236
189693808007688.6600 2124066.8049
351236578203173.6000 39197.3461
5781493435327011.0000 335452.8524
568035490010369.8000 665127.3257
2971487075444065.0000 81634.4495
4166795596563732.0000 2022523.4249
230971339559366.1200 9709.8852
94057635536253.6900 2024002.4020
6358589286202464.0000 2430083.4514
5465685505925615.0000 623419.8544
3885674467542975.5000 38831.1548
1646343530043296.2000 232856.2444
99789040330792.9500 2721628.9547
102516034985376.1600 3399884.6260
125107262406007.8600 90311.9132
318477552848025.1000 262085.1353
5812287510805888.0000 1748214.9438
4800196760236149.0000 1603808.5209
384161005885181.5000 2099909.3746
5171593620176592.0000 941630.3897
1996744891196120.0000 938891.2158
1148366618402102.2000 148758.2038
104698890029402.3000 144479.5270
640626931366286.1000 54435.0105
2793606112376406.5000 304848.4593
1604701016603955.0000 204630.5267
283871284843637.4000 136254.7840
296813342084644.0600 3188.3678
2663504508517879.0000 249111.0921
6547810991733458.0000 58424.8310
459203520021374.3000 211760.2372
1617603651269224.8000 422846.6780
1221086106079683.5000 367952.9010
288261784729115.5600 593082.6959
72283827718260.0500 46969.1993
1437688037231704.0000 410816.4744
480710170838677.1000 629229.9664
6934031996969863.0000 712341.9049
2827264024958081.5000 160528.6001
1401383837011762.5000 214796.7377
4182263147386457.0000 273420.9248
112980572929748.2700 170574.3147
743064003619229.6000 268575.8408
4455538203905411.5000 234839.1154
794410299876203.2000 386649.8880
3300776761998760.0000 1263690.0448
6352720493354359.0000 555812.3625
5391449140652821.0000 1816.6271
1060359725830303.1000 309129.0908
3985777553603284.0000 61319.0139
947214168315252.4000 900240.3441
503916235249329.5000 243272.7215
1654338839984619.8000 599280.8518
5800680604795213.0000 165233.4861
4350336803604786.5000 758722.9351
740270519875592.4000 30545.8371
4500919828956424.0000 983.9468
1978918472493993.0000 239604.1692
2135082752159497.2000 255236.4748
205686350610990.7200 1071653.8746
1296229437735742.0000 912508.7417
609361345766295.8000 300799.4549
2550020954349055.0000 112180.7301
2355911668652435.0000 7485.0620
4413398567892339.5000 786034.3043
1046615229722856.9000 22338.8057
5033700419201132.0000 1001542.6219
100652655477208.2700 3447390.1705
5888507064682698.0000 884.8368
6069245714327978.0000 1080726.6744
674550081628333.5000 37254.9486
225492146867442.4400 1398643.6348
5613473626864469.0000 3321612.1372
169623149319857.7500 33700.3712
1063901082987624.2000 550507.1819
255011398977376.3400 430448.7419
812916612495136.6000 386109.7297
5936262674004678.0000 83059.0450
339376661985939.8000 1701810.7421
3253562984966784.5000 929836.2544
2100282252148999.8000 78628.4152
700736229552834.5000 621466.8141
119957498530491.8900 5084.7192
2411325945847553.0000 1129183.2073
686760429018413.1000 61996.2462
201267564746422.7500 818063.2962
1716237139885721.0000 944519.0358
5446603095098115.0000 13246.4440
1689987055652109.2000 15528.9936
3360288417309527.0000 59168.7641
4587362716497087.0000 63211.4848
3640680933957712.5000 1834445.0404
522979545585441.4400 156874.2282
1079095591003750.8000 100686.9722
85433468518273.5600 9263.1384
259541659021800.9700 107839.9377
2046931554563841.2000 60873.5815
3368978318575897.0000 1765910.8557
901659675020665.9000 173983.4857
1813299986039985.2000 377567.0312
164169127838307.2000 190788.5230
2344760262241473.0000 508247.9224
2122756100277763.8000 34116.4325
78591213807254.6900 1892064.1090
2524493547509909.5000 1433947.9339
1118059944901254.0000 634028.9037
4162939757728521.5000 1581554.4791
328148964772290.5600 683480.0311
720117287415902.0000 371836.7266
258548608694305.5000 1036381.1232
2440993700489918.5000 186738.3839
3371458951438842.5000 1176799.5534
1885198988069543.0000 332460.6927
1652069589442763.0000 662700.9355
2706160585954456.0000 29102.3863
2436144018660795.0000 236991.1781
75108518867434.3600 3523553.3441
888501761120010.9000 132.4042
368391605016388.5600 488561.3349
204381379216878.0000 295832.8276
3197033000094384.5000 314086.5261
5585688853653641.0000 858957.9077
196746991598707.5600 811106.9527
231236306325088.2000 8806.3593
5769567016755445.0000 1321083.5491
3374102267503477.0000 1374732.8064
2991507259253568.0000 62912.0146
6912188942979489.0000 170201.6616
2384605246839071.0000 31928.2891
1053205800496460.4000 325132.4468
5960802524029932.0000 2749555.2317
203693623088584.6000 40366.0609
4252087992029240.0000 824.5295
493853946009624.2500 724040.4013
2562346064476600.0000 1450966.0260
439769884128500.2500 496899.9348
729909904428377.4000 1301602.0955
2048547890322049.0000 552616.0668
874240412510790.0000 767330.9433
3739862359211241.0000 1434634.6929
139094099026978.4200 715262.0684
613461934225548.6000 245204.0824
5408221654649018.0000 13400.2801
904414201332127.0000 482739.3045
4512493131099210.0000 97145.5617
154339672137624.9400 25160.8328
2098243259742654.2000 538867.7199
64672802540819.9200 606888.9950
6213230811563368.0000 217427.9142
777996851549678.4000 523434.3710
5438541688967554.0000 1243568.4151
122957999279720.7500 602235.7647
78186032065089.8300 217616.0952
451832074733304.0600 1713885.0935
495218133927613.9400 768787.7628
292856936024876.3000 718.7396
1583130001873035.2000 41322.7495
126270823018062.8800 308872.1984
696619308630476.1000 86041.5233
73623262991154.8000 2326948.9774
78132621561588.8600 235003.2150
2897412689374167.5000 257505.5555
67702971737279.0400 503714.7876
902901986329718.8000 2770.1194
723920491542038.0000 88621.1851
1719817225018391.5000 81648.3717
183703441775812.0000 239457.8781
1453629742909524.0000 26983.5030
6577885624829629.0000 981157.9027
1267692661953225.8000 39337.5176
126855873755295.8900 1557428.0557
207099919735850.6200 555353.6392
1945211894606603.5000 1086345.1233
4078025088515211.0000 2476234.4294
399104136381550.9400 28567.3425
6206018430073683.0000 2160609.6747
6391671002216033.0000 2994961.5549
2871088040730149.5000 985058.9463
4209721476623782.5000 782053.8759
2248908558424020.2000 287118.2168
3886126359548235.0000 4607.8993
662228714272387.4000 53046.2605
1063000922932846.8000 904813.9104
3211461898631530.0000 300833.1849
1989944028147559.8000 1052690.1586
1769990888699419.5000 549585.6797
940986617014849.4000 301388.3963
4977133125981611.0000 1847868.6922
1267901121438007.5000 45604.2577
6868116306778122.0000 2785094.7205
2102964310763911.8000 132960.6351
1762003157624431.8000 60365.8857
3432453837462632.0000 1839320.0202
4201116838359105.0000 2281971.3815
243626279204227.5300 102481.4625
6633448068148553.0000 2409220.6827
193700830998956.7200 1022576.0475
5881617982144936.0000 1837656.0806
4579422432596688.0000 2217117.7613
130889425245687.0300 65.7945
4799837700164774.0000 1553653.9542
2980941343719010.0000 159878.0140
824831459897925.2000 135298.9863
593668908804419.4000 498407.2074
6312551385972399.0000 1801423.5781
5025716498135237.0000 6548.1020
989539783309111.6000 202110.8212
2014997253710886.2000 13092.2383
876227371048588.4000 473085.9968
544870501954112.8000 9479.7345
2460946011176208.0000 185208.4328
154721978748095.4700 497129.2744
217358418007609.7800 85578.9409
1452159791150002.8000 5285.3494
809868198125607.4000 377471.7505
1464154906929900.5000 930142.0942
79853783594284.3000 259060.5309
726792024184542.5000 20004.0068
3229890207396164.5000 77990.6746
1627308103232263.0000 705845.0828
79499154946619.5500 1371467.7547
84540536116660.4200 3652990.6309
6594461162898860.0000 318553.0220
2447788063597625.0000 113031.7225
2795113618599135.5000 289277.4741
1199569354101678.2000 47680.5634
4010228236743682.5000 93079.5968
2049240355562841.8000 3481.9923
844312622544737.0000 425921.6924
5654915143898465.0000 10276.8093
2796232119542815.5000 1330625.4823
366204710450408.4000 214033.5306
2410613581073591.5000 64168.1257
4913924817166473.0000 560894.1711
877286750886828.6000 237099.2069
703271547313905.9000 1260034.8740
106701871752686.1200 997902.9856
5956911650153063.0000 2854381.9343
756265006516104.1000 59447.8367
5904880673629581.0000 514212.0260
551773309285462.0000 930883.4160
934054579259913.0000 58767.4280
2666191919556042.5000 592693.1831
3568101503553289.5000 104134.1976
834797057480038.1000 972998.1392
560251854738486.9000 29716.0431
2335147637790998.0000 88584.1752
1070153861127553.5000 101496.4150
5448790031438504.0000 1217294.8938
627683927121556.1000 56376.8387
600487217003694.5000 16945.1918
405714860591593.5000 1302026.4530
144273494391294.7200 109007.3612
78746839275497.8000 3414244.5327
1335564309805416.8000 810419.1943
304362358700711.6000 80351.0537
321978999619007.9400 907053.1402
104772043370648.7300 2083962.5403
4356088198176508.5000 39118.7614
1905047317692025.0000 359655.6198
122735900849743.6000 848305.6341
822131792123870.4000 314587.8432
639994166857273.0000 125239.7253
1626347837936574.8000 98595.3202
6330627392520740.0000 1230350.5641
3869279855132761.0000 508825.9871
1008804095169127.6000 296841.6916
1861587943046918.0000 461702.4091
771634566125355.4000 765283.0611
3867330457549001.5000 997570.6767
70585098012524.4000 142821.3703
116381257398177.0200 2133100.3985
403079059290884.9000 1625717.9219
679269813907799.4000 611026.1668
836148223577916.6000 429443.9547
167196178939697.1200 1142955.6916
1008815258876520.0000 367196.9318
2150225101741020.2000 321528.4763
583306264827170.4000 6570.6661
1004932298312293.6000 839420.0962
3805324248382104.0000 1585895.5849
1636767573413267.5000 25828.6023
6070224773794692.0000 2497.7451
6368117652865654.0000 3060991.1437
241972721894632.8400 195696.4329
610631097797113.5000 192.3207
2577434883575119.5000 1486717.3873
756783334581993.9000 3436.4616
91199341884785.4000 5804.8941
5094050744876926.0000 215631.2895
1523512849256736.2000 896.0589
6100995353345007.0000 21386.4557
1395655860867594.5000 590735.1221
4608570920306882.0000 2029145.6670
85105359134285.3300 1596340.3187
177109602685327.2500 92251.1184
230089242421088.1000 1245605.4958
4694041436552743.0000 1770329.5576
4693265225141129.0000 18391.9278
5669426935918435.0000 178.7326
3911057321549584.0000 230470.2515
6304367062156877.0000 2007765.0152
78823188436052.6700 173532.5364
74267368237843.5500 596526.8015
93122600590387.4800 199249.5407
1514135125207500.8000 17344.2838
108468727659173.8600 834039.4173
90502322525338.6600 2500760.5076
1412686165677348.2000 75195.2446
154153263453452.0600 214617.4437
1312452721573698.8000 804107.2094
1902797695004488.2000 53265.0248
4930377577416896.0000 5957.0608
3392346930625156.0000 832429.2747
3528577746548589.5000 82689.1478
4604663102457712.0000 237184.4246
6565158624606056.0000 22444.8636
251265402454664.7800 1166.3238
160887325659869.1000 14824.4574
4385176221684098.5000 5536.4491
6915134681803911.0000 01.7313
1596048386964967.2000 1057825.0512
617834358527265.0000 1094.5948
3251388219426617.0000 4122.8131
483721237582932.3000 1475058.8306
2659155439972951.0000 928500.3301
678266824440396.1000 104031.5764
5196352350830330.0000 2251.9597
345418043440899.2000 14147.2306
370372344354029.5000 1673546.0478
4782374362741577.0000 598089.8720
203854802409002.7200 39138.9001
610632756047237.5000 1019443.6636
5372232778335029.0000 2161073.9427
2503421527080317.5000 461446.3829
5678371096930652.0000 2120651.4150
1183353058624406.2000 211670.0485
3532081865715190.0000 547318.6431
1040711258211138.0000 782690.4595
149936425621371.7000 183012.0046
6704628644596077.0000 117070.0363
1118204312910173.1000 542642.2584
63259994400156.6500 3335949.2099
1266822492764145.2000 127011.6312
4085649518452992.0000 10672.9404
2275843922475879.5000 631974.5098
306529124197913.6000 99460.2333
2136116965972504.2000 346739.4456
435284260464031.8000 973881.3309
4909084377728452.0000 78211.4203
782286701119808.0000 212168.6578
91746201953088.2500 1425027.5886
4099967834608809.5000 603460.9714
210675815795172.5600 27356.1671
1753203523327214.2000 248355.5568
759308188362831.8000 192824.4583
6500607827028815.0000 613133.4860
1178488966089246.2000 281609.2862
112834880314415.2200 4931.9403
5204810526584572.0000 703458.3668
1089073886640885.2000 107179.3068
348898000811630.7500 1651072.8529
437074776381434.2500 68348.3811
271561494613956.5000 105184.5506
6334711089756585.0000 1537037.2263
707835725472898.6000 19656.1637
1509302288478651.5000 905749.0863
744612814021431.2000 39902.2046
236666288616637.3000 903840.2708
1467940332258196.8000 75.2349
2359580839856491.5000 232899.8152
4613749372997464.0000 27331.3455
106995217135423.2200 692602.8863
3083394639329633.5000 186331.9934
229906177361236.2800 98373.2076
1119800927612300.2000 136448.5663
1308945649818993.5000 607357.0110
201658526116790.4000 1878031.4728
2673117672027547.0000 381492.5229
3422984650954542.5000 4233.8271
2608941303629125.0000 1262308.8488
188429183360104.6600 530.7031
3804967985315720.0000 708752.0322
