# FVC 2D Coordinates
14293466624253.3220 108.7916
10053527237125.7970 56.6240
26425405483295.7070 75.3930
83487066882632.1000 136.1010
56094723041870.1950 155.7079
1041428502653.7426 255.7572
49147508870.4869 150.1394
3139910245425.2183 500.5047
9828496601.3599 320.5769
7327780.5064 31.3771
377340491823.3890 190.7903
14911008660690.3000 384.6725
30363869509413.9450 97.5157
77976144577428.4800 74.1542
64212845128919.2200 190.1333
1822078140264.9153 264.7700
8775628603.4906 394.5085
36003751801126.7400 558.3428
1602622577.9921 157.3497
430584793326.8290 67.8007
491545142880.5449 306.6840
6826026521021.8260 293.3347
11508151558371.5120 248.4093
98319260703197.2000 286.1787
30024071755497.4730 498.1168
457263495425.2259 271.7990
86140165.6511 227.8077
82107832.4936 269.6399
11120087537168.4570 210.1501
264495041.2697 35.2454
112858449019702.1600 259.1044
4739013421662.8240 25.0724
52759983335603.6700 210.6103
2941483755943.2250 206.9644
719482849875.5662 399.2227
24916923396552.1520 250.4414
1036516087852.6085 269.1572
1240952838383.1262 132.9828
165858384319.5642 314.8645
7802432712905.0180 97.7882
65222404527514.3900 645.6528
74278546078517.9800 179.1398
44783197888192.6200 256.6953
103307024469.0776 24.9551
176770757130.5741 157.0749
72284800163668.0200 31.7727
3670405476888.1850 263.6003
638536790428.3640 335.8739
27009403033811.9200 188.4490
107076056295.0576 132.6678
35070433856669.3950 205.1581
95907134994875.4500 70.1399
5506045252213.3820 346.1269
1684350640551.1396 257.5913
3004490244110.8286 202.0090
2271110309839.6080 165.0516
10906440363589.6230 37.2000
54433422873861.6900 179.4346
6744097924880.3460 172.3103
62151618590537.1100 08.5553
2696121408.3191 29.4073
4139391876665.6973 167.3916
910262147727.7025 61.1042
63665670616.8924 43.7895
888209040916.0114 230.2766
110844226145.9234 20.6212
77999681746197.2700 659.0733
13979513903152.1000 359.2234
263756889969.9082 169.5730
47839636800230.1640 392.7951
198919106.9511 307.6414
46337248428593.3200 96.1307
16853492476199.2870 622.5259
335470666693.2660 80.2311
6052605443467.7870 157.7913
36386180844.0825 148.0901
46911944402036.0160 274.3389
417254697661.9628 320.4480
31456505903550.9530 541.2224
1012343163575.4601 169.0407
779634487101.2920 103.4194
44444841531718.8750 332.3595
1219039314035.1091 140.1789
1141085461.7615 28.0269
46803354205674.3000 492.6439
361533364255.1712 156.3688
6072430203.2385 297.9022
2540161378121.9185 405.0850
29514722888291.5860 674.0482
3933249622.5025 49.9134
10462070743386.1430 348.5713
98961215.1459 426.2672
93444583670099.0800 354.8455
8523604859344.5980 257.4562
4930010275645.2120 183.8622
172379885054.2095 138.7310
32534459359.3366 237.7675
17047896804374.6400 434.1098
13220561174507.0620 158.7819
1151798088272.5347 176.9832
1453544100577.3350 193.5044
2044742259208.1765 99.9255
33530943085271.8550 235.0062
56511724185885.2300 228.3772
51122685686771.4800 38.1192
14309330203.8684 430.7757
2804023394603.6220 21.8497
8706532449844.9380 314.1472
1191428044929.0680 422.0107
39484479176.4464 86.3208
4727619044618.1700 452.1789
58544816562434.9700 05.7786
9653685272.2276 255.8577
20119299549713.0500 08.8021
381736632829.8135 293.4405
857652582310.2234 123.3444
5194724553522.9795 301.3010
4108605616613.1743 132.4211
29775151709266.6250 750.5077
44222273860205.7340 207.6532
9024240526771.8160 99.8707
23786033283.2377 153.2522
37388262400240.1300 430.0890
4568347488165.5280 68.6313
836770220.1550 82.6971
78727965358427.1200 312.8708
74542769605293.7800 512.8090
101410249886.4495 122.6208
1161380593990.5295 113.4646
234561791936.2006 227.3367
495540557706.1454 201.1833
6096491761431.7080 270.9496
88391089348186.3000 219.0068
1309761382762.7405 586.5971
7589093392049.5030 419.0935
17741121814.4143 230.2638
14199586997807.6300 443.7084
11923809656495.5780 121.0800
62950319130116.3360 63.1767
737149363.6781 256.0035
2474610011220.8643 214.3887
1081044541342.9862 131.5226
4303573190075.4824 131.0305
59648503735117.6250 382.3107
21125143716738.2100 281.6064
12629929433462.5450 240.8060
55701049904148.1300 571.8729
33401751011522.8240 243.9340
1597012822460.5295 305.1487
42762868119410.0500 289.4739
49996030031254.4000 760.0788
962954270161.9199 444.9191
78613064487912.7700 468.1042
104549247932.8313 70.4151
12232854367774.6500 357.7913
32281413960277.0300 614.1114
471384054862.3799 589.7582
9481624258339.6210 421.4846
713071302554.7667 134.2274
104445241447525.2500 448.2215
30635028416824.2730 219.3261
4463822538043.5490 187.2500
1550546164038.2630 585.6909
60101095410086.4100 162.2787
34158677385344.2100 412.9768
71372620109412.1000 417.7204
65744996375665.4300 63.8867
71347392916957.5000 121.8616
559933892405.3168 30.2018
55478435356576.8100 238.9054
86004718207.6163 393.9695
32849256379903.8870 105.0605
9347724044.2471 77.1334
17751966.0289 290.9312
1160495191.4796 57.0395
54772216893590.7660 359.0591
35612447431493.7800 405.3854
8573338530617.7130 06.6598
106935312.7754 268.3329
70867132126894.0300 276.7437
496277493002.4078 192.5932
2778070589715.2964 215.2724
4622520590853.1110 116.5064
6944954873790.7960 71.9160
16605719312344.5210 261.0285
2363773062687.2764 116.4164
2117342819.6028 24.5660
4316716298.2628 89.3091
43263390489692.5550 308.6871
27410550758970.9260 293.6116
73012614688.5940 79.7352
79423971213144.7300 210.7498
53946678528878.3100 141.5222
4135041706833.4660 120.7739
61282845285338.9600 359.6250
2048896706685.1360 121.0640
9561586678018.7270 250.9101
125363316581.3830 285.4056
2620152.3383 75.5982
74673936967450.8800 426.7584
47152527480350.2340 368.2046
14494922421329.7990 75.0894
52305508429722.2600 275.8913
10839885.7026 363.9970
2651019080998.3145 304.0891
20436593197905.9060 247.2710
77672439237155.3400 798.9369
19921139766798.2300 609.3320
4587004390352.7200 388.8289
45834717984976.3600 385.9032
1448680930843.1360 281.9583
7233560359674.4610 114.4218
32184650100.3049 56.2356
29497256950560.8550 352.1782
4787123608969.8970 109.9641
35811837518263.7700 382.3258
67854227352294.2300 178.0848
1212650922.1903 164.0311
80188392825524.4000 391.6539
66790036638732.1900 16.0294
5179212283788.6880 306.3683
30173405011085.0660 476.9880
456228951.3403 227.7596
8375880778953.8350 77.2074
1907482989934.0430 215.5545
60175995147271.2000 82.6104
289632718218.4167 222.8567
59772655100139.5500 281.9221
15875971345277.4060 405.2312
68187577128391.6400 151.2663
1141610325.6976 104.8837
141804312001.7349 278.3503
10060889304526.6860 153.3019
22805382316014.6840 100.3278
1245060856417.5112 349.0955
13768034207292.2000 401.0665
278660356381.5598 79.6472
13652692668708.7000 283.7102
3543716145.7278 34.0790
3039709304478.0234 406.7359
33258170250707.9960 376.1141
1780670769844.7314 404.6219
16452762736047.3120 378.3617
163777985283.7494 44.4685
15079072774310.2770 464.8623
5600321174173.6620 82.4404
99275020660.4613 138.3521
31217095244496.7930 05.4744
132495454090.2278 231.3722
17163682358842.8070 439.8928
2034142458334.4475 150.6161
26256721515.0960 56.0344
57623843755796.4600 224.7097
3681527463.8011 135.3637
37944399352720.1400 158.9168
1566767.0888 114.1044
785088813.7871 60.8923
9479390204907.1370 107.6422
438720523498.9083 324.7194
252629830653.3027 138.4732
10128824199875.8520 00.3394
30411628893.6154 198.2973
44033121747000.7800 539.7099
8717084293749.3200 99.2795
50126166553530.3050 161.8957
6024185867898.2190 51.3736
730377738804.5737 245.7366
10490850634378.4920 235.8341
42672694755.2745 12.6411
68074137794986.4400 77.6432
169421018540.9070 490.2706
15165005954040.5570 248.8738
31122658187583.0500 195.0547
71342488552880.6100 224.2156
43680405684880.5900 265.7958
130147638213.6988 192.1079
46021395472925.7000 01.4016
39572102942375.4700 621.1957
1126106546083.5034 283.3265
18663875867321.8300 18.9752
47416581841478.1900 648.5571
39749896672048.3300 106.8512
4889456711840.9420 460.3378
5740670805495.2750 86.5361
50776179898875.1200 763.2162
38471831555762.1900 227.1207
29370381714515.4260 263.5456
2445593693421.8310 320.9093
685764258708.2727 99.7866
432994950414.3209 108.8185
78043450048701.7300 419.5586
56790819682578.8100 176.0323
22084081619988.8700 257.4382
1356516701.8566 320.5003
60663296167924.3800 02.1041
1156081.3683 27.2295
62011688932.6800 118.4619
86456598755.1935 372.0187
97700380470729.1000 342.9905
24870837465.3568 332.5130
283672817335.3688 117.8731
498433047789.8332 219.7007
72871335233101.2200 548.6096
29560284305.1802 430.8435
39593941111471.7700 233.3179
4225968016749.7080 29.6237
1454135560841.5972 315.7876
1830816486305.8887 44.9390
8219970041222.8900 158.0665
105380036046355.8900 563.0708
33641517593940.3900 276.8211
1654733019927.6091 194.8471
15492885518804.1230 209.7097
1214839272232.5872 205.1805
6808762991256.5920 02.6473
1382046963076.6777 113.7775
675901070.8087 147.8732
18559030926.5341 139.8098
27494438121997.9340 468.1964
49275534956271.7400 768.6876
85698218416534.8900 258.9848
10204543093047.9100 07.5526
8230347519596.9120 192.9852
4375189945.0380 234.1059
165429172841.1928 110.1588
12833910671309.1840 168.8690
489494409122.1461 142.4697
14782021041696.4670 519.9886
19440312772464.2200 52.7108
1925452.6411 157.3519
2125572942292.9978 208.6254
28353019685.4092 212.7673
3020614911568.5864 486.9691
514103254984.7098 97.2339
98146290622354.2000 129.2764
118495189770.3101 297.5098
435967433940.7679 15.8715
8090485091161.3130 29.4587
25551322901583.9530 171.1447
11836873777.2797 360.2045
13461194184661.1580 279.3204
36822545995385.7700 192.3752
2669042001221.1426 137.6281
53049037379106.8100 163.6336
2941279142225.8550 298.1340
19700618487780.8440 169.1681
31541723932980.0350 340.3953
261031165.0098 09.7889
290271122.2397 421.4793
1646530456481.3364 95.2060
7581763566695.7170 239.4689
36667140034868.5800 452.1204
28410190131993.7500 342.7189
546706064234.1804 53.5038
5738012698.2001 353.0739
2812278597778.1020 186.3609
22017578960001.8300 303.3267
80794025231355.4700 40.2017
1886995747587.6804 215.0054
7089137538.4362 187.5382
96401621113525.3400 287.6864
34210500614799.9000 558.7785
9685773890530.0640 190.7252
50258858851897.9500 443.1387
41429440.2868 207.7154
23421123402191.4060 491.8719
26514940051875.0200 236.3605
31891610879689.5980 79.6000
53621442307643.5860 427.7673
20813525171228.2150 140.5208
471688248238.8500 06.5785
34484504005.5009 295.9818
70344796009954.5300 399.4378
5376764445884.7090 119.0345
6982295114358.3040 135.2883
2983845411.2799 117.8044
183985128318.8356 139.3989
147818261561.6754 41.9202
41835385196986.6300 55.3390
30720693603178.0980 130.2757
12740771272403.7340 227.1701
34113358518882.8120 323.7215
72729065894314.6000 82.9860
2286711657015.4490 318.8397
61767224249.7356 106.3668
922735990287.6343 414.1966
580948005401.1709 70.2404
18213247123058.6760 192.3180
47634347962902.6400 435.6029
75061011529969.8800 404.7731
5191248690482.3110 134.0752
1088890587.2310 271.6904
4343820160704.4070 46.1087
6463814867375.5370 84.2099
472622633005.3518 119.2454
13356194073731.9060 127.8750
1198856325403.6084 54.4446
51944481735286.0100 248.0034
10837494322906.0860 309.0121
10448826357458.6950 51.8619
4537237552363.2940 315.2067
193764325410.9721 280.9750
6369104386550.7040 518.8250
64934720285095.5550 204.6644
42419014413889.7500 667.9150
17972026775004.3800 332.9200
5601985986882.9100 648.7961
8779530304150.3860 22.4703
63150061665720.0100 51.2781
447361662587.4479 167.4567
12839688.2371 16.7850
1736062592318.6301 465.5424
1468419126890.3003 321.5921
2422835356339.6700 90.2015
40053546584110.9450 390.6284
20822531634324.9600 326.4950
1758005178986.9102 237.0373
256451438.3721 06.0037
254513608636.4862 102.4766
2866388285919.7430 233.2481
3062403225983.4863 311.5337
24863322156428.5600 253.0839
3081751410288.4414 419.2088
1368064825546.3000 197.9685
60002496975739.5500 441.3851
91761123335245.3100 479.9468
73114444036396.8600 87.5398
6339067724331.1250 55.5015
51193743472730.8300 582.1767
52346113850661.1500 30.2832
54713997852370.2200 45.5635
320828315158.2720 303.7886
5848493430.0331 482.5945
94228236614.9258 100.1630
52828588438776.6640 414.5954
6069304422.2289 267.0779
27768349272487.0820 39.5496
42882159709336.2340 346.1998
44734197553958.8600 579.4999
48757386551649.2200 129.5080
51483656440437.5160 341.7545
49276470679601.1250 320.5694
2784475140921.6810 218.7750
13763650596.4712 149.1267
492532774958.3621 08.8398
112374358185226.0500 532.3073
19194178267.2743 178.1184
2940839739061.4420 110.2864
5051511480516.1990 170.1560
1925441897894.9028 436.8807
7239218154046.5080 203.0045
467461757584.3086 449.2840
29774492949842.1700 129.8845
955135034.4051 110.6435
64266680956841.9900 40.3118
57124455775.4648 22.5166
4455083430398.9650 127.5618
68378023324679.4500 273.0288
146101246.1435 306.9108
58033905750104.4100 71.4020
4029989311521.6230 434.3926
85164155005402.3100 265.5197
41724267048886.3050 205.8391
6922756969427.7690 03.8097
24332719192725.8700 176.0014
1002361164.4143 276.9563
2556646157987.1523 69.4822
1947669436867.0178 127.7573
18704151209416.8240 381.3217
362147718.3928 199.7025
1050240295303.6200 354.4386
10924906797162.3200 292.5840
7977452611265.1080 208.7720
18540099760.5291 120.5406
31465800916650.2150 317.2532
29798370667806.4500 113.9861
65755076428955.0300 106.8787
335791888684.2348 398.7675
17539349453786.3440 505.4231
9425889139119.1000 119.1515
38230031228451.1500 225.3095
1090790224907.6434 82.4373
81626350445.7402 92.0137
10584173497.4169 279.7717
6057447314069.0140 239.2626
2739456156.3205 03.9044
210500673347.7998 40.5807
749638471026.1267 09.3120
16972940496194.2700 217.5310
23922195551220.2460 93.5610
6920985191741.3520 118.1000
45304573224525.1600 509.4930
30651009092127.8320 257.3680
63941585590228.5550 00.0000
37396014535408.8600 425.4526
62682346526375.1900 627.5522
1269168097202.1394 136.4575
817715857042.8408 34.1418
203122079803.1859 85.5502
1480880606.4647 68.0684
47954487128234.6800 391.9436
61220359095.0931 52.9158
21859274239257.9180 444.8940
28651484756756.4000 308.7432
493854241247.0242 186.2668
26134960783351.5820 113.9048
40184852667088.1300 484.5185
78841.6535 17.3759
525788573264.0605 116.9638
25947138242387.9400 125.4203
137515700319.1201 95.5582
24089807128703.9180 180.2238
19121638980381.0600 479.3525
13269095344448.8320 236.4811
62119622726197.5900 328.4016
82254003731.0097 189.4530
38600336736454.3500 280.7818
61005227372986.2600 113.9838
4488314383874.3050 76.7310
93444957.2552 379.1744
11380271437112.0590 63.9282
33424903770098.9450 360.8278
3328646701518.3345 127.2193
149222416152.8774 54.3442
10268771710547.8850 100.7323
58540397355170.8500 722.2950
370650592014.6723 177.7430
8419704490861.2830 77.9875
14644828494596.0700 146.1762
68971088999201.7700 115.1316
6144317213139.2030 325.3382
1526642954888.1140 113.3021
1400646550557.3906 94.2747
21111997814046.5600 17.7672
2817178002.2291 382.9822
660762056856.7145 25.4150
80329126419480.3000 240.1834
137851192330.2314 317.6837
15916937576688.7010 176.9666
65144977066.3254 150.7649
80223502504354.8100 220.3455
4438107085449.7620 71.5081
41814288877734.7800 284.0836
32953738266523.8550 232.1668
7256992211334.6950 266.6125
56990616182713.8400 266.1758
52379538604.0806 413.0066
74419267626267.6400 348.0640
69668290396980.1900 424.3821
25854514612397.3900 15.3942
8839327188.2220 296.1249
79292426703951.9400 263.2266
55685296945.1773 48.2114
41892485108853.3900 377.0767
56994064932296.7300 762.1836
588586794.3269 224.3458
70816157718139.4700 839.6417
186577191032.8886 40.3230
178029094942.8404 190.4958
13413652597547.1900 107.5776
286561423.0757 128.8881
50387684602243.1640 662.2100
734268115717.6758 513.3662
1335212902983.1633 239.5416
214868456569.8783 328.7950
24631468516504.5270 152.1466
266044.8345 158.7546
173450898.6575 49.3021
57920147465.7053 368.6818
1041988650255.6344 155.8159
299145031.2756 50.8050
25239088888384.9500 172.7229
74494290763425.8600 412.2290
3786806208732.9510 94.6749
26008876494.6696 68.8975
708732853463.8461 332.1563
47476356631.1677 255.6063
15726772198.5218 524.6882
3951278365967.8950 603.2609
75180620774235.6400 147.2964
26074204378923.0470 195.9824
47889987917741.2340 756.9093
13298377.3696 01.9363
13303867361150.1680 72.1634
65158528364654.8900 344.9350
46573782253037.1600 464.9915
27852952327171.9920 372.5992
3203699890993.2163 235.7778
390289737022.9436 135.9500
4414365215.4021 51.3091
209893595126.8832 66.1101
945017891126.9089 70.6850
25395226526948.2730 565.7331
7456516516847.3125 442.1551
53447552171176.8800 97.0020
1008095498544.2203 54.2473
170892234471.6263 73.2134
56287596973712.8700 551.1817
106171097247523.6600 558.0504
980434618031.5891 48.6927
10254969849918.5300 198.9613
29600233619596.8700 28.6521
42063067150381.8200 332.3068
29356085040620.3830 322.8730
28049976799693.2800 372.5814
17205848817358.2150 281.6590
2459624740095.5923 02.0532
41967145099992.8360 508.0903
110006546136430.1600 641.7673
16710857964041.1500 316.5375
42741146259716.7200 235.5244
12548236870276.1880 33.2064
5276598085.0902 263.7748
10254580952702.7200 147.8325
61323139686.9965 212.3778
151641331631.6632 238.7911
3435360076720.2420 168.3667
52340804888634.5900 490.7642
343097379754.9300 112.7242
16608441985550.8070 411.6449
25225960624729.1400 02.9862
14667482506849.2340 309.2119
67946517858661.0550 265.0176
44656170907.0492 491.3547
739647599.5915 345.6144
21391444400304.8600 306.6103
44263920626340.3400 56.0094
78708232837010.4000 244.2794
9905818033.5673 112.8881
3116120442663.6230 449.8119
13003359837.7023 97.3855
306283147.3238 29.0357
24757107053291.0860 85.7108
131492850646.2108 21.2680
124188872420.0396 377.7488
104268171887954.7300 446.7562
1142481702249.8188 272.2364
110882904914206.3600 487.8921
30076388300638.4530 115.1547
13798884146573.1600 382.2064
13955336434519.0860 00.0506
24884245330284.0160 99.1922
120374.7931 10.4821
2353194423993.7630 29.0262
22655751.2778 325.1557
47139278016163.8200 346.6784
40571813208.3116 386.2959
66629730625155.2200 168.3990
26854342685555.1170 288.0609
53500480336532.3900 142.0582
8500472769089.7630 297.8678
1248620219073.4119 181.6876
1099445441286.6038 345.5348
34812819691090.0200 345.8766
27921931161076.6370 489.0232
4671180289433.9620 197.7215
726360795195.8214 311.4670
32489930202020.8870 345.4298
81599672182085.2500 250.0551
2456161503030.2017 61.9658
2053117695897.1426 55.1485
11392713567015.9860 176.5069
34168852008367.1560 249.8744
342508624.6885 278.3922
87558830021971.7500 432.8394
30439384439577.1330 77.9327
101740207469651.9200 717.8670
63394059364337.2800 95.6079
1286862871494.4146 508.3220
14014133845372.0410 450.9844
103113979910061.2700 547.6175
10290625133.4822 62.2445
22522294263603.8000 360.3196
30694462643523.2270 69.6461
84065595796698.1700 413.3002
44482116211056.5200 59.7116
366693509300.7750 219.7984
88690736368048.6400 529.8046
2348071471987.5645 252.3944
3457734565210.9155 222.4534
3510315960710.3480 360.3714
11601806922328.9220 82.0333
23032155977617.5200 341.8179
6538092152502.5060 312.9324
24474885132334.9340 165.3421
228002373334.8375 456.8364
406277210298.6746 40.2075
422959801.5692 27.5088
29951119491310.0200 115.0146
17226869271945.4940 210.7863
35435615146657.2800 133.3521
12732219281.9483 320.7830
8437640416143.0140 43.2932
133610458364.9879 127.3546
3256058054592.8975 40.9994
4905922349997.3480 23.3608
28055957398654.8700 518.2938
26401425186636.6000 435.8146
135859249815.2936 213.3977
19877532943958.8240 165.3373
249114820625.0833 287.0820
636694960552.5933 163.2136
80102690233.8431 152.7169
10467603099918.2580 89.6733
1456928758945.3708 408.7476
11123198015293.7050 448.5221
4451082161966.6045 169.7915
70951583363672.4800 309.9947
565425473.8246 160.9959
272154062218.5402 195.3258
7086796224227.9790 250.0106
210335944210.1987 74.6628
315654128103.6347 52.0404
8636390231.1731 77.3762
1686726244874.3354 176.6255
1695302072946.8315 441.6980
25529015708554.2420 25.2655
1626205102402.9524 354.4886
6895572670314.6020 312.9917
78923006513.2239 142.4717
7283806020478.7705 136.5598
18323607462519.5100 452.5053
35749611283160.5000 218.1721
3544775563137.5176 102.1865
14988523253572.1040 39.8062
820118284832.6353 83.3952
138086866072.9600 114.5388
34026109002416.8050 69.9454
174511130325.1280 231.6047
3490492872748.7340 424.8462
59435780502443.6600 283.1341
102299873916.8721 57.1215
238532894707.0707 203.1211
36520734009200.0000 268.7437
12223159003813.6780 128.4376
23815040047040.8900 61.4993
48761402112628.9000 324.4244
98591628070629.4700 698.1227
32057528.2963 109.8863
21748220372694.6250 394.7368
76984964812708.4000 122.6052
4822618868842.3450 150.6060
106867054.4750 277.0613
26805023203104.2850 152.8530
23516775232530.2150 47.9546
1349367350.9843 103.0942
41672091930.6651 284.6165
1388191973.2116 56.8166
71904112825.5150 376.5876
441884093091.4761 250.0266
25913850743041.2270 27.4876
70363970020275.3400 62.2408
519966022677.3154 331.3082
19353311528364.1250 202.7643
2553039419505.6816 215.0611
6894165833406.0000 391.5880
20176921044706.3870 00.0000
514768184392.8684 57.2075
4120077422235.1250 387.7197
1013556808494.6145 263.3764
23934154840361.1370 293.4798
69960999774129.0550 288.5194
611559558299.6063 83.6594
6543392221492.9820 164.2107
27984034572530.1950 365.3269
206903498874.1730 128.4528
4043568938734.6270 49.6306
243559390041.6237 306.0921
43284014010347.1900 418.0037
2695858370008.9310 279.1510
2632156736.4614 141.2253
9909021508306.1620 636.3021
59045051020.1749 19.3145
17163025532392.5100 249.5081
3532757242505.7314 179.7868
245394724.3283 98.1796
1821774633978.4553 126.8332
36034077313499.7300 04.9401
58612669105.6323 05.7150
32947769650828.4840 451.8921
5240368754691.6030 166.7141
210490510285.1245 00.5700
10772251293703.2340 273.1383
204296895088.6230 89.9684
87764624804013.7200 513.7690
95321798919178.7000 334.0926
490914606884.3100 207.7095
1393623799985.3306 72.8550
34612803762056.6800 450.0017
2594708749098.6626 201.6965
89188934573.2696 352.6780
14147966807664.4400 58.7559
6866793660748.7330 312.8668
59499656757039.3500 356.1689
2598798245486.8530 40.0880
55695104032929.0600 78.6337
18979662083825.1050 62.7168
87079237791140.6000 430.8812
3969636343989.1760 147.8058
49362614892473.4140 25.6594
649963477908.6863 141.2878
47172959226815.9200 292.1658
108299846106818.5300 209.9653
164215560.7625 257.6692
1848075424958.5750 135.5513
4412213353845.9670 206.3631
751306731000.4140 181.4663
514015055865.3851 119.2862
1693706611359.5100 217.4072
18159020758427.9100 224.6644
12349338344109.7520 72.6871
33209860659686.1840 279.7957
3854492834146.9660 199.3586
96394304822.2135 559.9703
46963486361071.7340 676.0765
20019256887681.6450 187.5439
102908536088924.1900 456.9336
120002956983.9090 81.2020
42688290857733.4200 166.4229
2711193819691.6490 05.8578
984931394017.7529 177.3749
15445527966008.3260 201.9016
15948971185.7124 17.2280
87455402247138.3100 319.7562
38271486491.5833 133.4930
434538072.5661 27.5913
32124936271778.8200 262.8334
26072602799870.2900 632.1506
5574255417965.3010 138.3290
11692604638742.2090 420.5397
16968530839360.3750 250.9160
78779142199620.0800 471.2535
3940476103345.4478 100.0871
26010036046770.6600 139.7900
42018011099.0435 321.1812
27762635245730.9140 271.5661
1717894910192.2722 166.7804
1089710338428.6260 06.5626
27489849646243.7660 112.8175
1906938415182.8610 497.9746
1966681033.7766 156.7030
1733082834729.8481 161.1999
529691088062.1527 92.7154
78405235475279.1200 181.2799
77405156452421.8100 316.2585
2997811458.9238 288.7809
4059380472541.4300 06.2764
42804702202759.9500 203.6730
1380045315983.1985 491.6062
1794313196504.0251 123.1704
40081364333346.0000 343.3324
18344079521208.9060 41.9780
47615935805075.5400 351.0937
3909480047307.9300 200.7111
67478422252.1954 124.7169
5554259476.9029 119.6946
48952085119120.1800 27.2298
353381399392.4089 50.1734
7164579907811.2180 110.2430
2145436734465.1758 65.4197
515998867493.3602 473.5821
83509923423539.2700 459.5627
25475956457003.5200 236.5710
18452287346394.5940 403.0967
7034797393635.3960 113.6523
1292079491783.5730 220.3571
288189811369.6558 334.2491
5819606689800.3955 348.7986
5941951962320.0550 113.4315
10244049142461.2970 417.8300
4267347149692.0977 248.4717
2694046406114.2563 188.7978
61762206860267.6200 297.9427
27813263569139.6640 553.3862
29323834600101.3100 382.6261
75047197046926.8800 74.6549
7835245606279.2890 481.4215
89092285682304.7700 271.8503
42318531014753.3300 161.0257
1927501989654.0269 343.0971
1408888805.9052 52.5697
6396956648437.0690 176.8460
7551648660.7809 101.9721
74132236653724.6900 773.5447
13126154299193.1880 425.9656
72056000283645.1100 177.8028
22799088890170.0740 35.2501
70019472761709.2660 109.4591
19543357006293.6560 266.4280
84514105817.5280 207.2568
10429279745.5231 190.5448
2270610856892.3467 135.0381
16625141705.9608 189.1742
139881500102.2888 207.7475
103720551105.9578 348.5460
525181185.0522 08.8990
26458592818694.5500 37.2482
49458526295063.4700 351.7731
2227384701280.4526 167.6412
66072235287.5464 124.6376
128277822005.8832 203.5058
3948787550968.1934 198.5384
80753859260.1668 195.0258
293149235008.7967 257.2484
10986633413.5113 27.9784
4249017355.3519 287.2844
5946384424515.1160 309.9833
72452737.7542 01.0379
74158955544.7971 406.4521
22959194050205.2540 91.6053
1239333807691.7097 142.6611
1846042368924.5078 269.3684
111889152847908.7200 686.3378
414362418379.0281 318.7964
44249292347461.9100 389.3881
62597623103.8000 101.8623
485143814166.3608 72.8456
8344037057863.1370 242.4124
382200390.0669 456.2630
34075086587044.3950 409.2963
786046890.5937 211.4270
52640706964697.7000 204.3657
44142619320874.0700 204.3436
5766264439986.1580 417.1882
2936338593008.0176 201.7918
15395776138610.4240 337.5868
6123530063331.5850 293.2642
22070192545038.2400 419.0417
17912614933710.6800 236.2537
147410776447.7857 70.6046
11941711776.1581 38.5452
8118970210161.4960 517.3289
44883828130296.8900 104.8024
41077805018.6394 264.8211
1326332827005.7932 250.2395
121655315384.2386 167.6308
32806574868603.8160 230.0185
33400913701202.2460 611.9623
597562754147.0226 373.3813
42130938499356.6800 444.4194
3414099109.9193 181.5016
36496419007490.3100 233.7201
32565067999296.1130 369.6452
24711995908702.8750 245.1766
22205748459452.5620 50.8964
29995404624570.7770 284.0701
8584800139420.7010 230.6723
26685002080852.5980 263.1193
8147005840558.0480 183.2087
57546905271213.5160 654.6505
74041648543.3458 144.5325
84317883036576.3800 181.9021
10120514631962.8340 41.8761
507851639989.0259 155.3590
102050485.0986 267.8066
190021201358.9977 314.8281
5201147424395.7370 402.8513
10891091930457.3770 117.1155
3024770130.8946 30.1967
23451573904614.3120 28.3655
20337312213630.9920 166.7786
63629055913277.0160 329.9999
2504977342741.2430 567.7203
110712748097981.3100 120.0204
13151963510067.5200 140.6889
8010059813317.7640 315.1276
56726174810107.7340 604.8719
218001913117.3532 281.0837
17102136554719.2290 267.0862
2703201734.7792 40.2641
36030022544.0960 223.4454
44526159937536.8050 367.8772
7473802328261.8770 323.8042
1559286867780.7840 210.3428
741436698536.3689 96.8146
58020620720116.6000 83.5994
34954606.3811 128.5343
73465934922343.3000 230.7927
4140339807863.3086 45.4999
4967687904274.1640 178.0807
38603923335737.8600 216.7939
619337048.4653 93.0598
5855907453.3464 105.5835
17139408292026.2850 191.9070
235488077448.0297 295.1803
104128584721400.6900 634.6190
15896630953935.6950 65.3579
11502703.8728 164.4900
24537242785443.6560 364.0830
11522680277553.2400 221.6547
88864982222793.8400 221.9538
402014474728.8074 86.9703
28843267462433.6400 387.4663
65429787969.6752 294.0403
33059733741.3394 53.7450
31416605111.5016 223.6102
2770842511328.6700 297.1767
42062929864.6118 44.9248
184720018908.2878 25.2893
2380184513780.7974 31.8894
14682289782950.2340 201.0373
1585476745.9704 353.6946
22615323896350.0660 374.5719
5467931093242.3820 254.1660
206686864489.5779 424.6377
8174708741082.8670 380.3622
15004244817980.4590 250.3978
20503134239.3255 40.5145
13083655294322.9060 214.4756
34468436950.3236 203.0050
1820613958940.1553 377.5078
7224621046503.7380 635.9530
470445321460.9979 122.9164
241903565305.3429 237.5500
85368657749.9362 69.0998
29108361300885.7000 269.2734
43696604330259.8200 96.9763
71285613868.1649 115.2714
14125099865143.2270 364.4759
3629752759.3090 205.8260
672063671.4980 307.0873
714710245391.8748 37.1005
110785569867746.7500 840.3198
97374196046355.5500 169.8281
83436648405197.6600 470.6609
13160276084758.6820 541.7483
17536981090.9649 259.9272
13785705228158.9600 585.7427
10662130.6768 157.1314
3511507157517.3830 100.5359
1502880692.9686 47.6223
3911880598.4004 221.6761
103488065346359.9400 469.1577
74917702350276.0600 149.1924
274634852453.6642 377.8714
317661129224.8492 228.8553
150363661.1287 21.2872
24432331642351.0620 35.9392
19660851686435.7930 293.3379
30385885498705.4100 69.8640
305914118516.5101 280.6103
8230414841779.1100 209.9103
428557823621.0702 227.0337
5689347832812.5090 421.4568
8167328182926.2640 75.6661
40822641527.3064 78.8390
5579998660170.6620 349.4770
25639084793261.2900 345.5527
25362947303638.6560 139.1853
72607795499540.2800 290.8155
85944392135522.5300 314.1600
97382267152537.3600 330.0607
292043223644.5712 75.1355
33380127.5392 279.3812
147506769903.8214 149.9403
4199991137313.2940 95.9549
352032264363.0061 52.3522
102104994306440.6100 533.8090
243181585389.0723 28.0768
1298918334165.3938 61.6088
20479558709.9287 193.4377
21146582936412.1840 506.5849
5952509562171.1590 140.2899
5061272687348.6770 187.8236
25391950904059.6950 136.4296
496426086.6911 216.1796
58481664312903.8750 223.6619
66858335244541.7800 613.9729
17801321239396.7230 102.1309
16044663570.9800 295.5326
24480648144750.8900 359.1717
1866120887087.5750 124.9028
40613090457826.8750 00.0000
20136122912704.8120 244.8233
6743432857.2162 232.9564
4528520201962.9170 19.3684
71024957620481.9400 631.2696
1639191518287.6873 311.5434
117155753997.0166 206.0146
210662068952.7386 194.7100
74728142717025.9400 444.5205
12703772126471.5180 68.9421
626573968072.1174 120.2200
2954403525643.7983 208.1878
9480402013.4574 276.3924
39140162415468.0600 396.4395
67011330446318.7660 184.5893
25484629336485.6370 37.7371
17042900395081.2250 85.8439
6203569002439.2705 04.4488
1156705471.3152 268.8194
25279488256.0678 145.0448
562017911193.5430 126.5214
88141345160746.4400 95.4439
29179611592897.4840 249.9892
468157461147.7006 171.4032
61947398360275.2200 199.7346
27698940476975.7850 383.9036
4173419504.7990 27.3618
79767284371300.3800 451.0038
12180921462889.0660 313.8169
10853428709702.2730 249.5387
266375535243.8655 230.3380
61691565.4869 64.1195
107041421040.4198 27.7837
129633260.0908 485.4460
15086281324282.8630 164.2793
17176509423970.4750 334.0403
1531414104341.4200 327.9902
13048133375079.8140 308.2170
5468808849549.8830 147.2342
492554689275.2437 134.2986
67839376666.4675 361.5761
15785583059825.9940 277.8546
47772193073068.7100 147.1534
27636684512331.0860 437.0440
75466146438248.1000 349.2697
640431480101.1002 354.5986
693985275484.1296 381.1658
503604233388.2333 44.2110
41517934417576.4200 490.5881
10621271573550.9960 107.2112
86248472133563.1400 170.9019
50595952862.2972 53.3452
12302878343465.2030 201.5854
131859168515.5969 97.2072
19592938454.5303 111.2203
129578647645.0563 176.3038
6943912759144.8830 09.7199
8965713049815.9280 485.3531
31127178793815.4500 518.9006
5271448098219.5290 238.4004
86454313577719.8800 398.7601
111008298539026.3100 429.5970
5803012526311.7320 161.6367
38084982109585.6950 204.1474
110849322968.1671 144.6916
145556576269.2347 150.1926
72962720988559.6000 495.0539
67650002425743.0800 01.0872
23380529687371.2340 405.0542
26570149985693.8400 41.8094
3544223518290.7476 193.9036
25406486263754.3240 79.2097
1140905898932.2522 148.0913
2210287702606.6060 270.4428
89685481459516.1900 92.0126
12615422048720.9080 471.7374
32382913237050.9900 185.9825
34493056844553.7340 87.9178
10308123506440.7850 216.8200
2401714595095.8735 246.2612
1295677012822.2668 559.4524
1680897843780.3590 05.4177
11340776585668.3570 687.5167
68944655595069.1600 266.9126
21015768328246.1250 182.9247
389166516903.2753 09.3308
35203167393855.2500 268.4395
54591219164539.8800 07.5820
18027594833259.3800 209.6863
4040906325360.8687 169.1396
259338219158.6664 13.4860
47685434555339.5700 08.1153
887985677.3404 344.2868
49329373391544.8360 186.6890
3926929002012.4410 05.1599
87292216131875.6000 470.4265
14795543330482.9410 275.0921
274513421324.0560 235.5751
196661009414.3500 164.4278
74363403943500.3800 667.0768
47426849127.6516 68.5130
74759639092305.1100 280.2257
346781370457.1029 122.0038
415316319408.6295 09.6977
105430153362529.3900 81.7933
37597747544233.5160 264.4852
429219337321.2787 154.2188
19781195216.7205 26.4286
83063160061876.4800 560.6258
4502259279634.0625 357.1498
19437536295694.9570 56.3358
3649627624378.1490 00.0946
269440911.3628 112.0667
147641420095.8369 449.9670
39853107611469.7400 633.8006
269219514938.4586 295.4655
28177786725387.9180 305.7786
64803625121.6654 33.7569
646940990229.3484 241.6596
40111836195372.5550 350.6182
2058002229487.3308 102.4972
68278944918855.3750 440.2915
33029302552001.9500 416.4857
6278770521329.1490 148.4095
4658644636823.1700 223.8551
789168431295.2445 80.5424
15008932728119.3830 545.7576
11527330581418.3500 701.9128
12372860699697.8790 138.5961
403239439536.9084 262.7881
4461925536369.9920 418.3075
218240034930.4344 61.4540
33262103908163.5800 237.2848
5874945653335.8450 203.2498
7150330033654.7290 148.8675
20804953511286.7930 471.9240
1645711451027.0122 103.7004
58639825384461.3100 00.0000
553516917804.0550 365.9307
102359494377998.3000 177.8879
62030836156620.5200 557.4705
6022199645328.1120 226.3909
7325010921495.8040 91.1948
8288293731198.7950 133.4693
75293102622705.5800 269.0522
7361335682024.7050 325.4392
1224320126931.4412 247.7016
35672456521993.8300 532.9662
22992524.0952 254.9251
81253342425269.5200 79.7290
1107096925475.0234 348.7493
2001673380050.2910 395.4620
17630400130547.7850 463.0652
34593153693450.8120 178.2975
61225789126041.1250 342.5047
59022417735878.8300 500.3284
58444353491540.3400 197.7273
82225672276855.9000 213.9552
1237159295392.6028 130.4184
1678198477551.2717 130.6542
83501894.0018 96.0669
52466906756526.6100 213.9479
3150431446.2452 301.8200
50341177.6076 275.7926
61981436555706.1100 137.7803
2485756747760.3535 21.3225
530025214665.7335 186.0362
11741165247550.0080 60.6156
15707208904240.4200 169.9328
11326844240229.2400 281.9837
375253945298.2114 103.2802
4958091680108.0700 466.2564
59788847403235.2600 651.7265
546665157281.8469 145.6223
7268106856805.1650 189.7601
74310739056993.4200 80.6517
20862396625350.9140 68.4745
621782797379.8624 114.3298
321014691.4987 74.8919
52308263199822.2340 300.5666
56950480337603.2800 649.3944
79906360973492.1100 169.7950
59464408420306.5160 113.3602
14534546720991.8790 446.8052
677698969140.0094 91.3893
6757100319599.1580 388.4897
281702168888.5135 366.8275
63200229255535.6500 122.2206
4071603714215.0444 151.5846
56482548148766.6950 85.1166
67544104083798.7400 428.6660
9201637910488.8830 74.0688
67313828534019.1800 604.1063
42725757689673.0700 153.5548
39856439214369.8750 699.5369
582749988.3530 287.7935
5331955713960.0560 16.1075
53716580521455.8750 344.6471
12863810598790.8070 363.0881
21371589289674.0900 286.9303
21246974296011.4800 443.3675
58507372965651.7900 533.7909
42091660370721.6900 677.5745
11847429052725.5210 312.6566
840970635.2038 366.5359
49717972631085.8360 825.2544
493922573564.7225 333.8556
180283192.3897 278.2055
51407343135.2374 38.3444
23172836252555.6130 225.8770
306231939904.1139 72.7760
1171378072380.5415 199.1258
1014543928572.8008 350.6403
10893905498050.6720 46.6866
44772987024640.5200 523.5811
6091428192272.3870 113.4806
219200086097.8206 436.0608
1286122176388.4110 135.7169
310633029437.9273 48.9792
27599789756.7756 480.0571
11501265496673.6100 263.7578
74381.5396 00.9456
15600042119374.7830 383.9510
86612454766685.4400 488.2444
90164967437137.0000 635.4214
27470170593020.6840 68.5160
72779832072881.5300 438.8906
39497824676572.4600 484.9794
11755837491410.7540 58.3760
8457036.6415 130.4170
8958773129174.4550 446.2076
45585349402875.3600 230.2873
111352490613340.8300 358.8510
108697241159400.5300 346.8938
44613923588493.1400 406.4703
53417963491546.0900 832.9562
29058597.5875 121.1458
727923363781.1388 62.9249
57544569322940.6700 207.1318
53451197833.1687 80.5410
91619317166008.0500 585.1228
326282221657.7775 277.7632
40558539775132.2100 317.7587
55270357638808.2300 161.6934
8402401835631.2270 391.8036
1088433068218.4056 178.7011
585075400928.7343 447.7451
405698698560.0070 163.0779
448284702748.9982 246.7701
69586636234.9962 09.5168
201854.7103 154.1767
709202585795.1179 95.4659
101368627955031.3100 497.4449
4171634026566.4546 306.0193
138640808.3967 244.2805
4064366975950.4116 223.0068
1086192523009.9197 139.5511
53169285254318.1250 423.3623
7537944216828.5830 28.7148
203887195209.8973 104.8018
28441489769578.3630 133.9870
7308279715625.6560 228.3472
11296011637715.2970 55.3724
83805030046638.0300 272.1737
47981631991558.3400 377.8900
179074851724.9432 312.2294
4324981564642.2790 09.6029
82049747694864.8100 487.1100
4801589644518.4650 409.6290
5026742389620.4150 224.5410
710380975.1499 69.2145
92583481452365.3000 404.2653
345517439001.5474 94.6244
44973766906134.1300 320.3543
4040590563.4902 51.3450
3673003673318.6680 143.6811
16857849945024.6070 305.3166
2827707283487.2650 173.4177
9619579718055.7520 428.3776
25463623563030.7600 215.8331
21089155295342.2400 573.1248
6339362094.4664 178.8530
133204660.9363 15.1415
64975691793219.9840 123.5113
93321035659.7963 208.0348
31178539665017.0900 113.8915
12785728691879.5160 296.3911
1358200385264.2703 133.0473
24615900845.4794 96.7454
32356669556.7882 86.6649
16667471728386.2230 323.9371
32724714.1351 346.2741
1066254201338.7478 32.3826
3908462089195.0723 97.6663
4560009652.0601 309.0827
47134825466868.1800 320.8950
8645624930808.4080 206.9826
51701060238525.0550 399.5232
84754788741519.9800 168.7310
12844722912792.9700 337.0917
61049413297922.8900 39.8302
22633539476495.2150 96.8861
27121794953221.9960 161.8451
16419317308524.1680 131.6295
3531160123876.4570 98.0193
11599063791731.2130 435.4739
78619791670917.5300 726.9304
2024462268.2685 111.1754
23999577164.3168 23.5802
6609985018.8941 00.0000
395726133933.2648 160.8175
11123768505420.9100 120.2768
6127033434622.9310 133.2274
214519772643.7243 196.2949
1004224975407.1941 137.6699
294969937833.0470 350.9828
23240615054644.6500 299.4382
2465827481755.4930 97.2677
1500552192100.2603 140.6670
5139737361139.6920 342.0986
25454578354679.4570 149.9202
31543067942232.9800 309.8157
24031873643655.2800 526.1856
2714862152961.5796 45.6775
1787585786812.3552 453.4352
493729180177.9677 64.2842
619111575482.3945 217.2541
7693538132.1854 316.9556
83244042332.9106 416.8074
86629086290025.0200 442.4681
75386982965569.5800 183.0426
501001042555.9457 236.4813
67444142615053.7800 109.6018
2295875817950.4814 75.2766
450876453180.6868 155.1244
34959163309.2974 285.9234
2285546551.9094 386.3964
4295154983313.0110 68.0979
2959691240617.1790 84.4193
71014635455778.6900 125.0521
71599865956.6136 311.7163
3011418940.8826 159.1324
18978254641688.9570 421.2974
255591733146.8065 60.7625
100134808270.0062 38.9581
534028713975.5268 144.9989
29640129862537.9380 266.4033
603620684.6312 10.8123
170670806.6037 290.9936
280754279266.9852 90.1742
79219093359515.8000 198.1531
51033631670.8479 31.9677
9970954293272.1350 57.5688
646483378098.4037 40.4461
30413942348358.2460 376.2535
30926310049348.2340 56.3397
251217676041.3931 70.4558
91133155354155.8800 137.2438
25868677247661.8240 14.2087
379067222460.4727 370.8674
115856592181.9442 260.6876
112487452686338.9500 946.2621
20353440558933.9770 404.9983
77322367530.2540 26.3012
40702002296946.9200 213.0388
53496284768.4643 181.3388
7662827203.9056 43.4449
4311765191541.1753 130.9894
18581596643456.6880 100.0636
60750726343009.3000 290.7119
17089096501096.2380 280.4424
7845207119944.5250 437.0155
73990402431466.9500 782.5576
6485950531.0603 117.8097
30986164980831.9340 431.1136
29525315580103.3240 366.2748
32988340499.3669 477.8545
1346501264093.8672 398.7178
80420273878064.1000 790.3609
52696200781.8568 163.8103
284481187622.5783 92.1997
21765004007499.2770 330.9131
1170401720793.2903 231.8741
5624428278269.9280 193.0518
21511168572.6465 259.6737
9185646181321.7380 238.1774
1081933320943.5135 150.1355
15502719331238.4100 136.2493
36857904360946.6300 248.8626
678310430392.6772 86.1375
78722449370981.8600 687.9468
13322583.6847 161.0425
9730730647215.4380 404.3207
1847146130552.5125 102.1007
4940138042188.7210 236.8390
23276565827434.2030 287.8974
4145205987710.4595 279.4471
56357827971219.4500 196.4947
34397759810051.4700 274.5893
84055090100222.9400 352.3429
2388833415667.5700 445.7072
1853681807760.6243 336.7955
9049028794506.8730 436.4287
6202646163139.8125 334.2142
34216843379177.6330 604.5248
4837505380645.6340 184.8225
9401830204711.4100 443.0355
521412258227.4433 234.4900
16051114086012.9040 276.5454
5058996716160.2705 277.1315
46570265149579.3400 363.7843
19282421248686.6000 176.2985
59621443241.0425 52.4345
17425786400916.2560 548.8629
70386361279141.7500 121.5747
55698715415895.7800 265.4807
15787968371738.7500 218.4126
111211226321547.3300 300.8575
48201208976537.5860 360.9971
11033277789252.5530 600.8208
6770189023495.1140 156.0858
4754070932203.0960 133.0931
11806596154153.4300 97.1885
6343736963392.9720 293.2527
79870692935048.3800 240.4620
307308597.5708 124.7389
78631498506530.2200 233.4448
7302247977354.4320 333.3976
29786102186114.5980 391.7996
9886799541117.6800 178.7770
984759343344.9204 99.7480
7294580392475.9800 216.3443
31928625044181.9960 448.6921
15922937680705.0720 536.3669
2118387977861.2268 197.9622
7122671476367.4500 210.3830
88416437348.1914 20.9455
129104974903.4983 104.3792
15120401066024.3360 290.6016
60512753073.0088 111.0238
6381941968459.2630 193.0209
17814941779423.2660 133.8727
7164821956131.9750 222.5819
2097447940150.4702 73.8325
88858.9568 310.4151
29920450871463.8120 178.4784
8095434471144.2890 135.2765
9132175.4703 81.3289
40296796248.8746 39.2103
69616363717535.6500 300.6358
47138845170.4890 78.9356
28420726079204.7200 175.2270
811578212086.1882 38.7913
6538208792097.6770 281.5502
138087680156.1302 79.7325
29378484285658.2730 410.6827
12864001523098.7010 274.4539
67689174411940.7900 398.0283
22283845059356.2400 352.1954
9267933187094.3340 276.6947
58630831218.8118 314.4296
4687718531774.1200 277.6091
925840169869.5125 153.8199
14040915783059.7380 274.0449
921372821.8830 440.8720
63404842443777.5160 589.6671
8770632172869.1270 608.0340
77024257342330.9000 210.7279
8260288616431.6860 380.6583
70943237728045.5300 418.4407
17609938211588.6000 241.9526
15003108750.0232 159.5293
28247579188035.4260 138.5885
73515314870047.1200 310.9675
54667629309960.2600 382.6846
10335361400220.7200 143.4340
38232317736053.9500 283.1528
3282757466310.2190 422.0115
8571864163475.0710 338.2661
12477836455435.5740 437.8323
78411187478713.8800 281.4538
10398750078154.9650 446.4584
11788583096.4700 413.5256
4798254631905.3000 543.6611
1683724804542.6306 141.7381
960486133575.2073 68.8235
48106267007.4406 162.4254
37094860115674.3360 251.6128
16869982733510.3550 178.9720
18561027054432.2420 114.4432
378026851992.8908 178.0394
28786035981379.6370 732.5948
3170094131979.7114 218.9871
2944653153552.8115 114.6128
11181951873524.2970 160.8628
24944887338185.5040 256.5639
26473535129854.7400 30.8302
74267527700000.0300 349.9642
748093883194.3400 02.9725
47186291.6217 230.1722
8188665527010.8170 406.5904
972794595703.0960 189.5176
46403266136502.5400 264.6903
8419670471081.5160 107.2127
67174911547707.5800 211.1591
19253148872740.9600 134.7774
2582099957182.1620 281.4746
72275188709.0518 182.2774
23582872906930.3300 248.4275
19247835115.2782 328.9512
54435210319848.7660 163.7487
158264736931.2118 70.0776
17247153565161.9260 99.3473
17553672263984.5330 181.4298
4289049977655.6523 405.1232
2831317166651.4350 76.4734
29271252727.7442 41.9331
252667876175.9532 16.1634
6267745168498.2790 350.7748
55119216068229.5400 574.1810
49131452069853.2500 407.3508
2388497121514.2563 144.1415
999639172769.4026 327.4218
19876044203339.8050 184.7367
2716303917.0016 16.7424
27905078.8731 225.5792
814335057189.3541 68.9396
38526831653020.9450 270.9188
13706876445404.6400 284.0343
40525574174993.9900 571.2277
37984859269539.7000 379.5545
18906457.1136 204.4143
8286712564868.4890 61.4799
11348433855748.2680 147.1132
94497661931521.5000 626.2599
47309604199439.9300 284.7819
71617329681498.7500 565.4710
1342140956.6943 228.2373
74169770963236.5300 96.0813
64408499005368.1800 414.8480
373008809379.7740 38.4016
683764229324.3860 162.7617
68264515526627.4800 130.5757
36201830773263.1800 498.6618
45831923264274.1900 512.6508
1111420375308.7793 297.2333
197704.9418 45.0007
5336443365785.0860 156.9049
38538753145.0186 197.8912
357757032058.5079 94.7552
19372930565909.4300 427.4254
550563596.5139 190.8635
29867395168010.6680 32.1757
18503367974484.0980 105.5467
5298220249.3883 102.7642
603938050540.6870 09.2935
15935804419.1778 115.5896
92728467526523.0300 415.6583
57872309381905.5000 306.2573
23687730399.8220 02.6279
14296987147826.1520 109.5794
60327437730344.7600 54.6027
36112447280216.8360 280.4190
6683390075551.0080 118.5809
13716660147297.7810 113.5681
2681682003676.5760 43.8452
8712478393650.9310 244.1800
46801375048.7579 265.2137
2713733215603.1733 235.9011
22043441630291.9700 442.4413
9092801165.6593 16.4764
1842199189560.5557 37.3520
6746918511.6781 464.2065
29117851283941.7070 218.6277
20721566.6763 169.4371
4145344181825.6553 174.0294
16581187923288.1290 616.8970
35600661.1383 212.2101
172461415.1767 166.7927
37681682524383.9000 384.1894
25291530601887.6520 193.3409
56838130850269.9400 430.1384
57732423403.1113 109.4569
43138826502475.4700 468.6713
7145599383214.5580 100.9228
4208257432690.5825 64.3938
130337642651.6164 107.5993
4385168981106.9690 117.0703
11023731477244.5640 412.0685
25435714693341.1840 323.1353
12960570948350.8850 140.3771
49348499943002.1800 410.3597
26079254123489.7340 142.4105
5513962797132.4190 550.0122
37238273840.8313 207.6354
14649325945504.2830 139.7216
54224875709256.0600 375.6834
30689080079534.4530 76.3273
83024865162683.2200 728.8197
3262535394113.4010 349.2349
11470723051178.6700 84.1126
4945632702457.0790 156.8189
21191197529192.7800 300.4509
2346941973483.7250 133.5771
12625919862923.4200 118.4838
54443183134982.1300 414.9265
19741450676685.5940 49.3441
769435459554.7218 19.7257
675647835494.9410 353.4584
34145484989583.7230 269.5330
5034034780198.8000 536.7622
52745497341818.2500 131.9432
44404801259445.3800 349.5453
30475401232238.6840 62.3601
1478600744718.1220 319.1730
77409523105798.9500 389.6110
7955972189288.8310 18.4956
8018052820447.9210 50.3904
9681867462.0018 166.5701
87343236641816.5600 306.3043
110215074500122.6600 328.6542
37249319495422.6950 54.0527
85323819418.6665 77.9119
42891337827.6038 34.9474
206130688.1028 195.0848
52414636214.6092 266.9099
38992688234711.2700 151.8431
1645019619.2781 155.3783
9355816055750.3260 87.0502
4248758831087.5250 122.7906
31737454746517.4380 195.2209
1652016927702.2283 00.0000
26391956133.9374 127.7772
81664734987031.0500 345.6911
1564047184844.7341 108.0925
89008561330.5427 311.1975
39068937407743.0160 164.8809
7870279111.5117 48.6554
51700948120061.3100 348.8885
69691474988208.5400 150.8799
10340155500479.1520 165.9937
33449842549.9609 78.1565
10489035482680.4020 68.3047
8729582387002.7340 129.1020
3104874598334.3610 13.7927
16469580918090.1820 95.7697
26457983685942.9960 282.0365
32651300301.4106 215.8211
1012960900.9644 185.0503
79488503.2445 330.0358
6125556332.1745 72.4769
32541232467799.5500 360.0307
6380264305925.8990 230.4029
5641292868.1273 331.6752
44525000674000.2100 32.9336
63664911895426.1200 83.8233
46436018115.2866 188.4707
30864089352810.4340 343.2749
1644345839359.1062 134.8402
63562929401677.1250 69.1311
97251638941274.0600 231.5446
1025648334355.8256 266.2237
26758835240271.2500 218.3529
136216842011.5302 94.4171
7006641369614.0450 339.5877
43305305377460.0700 231.5993
2495580925000.4030 26.4397
21655490222674.8700 207.6868
32081257152226.4530 425.7486
3581075977538.3696 455.5239
47331513477362.5700 272.9926
59831205568737.6900 667.6919
5738254017352.2580 286.1099
9341225118744.3670 277.1999
1136943214584.9617 35.9351
11528921371.4094 42.6185
69459148615512.6250 50.7518
327248957236.0641 237.4676
219639794269.3879 367.3946
1193845648377.8780 13.5343
29410923640798.0940 348.8816
9820681393900.3340 337.1367
94180701436.5420 116.4094
28132262818657.0100 288.7923
20635250728015.1760 135.6603
7171617741074.8650 187.3822
77153022923.9871 65.3798
8909322688688.8550 27.7529
173634869164.0071 07.5306
69553891300583.1800 208.6112
25118818613895.1200 254.4852
4688787726264.3600 98.4106
581390229554.6850 268.7493
5586329036210.8300 248.9102
2345527725.7331 393.1450
10752724128621.9040 219.0515
266186081.9909 247.8746
20501085651500.6000 396.9371
3929595709266.3110 233.2952
21292192903227.8240 593.5149
964455098069.4858 36.0261
4239033945270.9260 212.9150
761962054864.1990 51.5360
770816673144.9551 328.5005
533358631.5411 44.6415
6612037173.7507 117.2999
38560816620211.3360 751.1064
1686975898576.6540 438.6465
202426535249.1418 222.5308
44956965807178.0800 491.9984
65275113829110.7900 544.1971
481357890052.6531 113.1467
11536895329544.9080 203.9808
1105758555802.2253 117.7956
134651643895.6750 216.2330
4042108983171.1865 107.2748
41445842645915.1250 236.9952
16032961921561.5080 450.5343
13512382240695.0940 602.8099
56223708395520.4800 123.4062
3190820486063.8460 334.4912
336498488.7317 00.0000
43037693439895.1250 551.1243
64075880494871.7500 173.7093
1693587224290.6530 309.9647
104201710990974.3300 524.9717
21836406.0843 00.2984
13227552234309.1050 213.2128
21305353978218.8360 534.7804
1107250663479.5483 421.4766
4386188183504.6963 459.6206
15556507544423.7100 167.6023
10442516509948.3420 35.2058
37388190062742.3100 506.0865
18929103625319.1500 240.7320
27874605512775.4180 278.3681
92753844293967.6600 323.3654
524989659728.8603 11.1204
1631767761514.5596 357.7032
35324551085679.9400 420.6742
163247119375.5400 61.4752
202564542825.9580 75.5695
70463910614675.3300 159.2263
47231115194.1895 51.6326
59725911627445.6640 579.6506
984490265421.6136 176.2984
55873811480944.9400 319.5427
1167551095284.7686 485.9018
1075287563433.3330 149.0834
1232729737199.4429 84.4901
33078490109214.3900 205.5098
4005024598488.8180 126.8558
112933573765582.8400 449.4939
76861037830399.3800 350.0508
32573653522509.5430 145.2704
50568978633851.7500 876.1283
29013511274639.3440 299.5044
9949794228552.6330 176.9005
61505184715595.3100 357.0930
24058742611470.1800 09.9244
20338372628.2623 219.2402
2187884404856.4487 245.7333
53861421695272.2900 737.7929
86761237036664.8900 758.3756
52870620129.0298 261.7160
9841115600172.7050 128.6730
10304301034983.5980 354.0397
53698527425084.6950 194.8686
80076805807743.2500 205.5188
25655751889692.0600 260.0232
63331666299373.4450 325.7326
2480403487329.1016 214.0339
11578408088658.1880 10.5214
20204788585252.2200 86.6462
12616431879833.8830 148.1234
55977180060514.7700 22.4368
669968361453.4290 162.3254
287182305.9910 197.7617
55904889244558.4600 06.3458
49077813627283.5160 317.6140
29379737314490.1500 747.0171
80142375407151.1400 231.9572
64669780.9695 171.6750
3711269855485.0083 73.9472
5578253882858.4420 290.3532
6083067656379.4710 296.7676
7022785917381.1720 67.2334
2276844696834.1455 362.9885
2678150757.0139 176.8851
6864558066278.7180 515.0830
9343018843837.8480 183.0202
58999775326242.9500 10.5210
281320544886.7545 241.2790
118982105072.4821 167.2879
12330115924464.5960 225.1570
42274175502706.7000 563.9809
229032.5038 228.9655
165292262239.4785 34.5099
420670479576.8402 78.5918
19467116579754.0100 140.7228
2134774049513.6548 02.2626
111392367162.7794 142.4488
65935702424029.5300 622.8571
11277867344943.6740 27.8522
15703979684375.4500 225.7951
50886683042.0302 208.5038
26932549502960.7400 26.6462
12385501599499.7440 241.5612
14112890503365.1350 232.7944
2155178737.0455 18.4689
71635369182988.9700 113.8738
23689948937181.4900 244.8731
2002258946779.4700 170.4799
2097426003656.1943 170.2871
225322538697.8312 376.0310
2711009098397.7920 377.7679
64079096514.9794 42.7625
3263715940738.0703 293.6864
56041409276871.3800 307.3302
38523295053294.6000 179.2239
19140857895134.8120 233.7734
36892213671279.5200 428.8550
66551864225.9417 213.3904
2130792693353.2400 229.6598
27838817036053.5820 279.8942
2428185295900.4100 190.8018
25530618948168.5660 558.9263
15507664936817.5980 164.4365
77280276062667.9400 792.1448
75321088813426.7300 237.2390
9062189364542.5700 442.9460
1681921280.2331 153.2620
3403093.3473 85.9237
23978839295227.1000 729.1151
22042458674436.3000 178.5502
15069389030010.3710 586.2062
50672417222294.1200 336.3471
1573950511528.0798 162.6182
34492747211.6288 378.3807
8861564817195.1300 427.5688
3648473028023.0100 42.2174
28364828865239.9570 639.4222
28352069734.6634 272.5072
3968544864.9524 365.9200
1891099543540.6750 145.2533
29244343151894.7030 247.0182
65244488314787.0500 10.7019
6983100747802.1460 184.7301
16903738938875.2480 366.7908
15862460180.8558 257.3751
495402516182.1073 26.8380
113449106814297.2000 538.2078
5394503386445.7830 56.5837
14422154050954.9040 234.3486
1743918160675.0696 294.5225
38378009051424.9800 296.0311
13792811657029.9750 62.0009
16167121995.8616 28.4391
297121187.9324 106.5436
9908274993440.8600 182.6181
37352445692.1239 240.3092
12367966031622.0180 153.1039
519740293.8766 41.5389
103767942916884.4000 391.6178
35690687264006.8750 93.6574
44341575740431.6600 519.3053
47421530495029.8100 386.5220
46727921342250.9140 164.5083
206113898017.8048 44.6713
5651273641652.2705 61.8625
4610507592797.4630 192.5798
5992059868695.5400 242.1215
107659600878.6307 223.6701
188848175817.8718 322.1158
732567302958.2927 149.6104
1583826840372.6187 484.4588
50151472527824.1700 305.9118
80083533146802.1000 233.0966
21930141312.8867 27.0406
14800081359342.4020 274.0063
32579280528969.7400 205.1446
339972762200.9046 90.7089
173969039631.2494 218.8582
16555238822192.1390 374.6978
271747125.4599 436.9285
27315952376355.0270 300.9529
114239245590.0236 247.8712
58897140107046.9500 178.5952
2266546466459.5560 162.6388
1366145693736.7417 03.5409
68426881970543.6400 87.7213
8270669854.1436 132.7301
20931848.5432 19.7306
616630457.6775 176.1638
1364785634825.9333 368.1204
190688804.6256 173.6423
8887019516387.9510 49.2305
11853991914038.4920 230.0431
11450857996233.4450 231.4121
360357869544.2526 294.1033
17221908580283.0600 115.2258
1291399374253.8042 01.1439
72597835010727.5800 239.9187
24952726396684.1130 531.8867
2128484260617.3188 102.6648
3865199946080.1780 231.8443
125981650888.7321 296.8712
48807608565872.5200 19.2635
24534199871841.3750 384.9234
10634904833196.0880 294.2589
104593226839108.0300 509.0750
46204697471177.2340 426.5037
57848488200842.5860 392.3994
1197534818860.8635 75.1117
6181453367906.6530 421.0314
58051417427053.9800 384.6897
15719308345340.6540 364.6469
24950710889198.9100 225.4603
6984597131645.3955 300.8734
17271451605239.2600 457.5476
12271246253036.5250 250.5363
27799389749653.9400 132.5075
4478772274978.4180 92.0544
7650023204822.2720 294.1996
3951100990958.2104 247.7610
120715614381.3606 186.7613
16579906089556.0000 488.6139
1761534585809.5295 125.5802
