Raw 2D
0.1731810342952589
0.1368474237118562
0.12166277591569404
0.13361125240281305
0.14859208764802226
0.1420035130008784
0.17128673788591703
0.17074409768602447
0.10407382030748316
0.1507057891764472
0.1621934685483679
0.16117348779337218
0.14593884948471272
0.16189572447393089
0.17206128101532037
0.14272147168036745
0.17524965562813258
0.15179609744902436
0.1630073282518321
0.16877681419420365
0.1722091435522862
0.1734703258675817
0.17067015816753922
0.15387648246912106
0.17557312989328222
0.16410775402693856
0.1437675344418836
0.17958698839674758
0.17086621571655392
0.12378191644547928
Raw 10D
0.0958557290443087
0.10747864332987063
0.10264396025968398
0.09607948677035472
0.09996767360017357
0.09953291900930131
0.10460350118317327
0.11697409811921855
0.10137143684461919
0.10603635321417748
0.10280406001824606
0.08709292386956158
0.11444748847170257
0.12306821730206545
0.09641495126187521
0.10900159407997204
0.10911392260168647
0.11312366205764976
0.09942001933141326
0.10355756636044965
0.11397772043019622
0.09667831207258422
0.09239582480324195
0.10911746511845669
0.09125115202568099
0.1109703771963473
0.10451885448952739
0.11081417289479083
0.10071373796918058
0.10980963104776864
Raw 30D
0.11850562335039426
0.11391610589741595
0.11459994199777394
0.1159482086554556
0.11108721559595802
0.10958011435751919
0.11535379004191418
0.11009387109129383
0.10224185328158461
0.12075284506714505
0.10968091879871822
0.10952778048855152
0.12086848801377414
0.12237899005794181
0.1124536162636774
0.1230448942619743
0.11335234982287364
0.120741762914735
0.12026669312676595
0.1227364134956687
0.11145503636663152
0.10804704695847263
0.12133183720400799
0.11056052466333773
0.12405511579979006
0.10849476127676658
0.11883041632644922
0.12025572124518553
0.11844178300934809
0.126532210926306
