Raw 2D
0.004004004004004004
0.007007007007007007
0.005005005005005005
0.001001001001001001
0.002002002002002002
0.007007007007007007
0.002002002002002002
0.004004004004004004
0.001001001001001001
0.007007007007007007
0.005005005005005005
0.004004004004004004
0.001001001001001001
0.001001001001001001
0.003003003003003003
0.004004004004004004
0.004004004004004004
0.005005005005005005
0.003003003003003003
0.005005005005005005
0.009009009009009009
0.003003003003003003
0.001001001001001001
0.007007007007007007
0.007007007007007007
0.005005005005005005
0.002002002002002002
0.004004004004004004
0.007007007007007007
0.004004004004004004
Raw 10D
0.0075075075075075074
0.005805805805805806
0.006606606606606606
0.007807807807807807
0.006806806806806806
0.006406406406406407
0.0064064064064064076
0.004804804804804805
0.006606606606606608
0.0058058058058058064
0.006606606606606606
0.0068068068068068074
0.004004004004004004
0.00900900900900901
0.0078078078078078084
0.006406406406406407
0.006206206206206206
0.0078078078078078084
0.004804804804804805
0.006806806806806806
0.0058058058058058064
0.006006006006006007
0.008608608608608608
0.006806806806806806
0.007007007007007007
0.006206206206206206
0.011411411411411412
0.005805805805805806
0.007007007007007007
0.008008008008008008
Raw 30D
0.010343677010343676
0.011811811811811812
0.011111111111111108
0.00950950950950951
0.010877544210877546
0.012779446112779445
0.01114447781114448
0.01234567901234568
0.011211211211211212
0.012379045712379046
0.011945278611945276
0.010677344010677343
0.01001001001001001
0.011211211211211214
0.010276943610276945
0.010543877210543874
0.012545879212545881
0.011344678011344677
0.012545879212545878
0.009743076409743078
0.01041041041041041
0.011411411411411412
0.011411411411411412
0.01174507841174508
0.010877544210877546
0.011111111111111115
0.013780447113780448
0.010143476810143475
0.01041041041041041
0.011077744411077747
