# FVC 2D Coordinates
24192263.6668 01.3328
25308704015.6356 00.1018
14556660988.7829 00.0000
13370165.7665 01.7407
9280713661.9450 02.0096
49812163.8336 00.6784
1230994120.8023 00.2675
5674189256.9634 00.9770
122302515.1292 02.0489
1540153447.0430 00.0000
164161105.9051 01.5867
7743227395.3181 01.0831
23817225848.4038 00.0000
2610029561.6210 00.0000
4058521.1892 00.0000
292665.0597 00.0000
18984995.3204 00.0000
2018794723.7414 00.0000
32580424356.5733 00.0000
38327006.8934 00.0000
8508677184.2271 00.3518
1635080482.1136 00.0000
25616569948.1038 00.0000
13733993350.2422 00.6931
655476703.5896 00.0000
1974979281.5683 00.1033
13665136958.1952 00.9318
17152389.9794 01.0419
5343211841.6206 00.5611
178733608.8617 00.0399
1647805179.4035 00.1281
22451280135.4604 00.3185
339646968.4287 01.7951
118654604.0588 00.3472
13170072518.0692 00.6834
179079573.0658 00.4983
19935235.0769 00.0000
9935816013.7600 01.8958
32552669.4942 01.5996
180967386.5252 01.2092
195632358.9693 01.7903
3793662349.4335 00.0000
517199.0497 00.4436
127192586.8973 02.1134
2951786533.1378 00.0000
25020232168.2522 00.0000
754954768.5451 00.0000
12095128191.5759 00.1633
31159754454.9448 00.0000
8007870691.7616 01.4832
1308732.7192 00.0000
2989546872.3366 00.5334
552310.4381 00.0000
678698.7896 00.0000
8588832966.2128 01.2984
2615200191.0199 00.0000
77998069.9747 00.0052
2644765486.5948 00.0000
20096411918.6223 00.0000
949936217.8648 00.0000
2845740302.8273 00.6197
414774608.7426 01.1823
462021.5949 00.0000
30563399367.7426 00.0000
38631.8726 00.1642
222733267.8585 00.8607
292656581.5818 01.8866
33026941142.4475 00.0000
1171124598.3214 00.0000
6731163090.7803 01.8468
2075281693.4000 00.0000
735591145.3475 00.0000
669589.9326 00.0000
278220528.4686 00.0000
1653464456.4768 00.1422
7234085435.6077 01.3588
34309902123.8800 00.0000
1398454043.3169 00.0000
821916656.9614 00.6363
11373555705.1907 01.7663
981425766.9494 00.2985
141617287.0070 01.0044
37204082467.6224 00.0000
25545064.2018 01.0546
11226681958.7224 01.7307
10394697402.4118 00.9733
28858143831.2408 00.0000
34125394904.5588 00.0000
699872515.9294 00.0000
141492535.3277 00.5444
2023357.7643 00.5300
8571433379.4159 02.0757
4380511.7882 00.0000
314799888.6279 01.7920
5759683244.3254 00.1780
28816747877.7756 00.0000
13422697786.3974 01.0834
22021666228.4716 00.0000
15080309563.0412 00.0000
8138985891.5186 00.5457
2518816431.1488 00.4060
106820719.8891 00.8709
28620918302.2500 00.3071
7060843131.1941 01.6477
12937322118.3673 01.3512
1292546915.5613 00.0000
29121915.8801 00.2221
15265852.9288 01.4066
5111381052.7692 01.8951
15257904530.8457 00.0000
155291985.1748 01.9483
31963714443.8814 00.0000
178543336.7986 01.9065
4725599529.7538 01.5680
2234051693.7131 00.0000
3690226238.1638 01.0041
2312562768.7585 00.0000
8506665572.9485 02.0620
9261735878.1304 01.9937
12034018.6458 00.8387
2614694.3117 00.0000
19183778.2303 00.0000
8913788031.3159 01.7639
5103934912.3107 00.0000
144081933.2914 00.7191
181702746.3667 00.6959
32508989417.0976 00.0000
61379616.8560 00.4883
15440592920.3745 00.0000
2281803.5716 00.0000
412391.8544 00.0000
2148912097.9276 00.0000
32115929576.7465 00.0000
1572155.9763 00.0000
6347511988.9568 00.9348
30053641722.7066 00.0000
1204606312.2613 00.0000
19821875490.9694 00.0000
7781687020.5179 01.0035
1368791725.7335 00.0000
1473845509.8147 00.1935
833558830.9640 00.2318
40447915382.0075 01.0224
368810038.6117 01.1541
424176332.1031 00.1511
14280444.9240 01.5961
1025188.0851 00.0000
80952093.5308 01.3687
1452.7242 00.0000
176596292.9372 00.8055
3151819902.4858 00.0000
29516681379.9398 00.0000
13629405283.7905 00.0000
2471759.6474 00.0000
3059796679.9342 00.0000
3965639549.3898 01.5055
8491988956.0596 00.5438
115513.6333 00.0000
18503700902.4419 00.5923
24201911385.5743 00.0000
5370292657.4410 01.2947
24510430489.0311 00.0000
1294938846.4798 00.0000
18813411812.9196 00.0000
2664812.2400 00.0000
40402819928.0650 00.0616
125166991.6763 01.3364
1171382964.3027 00.0000
14617349898.8412 01.0904
9025016.1557 00.0000
6478728686.1089 02.0754
513399091.2190 01.4306
28722351846.5136 00.1856
634245.5103 00.0000
27619625672.2664 00.0000
60852367.1734 00.2036
24577363666.8204 00.0000
11471275394.7326 00.8992
14508160041.9125 00.9446
1958214933.1884 00.0000
3698729.4309 00.0000
4381478087.1141 01.6925
19210894921.9076 00.4210
5091554.4661 00.4484
17307943917.5352 00.8515
29102696104.3427 00.0000
5667054997.5558 01.3830
3593698350.7172 00.7860
7586119736.0467 01.7401
20860853.0236 01.0572
26851148967.1706 00.0000
1405616.6374 00.0000
129542804.2451 01.1416
32246071226.3537 00.4085
1382823.2505 00.0000
1498737643.3068 00.1458
2491860720.1081 00.0000
757866081.7674 00.0000
5584946839.5069 00.2353
16451526852.5292 00.1897
2603893767.0186 00.0000
111957857.5952 00.1876
27802555185.6586 00.0000
26378906933.1216 00.0000
11694660294.4134 00.0000
28488014.3048 01.5275
255989026.5309 00.0000
176966907.8299 00.8818
4094129966.0942 00.9655
417506580.6928 01.6745
2668257861.2821 00.0000
455975.8374 00.0000
52905279.3768 00.2738
5317671521.2337 00.0000
207198020.3454 01.0622
946540529.9863 00.0000
246004116.3236 01.8287
13386546727.5008 01.5045
7625562934.0399 00.2487
15629849132.7970 00.4278
9468202481.4213 00.4192
449659.3027 00.9723
1937881.5763 00.8257
163146026.2435 01.8034
31303445369.8638 00.4260
1571222.1564 00.0000
9976692.8652 00.0000
452744355.4708 00.0000
2765866000.3759 00.2586
5117205226.8292 01.8476
5208078910.1760 00.7023
8897796.6402 00.3271
12483423198.2264 01.8278
3329174988.7793 00.0000
731808023.6939 00.0000
1127839284.8080 00.0000
411579697.7076 00.0000
2990916.4239 00.5305
31586833857.9899 00.0840
638035493.8756 00.2485
11055182868.1871 00.8372
160532968.5403 01.8379
18014909267.1552 00.0000
5561357212.1619 00.1411
3311035.5777 00.0939
2324784882.0986 00.0000
443482439.5476 01.6122
32562767875.8624 00.0000
1223346759.2489 00.0000
2155782.6838 00.0000
7025331.9355 00.6357
1516204785.4314 00.0000
22068.3692 00.0000
39050252786.6372 00.0000
1482901592.0121 00.0000
5966245435.9852 00.5209
29499201052.5651 00.0000
148902116.7632 02.0859
4029018.3929 00.1878
1857707086.4702 00.1750
4535952075.2694 00.0000
29720025795.5652 00.0000
10430329.6673 01.4359
35923542622.9219 00.7816
194210456.2532 01.6788
271820984.0446 00.2434
22856538849.4000 00.0000
134577134.4900 01.5757
3422643823.7094 00.0000
36726589332.9573 00.0000
553872055.8828 00.0000
3151434640.6137 00.0000
17164126.8865 00.0000
10615091167.7759 01.8610
14810244346.6624 00.7413
912164795.4724 00.4850
13553961627.6963 00.0000
29622340516.6080 00.2041
110335755.1071 01.4255
37198817432.8618 00.0000
11617462025.0302 01.7615
8972430.9827 00.0000
111362921.8895 01.4598
32954506623.4639 00.0098
331865675.8428 00.4702
40478277327.2808 01.2835
6223955462.4186 01.8604
21453194163.1290 00.0000
25906317905.1455 00.0000
35587476492.8759 00.0000
482943712.9122 00.6266
5339076268.0789 00.6830
35458293141.7585 00.0000
6705353265.7487 00.0000
20100969.7192 01.0092
21536191319.1666 00.4262
1400295424.9538 00.0000
2935816161.6094 00.0000
16877594819.4644 00.8800
26002406967.5087 00.0000
5799813428.6367 00.2997
8090720459.1618 02.0497
144495.9785 00.0000
3145605464.4580 00.0000
18942225058.5585 00.0000
8889158.2625 00.6742
159608306.8309 01.9113
20142126033.3217 00.0000
40174430568.4135 01.1331
41711672.8938 00.0891
65404729.0988 01.8900
15397201730.0608 00.0000
15840229034.2261 00.0000
1524819832.7964 00.0000
5344769401.5308 01.8788
12280809311.1026 01.3829
10554186576.2384 00.8190
3502940716.8721 00.3358
32459875.0962 00.9760
5411881941.2887 01.6652
8052135278.2575 01.5232
383798.8719 00.0000
11902921.5622 00.0000
8917429.7375 00.1273
2437625478.0013 00.0000
148765216.8904 00.8176
60345.4387 00.0000
723107123.0830 00.0000
239350501.5203 00.0806
1765264800.0131 00.1283
1216433669.8095 00.0000
27032584518.7260 00.0000
5968326943.3521 00.1624
37668110374.9427 01.1136
24976912876.0219 00.0000
5319721445.3884 01.3494
7947065692.2520 00.8526
367582318.2547 00.0189
1440383.0391 00.0000
5490619005.7106 01.8565
903410437.5156 00.0000
262961679.6528 01.8911
31950184674.1314 00.0000
176387018.5000 01.8849
5651695676.2887 01.8753
11465968032.3245 00.0000
30538025599.5938 00.0000
1959160408.3142 00.0000
3115460620.1997 00.0000
842516401.7753 00.0000
14512936609.7935 00.0000
2021587023.9563 00.0000
14410433366.1626 01.2504
1058173143.5069 00.0000
718112670.7913 00.7913
146665958.1786 00.5472
16845499725.3637 01.1360
36136185462.0320 00.9475
31654999432.0179 00.2328
2943891715.8234 00.0000
5300726846.3860 01.5314
297776222.5304 00.0000
4769349315.3028 01.6240
2152045348.1258 00.0000
5961814002.5416 00.0000
40197663005.0176 01.3203
27848526941.7006 00.0000
114960388.5114 00.1175
478780635.8686 00.4652
2348106815.2817 00.5921
285697817.1852 00.6175
3969882.9001 00.0000
8510912052.2257 01.0710
3647366786.1812 00.0000
14132982647.5694 00.0000
178865000.4264 00.2831
11522291.7520 01.4960
13595027.7750 00.0890
415539460.3645 00.0667
14658314521.2334 00.0000
24947847984.1723 00.0000
16772928396.9566 00.0000
29082500.7411 01.6266
2738849222.6071 00.0000
143384366.8570 01.7088
4108713499.2726 01.2289
10141024976.7152 00.0320
646363708.2504 00.0000
140953.4472 00.0000
14240424729.2189 01.5403
10078730.5471 00.0000
35785188921.8056 00.3571
16436092289.0632 00.0000
18300829000.7529 00.0000
1034578.7766 00.4195
4794955268.6645 01.2200
33778344899.1174 00.0000
799089188.9159 00.8498
3233699851.6660 00.2759
1071909519.6220 00.0000
4037533304.9457 01.4183
15517300854.2847 00.5694
28783037867.5306 00.0000
175252268.0493 01.3725
23654851199.9778 00.0000
65183023.2822 01.9177
208857701.2117 02.0103
7288677083.5249 00.3811
2642900924.1333 00.0000
20214951.2867 01.5738
1656189616.9719 00.0045
24857234770.8765 00.0000
17557230981.2835 00.0000
1325958081.7653 00.2411
33942191.5380 00.0000
4556825215.3626 01.4169
48105462.8430 00.3542
4978558444.0741 01.6675
34654965107.4380 00.0000
5008000005.9762 00.5089
302553204.2087 00.0000
741334195.2434 00.0000
10313358.0875 01.4965
19221.0971 00.0000
2272820.8991 00.6835
3431145017.0956 00.4903
13455152.3754 00.0000
341064510.0993 01.3849
34436542609.2028 00.0000
6336189932.6387 01.5062
1452014144.2839 00.0000
39350822251.3640 00.3431
8671519014.0607 01.0503
31131939383.4528 00.0000
1121190871.2540 00.0000
21675166216.1813 00.0395
4071321219.3231 00.0000
17955072238.5190 00.0000
10101713.7060 00.0000
79890747.2837 01.6522
3226953922.5938 00.0000
12008094282.4350 00.5896
18673301701.4413 00.0000
1239702215.6064 00.0000
34221654.5045 01.3053
3615024.9137 00.0246
164851208.5074 00.0449
13503559828.7861 00.0000
1799884207.4303 00.0000
10351932.5000 00.0000
641434438.2262 01.2838
576861168.7129 00.0000
35380740545.9486 00.0000
30131230174.1080 00.0000
504133938.9061 00.4533
446325234.4951 00.0000
27951090536.9206 00.2518
26623825.3417 01.2923
362.6883 00.0000
106775.1291 00.1121
1932718086.1576 00.0000
2694441877.0444 00.0000
248117324.7486 01.3832
17311249000.7125 00.0256
6251527.9515 00.2021
206715.3331 00.0000
18960640878.1432 00.2985
10154510868.3347 00.9972
17247446.1931 00.0740
6708948640.1759 01.8969
31647676.9831 00.0000
196053.5233 00.0000
17006098754.6916 00.0000
2447171119.7922 00.0000
17589871412.0321 00.7582
14706713905.3062 00.6480
8421626274.8881 01.9304
362211974.3055 01.7083
1420763656.3276 00.0000
22754656503.8597 00.0000
12318461765.8358 00.4734
370572589.7091 00.0000
29258795387.3967 00.0000
3553144.2476 00.0000
23742913886.9292 00.0422
12306341828.6056 00.0000
129913492.8215 01.3146
350238.8362 00.0000
23074233692.4487 00.0000
15001867330.7951 01.1532
22896072839.1204 00.2969
30316203299.5469 00.0000
6991855.0826 00.9174
10946275341.2950 01.6248
35772731719.1684 00.8251
5502561504.2246 01.5407
9343855933.3324 02.0352
3272391081.0263 00.0000
4687497108.1832 01.5626
1987143427.9483 00.0000
4988878210.2192 01.4311
9450792803.7577 01.1739
3970785.8103 00.0000
14049427825.5312 00.7035
6668208625.8522 00.1631
101375552.6985 00.5300
340856.8962 00.0000
18076883603.1823 00.7237
1680277337.9548 00.0000
29840156866.5635 00.3858
97796188.7145 02.0368
181181216.6755 01.1558
3029426627.3711 00.6907
1121392932.0403 00.0000
65696955.6660 00.3489
263751636.0622 00.1808
270494349.8534 01.8112
21364494322.7397 00.0000
20558222394.0212 00.0000
4551826650.7386 00.0000
343952.3970 00.0000
2521649.0460 00.2187
72067.4972 00.0000
32748825584.6211 00.7536
21025778830.3171 00.1882
572734.3174 00.0000
448889485.2786 01.0496
12363403242.3228 01.3384
218918.2840 00.0000
25463064761.9412 00.0000
31108266.9623 00.0000
10171790014.8371 02.0274
1810161191.5220 00.0834
4895490.7055 00.6125
10011887641.9385 00.3570
16162101501.5783 01.2142
7068605162.3465 01.0021
30899359709.9323 00.2722
1944756360.1928 00.0000
3549755.9119 00.0000
39623355.7970 00.0000
5484163064.6049 00.0000
8363910194.1746 02.0522
139122.2721 00.0000
106352143.4381 01.9186
5399281973.3992 01.3421
32845809751.8690 00.0695
9521039.8143 00.9994
34457535330.7360 00.8892
3349376751.6481 00.0000
254777623.0028 00.8642
1700852.3302 00.0000
26083665.3389 00.0000
325116615.5201 00.1246
18628981.5970 00.0000
25200059470.1786 00.1820
250937112.3331 01.7132
23310967901.4034 00.0000
8746959587.6297 01.9353
1854285968.8894 00.0000
24936.5933 00.0000
2004429210.6340 00.0000
357468239.3696 00.0000
299226249.4531 01.4391
2868760205.9912 00.0000
11296863074.7153 01.5367
404409570.0181 00.0000
524789284.9768 00.0024
14238405508.1114 00.0000
10044596851.7773 01.3565
1412644495.7110 00.0000
874204036.5904 00.0000
8782.5210 00.0000
10162441135.0259 00.0781
193253818.2271 01.4112
15769392813.6659 00.0000
10145716.0621 01.1334
8969021423.0320 00.8514
11757375.4444 00.5271
6553124697.8749 02.0609
194339496.9235 01.8151
234934897.2700 00.0000
36994950842.0066 00.7562
23745031862.2719 00.1927
17067260579.4580 00.4157
1935823768.6975 00.0000
1505765142.9626 00.0000
1033264408.8758 00.0000
9975331462.3513 00.4410
5576788217.4238 00.0000
5037055.4544 00.0000
1875434894.2536 00.0000
23730553.8266 00.4678
2092936444.6651 00.0000
8950417206.6216 00.8473
29112566845.6466 00.2706
344481702.7037 01.3689
4785337719.3617 00.0000
6810083029.7571 01.4007
2954427184.3809 00.0000
16552324445.9793 01.1910
16759683.2295 00.7256
1780252745.6323 00.0000
54886663.3676 01.7829
2206642264.2283 00.0000
18581042992.1059 00.0000
38703.7648 00.0000
12600047012.6335 00.4107
1168425221.8888 00.0995
30728575594.0993 00.0000
224858836.9838 01.9992
427890.8688 00.0588
3095770.3982 00.2948
25161813.5998 01.8113
21147844108.1998 00.0000
11566566857.2356 00.5444
3861536684.2850 00.0000
16343478.8620 01.0028
1518105885.3925 00.0000
2565516796.4326 00.0000
2251143886.7089 00.0000
682101604.6633 00.0000
21665695.4396 01.8654
5036357.6523 00.6458
37713076107.0394 00.0000
6565028665.9218 00.6796
5317.8338 00.0000
35910499965.1921 00.5195
1688264854.2209 00.0000
6557584476.5835 01.9009
35174752979.3982 00.0000
2682872.1661 00.0000
32136479999.6220 00.5077
26992395798.5383 00.0000
9554711000.0597 01.4160
4817230.2292 00.0000
2368256914.3239 00.4055
433727497.6714 00.0000
10613003456.0195 00.0000
131936344.6042 02.0941
1971563912.9785 00.0000
1831383173.7979 00.0000
6668449175.2058 01.1207
22797175084.8935 00.0000
96676134.1073 01.5474
34414399157.5592 00.8414
5983702639.4043 01.6727
1110481.6601 00.0000
1769426607.5265 00.0000
1545598009.0242 00.0000
26555340614.3735 00.1081
724113208.8086 00.0000
4171001.6233 00.0000
4436473183.0437 00.9224
44435761.8285 00.0000
3021.9860 00.0000
3279870.2601 00.0000
3952977331.0168 00.0000
21944060974.6153 00.0000
33773250741.6043 00.0000
3622805438.2760 00.6045
701799.1278 00.0000
1997127024.6698 00.3122
5137065489.8252 01.5242
160496055.2293 01.6402
18359309803.1153 00.5379
968615595.9872 00.0000
26093507.5981 01.8476
14863972073.6184 01.4317
1213215369.3489 00.0000
9763830395.8736 01.4345
5935084045.8959 00.0474
18468031329.4242 00.8317
30538877301.1603 00.0000
13878310092.9975 00.0000
13379732994.7093 01.3237
39631986707.5120 00.0000
36509059087.4166 00.8856
2513541216.7888 00.5730
2137495.3496 00.0000
69857012.5719 00.2294
632262.1806 00.0000
8378736210.0038 01.2058
34065899916.9859 00.4986
313115115.2790 01.6308
2418753.6920 01.1521
30635868691.5004 00.0000
133880258.0006 00.9088
37801550663.4157 00.0000
5501652182.9186 01.3505
16510804842.9940 00.0000
2715000973.7496 00.0000
6513416054.3757 00.2041
14322368473.4961 01.4758
343460674.4640 01.7249
26488690956.8629 00.0000
18993603403.8304 00.6374
450194830.6956 00.5938
7542497103.8504 01.2511
57349.0591 00.0000
371198552.7617 01.4811
41250849.0211 01.9167
38154004102.0731 00.6898
4463376908.5203 00.0000
12325061739.0369 00.8885
83282153.3847 01.8343
20027171675.1600 00.0000
14869381100.4060 01.3887
5591241969.9278 01.6551
7712805929.2094 01.8890
9056211850.0135 01.3362
582290060.0417 00.0000
3605973.6669 01.1196
32163080895.1565 00.0000
13503267784.3233 00.0000
274387.3479 00.0000
7953914316.1625 00.9388
6144607185.8812 00.0000
3186818000.0092 00.0000
2975465449.7121 00.0000
3230376.7753 00.0000
749334001.1646 00.9343
28818541.7344 00.0272
252383.3377 00.0000
1060991.7356 00.0000
190256824.9682 01.9044
1059718095.3478 00.0000
2218091363.4526 00.0000
176030973.6044 00.4391
7890690418.9539 02.1108
7018683.0979 01.1306
19432538454.3761 00.0000
2497192280.3438 00.4171
175609651.5709 00.9750
8602553237.4422 01.2300
196213.4457 00.0000
1482124919.3827 00.0000
31674012410.5891 00.0000
277.4327 00.0000
568871520.8496 00.0000
55806992.2176 00.2985
21515979584.4904 00.0000
2070212.7594 00.0000
2210997.3275 00.0000
1634947836.2342 00.0044
5199083542.4432 01.6506
21493776088.6952 00.0000
1349982570.5245 00.0000
2206597137.0029 00.0000
150948609.0363 02.0537
18656175.7353 00.0000
519097099.0454 01.0898
25411751790.2637 00.0476
33023808845.4016 00.0000
13749569338.4242 00.0775
65213433.7779 01.6233
86943892.4048 01.2950
2434399702.9181 00.0000
13650417044.9849 01.6665
11690611277.0182 00.0000
61546713.1968 02.0556
35130625.4790 01.7859
984416927.9485 00.0000
31067200583.5002 00.4282
78949356.0008 00.2586
122158.6262 00.1159
856990950.3248 00.0000
306266444.2901 01.3944
25721350.9508 00.0000
2003459568.4785 00.1391
3602836450.9471 00.0000
15210548590.7986 00.5058
60126742.2567 00.2575
23296230742.4804 00.2480
53706304.7765 01.9089
53702735.4205 00.5044
22799537054.1926 00.0000
142595226.1720 00.4274
1001016325.4430 00.0000
3541562946.9846 00.6273
76836750.6343 00.6615
404476166.4514 01.4873
876640.0428 00.0000
15109408037.3950 01.1774
29109263719.0909 00.0000
389394555.9032 00.0000
1507599242.6946 00.0000
4506208551.2415 01.5907
22987529221.9971 00.0000
21181145224.8938 00.5143
3023726103.4188 00.0000
602501801.2053 00.0000
16060938001.8941 00.5310
141097620.2603 00.8564
1723965870.3621 00.0000
145772256.1573 01.7082
8821489987.3798 02.0985
3211269485.5675 00.0000
82036219.7114 02.0642
8413258839.7725 01.1923
118239866.8399 00.6540
6386084578.2151 01.7896
3261250051.9042 00.2195
25570738675.8430 00.0000
3667425275.5236 00.0000
1921010941.2534 00.0000
22330924587.4911 00.0000
138497610.5746 00.0379
33425622201.5183 00.0000
23212495742.3129 00.0000
2164285413.9532 00.0000
26382534187.2445 00.0000
7299797516.0392 01.7684
2213256616.0112 00.0000
211016.7515 00.0000
7206526516.9959 01.6195
20282237255.9188 00.0000
1298222574.5205 00.0000
15190235575.3751 00.0000
33691726696.0405 00.7415
11278206819.3668 01.1339
2756449.0353 00.0000
6009439520.5247 01.5189
16842580214.2545 00.0000
27039151350.6528 00.0000
2000581145.1203 00.0000
38252707.5464 01.9172
71678054.8533 00.8562
10764766623.1532 01.8797
172530382.7947 01.5730
773420202.9147 00.0000
176523229.2919 02.0367
39938029776.4371 00.0000
625379.5929 00.0000
101456755.7179 01.6479
27336347091.8271 00.0000
20541901548.4452 00.0000
17123209.6131 00.0000
772557.6137 00.0000
11620069299.5227 00.4845
35073211482.7015 00.8211
3099346538.3573 00.7351
2303942094.4245 00.0000
7205262.2115 00.0000
10532844324.5367 00.1089
12811805861.9543 00.0000
785075120.5664 00.6961
33635162845.8377 00.0000
8060096842.5062 01.7841
673902737.2009 00.0000
5597652095.0183 01.0473
7039613932.3859 00.8668
234.4765 00.0000
15096384.8776 01.2182
47879831.4616 02.0214
5986.8316 00.0000
2523410527.1895 00.0000
3598319158.4613 01.0470
30492688.9338 01.9398
3821247425.8916 00.0000
125478017.2292 01.1436
4712143696.2025 01.5190
975474029.7016 00.4950
245418383.8182 01.8609
4740422839.0199 01.7783
14483321367.7716 00.0000
608264919.7814 00.0000
23637920.6959 00.0000
2045.5605 00.0000
179119821.6404 01.5997
6695473310.9864 01.6411
224644558.6628 01.8204
5972992232.0426 01.9667
180896162.0069 00.3744
28550151049.4529 00.0423
3461325228.5729 00.0000
1596643435.6918 00.0063
8192267426.8899 01.6158
1062008914.1772 00.0000
1840729.1775 00.0000
84027149.9800 00.4066
230817411.8412 01.9864
3320548197.6427 00.0000
1961963776.3804 00.0000
21454805367.4137 00.0000
12766916193.5702 01.6128
2997136068.5033 00.0000
66104458.5338 01.9979
24055181580.6875 00.0000
12655944770.1719 00.7810
4676524363.3640 00.0000
2241600.9995 00.0000
428763.8573 00.0000
7346631857.0816 01.4076
43962.3711 00.0000
99512263.7209 00.2374
4619226919.7811 00.3773
3006983.5982 00.3658
15751573375.1444 01.3084
5962678.0892 00.5742
11295288023.4937 01.8539
2459189451.0567 00.0000
23249857398.1669 00.0000
34768772556.6067 00.0000
1814588923.8332 00.2773
17197760867.9947 00.7854
553541724.0945 00.0000
1349886967.5398 00.0000
129316274.9701 01.3531
17182904825.9017 00.0000
495502184.1859 01.4455
34811848638.1792 00.2454
23086330191.6855 00.0000
544291096.8147 01.0534
1358980662.3047 00.0000
6456268312.2153 00.5975
95900607.3697 02.0648
20210024880.6108 00.0000
2315695539.3342 00.0000
388799.0288 00.0000
8497248264.8805 01.7708
5438490492.6886 00.0000
1803180.7293 00.0000
2914350.3333 00.0000
4451849283.2294 00.0000
14926359.0348 00.5152
1700937401.8521 00.0000
8233908619.6689 00.2767
425382471.4690 01.6552
1101818758.0527 00.0334
3299310319.3280 00.0000
16707671602.2970 00.0000
2885295438.3755 00.5719
951033993.0987 00.0000
4800775982.1513 00.0000
10744021586.9056 01.7515
6317990.9936 00.4632
7281525125.1689 01.5159
3849000495.6565 01.3568
1414294350.1325 00.0000
106924117.4544 01.0837
39064590777.3063 00.5478
8639893.0813 00.0000
17416350575.0051 00.0000
877229026.3167 00.0000
725756497.9715 00.7831
10750001915.2407 00.0611
178494446.3583 01.9391
35469916209.7532 00.0000
13953044119.9729 00.4014
13788519760.7127 00.0000
119042.0802 00.0000
19279872.0544 00.9663
15501297863.4799 00.0000
5542530936.6666 01.8233
6762344893.2560 00.4967
6846455.4683 00.0732
3049537.8980 01.0864
2160408.4363 00.5778
7106941530.5230 00.5536
5497098702.3222 01.8501
4200594038.2890 01.6249
18102405.0415 00.0000
1831135078.8319 00.0000
7613313.7352 00.0000
24839318659.5867 00.0000
5192272891.1417 01.8546
7613217052.2170 01.8508
3549712728.9863 00.0000
30506364305.3781 00.0000
413468815.3297 00.0000
9363629.1190 01.1488
26685439814.4656 00.0000
4665289429.7575 00.0000
7522152255.1688 02.0701
8524303.6723 00.0000
475182862.1181 01.2302
507118223.2876 00.7012
21456734747.5787 00.3334
7397626254.0915 02.0240
25635046.9701 00.0000
6392265273.4443 01.3540
221479323.4702 02.0180
25193175839.4502 00.2323
6750255143.1630 01.9624
844500523.5127 00.0000
31217697002.5942 00.0000
418636156.8186 00.0000
521120484.8403 00.0000
15008069345.3835 01.2143
601357.9557 00.0000
361488694.9961 01.7443
266704466.0738 01.8723
341490432.3954 00.9954
2113739970.4672 00.0000
7097835668.7854 00.1174
18403193517.2323 00.0000
7755773.3153 01.1561
13995611593.4544 00.2642
29807990707.3282 00.3524
2201465064.9082 00.0000
760559067.2404 00.6964
76926132.3646 00.5917
223365834.5426 00.9779
40112225.7055 00.9507
5684778.4089 00.0000
26885894372.4181 00.0000
26549275777.0152 00.1151
4523321.4051 01.2395
300245414.3191 01.5696
34905083941.7488 00.0000
9407349931.0081 00.5754
3590653671.6282 00.3216
8698708837.5289 02.1075
7523463986.8114 00.3503
33560140962.5877 00.3637
11903950074.0627 01.0870
1966866332.0703 00.0000
17884576451.2043 00.0000
2006230.4293 00.0000
1094358969.6029 00.0000
27422434.6217 01.5198
19353649224.8058 00.6455
1528499775.3450 00.0000
23053436646.5171 00.0000
15635114310.4458 00.0000
2725604046.8277 00.6190
1094550464.7578 00.0000
4437707.8379 00.0000
20624728271.7769 00.2998
1309316240.5503 00.0000
24857134078.5576 00.0000
22562764.1187 00.0000
27381580669.3606 00.3062
13957891020.6853 00.0720
21486277807.5699 00.0000
12554609269.5927 01.5043
143742825.9936 01.9054
579752.1434 00.0000
38126213745.8623 00.0000
57127541.8137 01.7717
3735921509.1706 01.0538
810123304.2515 00.8295
2555420001.1471 00.2883
1983168375.6960 00.0000
604817604.6321 00.3270
12198171.7593 00.0000
122152937.0629 00.4118
16075944497.7732 00.9841
18631906553.1241 00.3595
20583867.9193 01.2870
25199696138.7159 00.0000
105107188.0792 00.2471
446605002.6973 00.4781
979944486.9369 00.0000
21810576979.9192 00.0000
32513431136.5160 00.0000
1385791775.2342 00.0000
27316623927.8571 00.0000
1662174606.1641 00.0000
2526783168.2928 00.1455
3172241081.7860 00.0000
562424.2447 00.0000
27219682561.3788 00.0000
3424997666.2989 00.0000
666082.9918 00.0000
32830176.4837 00.0000
21725166659.0615 00.0000
49274653.6861 00.3741
32309170124.2578 00.3119
2176287632.2881 00.0000
26384895425.7370 00.0000
167180012.9380 01.0815
1041813664.8343 00.0000
1592955254.5235 00.0000
31530137410.8966 00.2704
4128109577.0992 00.0000
92005965.2350 01.9159
843864050.9485 00.0000
3363268.9586 01.1045
2352237250.6664 00.0000
4260168078.3149 01.5411
18814194998.8241 00.5275
15462246531.5625 00.0000
533821645.7997 00.9919
34801205220.6212 00.0000
199543271.2161 01.8795
8796731.8277 00.0000
844541623.3008 00.0000
123415243.8017 01.9169
34396528848.7739 00.6688
3395407435.3203 00.3732
51535703.3218 01.1752
8209408208.3210 01.9532
12604805821.7216 00.0000
34637987109.5318 00.0000
3848796326.0787 00.7344
30123972172.5782 00.0000
6170773834.1222 01.0319
3156869.6969 00.0000
1350081891.1209 00.0000
54702043.6023 00.8139
1604213094.4225 00.0000
10668385.8037 00.0000
318590040.8682 01.7254
12891265740.0010 00.0000
1984428259.7703 00.0000
35274507427.0382 00.0000
95488470.3522 01.9111
3192721460.1376 00.0000
853333020.0761 00.0000
2339312966.4587 00.4553
1167777538.0891 00.0000
25261250534.3447 00.0080
9223752627.0408 01.5449
39285196.4525 00.5959
893544024.0984 00.0000
4214054903.7748 01.3881
2420814791.3563 00.0000
5014163.6295 00.0000
166606478.9854 02.0702
12586774659.2694 01.7094
1034960591.7922 00.0000
1217557565.4135 00.0000
3379919014.1235 00.0000
5129403.1119 00.0000
1903337842.9207 00.0000
4477781349.4104 01.5454
16964099938.9982 00.0139
32525120479.5340 00.0000
5851889143.5036 01.5745
6985705848.6544 00.2766
11558874048.9167 00.0000
325738373.3327 01.8440
2990565122.0793 00.0000
382235589.3569 01.5678
1986012171.3126 00.2531
38945564558.7769 00.6758
189131696.8405 01.9791
6005967214.7458 01.5122
1808538780.3948 00.0000
1124009.8573 00.0000
1615501538.8331 00.1113
3187091120.8701 00.0000
20670904589.2936 00.0000
221720653.9157 01.6093
3168377987.5500 00.0000
2312315471.8836 00.0000
20387591089.4097 00.0000
143082306.3242 01.5317
8820530.1180 00.8661
1387046504.3289 00.0000
12979893325.6432 00.0000
5254408204.4557 01.7856
11822116200.0862 01.3135
4792807.9615 00.0000
1221424561.0753 00.0000
3744022556.8944 00.4405
23579416159.2788 00.0000
6564347067.0480 01.7433
144361231.5542 01.5585
9824944255.9663 01.9740
197476839.8049 00.3132
34739776278.9322 00.3749
174125659.8225 01.8798
4997324068.0277 00.0000
388261665.9859 01.6872
5513946833.1434 01.5357
25370504330.4039 00.0000
2694585074.8701 00.5408
16272976591.9580 00.9841
33931887435.8273 00.0000
6144744991.8787 00.4682
588628403.5846 01.3397
12776281.7133 00.0000
457863476.1241 00.0000
3345910964.9705 00.0000
1952696244.5029 00.0724
221948391.2444 01.8319
2740129455.0542 00.0000
4160911245.7755 01.2222
32134672725.9442 00.0000
435764973.8244 00.3236
667584310.6569 00.5344
3126507990.9166 00.9981
24293718540.1112 00.0000
399900633.2323 00.3062
25861923059.4748 00.0000
11955436685.3067 00.0000
3490034649.0042 00.7958
3308041492.5072 01.1457
5992758.7751 00.0000
27729330.3592 01.8509
3008745045.0707 00.4998
4851655113.8430 01.4186
3868958334.1138 00.0000
13407487.1022 00.0000
239699894.7049 01.3415
3168799780.1652 00.2444
236243702.1734 00.2452
7082091654.7058 00.7313
958069576.6121 00.4074
4438726734.3432 00.0000
5684148423.2384 01.6562
5517099912.2705 00.2979
5540669750.0072 00.0000
36915390478.9482 00.9735
19689473509.2432 00.0000
31444050669.6522 00.0000
3748290165.6912 01.2527
22583810079.6317 00.0000
4894041973.8926 00.2951
5485317595.2679 00.0663
17726.0975 00.0000
31221884088.3632 00.3098
1398356280.8861 00.0000
1639015560.0037 00.0000
554724.7234 00.0000
7572635674.7439 01.3633
6805941927.1196 01.2030
14783887941.6211 00.4439
2629206151.5746 00.0000
46919620.6613 01.7698
31578879.1847 01.9527
40314061.0142 01.8937
14851648371.4548 00.6493
7151364665.6639 02.0965
386861527.3808 00.0000
75318777.9973 01.8542
31768365009.5455 00.0000
2649047.5660 00.0000
5804338.5555 01.2755
32575842881.1874 00.7050
3180812327.7156 00.0000
126675038.9150 00.0950
23979227341.7444 00.0000
3198281310.1597 00.0000
5706535509.8164 00.0000
8852558193.4847 01.7433
184656966.5136 01.3818
17768391787.0142 00.0000
409142786.6471 00.0000
1419051346.6351 00.0000
29432774.8910 00.7001
17387730.8641 01.1893
3282621095.4758 00.8085
6319117561.4083 01.9081
16496711036.2710 00.7307
125244431.4151 00.8452
405639084.4096 00.2435
3371572562.6141 00.0000
29140162616.7043 00.0000
1608217.4157 00.0000
3025282975.4895 00.0000
8232499665.4882 01.1056
5964618877.6560 01.8811
277609.9353 00.0000
11020340132.0595 01.5517
1584598417.8366 00.0000
133524103.0746 01.4986
1760699480.0065 00.0000
766207862.8236 00.5140
36407948009.7448 00.0000
12439384892.7983 00.9542
7281407549.2498 02.1074
17972584400.8003 00.0000
350384099.4023 00.6276
4127383287.1888 01.0912
26719578840.3034 00.0000
2896363.1778 00.0000
16092999494.3002 00.1939
6652664850.1233 01.5919
886751282.6498 00.0000
1759425756.7528 00.0772
29271313074.6105 00.0000
26211143123.8659 00.0000
677811.3068 00.0000
66585578.2203 02.0344
58619548.2757 00.3229
175313468.2383 00.0398
39575348335.3078 00.0000
4066020240.5233 00.6027
1761766373.1020 00.0000
270386779.3957 00.0000
3142890877.4816 00.0000
4484321478.9481 00.0000
328200214.5260 01.6587
4256514323.5975 00.0000
9554729.2591 01.0080
21397269776.8198 00.2446
5044819580.9297 00.0950
32087402982.4756 00.0000
11795449200.7944 01.7375
745614941.7564 00.0000
475227637.8554 00.0000
9407660016.1397 01.7932
442790.6934 00.0000
1231356050.7415 00.0000
28062666005.3629 00.0000
11803344251.2311 01.6834
12300662955.8294 00.2601
6136002208.5551 01.7703
484983128.1212 00.5012
801387647.0321 00.0000
64132822.2568 01.5054
19334716.3140 01.3522
485419.7335 00.0000
41132777074.2164 00.0000
40460274407.2779 01.1085
1285250800.5080 00.0000
15163787761.5188 00.0000
682840495.9511 00.0000
1520739.8879 00.0000
2219717932.8856 00.0000
15044928786.7844 00.0000
20945227133.6095 00.0000
283104336.3675 01.8550
11268108822.8098 01.8156
2593458126.4937 00.0000
1561792230.1164 00.0000
75166.6567 00.0505
4983715.6583 00.4397
2294026088.7479 00.0000
5790242.6048 00.0000
335725625.7585 01.6589
2399269215.7842 00.4549
3569365147.0498 00.0000
1341534128.9187 00.0000
1483510879.0401 00.0000
2753372285.7400 00.0000
3537325858.9499 00.9934
26268457.4789 00.8840
8822653694.6173 01.1075
106262.3106 00.0000
46884793.2619 01.7338
2964220959.5991 00.0000
8386311208.5537 00.7650
31346653297.7027 00.0000
33590456720.9839 00.2500
569539769.4445 00.0000
33320122301.0365 00.0000
3285042073.0643 00.2137
3908366.5862 00.2985
33023644790.9442 00.0000
235727423.4863 01.0251
6170917155.2724 00.0000
4358128.9403 00.0000
10109262772.7114 00.5566
1939871688.1558 00.0000
19518688917.6622 00.0000
6905296900.7312 01.1129
5212770.4773 00.0000
2684411.3423 00.0000
2905362351.1291 00.0000
96207373.3866 00.2263
39428692572.4942 00.0000
737252.5654 00.1589
13216204275.6564 00.8974
2014138043.8915 00.0000
7475012244.9270 00.2121
29472045.7543 00.1965
19864167811.2122 00.0000
173789781.9012 01.2683
14914420935.1179 01.4486
18178576124.8243 00.1896
30177132946.9204 00.0000
853700826.1678 00.2409
17354044692.9909 00.0000
635247596.9103 00.3067
5100544170.0354 01.8155
4124685354.2129 00.8391
45217517.4787 00.5237
2022428.9167 00.0000
640002748.0713 00.0000
12969099480.6078 01.0060
12837658793.7275 00.0000
7968492.8025 00.0000
36941253.4528 01.7530
175358267.6702 00.0862
864479686.1289 00.0000
5791713298.6313 01.3640
15829448160.4764 00.0000
186994817.1235 01.8457
33235362581.1882 00.0000
859167221.8248 00.0000
29096666843.2435 00.0000
7196983.3571 00.0000
9417164562.8437 00.6976
1770198985.2507 00.0000
27901862487.9239 00.0000
5576866801.7966 00.0000
397793035.6080 01.4680
9968829231.4506 01.3048
18619024325.8098 00.0000
318414964.0042 01.7497
72302.6587 00.0000
8793264600.2160 02.0938
1229177958.4196 00.0000
365593308.4453 00.0000
20412010.0755 00.3888
292923234.7503 00.6250
3730068864.9004 00.9009
596956619.9318 00.0000
3997557223.0504 00.7666
2067095351.9777 00.0000
803194882.3346 00.0000
7253697181.1944 00.8200
27631556989.2947 00.0000
3430043099.0519 01.2692
1334558.2076 00.0607
2969942676.2965 00.6033
9061055595.3691 01.8520
265464.2061 00.0000
3649181976.9018 00.0000
31319201011.2331 00.0000
21187267821.5722 00.0000
29065421078.6660 00.0000
338727495.4313 00.4414
3912695.3281 00.0000
449815808.5648 00.0000
406912236.9056 00.0000
25229376999.8991 00.0000
2127601842.2025 00.0000
139984621.3320 02.1126
9187871508.1664 00.3443
2431193343.0625 00.3918
22956233607.1502 00.0000
366176221.9667 00.0932
164169.0941 00.1876
5679014420.2959 01.5948
17889341980.5403 00.0000
179094378.9671 00.2313
31537004741.4425 00.5283
19343867024.9038 00.0000
139345.3412 00.0582
17955506389.6918 00.0000
133708.5347 00.0000
20384325137.3172 00.0000
18496562944.1934 00.3611
3427872.7612 00.3373
2402541.0594 00.0000
1304099.7961 00.0000
5379103.6507 00.5319
4467850514.4817 01.5015
35591580190.2256 00.0000
7249895648.7252 01.4653
193277657.4031 01.9161
13911031881.4126 00.0000
19099331.8460 01.6814
24868691830.3900 00.0000
1349588644.4987 00.0000
2754090849.6511 00.0000
1773538526.5574 00.0000
225502650.3346 01.7795
436447831.2535 00.0000
4130440662.0629 01.3046
7855395555.2936 02.0962
360161224.8056 00.0000
7341251651.7664 00.8209
14460939874.7391 00.0000
307668064.4960 00.0000
3987247.8765 00.0000
31033086676.1041 00.0000
67648350.6914 01.5602
592311538.2301 00.2466
28661114597.6759 00.0000
18843150677.1610 00.0000
11323471762.3601 01.8323
24153890932.0469 00.2011
14793164627.3022 00.0000
1576960478.0119 00.0000
25825589934.1417 00.0000
1339673194.9370 00.0000
5321559601.5726 00.0000
16795869.2124 01.6729
28989863034.0250 00.0000
160867654.6943 00.1282
3265403015.6090 00.0000
5342571.9282 00.5416
9069502861.7634 00.5450
19925.2311 00.3603
16147.6168 00.0000
32448793670.2459 00.4304
9551770905.6406 01.5219
6274377961.8769 00.4651
13730176999.2220 01.3755
1798804996.1081 00.0000
2628046016.4240 00.0000
2450116107.5010 00.4562
2184989.4531 00.0000
9387972757.3944 00.0000
16619369854.5013 00.0000
4262154054.0500 00.0000
3886555404.3093 00.0000
2240564541.4565 00.3537
35764269961.9345 00.0000
2326922126.8086 00.4816
196365597.7537 01.6682
20710618099.8164 00.0000
33983946910.6977 00.7782
185791037.2274 00.2061
9535501979.3494 00.2359
14825990823.2861 00.0000
1941578491.0070 00.0000
10108726796.1016 00.7445
3052826252.7414 00.0772
3160724188.8609 00.8123
38780315.6174 00.0000
1790802835.0264 00.0000
732557.8526 00.7362
330872.7155 00.0000
12592987389.9002 01.5122
23555619992.0892 00.0000
4090141520.6755 00.2891
6293994909.2146 01.7623
1406062958.2673 00.0000
31503338280.0016 00.0000
12005217993.1942 00.0000
2335769470.1464 00.0000
238028831.7729 01.0818
231114755.5089 00.0000
7322718977.7022 00.2215
5288606859.3856 00.7741
18149672019.8511 00.0000
11377998.4094 00.3136
21509024370.0493 00.0000
13432486704.0479 01.6995
22283781848.8489 00.0000
29526103060.5577 00.0000
571695892.9439 01.2431
3305355071.3526 00.9825
4241426060.0331 00.7764
235451406.3489 01.4248
2309920429.7637 00.0000
4763512.5122 00.5354
152429236.6555 02.0824
4979355818.5607 00.0000
175533111.8949 01.5433
328584090.6194 00.0000
7891075487.5642 02.0663
4105195.7505 00.4892
334892220.3626 00.0000
3300341.1650 00.0000
2055.9726 00.4533
8906315541.1702 00.8893
2937409677.9653 00.0000
257877.1327 00.1120
8558674873.3861 01.1759
65624949.2366 01.2865
119910336.0157 01.2460
8401160832.9194 02.0762
5557550.5885 00.1230
37004508.7313 01.8213
3919463185.5956 01.2096
25817143683.9854 00.2385
4117046464.1920 00.5612
9098641336.9044 01.2092
5980260335.8363 01.9986
7105067271.5980 00.5368
1433792.6634 00.8799
20765409144.9191 00.0150
10985447643.8625 01.9866
29312786703.1582 00.1199
2981994.6388 00.0000
23112103950.2748 00.0000
10295056581.3992 00.0000
12248385188.8562 01.8485
34842729354.9741 00.8771
1269698420.1979 00.0000
13440333384.2604 01.3307
12198080405.6438 00.0000
663870.9336 00.3516
75454201.2824 00.3163
28568381562.2204 00.3113
378048690.9104 01.4205
15709423822.9821 00.0000
2082391.6492 00.8182
3406962394.6433 00.0000
3271854028.3123 00.4080
16086665665.8116 00.0000
15432599323.9853 00.5911
6520902124.5951 01.7878
65809078.7595 01.9961
8376781295.9833 01.1745
4428543493.2350 00.0000
11162078611.6578 01.0026
2614306153.1126 00.0000
15666843522.8230 00.8548
130965210.8225 02.0726
17333600790.8620 00.2817
18933757991.3613 00.5184
6873138128.0474 01.8448
454492703.4757 00.2079
433301841.9274 01.5030
4990418767.2799 00.0948
19671268041.5021 00.2826
2879164134.8995 00.0000
1934008478.4020 00.2089
28980239083.9166 00.2624
39056308.5222 01.7806
4705901973.4778 01.2512
1776421150.0522 00.0000
16922809.5657 01.6150
1465453760.9271 00.0000
3077255.3598 00.0000
36500300555.5191 00.9971
3121388569.7980 00.0000
16883111474.6253 00.1927
22586473741.4395 00.0000
3404153549.4083 00.0281
21280547501.7439 00.3205
126502374.2079 01.8747
34898886167.0365 00.0000
9896126130.5432 00.0522
2454365039.8247 00.0000
7946426836.6552 01.1114
521672897.0749 00.4583
89416789.2127 00.4886
10588520.3726 00.4466
2768540751.5862 00.0000
3035614542.4268 00.0000
11996894014.9335 00.0000
4818539703.6188 01.6309
20782577817.4957 00.2797
14901037662.1397 01.5010
1508469509.9226 00.1425
57824075.2405 00.3400
7830231.6979 01.0548
1949846517.7885 00.0000
557112231.1252 01.1101
108524391.6810 01.0464
47918281.3494 01.8822
670893991.3776 00.0000
18432686683.9065 00.0000
29798940146.9843 00.0000
420639.3252 00.0000
10649400247.5483 00.0052
343825794.7667 01.1369
79775263.7712 00.4150
3208579936.2223 00.5102
7627966.6774 00.0000
7486914750.2838 02.1104
12229807033.7923 00.0000
1975560936.4585 00.2974
33273908652.6564 00.2423
23804492.4053 00.2955
949335051.7907 00.0000
13080869769.9716 00.7518
934695101.0319 00.0000
3573433280.6564 00.9916
30529041994.4891 00.5449
684788.0777 00.0000
33453663449.8242 00.6141
31304282.0151 00.4841
4362161.1005 01.1647
61304897.4923 00.3996
28944932874.0319 00.0000
29752911292.7809 00.0000
1749720773.1328 00.0000
13301186008.8928 01.3587
15529359.3391 01.4641
15404755807.5472 00.0000
23562693104.2197 00.0000
3353560422.1503 00.0000
14415030.3850 00.5416
2394034031.0796 00.4018
8357945083.9114 01.5698
494406547.3938 01.5673
24242907.8640 00.5831
26564261016.4685 00.0000
2331394.7680 00.0000
14179521150.3638 00.0000
956980423.7744 00.0000
752814210.1387 00.0000
48620207.4902 00.0924
434013695.6065 01.5886
22296674259.1980 00.1194
6104172994.7723 01.9548
5023762489.6039 00.2703
12514233087.3802 01.7039
15671155342.3387 00.0000
7204024577.6764 00.6852
7575288981.3791 02.0510
976472652.7140 00.2596
20197355.2258 00.0000
442632423.3367 01.5245
35322267246.1201 00.8585
20365667970.1453 00.0000
2628066.7209 00.0000
30246692852.7165 00.0000
21450065.6449 01.1920
162148342.7180 00.9962
25692826045.2859 00.0000
5386506829.7259 00.0000
9968198525.7749 01.2450
1835894771.6183 00.0000
62402.2412 00.0000
17147505221.2366 00.0000
2812673.2175 00.2588
1164863933.2960 00.0000
6165630.0825 00.0000
831437.0806 00.0000
17051749583.1817 00.0000
545588.0217 00.0000
2313239008.7831 00.0562
5922472843.9625 01.8579
365073526.6924 01.1281
155817.5352 00.0000
26051272697.1175 00.0000
3842114541.3646 01.4683
742561.0725 00.0000
93285419.0720 01.1085
13624131111.0081 00.5241
9083700272.8595 01.5836
10047933483.6903 01.3283
123015142.9458 01.1371
737694491.6200 00.0000
2540840674.2630 00.0000
21937641911.7652 00.0000
662835631.3764 00.0963
30376937.9540 00.7649
7263930547.8871 02.0926
249197220.8883 00.1287
4064798264.1418 01.6055
5229718517.4440 00.9302
8060476.9019 00.7718
472946528.2654 01.0192
57628635.3560 01.3287
6885463225.3775 01.6519
225619243.8483 01.1471
12306238018.6935 00.6168
617198.2889 00.0000
138349433.6858 01.3137
348441470.5328 00.8545
38917.5594 00.0000
4348829.3141 00.0000
9129021383.4370 00.9047
6720849046.2233 00.0519
199431045.9474 01.4514
958468422.0402 00.1692
13906777789.3089 00.0000
866907210.2702 00.0000
35928678301.7086 00.0000
3770963565.6037 00.0000
29654291313.5602 00.0000
4368499.2019 00.0000
62824974.9992 01.9772
166535004.0142 02.0446
1137130485.6394 00.0000
6251924078.0499 01.0120
40577895565.8053 00.0000
15644303.7926 00.0000
12966204305.4318 00.1560
19890336244.5802 00.0000
12957658589.8682 01.6161
28320246101.6414 00.0000
34113367.8067 00.0000
8150343046.2512 01.0997
7622756.9833 00.6460
1072834160.4721 00.4163
2059389166.4675 00.0000
115514076.3770 00.7773
3183769610.3015 00.0000
31907551245.1664 00.1751
271535779.6596 01.7454
225445909.4978 01.0501
12166467144.3101 00.8759
1306323622.0239 00.0000
348851749.7293 01.3080
461746586.4408 00.2151
7180024.4237 00.0000
39401564442.2046 00.0000
31073994.7958 01.8660
16491448852.9637 00.0000
15430887803.6860 00.0000
107908900.4464 02.0603
313208830.7455 01.5956
7662988206.8141 01.6758
440544365.6894 00.7002
534438.9639 00.0000
2428310547.5709 00.0000
2190127634.8111 00.0000
7135563204.7827 01.5440
306061353.9480 01.8057
317611617.1773 00.1201
7434859142.1558 01.0799
19312258798.4455 00.6962
11816665092.8399 01.5489
27434720.7979 01.6013
61069220.2932 01.9235
1652392048.4463 00.0000
3650982120.5495 00.0000
2095239405.7819 00.4339
607641613.7778 00.9179
232109.1568 00.0000
5489060460.9564 01.4229
13408234388.9084 01.5110
1198160305.1845 00.1284
688816805.3628 01.0090
26436938994.2511 00.0000
5451264.9546 01.2352
449698852.8852 00.0000
1088835.4070 00.1927
24137078.6439 01.4875
33307969882.5664 00.0000
3216543576.1101 00.0000
36266685472.9312 00.0000
797871015.0453 00.8965
1817950599.6472 00.0000
174952317.8450 01.5967
5416741372.3253 01.0295
8587980890.6665 02.0095
17983524122.3840 00.6517
1285288415.8451 00.0000
40414639540.9892 00.8773
69860213.3408 02.0140
11515788.0632 00.0000
18215472868.0942 00.0000
37921085.7598 00.0000
4108219285.6388 00.0000
475458906.6839 01.0455
1594897.9563 00.0000
31012872.8399 01.7421
5856061238.7749 00.0000
15711778848.2736 00.9535
28170471401.4216 00.2785
1244604.9939 00.0000
32455545357.9894 00.0000
2721068453.8468 00.0000
138876039.9039 02.1025
4127889459.1405 00.0000
3504972603.1217 01.0153
1040785709.9784 00.0000
2543686634.0079 00.0000
523011898.1548 00.5872
34085895579.8390 00.8981
4302455600.4004 00.0000
749008350.9686 00.0000
3223481507.5304 00.9820
283411.4861 00.0000
500918962.7281 00.0000
20765802.3924 01.7692
16008812.7259 01.0185
15985373122.6584 00.0000
11297261870.3939 00.0000
91255203.1797 01.3495
4103034635.9362 00.0000
8015232647.7481 01.0827
573381218.6187 00.0000
5547212916.9155 00.0953
11374474124.4593 00.5620
5137486355.5181 01.7297
536295.1113 00.4440
3747519047.9956 01.4033
24063799505.9737 00.0000
1050869202.1519 00.0000
30470256065.7838 00.3106
3394283.0042 00.0000
2071203729.3692 00.0000
15934299285.0021 00.0000
4052011459.5514 01.4244
28520893662.1249 00.0000
12728722105.8945 00.0000
2543084925.8551 00.4749
3993750955.7096 00.6890
590103611.2074 00.0000
200076750.4365 01.9076
779853.8106 00.0000
1746812400.0897 00.0000
3901984020.6812 01.2054
115693452.5203 01.5290
9230203807.1617 02.0304
1105466330.4650 00.0000
9038257.5286 00.8425
1335487.5038 00.0000
33604237275.1973 00.0000
164168505.0366 00.6552
24699118964.5731 00.0000
18239315959.2489 00.8066
176707647.6208 02.0109
788973056.9382 00.0000
74769204.7192 01.5082
269560.3638 00.9010
2819401.7673 00.0000
4898764783.0749 01.6896
7733546043.0115 02.0922
709223249.6365 00.7400
488012993.8143 00.8434
20585220.6654 00.8739
28442399368.7970 00.0000
13195264349.9819 01.1942
25084882218.3325 00.0000
16168710592.7397 00.7166
2907447081.4715 00.0000
1072988300.8583 00.2209
3137053559.8819 00.5599
572811026.6065 01.1877
18822433.8315 00.7253
1446180411.5955 00.0000
365965483.6518 01.1705
2125023724.2693 00.0000
18645211453.8340 00.0000
22444867129.5347 00.0000
395573878.4580 01.6685
2377192204.8707 00.0000
1281528115.6304 00.0000
29902186577.4749 00.0000
21335380980.2017 00.0950
2424417065.0506 00.0000
1565297370.7406 00.0000
5828895034.4409 00.0585
35112272040.9161 00.0000
628593042.8699 00.0000
15578047920.8334 00.0000
187006485.5136 01.5189
17770756784.8780 00.3221
779867959.8209 00.3231
279467253.5973 00.7769
4964572534.9085 00.9013
31980857646.5691 00.0000
18166459364.5006 00.0000
1181005.7718 00.2608
218016216.3102 00.1925
264748853.2306 00.9857
34039763327.2750 00.3270
13509717647.0358 00.7063
1989985157.8917 00.0000
13059645155.2383 01.1132
445228.6464 00.3881
22837761.6700 00.3637
34198610240.9489 00.1121
264204321.3006 01.3183
23598889575.9488 00.0000
918373091.8637 00.0000
359678538.5267 01.6209
5012113594.6038 00.0000
940922089.8710 00.0000
4669236332.7851 00.1517
13202845568.5658 00.0000
12762929758.5285 00.1140
236361589.2269 01.6665
5131913145.4308 00.0000
612280283.6556 00.4830
9834221407.3212 00.2198
4278609814.8986 01.3510
1256933678.8998 00.0000
303403.2568 00.2094
1082552264.5771 00.2666
269915259.8194 00.1018
26281477.8281 01.7804
11571875.2878 01.0105
80092374.4052 00.1383
88862952.5193 00.0781
15200107302.2973 00.0000
1396088435.5053 00.1387
1925239300.7200 00.0000
894195459.8009 00.3837
17002898354.0602 00.0000
83413397.7950 01.0844
40647095.5103 01.6164
30168021673.7369 00.0000
1917201.5988 00.7368
12572507433.4667 01.3319
35566295410.7073 00.8634
5629501.0053 01.2143
1521202387.1128 00.0000
4276608559.0046 00.0000
19184008.9233 01.3654
3427303744.5974 00.0000
17730.3886 00.0000
676366789.6778 00.6361
7576730662.0190 00.6571
19997352199.1128 00.0000
1074862324.9298 00.5216
3287203602.1328 00.2901
18731133728.7914 00.0000
2060434570.2244 00.0000
11794744488.0447 00.6818
11729024982.7742 00.6611
872020370.6188 00.0000
18686515.7082 01.5639
5963851742.1075 00.0000
97733607.1966 01.5710
20668653055.9541 00.0000
9223284614.8353 01.5013
53304120.8499 02.0372
61017769.0946 01.9956
1153534.0604 00.0000
345278213.9432 01.8341
2333285053.3768 00.0000
36764600854.2221 00.8761
3212731652.7715 00.1083
22093159834.1956 00.0000
28261232135.6563 00.0000
24823406229.5678 00.2203
6441823180.4775 01.8832
1465624432.3910 00.0000
1696671892.2584 00.0000
1656453791.3674 00.0000
71071081.9646 01.3771
