Raw 2D
-0.009894813174392092
0.002093696113054144
0.023303130523298222
-0.02079769744253812
0.005744594877037665
-0.012763491334580478
-0.010302326980010455
0.011589984188846296
0.049941374138166496
0.004229338657166811
-0.005022669491387262
0.02299259309464734
0.0016462576350770408
-0.005638778958178889
5.759110705914118E-4
0.0019266149730483705
-0.004837059595588253
0.020191348075346217
0.015464927697103385
0.0023212691610213854
6.072843946623345E-4
0.0030142203359833906
-0.0436383827984899
0.0341286822207218
-0.004549100112696574
-0.001989683828163851
-0.002170636176787312
0.017160064707757904
0.016626739255352838
8.750738828101667E-4
Raw 10D
-0.011681315014784893
7.743577462004811E-4
0.0010311405435288975
0.02165500605275462
0.01335492683026776
0.014387833640621182
0.0068830119161801245
-0.01254598791934586
-0.0021686388483259786
0.00905793022564993
-0.016273089298228287
0.011187697189870288
-0.0174555925339351
0.00644279014558767
0.007902321775868115
0.01501425428338496
-0.010958742628270339
-0.013111153510595185
0.01601244093314259
-0.021597559395394036
-0.022253938780465624
0.009381551564112233
-0.006165075760740117
0.004780735927227297
0.018167162458396703
-0.0020120922664481865
-0.0069226358747205225
0.016503547455289157
-0.005740771881970412
0.009500753279399208
Raw 30D
-0.006675419449219062
-0.009943667904773563
-3.591748549816179E-4
-0.015061451467853622
-0.0165048479010833
-0.017152447034737967
-0.009939478866210782
-0.022835066865467588
-0.01769201105095037
-0.019354626891453695
-0.016671024213004912
-0.01313291633399127
-0.012988166173057238
-0.024479054835581666
-0.015229571652010625
-0.008863916296829338
-0.013375878501755045
-0.006767568946639856
-0.009087753602890491
-0.019572204579627304
-0.02174736744997665
-0.013792115441690655
-0.00955624235054814
0.001836957944354916
-0.01519726037900044
0.006777208882553703
-0.011399507048576594
-0.014625810854748
-0.00779317731850037
-0.01269697297757054
