Fitness - Violation - Position
[-77.7077831136019, 94.62633999153641, 8.99426037387002, -22.070498737334233, -73.99181642429946, -70.64513576709075, 54.991815476192215, 67.21925859504019, -53.982090487522456, -6.305056459070045] - 6.603069538120653E9 - 0.0
[-77.7077831136019, 94.62633999153641, 8.99426037387002, -22.070498737334233, -73.99181642429946, -70.64513576709075, 54.991815476192215, 67.21925859504019, -53.982090487522456, -6.305056459070045] - 6.603069538120653E9 - 0.0
[-77.7077831136019, 94.62633999153641, 8.99426037387002, -22.070498737334233, -73.99181642429946, -70.64513576709075, 54.991815476192215, 67.21925859504019, -53.982090487522456, -6.305056459070045] - 6.603069538120653E9 - 0.0
[-77.7077831136019, 94.62633999153641, 8.99426037387002, -22.070498737334233, -73.99181642429946, -70.64513576709075, 54.991815476192215, 67.21925859504019, -53.982090487522456, -6.305056459070045] - 6.603069538120653E9 - 0.0
[-14.620307691865108, 78.54344306129585, 40.22539168584595, -37.98273976721154, 46.021357098761705, 5.679291881556708, 37.36352111815575, 37.4809168448878, -34.22378186396088, 53.330254564666525] - 5.1963670093298235E9 - 0.42495343672969277
[-14.620307691865108, 78.54344306129585, 40.22539168584595, -37.98273976721154, 46.021357098761705, 5.679291881556708, 37.36352111815575, 37.4809168448878, -34.22378186396088, 53.330254564666525] - 5.1963670093298235E9 - 0.42495343672969277
[-36.33833609863495, 30.095243458167502, -42.33290352407929, -73.31741605875015, -41.98772769258157, 16.877999242663705, -26.76824430558728, 61.89536808255136, -77.7931905148288, -31.79415182340429] - 2.824277199462229E9 - 0.8943892595105996
[-36.33833609863495, 30.095243458167502, -42.33290352407929, -73.31741605875015, -41.98772769258157, 16.877999242663705, -26.76824430558728, 61.89536808255136, -77.7931905148288, -31.79415182340429] - 2.824277199462229E9 - 0.8943892595105996
[-36.33833609863495, 30.095243458167502, -42.33290352407929, -73.31741605875015, -41.98772769258157, 16.877999242663705, -26.76824430558728, 61.89536808255136, -77.7931905148288, -31.79415182340429] - 2.824277199462229E9 - 0.8943892595105996
[-50.152415286022986, 4.421569530698491, -78.74059993588476, 2.6186072745147158, -16.137418352983644, 2.2398832898953245, -5.001906598967079, -6.69281591008663, -82.4788781868539, -51.71285164788958] - 1.8328270554430947E9 - 0.3708309139587418
[-50.152415286022986, 4.421569530698491, -78.74059993588476, 2.6186072745147158, -16.137418352983644, 2.2398832898953245, -5.001906598967079, -6.69281591008663, -82.4788781868539, -51.71285164788958] - 1.8328270554430947E9 - 0.3708309139587418
[-50.152415286022986, 4.421569530698491, -78.74059993588476, 2.6186072745147158, -16.137418352983644, 2.2398832898953245, -5.001906598967079, -6.69281591008663, -82.4788781868539, -51.71285164788958] - 1.8328270554430947E9 - 0.3708309139587418
[-50.152415286022986, 4.421569530698491, -78.74059993588476, 2.6186072745147158, -16.137418352983644, 2.2398832898953245, -5.001906598967079, -6.69281591008663, -82.4788781868539, -51.71285164788958] - 1.8328270554430947E9 - 0.3708309139587418
[-50.152415286022986, 4.421569530698491, -78.74059993588476, 2.6186072745147158, -16.137418352983644, 2.2398832898953245, -5.001906598967079, -6.69281591008663, -82.4788781868539, -51.71285164788958] - 1.8328270554430947E9 - 0.3708309139587418
[-50.152415286022986, 4.421569530698491, -78.74059993588476, 2.6186072745147158, -16.137418352983644, 2.2398832898953245, -5.001906598967079, -6.69281591008663, -82.4788781868539, -51.71285164788958] - 1.8328270554430947E9 - 0.3708309139587418
[-14.313577414580557, 30.27078229808363, 15.999712541357592, 4.530908195227134, -10.331595474215732, -61.56407943860413, -37.97438332833599, 62.113114350088914, -30.614215623338087, 69.0879990571324] - 1.5496860466036797E9 - 0.30804471904496555
[-14.313577414580557, 30.27078229808363, 15.999712541357592, 4.530908195227134, -10.331595474215732, -61.56407943860413, -37.97438332833599, 62.113114350088914, -30.614215623338087, 69.0879990571324] - 1.5496860466036797E9 - 0.30804471904496555
[-14.313577414580557, 30.27078229808363, 15.999712541357592, 4.530908195227134, -10.331595474215732, -61.56407943860413, -37.97438332833599, 62.113114350088914, -30.614215623338087, 69.0879990571324] - 1.5496860466036797E9 - 0.30804471904496555
[-14.313577414580557, 30.27078229808363, 15.999712541357592, 4.530908195227134, -10.331595474215732, -61.56407943860413, -37.97438332833599, 62.113114350088914, -30.614215623338087, 69.0879990571324] - 1.5496860466036797E9 - 0.30804471904496555
[-14.313577414580557, 73.58136682314156, 15.999712541357592, 5.893930651681124, -67.47559747276658, -16.00351426164255, 22.823293658676125, 44.669575050822026, -30.614215623338087, 76.62000588139665] - 1.0151324423758404E9 - 0.4246679150508421
[-14.313577414580557, 73.58136682314156, 15.999712541357592, 5.893930651681124, -67.47559747276658, -16.00351426164255, 22.823293658676125, 44.669575050822026, -30.614215623338087, 76.62000588139665] - 1.0151324423758404E9 - 0.4246679150508421
[-14.313577414580557, 73.58136682314156, 15.999712541357592, 5.893930651681124, -67.47559747276658, -16.00351426164255, 22.823293658676125, 44.669575050822026, -30.614215623338087, 76.62000588139665] - 1.0151324423758404E9 - 0.4246679150508421
[22.114455047292914, 79.6994500907418, -10.829723678405646, 15.299434981397141, -74.80067404857826, -14.432569531668499, 25.656113490995544, 17.91012839488576, -53.800354020371486, 23.332810140409173] - 9.618243855752729E8 - 0.4765777225356129
[22.114455047292914, 79.6994500907418, -10.829723678405646, 15.299434981397141, -74.80067404857826, -14.432569531668499, 25.656113490995544, 17.91012839488576, -53.800354020371486, 23.332810140409173] - 9.618243855752729E8 - 0.4765777225356129
[22.114455047292914, 79.6994500907418, -10.829723678405646, 15.299434981397141, -74.80067404857826, -14.432569531668499, 25.656113490995544, 17.91012839488576, -53.800354020371486, 23.332810140409173] - 9.618243855752729E8 - 0.4765777225356129
[46.0893128228263, 77.38948115277256, -51.37840247073172, -4.480607438150081, -20.749041286731128, -22.11786785394138, -3.9438160995384024, -3.8585452984060282, -59.35684759788612, -90.87455950666958] - 7.040549903587157E8 - 0.0
[46.0893128228263, 77.38948115277256, -51.37840247073172, -4.480607438150081, -20.749041286731128, -22.11786785394138, -3.9438160995384024, -3.8585452984060282, -59.35684759788612, -90.87455950666958] - 7.040549903587157E8 - 0.0
[-14.313577414580557, 41.64418670228706, 15.999712541357592, 5.893930651681124, 2.534716352211218, -18.181803507580995, 22.823293658676125, -14.903655686389438, -30.614215623338087, 76.62000588139665] - 6.716487409451888E8 - 0.13687364593431672
[-14.313577414580557, 41.64418670228706, 15.999712541357592, 5.893930651681124, 2.534716352211218, -18.181803507580995, 22.823293658676125, -14.903655686389438, -30.614215623338087, 76.62000588139665] - 6.716487409451888E8 - 0.13687364593431672
[-14.313577414580557, 41.64418670228706, 15.999712541357592, 5.893930651681124, 2.534716352211218, -18.181803507580995, 22.823293658676125, -14.903655686389438, -30.614215623338087, 76.62000588139665] - 6.716487409451888E8 - 0.13687364593431672
[-44.24127450762417, 78.1862500342164, -23.75849741606693, -5.909085617931254, -45.2202112178138, 8.0008110811591, 34.37724029332282, 28.15411054580765, -68.16859001387465, -114.08641056577414] - 6.470370413879063E8 - 1.0999499417939063
[-14.313577414580557, 41.64418670228706, -20.4596452994869, 3.956091010405519, -16.43258268654157, -7.748911252735272, 22.823293658676125, 48.75148469526004, -54.69998908168863, 76.62000588139665] - 1.1600712041767704E8 - 0.0
[-14.313577414580557, 41.64418670228706, -20.4596452994869, 3.956091010405519, -16.43258268654157, -7.748911252735272, 22.823293658676125, 48.75148469526004, -54.69998908168863, 76.62000588139665] - 1.1600712041767704E8 - 0.0
[-14.313577414580557, 41.64418670228706, -20.4596452994869, 3.956091010405519, -16.43258268654157, -7.748911252735272, 22.823293658676125, 48.75148469526004, -54.69998908168863, 76.62000588139665] - 1.1600712041767704E8 - 0.0
[-14.313577414580557, 41.64418670228706, -20.4596452994869, 3.956091010405519, -16.43258268654157, -7.748911252735272, 22.823293658676125, 48.75148469526004, -54.69998908168863, 76.62000588139665] - 1.1600712041767704E8 - 0.0
[-14.313577414580557, 41.64418670228706, -20.4596452994869, 3.956091010405519, -16.43258268654157, -7.748911252735272, 22.823293658676125, 48.75148469526004, -54.69998908168863, 76.62000588139665] - 1.1600712041767704E8 - 0.0
[-14.313577414580557, 41.64418670228706, -20.4596452994869, 3.956091010405519, -16.43258268654157, -7.748911252735272, 22.823293658676125, 48.75148469526004, -54.69998908168863, 76.62000588139665] - 1.1600712041767704E8 - 0.0
[-14.313577414580557, 41.64418670228706, -20.4596452994869, 3.956091010405519, -16.43258268654157, -7.748911252735272, 22.823293658676125, 48.75148469526004, -54.69998908168863, 76.62000588139665] - 1.1600712041767704E8 - 0.0
[-14.313577414580557, 41.64418670228706, -20.4596452994869, 3.956091010405519, -16.43258268654157, -7.748911252735272, 22.823293658676125, 48.75148469526004, -54.69998908168863, 76.62000588139665] - 1.1600712041767704E8 - 0.0
[-14.313577414580557, 41.64418670228706, -20.4596452994869, 3.956091010405519, -16.43258268654157, -7.748911252735272, 22.823293658676125, 48.75148469526004, -54.69998908168863, 76.62000588139665] - 1.1600712041767704E8 - 0.0
[-14.313577414580557, 41.64418670228706, -20.4596452994869, 3.956091010405519, -16.43258268654157, -7.748911252735272, 22.823293658676125, 48.75148469526004, -54.69998908168863, 76.62000588139665] - 1.1600712041767704E8 - 0.0
[-14.313577414580557, 41.64418670228706, -20.4596452994869, 3.956091010405519, -16.43258268654157, -7.748911252735272, 22.823293658676125, 48.75148469526004, -54.69998908168863, 76.62000588139665] - 1.1600712041767704E8 - 0.0
[23.457981244722056, 56.49312832475817, -6.962253293679826, 1.4319650322187538, -14.525773086812302, -22.578268871799562, -4.659017608156528, 14.406649115121759, -41.65502817930323, 89.62433727026992] - 8.212156111185095E7 - 0.0
[23.457981244722056, 56.49312832475817, -6.962253293679826, 1.4319650322187538, -14.525773086812302, -22.578268871799562, -4.659017608156528, 14.406649115121759, -41.65502817930323, 89.62433727026992] - 8.212156111185095E7 - 0.0
[23.457981244722056, 56.49312832475817, -6.962253293679826, 1.4319650322187538, -14.525773086812302, -22.578268871799562, -4.659017608156528, 14.406649115121759, -41.65502817930323, 89.62433727026992] - 8.212156111185095E7 - 0.0
[23.457981244722056, 56.49312832475817, -6.962253293679826, 1.4319650322187538, -14.525773086812302, -22.578268871799562, -4.659017608156528, 14.406649115121759, -41.65502817930323, 89.62433727026992] - 8.212156111185095E7 - 0.0
[23.457981244722056, 56.49312832475817, -31.607315381603726, -14.569762988986577, -14.525773086812302, -22.578268871799562, -4.659017608156528, 36.77670283027068, -15.312452290227874, 89.62433727026992] - 7.358074142183013E7 - 0.0
[23.457981244722056, 56.49312832475817, -31.607315381603726, -14.569762988986577, -14.525773086812302, -22.578268871799562, -4.659017608156528, 36.77670283027068, -15.312452290227874, 89.62433727026992] - 7.358074142183013E7 - 0.0
[11.414307407018853, 46.66305216675756, -48.886266149627346, 11.958295490095086, -19.858754343271084, -5.637059095884382, 29.11719351046755, 6.383520932382218, -36.360717450480564, 33.78546073220612] - 7.347984738240802E7 - 0.0
[-9.119458404340651, 41.09207743200834, -51.259296842006854, -12.517632052590397, -21.994243752643047, -37.983043070119656, -13.959184021369103, 28.69379935624992, -17.11036261985778, 79.02635374009624] - 5.3497185820034966E7 - 0.0
[-9.119458404340651, 41.09207743200834, -51.259296842006854, -12.517632052590397, -21.994243752643047, -37.983043070119656, -13.959184021369103, 28.69379935624992, -17.11036261985778, 79.02635374009624] - 5.3497185820034966E7 - 0.0
[-18.730113801103418, 48.30312379861482, -46.88959933071814, -6.624498390986616, -40.11867203755878, -40.313275232056796, 14.312325859160001, 13.909132004566093, -43.18833113055103, -11.369408892213283] - 4.44027506578689E7 - 0.0
[-18.730113801103418, 48.30312379861482, -46.88959933071814, -6.624498390986616, -40.11867203755878, -40.313275232056796, 14.312325859160001, 13.909132004566093, -43.18833113055103, -11.369408892213283] - 4.44027506578689E7 - 0.0
[-14.437847171596728, 55.86103764244448, -20.4596452994869, 3.956091010405519, -36.10364022926822, -7.748911252735272, 22.823293658676125, 27.85709722793296, -54.69998908168863, 76.62000588139665] - 2.6350162196130626E7 - 0.0
[-14.437847171596728, 55.86103764244448, -20.4596452994869, 3.956091010405519, -36.10364022926822, -7.748911252735272, 22.823293658676125, 27.85709722793296, -54.69998908168863, 76.62000588139665] - 2.6350162196130626E7 - 0.0
[-14.437847171596728, 55.86103764244448, -20.4596452994869, 3.956091010405519, -36.10364022926822, -7.748911252735272, 22.823293658676125, 27.85709722793296, -54.69998908168863, 76.62000588139665] - 2.6350162196130626E7 - 0.0
[-14.437847171596728, 55.86103764244448, -20.4596452994869, 3.956091010405519, -36.10364022926822, -7.748911252735272, 22.823293658676125, 27.85709722793296, -54.69998908168863, 76.62000588139665] - 2.6350162196130626E7 - 0.0
[-14.437847171596728, 55.86103764244448, -20.4596452994869, 3.956091010405519, -36.10364022926822, -7.748911252735272, 22.823293658676125, 27.85709722793296, -54.69998908168863, 76.62000588139665] - 2.6350162196130626E7 - 0.0
[7.749068473795958, 40.05171180931573, -21.504399109432534, -0.7055030078157802, -28.543367414113362, -12.596662835791488, 14.926354617642577, 9.743190150806925, -31.78571321594964, -110.99314773502337] - 6218697.600738578 - 0.0
[7.749068473795958, 40.05171180931573, -21.504399109432534, -0.7055030078157802, -28.543367414113362, -12.596662835791488, 14.926354617642577, 9.743190150806925, -31.78571321594964, -110.99314773502337] - 6218697.600738578 - 0.0
[7.749068473795958, 40.05171180931573, -21.504399109432534, -0.7055030078157802, -28.543367414113362, -12.596662835791488, 14.926354617642577, 9.743190150806925, -31.78571321594964, -110.99314773502337] - 6218697.600738578 - 0.0
[7.749068473795958, 40.05171180931573, -21.504399109432534, -0.7055030078157802, -28.543367414113362, -12.596662835791488, 14.926354617642577, 9.743190150806925, -31.78571321594964, -110.99314773502337] - 6218697.600738578 - 0.0
[7.749068473795958, 40.05171180931573, -21.504399109432534, -0.7055030078157802, -28.543367414113362, -12.596662835791488, 14.926354617642577, 9.743190150806925, -31.78571321594964, -110.99314773502337] - 6218697.600738578 - 0.0
[7.749068473795958, 40.05171180931573, -21.504399109432534, -0.7055030078157802, -28.543367414113362, -12.596662835791488, 14.926354617642577, 9.743190150806925, -31.78571321594964, -110.99314773502337] - 6218697.600738578 - 0.0
[7.749068473795958, 40.05171180931573, -21.504399109432534, -0.7055030078157802, -28.543367414113362, -12.596662835791488, 14.926354617642577, 9.743190150806925, -31.78571321594964, -110.99314773502337] - 6218697.600738578 - 0.0
[7.749068473795958, 40.05171180931573, -21.504399109432534, -0.7055030078157802, -28.543367414113362, -12.596662835791488, 14.926354617642577, 9.743190150806925, -31.78571321594964, -110.99314773502337] - 6218697.600738578 - 0.0
[-1.2666838742543298, 50.66155878539942, -39.888281025757294, -1.2042057828620276, -7.594279570181108, -15.485814618655702, -2.4383013496180546, 22.367724061341836, -35.75706264503464, 6.020552171376039] - 6052326.057146095 - 0.0
[-1.2666838742543298, 50.66155878539942, -39.888281025757294, -1.2042057828620276, -7.594279570181108, -15.485814618655702, -2.4383013496180546, 22.367724061341836, -35.75706264503464, 6.020552171376039] - 6052326.057146095 - 0.0
[-3.065350107603182, 45.77348088867415, -39.888281025757294, -15.866567265628882, -23.939078958458083, -15.485814618655702, -2.4383013496180546, 28.68701900372799, -35.75706264503464, 6.020552171376039] - 2504833.6794204414 - 0.0
[-3.065350107603182, 45.77348088867415, -39.888281025757294, -15.866567265628882, -23.939078958458083, -15.485814618655702, -2.4383013496180546, 28.68701900372799, -35.75706264503464, 6.020552171376039] - 2504833.6794204414 - 0.0
[-3.065350107603182, 45.77348088867415, -39.888281025757294, -15.866567265628882, -23.939078958458083, -15.485814618655702, -2.4383013496180546, 28.68701900372799, -35.75706264503464, 6.020552171376039] - 2504833.6794204414 - 0.0
[-3.065350107603182, 45.77348088867415, -39.888281025757294, -15.866567265628882, -23.939078958458083, -15.485814618655702, -2.4383013496180546, 28.68701900372799, -35.75706264503464, 6.020552171376039] - 2504833.6794204414 - 0.0
[-3.065350107603182, 45.77348088867415, -39.888281025757294, -15.866567265628882, -23.939078958458083, -15.485814618655702, -2.4383013496180546, 28.68701900372799, -35.75706264503464, 6.020552171376039] - 2504833.6794204414 - 0.0
[-3.065350107603182, 45.77348088867415, -39.888281025757294, -15.866567265628882, -23.939078958458083, -15.485814618655702, -2.4383013496180546, 28.68701900372799, -35.75706264503464, 6.020552171376039] - 2504833.6794204414 - 0.0
[-3.065350107603182, 45.77348088867415, -39.888281025757294, -15.866567265628882, -23.939078958458083, -15.485814618655702, -2.4383013496180546, 28.68701900372799, -35.75706264503464, 6.020552171376039] - 2504833.6794204414 - 0.0
[-3.065350107603182, 45.77348088867415, -39.888281025757294, -15.866567265628882, -23.939078958458083, -15.485814618655702, -2.4383013496180546, 28.68701900372799, -35.75706264503464, 6.020552171376039] - 2504833.6794204414 - 0.0
[-3.065350107603182, 45.77348088867415, -39.888281025757294, -15.866567265628882, -23.939078958458083, -15.485814618655702, -2.4383013496180546, 28.68701900372799, -35.75706264503464, 6.020552171376039] - 2504833.6794204414 - 0.0
[-3.065350107603182, 45.77348088867415, -39.888281025757294, -15.866567265628882, -23.939078958458083, -15.485814618655702, -2.4383013496180546, 28.68701900372799, -35.75706264503464, 6.020552171376039] - 2504833.6794204414 - 0.0
[-3.065350107603182, 45.77348088867415, -39.888281025757294, -15.866567265628882, -23.939078958458083, -15.485814618655702, -2.4383013496180546, 28.68701900372799, -35.75706264503464, 6.020552171376039] - 2504833.6794204414 - 0.0
[-3.065350107603182, 45.77348088867415, -39.888281025757294, -15.866567265628882, -23.939078958458083, -15.485814618655702, -2.4383013496180546, 28.68701900372799, -35.75706264503464, 6.020552171376039] - 2504833.6794204414 - 0.0
[4.805981832107862, 42.19964888432172, -38.66346118693711, -15.866567265628882, -23.939078958458083, -12.08903814347177, -2.4383013496180546, 27.004230460384306, -35.75706264503464, 6.020552171376039] - 2194962.383982686 - 0.0
[4.805981832107862, 42.19964888432172, -38.66346118693711, -15.866567265628882, -23.939078958458083, -12.08903814347177, -2.4383013496180546, 27.004230460384306, -35.75706264503464, 6.020552171376039] - 2194962.383982686 - 0.0
[-2.402124876488224, 40.51869709315807, -35.43920128515142, -0.27059318686716427, -25.87724412867386, -20.78557626086782, 11.839506365903127, 10.679003000033136, -48.77444208372299, 84.79482503234749] - 1524794.7282143778 - 0.0
[3.869098752693375, 53.96472764697708, -34.70468053349562, -3.9088887037781466, -29.08517168230215, -26.083816098298726, 3.5873921855719635, 14.444174060542911, -27.907450667273544, 45.131343098990435] - 1161939.866335425 - 0.0
[-8.412822278067729, 44.7494208851706, -34.08874400908913, -6.491798744746754, -30.34789886520553, -20.96025760653483, 6.685541002938165, 19.61992267340873, -41.57122209161993, -26.906784544230664] - 557814.2461097967 - 0.0
[-8.412822278067729, 44.7494208851706, -34.08874400908913, -6.491798744746754, -30.34789886520553, -20.96025760653483, 6.685541002938165, 19.61992267340873, -41.57122209161993, -26.906784544230664] - 557814.2461097967 - 0.0
[-8.412822278067729, 44.7494208851706, -34.08874400908913, -6.491798744746754, -30.34789886520553, -20.96025760653483, 6.685541002938165, 19.61992267340873, -41.57122209161993, -26.906784544230664] - 557814.2461097967 - 0.0
[-8.412822278067729, 44.7494208851706, -34.08874400908913, -6.491798744746754, -30.34789886520553, -20.96025760653483, 6.685541002938165, 19.61992267340873, -41.57122209161993, -26.906784544230664] - 557814.2461097967 - 0.0
[-8.412822278067729, 44.7494208851706, -34.08874400908913, -6.491798744746754, -30.34789886520553, -20.96025760653483, 6.685541002938165, 19.61992267340873, -41.57122209161993, -26.906784544230664] - 557814.2461097967 - 0.0
[-8.412822278067729, 44.7494208851706, -34.08874400908913, -6.491798744746754, -30.34789886520553, -20.96025760653483, 6.685541002938165, 19.61992267340873, -41.57122209161993, -26.906784544230664] - 557814.2461097967 - 0.0
[-6.06795231000193, 50.261229392147314, -35.470460200236055, -2.9774616206283544, -27.069882826323365, -14.600664405740273, 5.270974330453255, 12.604704019066295, -37.862140079311786, -62.466141414221966] - 479005.6397090854 - 0.0
[-6.06795231000193, 50.261229392147314, -35.470460200236055, -2.9774616206283544, -27.069882826323365, -14.600664405740273, 5.270974330453255, 12.604704019066295, -37.862140079311786, -62.466141414221966] - 479005.6397090854 - 0.0
[-6.06795231000193, 50.261229392147314, -35.470460200236055, -2.9774616206283544, -27.069882826323365, -14.600664405740273, 5.270974330453255, 12.604704019066295, -37.862140079311786, -62.466141414221966] - 479005.6397090854 - 0.0
[-6.06795231000193, 50.261229392147314, -35.470460200236055, -2.9774616206283544, -27.069882826323365, -14.600664405740273, 5.270974330453255, 12.604704019066295, -37.862140079311786, -62.466141414221966] - 479005.6397090854 - 0.0
[-6.06795231000193, 50.261229392147314, -35.470460200236055, -2.9774616206283544, -27.069882826323365, -14.600664405740273, 5.270974330453255, 12.604704019066295, -37.862140079311786, -62.466141414221966] - 479005.6397090854 - 0.0
[-6.06795231000193, 50.261229392147314, -35.470460200236055, -2.9774616206283544, -27.069882826323365, -14.600664405740273, 5.270974330453255, 12.604704019066295, -37.862140079311786, -62.466141414221966] - 479005.6397090854 - 0.0
[-6.06795231000193, 50.261229392147314, -35.470460200236055, -2.9774616206283544, -27.069882826323365, -14.600664405740273, 5.270974330453255, 12.604704019066295, -37.862140079311786, -62.466141414221966] - 479005.6397090854 - 0.0
[-6.06795231000193, 50.261229392147314, -35.470460200236055, -2.9774616206283544, -27.069882826323365, -14.600664405740273, 5.270974330453255, 12.604704019066295, -37.862140079311786, -62.466141414221966] - 479005.6397090854 - 0.0
[0.047291361041368773, 50.756166283536515, -30.02858182059236, -10.576322759851042, -24.40378758759352, -13.615708715872344, 0.46251031485129435, 17.403929565035238, -32.32228326889603, -18.952456085653694] - 241505.57092931942 - 0.0
