Raw 10D
-0.985515117015151
-0.9860365858403674
-0.9853930914139254
-0.9853693116856906
-0.9860898648808947
-0.9860242254802383
-0.9853513643535154
-0.9857840772058368
-0.9856154145881548
-0.9856753886207514
-0.9857445550494456
-0.9861767457457642
-0.9862738218947394
-0.9853778474657768
-0.986009150804092
-0.9857111380611132
-0.9859605351436058
-0.9855172009351731
-0.9857656461656511
-0.9858179632381816
-0.9848487719364903
-0.9847637228236422
-0.9858947422389529
-0.9856387692763843
-0.985840386966402
-0.9858809259188126
-0.9858138623821397
-0.9858235426862386
-0.9857610153776116
-0.9858916676709174
