# FVC 2D Coordinates
1164.8239 179.9490
819.0943 230.2414
1532.5652 950.4870
1379.3198 1031.4986
1262.1111 463.3457
1586.3223 631.6224
1185.3084 147.8492
891.7876 422.0002
1417.6189 140.2038
1469.8403 747.2605
1454.8591 497.6527
1588.7048 692.6970
783.3280 215.2686
1307.9927 370.6090
1338.7384 529.2525
1044.0429 361.1416
1089.1975 915.9588
1251.6021 94.2951
1054.3199 433.7293
923.6519 252.9822
1274.6010 437.6811
1721.3877 704.4805
1168.7566 302.9898
1394.6597 529.7134
741.5512 539.3334
624.9777 374.3224
1583.4992 1183.6924
1358.1977 544.1736
1626.5158 608.8147
1433.0918 516.2289
1703.5290 620.1963
1152.0187 381.8970
1701.1604 54.9703
1512.4251 758.3554
938.1169 346.8401
1065.2510 536.4025
1164.9334 262.2008
1321.4900 771.9831
1785.3143 292.2984
1341.7319 437.7560
929.1562 117.5615
1141.7250 261.0114
1285.4337 440.5134
1444.0717 563.7023
1070.1687 219.1873
1526.3194 463.5360
1717.2550 294.4791
1490.3250 929.6574
1359.3269 459.1681
1735.6733 31.4178
1740.3673 118.1046
1552.4355 704.1501
1653.1231 668.3795
1537.2350 909.5111
1080.8651 413.4655
1624.4942 493.4381
1778.1724 803.2646
1567.8664 232.2908
1195.0524 379.1404
1664.8345 349.5599
1307.8338 578.7317
1145.7498 728.0194
1513.1530 1314.0522
1457.8924 264.4114
1553.7629 911.6943
1360.0457 492.4505
1372.8946 724.3254
1137.3504 402.7752
1099.3116 491.2560
1617.6587 926.8805
938.8220 108.1932
1178.9158 243.3877
819.4740 160.9303
1081.5176 509.8360
1331.9274 736.2354
1631.5966 133.9851
1049.5632 509.6766
1402.1121 350.8077
1655.5453 84.7042
726.3446 446.3037
736.7940 465.7466
693.3334 255.7533
905.1776 324.7553
1234.8257 211.8072
1565.4785 659.7193
1323.0183 327.0707
1263.5814 491.7824
1605.4163 577.8841
1694.9115 265.2494
1657.9558 564.7379
1051.0405 389.0116
968.4711 277.5294
1656.5653 99.5311
1548.6741 1233.3772
1159.1027 564.1402
1567.7015 566.9844
1343.0719 657.2333
1591.3912 603.9878
1547.6665 715.6107
1002.8563 489.5975
1688.0516 445.3801
1493.7175 620.9726
1571.8385 703.3724
892.5492 610.8374
1776.1705 1057.1272
1197.5381 303.4266
1684.3451 256.6632
1321.3676 109.1229
1565.9138 341.9410
1361.4929 633.5264
1047.4513 291.9658
1525.2620 915.4070
1539.4670 491.3631
1142.8992 328.9488
1332.4164 625.7181
845.2069 151.6285
1509.1099 763.4383
1492.3789 736.2817
1311.1435 646.0447
1298.2100 538.6436
1586.5368 510.8731
1540.8978 995.9344
1031.5947 421.2573
1071.7593 492.3290
1419.2169 445.0589
1616.9018 987.3808
1339.0822 1154.3802
1513.8338 704.3102
1469.9907 1135.8155
871.7366 649.2264
1697.2975 58.4739
1167.0634 226.5641
1244.5926 17.2837
1432.1373 434.4744
1758.4657 667.6395
1667.4229 175.7134
1671.7846 637.5424
1653.1496 536.6558
1070.6853 293.1889
1723.5047 210.5962
1140.7904 66.0015
1536.7097 759.8590
1392.4961 902.9344
1236.0441 480.5711
1429.0303 761.2284
1392.5107 544.8381
1767.5230 558.9271
1630.6085 316.3788
1426.6506 405.3119
1415.4481 632.6158
1656.9172 498.8264
894.3736 669.2591
1182.8139 259.2303
1290.5914 461.9778
1458.0037 738.8926
1175.7712 120.3204
1552.6081 548.4055
1376.8730 708.5570
868.8374 633.8285
1196.6801 284.4702
1364.7045 625.1601
1674.6379 236.9743
1511.6938 775.7451
1156.3948 701.0669
1766.0137 762.5633
1019.7372 510.7598
1521.3888 737.2409
1115.8372 225.8710
1569.6738 1104.0550
1583.6027 1109.2673
1006.4520 381.2634
1630.7031 306.2121
1219.0785 249.1522
1716.1680 46.0219
1294.5103 390.7344
746.2200 518.4702
1106.9181 477.7186
910.4270 311.4737
1156.9987 217.3396
1114.9512 333.1862
1343.4241 564.1022
1374.5945 512.8564
778.0287 208.8458
998.2409 288.1547
1533.4759 923.4813
1772.7249 1084.7081
1467.6892 758.9318
1088.0974 471.5243
1428.8878 400.4355
811.3892 139.2582
1748.6212 449.9609
1498.3250 978.1708
1529.1512 304.9559
1455.0237 462.1421
1719.5283 314.1650
975.0048 264.4020
733.0361 555.8603
765.5352 469.4731
1045.0667 680.7107
1642.9608 225.1490
1364.3239 131.6154
1311.1284 108.2901
1149.2221 268.2009
769.1973 430.1712
1511.0590 625.4103
916.8639 669.6853
968.2811 230.0967
1201.5886 243.2438
1634.9472 268.5017
962.7295 167.4110
1085.0127 897.0167
1663.5539 240.1339
1689.5628 194.8681
1431.3214 569.3101
1582.1895 751.6057
1419.3265 435.8546
1664.7324 555.2623
1440.5263 264.5774
1711.7812 338.9125
1424.5716 738.6555
1598.3398 572.7040
1440.4029 801.7606
1455.8694 822.6002
1546.5026 747.7510
1774.5217 401.9610
1579.2752 431.0319
1695.1257 432.0433
1353.7811 1033.4814
1135.9329 385.4181
1721.3949 545.6782
1578.3743 606.3608
1637.2264 474.4735
1618.8485 994.9322
1404.8455 437.9492
1052.8014 482.8860
992.4914 148.2235
707.0078 408.4004
704.4944 558.7549
923.2110 228.3447
1314.3486 168.0469
1189.6842 500.7155
1654.3618 243.9532
1491.0809 717.2993
1277.3282 483.9553
1086.6858 519.6370
1097.0279 391.3355
884.4622 222.3006
1608.9552 407.9500
1487.3743 512.9320
963.8988 724.7510
1526.4595 554.9518
1625.6480 226.3472
1618.3122 440.8402
1468.2944 849.5075
1772.3371 980.0651
1693.9827 15.2688
1261.6248 479.7147
1139.8233 161.1325
1667.1561 247.3780
1458.3008 442.9930
1616.9125 538.6685
1507.5155 1087.8170
1533.3011 617.4122
1252.8968 300.3894
1525.8682 730.2517
974.2772 331.8985
1436.7503 352.5146
1717.8764 472.5003
1760.4970 324.7068
1065.7354 492.6706
1412.1372 581.6281
1333.8997 781.3531
972.0698 107.8248
1673.4760 471.5352
1307.5656 764.1217
1654.2785 596.2236
1570.2347 888.5804
1210.0877 425.3125
1510.8099 765.7990
1506.6216 370.5774
1662.7696 177.3021
1307.8570 641.9548
1029.1878 469.9144
1636.1465 794.2051
1342.8858 133.9729
1572.1293 1043.0194
1311.1658 159.6356
1764.9790 879.9495
1592.4533 146.1250
735.7675 299.5463
1700.3812 644.9847
1306.4294 624.1984
1457.1887 614.0400
1356.0363 593.1971
1197.5693 19.5351
1424.3194 459.8707
1045.6436 459.6918
1332.9900 658.2212
1415.6803 249.0710
1430.4756 533.7909
1444.3220 754.6095
1256.4658 263.3435
1241.5391 161.3819
1332.2220 1145.4916
1763.8164 686.3348
789.1714 187.5587
1497.1761 1190.0147
1523.9046 1069.9312
1703.4847 21.9567
956.9245 404.1113
1097.2857 393.3181
1328.8676 836.1222
1620.2522 1008.2213
1565.3424 329.4466
1317.1016 576.1746
1500.5073 859.0060
1503.5349 684.3667
1545.1667 1264.1686
903.3021 154.2105
1598.3045 353.0312
1734.3799 60.3905
1242.4378 542.3109
705.7453 265.9296
1312.8525 656.1359
1644.2988 151.6832
1530.0213 870.5694
1338.6914 282.4671
1643.7441 253.5843
1789.7228 436.4149
1708.2976 652.0401
860.3540 488.4079
1546.6829 729.3811
1489.7598 243.8314
1503.3717 609.2055
763.8483 193.3489
1154.9889 322.4265
1245.9082 362.6581
1719.2881 271.5165
934.6880 767.3985
1337.1393 163.3613
1530.8387 1334.6373
1760.4810 698.9147
1439.6519 471.5314
1189.2789 212.0729
1492.3706 314.5598
1004.0934 286.3646
921.6119 800.2389
1045.4269 819.8973
1307.9787 528.4069
1345.0421 571.7056
1197.7310 193.6656
1779.2161 1087.5966
1712.9139 534.8733
1059.8818 398.0601
1554.7303 773.1005
1058.4705 261.1552
1609.6030 433.9422
1670.1513 286.4097
1621.1336 532.1377
1050.7595 461.6934
799.9390 39.7345
1370.3093 618.8958
1530.8245 338.4412
1080.2534 261.3935
1761.7741 991.8097
1657.5361 250.3931
770.4659 421.1884
1586.1015 837.0136
1653.4123 769.7747
919.2875 385.6737
1623.3447 583.9372
1654.7283 539.0526
1715.0732 450.2188
1382.0111 496.5339
948.1018 229.2143
1477.5173 487.1111
1542.1179 946.9726
1167.7086 359.4224
1206.1691 153.1658
833.0682 108.8414
1027.1258 434.3082
1124.1903 149.6579
1592.5987 575.1433
1529.7423 771.6355
1049.7906 483.0380
1369.7399 1097.2829
1224.9745 236.5205
1248.3887 474.6864
1747.8371 397.5321
1434.3905 779.4792
1621.4494 546.4531
1087.7300 214.0570
1605.6989 573.8055
1669.5362 384.7229
1260.7291 354.7598
1095.2107 880.6864
1654.2296 74.0276
1537.8829 851.4801
1273.7451 220.0762
1429.3890 702.6329
1019.9901 496.0017
1586.3438 286.8843
1416.2293 905.1762
1359.7057 496.0997
1556.5346 932.9106
1327.9129 639.0019
1675.5397 593.2114
833.3186 285.9642
1289.9704 597.5231
1520.6546 316.3831
885.3368 144.5332
1238.6907 404.9400
1771.4707 994.8151
1678.6746 104.1625
1634.3519 515.4150
1386.9045 274.1387
1114.4744 429.8103
1070.5858 269.9966
1555.7130 410.5000
1623.5918 628.6590
1562.7109 519.9929
1075.6051 535.4543
1595.3220 490.7413
1447.6116 642.8207
1416.6421 634.0742
1230.8629 269.2420
1274.9950 706.7322
1634.1647 378.2208
948.5353 751.1197
1725.2863 222.5207
1478.9842 872.7241
1756.5015 213.3742
1495.5608 246.9465
1151.9889 217.9459
1203.1936 419.2650
1132.6167 321.7407
692.4226 587.3706
1512.4950 930.2773
1527.3562 674.4320
1491.3628 230.3005
881.3498 191.1323
936.7139 752.7281
799.1454 24.6099
1705.6673 354.8565
1134.0210 499.9798
1233.6683 414.4766
870.0792 173.6021
1783.7828 766.7490
1490.9268 718.3992
1051.0479 493.6212
1485.2775 861.2467
1609.6843 1054.9680
1033.1332 381.6285
1663.3672 700.3939
1387.2100 983.3780
1390.8200 553.6199
1715.4064 157.3183
981.1885 283.5979
1023.0301 353.0136
1701.7238 494.9371
1597.6976 100.4281
1439.7089 134.1446
1215.6643 232.4414
1319.6735 181.8393
1636.1927 154.9611
592.0400 494.4302
1434.0120 790.0959
1596.6299 105.5157
932.5270 251.7993
1426.3495 690.1943
1675.2073 51.0721
1123.5847 851.3491
944.1851 743.5757
1082.0492 730.1740
1606.9140 479.0464
1356.9404 699.4802
1142.5957 260.0283
1114.6882 880.2775
1444.6463 714.4711
1199.8843 16.5943
1747.1247 740.1398
1439.6313 347.6441
1288.5965 532.6283
1718.9114 774.5985
1513.7829 264.4211
1734.2083 306.1820
1729.3814 212.9946
1572.2486 1238.3034
931.3653 788.5700
1071.1202 506.5817
1034.5368 678.1824
1196.3388 226.4904
1242.9447 407.9171
1311.1074 816.7574
1596.5830 618.8851
1586.0818 509.6675
1404.0361 446.1555
1273.0408 446.0705
1661.7296 231.0577
1351.1224 441.7630
1445.4427 420.8972
997.6158 348.9978
1153.8439 213.7703
1365.2894 335.7077
871.9021 207.8867
1231.6377 173.9952
1003.0994 518.2666
1714.1717 571.0394
1171.4482 110.0587
770.1558 202.6979
1357.2564 143.4758
1685.7750 499.0707
1413.6356 946.0106
1495.6373 239.1090
814.6952 265.1222
1578.6706 1167.7436
1647.5247 204.7869
1753.0544 330.0949
1278.5921 302.6144
1474.7051 522.3511
1750.9774 590.3867
1493.9893 648.8958
1638.3867 301.8582
1690.9602 484.3358
831.3508 138.1978
1206.6230 245.8242
1052.7817 835.1952
1581.6301 149.6289
1418.0572 643.6970
1691.8607 520.1517
1437.3465 741.4133
1363.9543 610.6780
1405.9244 431.3858
1480.4964 665.9593
1777.7137 563.0627
1332.0406 811.9343
1383.9486 121.0363
801.3164 178.6645
1444.0803 561.7538
1780.9228 229.4469
1611.4444 408.0435
1497.5718 637.2355
1567.2995 439.7819
757.0135 431.9187
731.8910 515.9737
1126.3779 309.0854
1324.1952 552.3390
1589.8817 121.9906
1471.4164 633.2090
1546.3450 1161.8879
1673.6538 178.1790
1663.9211 314.4907
886.1355 63.4355
1284.6307 478.8968
1587.8322 596.2070
1287.8719 537.2883
977.1559 212.8865
1771.0091 790.7635
1552.0938 743.6160
1507.7447 953.6397
1776.6643 975.5965
1651.2991 474.1673
1286.0957 479.8635
896.3239 87.1651
1775.1087 706.5871
1775.0594 694.5516
1282.9235 180.8844
1135.6788 800.7892
1233.3157 205.7226
1630.1593 118.1252
980.0353 148.8646
1626.3113 543.9840
1765.8147 358.3525
853.1680 315.0453
1636.1386 741.5895
865.1259 57.1632
1589.8639 463.8701
1457.7053 262.6669
1326.8150 209.0484
1196.7728 399.8338
1030.0187 482.1804
1068.5020 304.7074
1736.0255 666.2958
611.7399 425.6305
1529.8603 333.5018
1543.4041 563.1137
1483.0707 711.4301
1568.9325 1140.3893
1154.2043 709.1356
1342.6532 661.8832
614.0603 402.2305
1124.3978 834.9335
723.1426 597.6721
1619.8826 566.8023
1600.8277 1126.3884
1720.8307 494.4149
696.2010 553.6196
1426.4667 294.3033
1689.0808 34.6686
1619.9406 436.6460
1657.6940 105.3661
1721.4128 624.2460
1088.3647 243.7723
1579.3117 221.6956
1492.4848 726.9573
1592.5999 354.0212
1069.6077 434.2602
1611.2997 701.4767
1348.9892 634.0736
1486.2326 907.9316
818.8698 196.9767
746.2943 268.4872
1671.9438 31.5812
1409.4992 987.2966
1689.6037 628.1889
1532.6179 530.6074
793.8007 336.9525
1363.3445 1126.2960
1248.8107 335.7349
1330.5270 263.2054
1099.8601 379.6913
1353.2295 569.6482
1715.6860 653.6456
1458.8853 611.5863
1330.0312 122.7928
1578.5470 837.7597
884.0974 175.6321
1081.9973 394.8490
1674.2635 40.6986
1404.3691 315.3678
1758.6311 1020.6889
1611.5112 385.4848
1147.1811 337.0713
1693.7905 452.6529
1427.2852 895.7000
1309.4547 593.2051
1229.9910 166.7290
1266.8934 27.1954
1354.0826 536.1195
1031.4951 418.9559
1710.6196 334.4321
836.3712 290.5767
1015.0336 416.8604
1260.5283 461.0645
979.7889 283.4427
1362.7582 175.6780
1202.0561 415.9575
1055.6804 486.9856
1145.7331 52.3279
921.4495 650.8698
1648.5976 252.0205
1716.2692 276.5192
1120.0600 415.1693
1673.7020 97.2752
1526.4259 337.4100
1132.0397 324.8346
1299.5878 74.7818
1633.8012 117.9364
1133.5485 388.1649
1318.6611 710.4242
964.9093 195.8376
1424.5834 420.0071
1636.8797 393.2348
1404.5063 959.9275
1778.5775 831.0145
1313.4989 792.4695
1125.8379 831.5416
1692.7271 92.9427
884.3237 307.0148
1321.4059 602.6085
1493.9814 728.6988
1586.3339 725.7987
1672.5666 546.0023
1046.7041 468.8104
1114.5284 345.5126
1692.2954 583.1298
1392.4212 723.3564
663.2375 277.7517
1350.9066 1155.6039
1070.2054 397.3761
1447.0622 698.9316
1779.7191 1018.3787
1543.5832 919.4634
1601.5883 449.1359
1732.7361 739.9698
1328.7569 126.9687
1624.8666 728.3298
1421.4076 406.5406
1207.3802 344.7234
907.3748 98.8467
1725.6766 786.2643
1649.5174 297.2163
1586.2054 172.5123
1229.0649 457.5723
1198.2184 411.6410
1556.8479 557.0446
693.7068 595.0151
1657.7480 105.2399
1617.4287 581.9766
875.9328 171.4815
1642.6825 217.3112
1603.3319 939.5550
998.7614 360.3872
1222.4054 46.6241
1095.9337 522.0221
858.5533 103.6139
1152.5937 369.3504
1532.7402 731.4059
1534.7758 281.8964
1056.7910 390.2888
912.7352 308.2263
1126.5534 436.4820
1190.3204 333.9249
1130.5393 549.4267
1346.8520 740.3001
1623.3021 298.4027
1616.6361 464.4464
1550.2271 775.5073
1095.8718 412.5999
1198.7491 122.4393
1325.1559 540.3394
1223.0718 320.5515
1630.1979 492.6252
901.5818 366.9319
1081.2919 435.2110
1529.0194 592.9671
1368.7626 1054.9208
883.4343 244.6963
1632.9232 143.2032
1135.3363 794.2388
1646.1931 832.4393
694.9478 527.5615
1194.7103 467.3050
1207.6171 336.2642
1372.9321 494.4414
1685.0045 116.5261
1102.2575 505.9484
943.3330 128.0275
938.6256 109.6173
1157.3309 188.5913
1726.3068 481.0559
972.0663 661.1062
1141.5385 291.2802
610.5776 451.0655
1269.3327 111.7705
1675.3729 588.1925
1627.2687 122.9026
1718.3659 231.1497
1707.7848 202.3594
992.6447 338.3226
1337.8155 576.0323
1467.5385 719.3713
1219.1123 453.7041
1224.0214 432.4295
1172.1749 207.7179
789.5034 297.5022
1455.8823 815.8862
1088.0149 418.0439
788.1563 230.2529
1487.3589 598.4129
1730.7636 601.1471
1167.8543 625.3559
1755.1590 540.2928
1723.5812 705.9757
1613.5308 40.8253
1520.1809 455.9004
1298.8967 768.3957
1497.7903 689.3010
1589.1362 278.6638
837.6952 28.3691
1228.9876 424.6656
1563.5382 908.0176
851.5058 56.1141
1621.0592 564.2713
1306.2303 240.1945
1332.3081 616.2240
1553.3940 721.4656
1223.3198 183.1096
980.6305 437.6874
944.0938 405.3268
1742.1760 437.8909
1232.9549 395.6010
1403.7866 482.7850
1500.4639 731.3437
703.7816 351.7822
1646.5387 471.8562
1469.5172 408.8422
1497.4660 602.4244
1115.7631 762.9411
1513.8696 548.2474
1398.2055 867.7288
1652.3362 250.9521
1546.6428 944.9507
1576.4693 827.3424
1551.0775 760.5754
1504.0251 554.0958
1452.8046 467.1833
982.7765 452.6760
1561.9859 1286.6090
1305.5186 1073.9811
1390.6267 528.5194
986.9936 110.1864
1639.3086 191.7737
936.5796 166.6965
637.0620 380.4621
1628.5392 367.7604
1498.4798 1034.5525
1770.3614 585.1252
1651.4140 304.6512
1056.4044 380.1824
1050.3412 424.6890
1269.1854 260.3917
1574.1826 871.4441
1703.8779 121.7584
1280.0508 562.3687
976.9272 112.6596
1027.6314 390.3845
1418.4465 180.2216
1656.9008 654.4196
1134.7751 799.1978
1204.2944 198.7713
1468.9582 581.4787
1747.6171 656.2551
1228.7036 458.1995
902.3536 635.6463
1361.1707 1104.5513
1604.8766 540.3866
991.9947 460.1014
1038.4594 348.0505
1289.1981 592.8787
1038.4418 476.2562
1653.0094 486.3869
1518.7255 961.1223
1740.8635 717.3033
1368.2081 596.9576
988.8105 320.9339
746.6532 522.8465
1246.8680 535.9534
1546.6602 993.2911
1075.6883 410.6930
1422.7723 199.2580
1167.0761 79.9303
1488.2764 337.9686
1042.6897 689.3768
1417.5896 390.6207
1714.5579 695.4596
1714.8482 136.5841
1757.8375 1015.9735
1065.5718 510.7175
1650.5370 197.6134
1482.7717 377.6761
1676.7278 348.2593
1710.1166 225.0908
1369.0590 620.5547
1708.3550 55.7895
1783.1929 116.1072
719.5667 321.2176
1273.9217 126.1336
1394.0548 437.5214
831.1762 149.5297
1463.0564 645.8595
1475.1674 1146.0906
1467.9702 852.2420
1761.2911 534.8773
1534.7995 866.6456
1139.0715 307.0004
1409.6896 602.0786
1490.3999 1167.0230
1337.8428 193.7357
1238.8620 474.0977
1416.0301 370.3204
1465.1650 152.2653
1419.3786 408.0959
1495.7090 683.5738
1358.2740 805.8879
1582.3988 160.2361
1042.7452 504.2539
1650.6373 449.0002
1721.0955 92.4413
1207.1478 338.0384
1410.6245 479.8555
1366.1476 1083.2300
1353.0291 407.3478
1472.6708 474.9549
1757.3214 732.4170
1213.4610 254.0506
1549.7834 561.4709
1182.7586 275.4169
1257.3306 345.9885
907.1795 447.7302
928.4707 175.8822
934.2062 578.4524
1606.6218 594.0127
1714.1875 151.1107
1086.9659 513.7450
1315.6668 506.2938
1736.4992 603.3055
787.8774 231.4190
1391.7930 254.4306
819.4556 200.9649
1556.1460 638.6705
1669.9301 486.8792
1178.7864 365.6511
1640.4882 538.1349
1684.3209 08.6225
874.3925 187.3233
1070.6114 538.3131
1287.4320 433.4807
1338.3547 805.7208
1139.5406 380.6579
1367.7621 1129.9106
1009.7607 234.5137
985.1343 568.5752
646.5853 364.6083
1431.8511 475.9829
1242.6216 43.0488
1226.4882 255.0181
1220.8007 293.0336
1392.8424 507.9148
1272.5241 387.2239
1549.5719 245.3207
1551.2014 933.5323
1638.1515 335.6659
1652.1855 357.8881
1569.2098 1014.8022
1344.1425 642.7140
735.3129 300.0699
1641.1678 818.3768
816.5430 215.3514
971.4254 248.2233
1529.4558 462.5240
1670.1746 139.0588
1214.2311 346.4775
1612.1606 490.3746
1594.8095 1135.1611
1634.2777 757.7447
1251.1646 294.1791
1440.5981 851.2951
1043.3667 319.1165
1241.8785 315.3301
1002.9068 586.1249
1446.5749 614.7541
1182.5182 323.2383
1216.6233 262.5837
1214.9912 149.4927
1542.9402 1323.0211
837.8022 313.1359
1537.2004 910.1712
874.3297 249.0715
1128.9737 333.4516
1705.8614 380.4141
1287.1288 562.9661
1242.5951 387.0696
790.5448 353.9924
1275.0077 540.5652
1114.4856 398.6083
817.2775 201.3128
816.0187 124.0771
1424.5847 881.0769
924.0317 664.0773
1398.4888 643.8465
815.3530 47.6521
1776.0899 690.7450
1125.5162 299.7742
1372.3434 707.4828
1416.2797 630.6325
1336.7547 158.2426
900.5613 425.0174
1321.9519 120.2394
991.9984 267.5500
1357.4256 504.2208
1450.9599 522.1500
1145.9411 358.5310
642.4358 342.4592
706.4478 258.9551
1158.6384 84.2772
1562.6023 917.4248
1562.9988 691.0189
1467.8467 511.3363
1752.6984 286.6823
1684.1116 363.9485
1490.6805 824.1139
1596.9453 520.6235
1505.7844 741.7600
1424.6255 585.0094
1579.1526 168.3680
1564.8479 237.7661
1694.8185 177.1186
1535.5664 861.6919
733.7348 352.0698
1710.1935 347.8301
1449.2019 790.6419
1076.1320 535.5616
703.9015 557.2554
1161.8986 344.2594
1573.2542 468.3456
1777.3894 651.1503
1695.5890 65.0827
1110.2800 689.1186
1025.3127 249.3632
1705.1430 197.2584
1674.7036 384.2614
1534.9765 1209.8328
1546.4556 680.4687
1031.5502 264.4828
1783.0069 943.8294
1762.4803 742.5945
1292.4570 528.3838
1354.9180 813.3706
1629.5496 286.9150
1228.3291 264.5811
1279.7934 459.7065
1425.8815 605.9566
975.7666 172.5323
1632.2011 824.3758
835.5906 278.9615
1343.4384 544.3361
1690.5331 545.2648
1233.3389 243.8675
1790.9896 331.8418
1725.8832 591.6385
1667.9159 568.1856
1141.9610 232.8670
1237.8281 163.3946
1208.7726 361.4607
1067.7527 447.2851
1333.5144 623.6415
1704.2005 159.3237
1129.1636 318.2105
1703.6385 39.8482
1389.6507 571.4534
1540.9134 274.6795
1174.1931 492.2228
1541.2509 715.7945
1718.5204 401.2654
1710.2093 328.2863
1755.4803 620.6412
1277.2262 536.0154
1375.6515 594.7079
1396.5188 653.3274
1084.3914 905.7611
1260.8807 717.9347
1729.9322 291.0069
1718.8066 451.3704
932.6047 95.6186
1695.6785 452.4307
1596.0391 902.2374
1424.3203 473.4470
1362.5692 1136.6607
904.0108 159.2124
936.0914 427.1637
1255.1096 504.0475
1618.7018 552.7642
1099.4750 702.5108
901.6181 238.2578
1284.7660 578.3734
861.2808 45.8889
1605.7757 66.1911
768.0391 324.1001
1237.5608 194.9845
916.8631 166.0756
1225.9341 349.1012
1259.4659 582.1921
1008.3722 165.5224
969.3357 202.3270
1649.3688 631.6207
1325.3503 209.6865
1697.2369 67.4375
1750.9050 480.6869
1711.6439 471.5554
765.8685 343.9882
1399.8036 551.1027
1079.9710 357.1098
670.5491 489.3365
1722.9926 257.0762
1050.7813 437.7658
1646.3167 228.6613
945.4333 82.1803
1447.3002 539.2334
1488.9678 383.6358
1521.6263 307.4517
1422.1909 451.7544
1778.8223 1101.3482
1733.1119 840.7232
1357.2138 697.9872
995.2696 527.5439
1652.8236 96.2544
1539.3508 679.2385
1019.4756 382.5736
1242.1384 493.1185
1662.0292 178.2451
1559.3829 285.2213
1002.8285 459.6629
1482.9197 500.1286
1756.6478 1004.4106
1532.2056 767.5617
751.3446 496.6543
1679.6897 291.0511
1768.5442 626.9344
1446.4129 723.1788
1756.1296 564.4392
1300.6972 82.4955
1612.1002 343.4922
1411.4823 861.4265
1177.1383 291.9689
1689.3041 421.0894
1488.4652 868.8576
1407.0908 567.7229
1673.7241 435.1701
1723.9147 805.2585
1517.1635 717.3042
1462.0876 732.0408
731.5500 293.4965
1761.6596 222.1928
1534.4817 548.5343
1337.6170 567.1958
1790.5505 105.0170
1646.2652 518.3197
1316.0697 331.7574
826.5293 287.5583
1465.6797 276.6866
1595.1086 386.0634
896.7942 766.5269
1555.3137 632.5708
1570.0683 797.7995
1696.6996 572.4160
803.0822 167.2185
1524.0601 887.4522
1671.7697 467.1193
1731.4578 187.7623
1250.5943 375.9474
1246.4953 511.4927
953.0024 672.2967
1260.3373 616.7179
1314.3023 1003.7750
999.5323 284.3834
1324.6803 648.4197
1025.7026 323.3102
768.4942 148.0129
842.7223 281.2793
1444.4250 528.0347
1691.1189 577.0366
1608.3284 374.0773
975.9318 272.5220
1006.0206 288.0830
1658.8215 691.6605
1562.8253 1217.9870
1514.2024 767.8563
1628.2464 490.5579
1468.8281 667.0338
1431.3718 349.0474
968.7630 227.0045
1030.7700 171.5853
981.7430 216.5076
1320.5776 290.8029
1257.5854 381.8100
1592.6069 381.5211
1661.8589 207.0765
1528.1553 271.0401
1565.8544 542.4518
1236.7216 277.0230
1708.6706 693.0449
1064.8196 411.7574
1645.1006 524.0256
1075.1337 454.1928
1030.5889 448.2440
1020.0274 264.6334
1633.5537 472.3924
1715.5270 317.5328
803.6090 246.9887
1155.0462 325.8589
1637.9931 371.2234
1500.0001 537.9449
1371.1302 104.3940
1047.9049 199.0812
1564.2526 223.2677
1329.5893 535.0023
1706.8188 194.3157
1685.8272 344.1166
1513.0635 411.8927
1540.7036 862.3599
1720.8047 290.1588
870.5784 301.1075
1732.4581 496.9619
929.4847 85.7945
1713.1823 387.9608
1429.7991 844.0154
959.3687 98.5863
1263.6744 625.1011
1519.6492 1258.1234
1487.6728 597.6153
1490.4877 636.7952
1394.2521 481.8736
1218.4060 253.5106
1373.6951 462.1227
1154.6789 501.4540
1447.1167 252.9929
898.7354 241.0865
1739.9487 372.3031
1557.1690 529.2175
1535.1885 1310.5988
1311.0399 120.1495
1752.9249 608.7295
1403.9420 941.7181
1271.8796 46.6961
1470.5728 670.8515
1711.1274 76.4284
1593.4712 384.9458
956.1795 363.9958
1157.1814 697.4091
721.5135 361.7560
1406.3302 614.8020
1234.1648 263.5802
1570.2840 738.3686
1737.4661 731.8347
1171.1409 594.9405
1790.8746 864.7935
1250.0863 353.3856
1264.7756 470.2670
1625.3180 33.1857
1520.8142 633.1302
919.7706 148.4979
1738.5214 454.0429
934.2891 768.3337
1543.1864 343.1833
1728.3435 520.6504
1357.6127 1133.0013
1296.0988 519.8432
1276.8332 513.9009
1036.8534 397.1378
1356.6516 555.1781
1754.1121 315.9543
1466.3988 434.5956
886.5035 731.8029
850.0056 88.3440
1722.2058 617.3973
1624.4421 468.3435
1151.8336 342.7156
792.9345 208.0929
1697.5444 637.6551
1260.1987 107.2165
1752.8485 674.1985
1398.1079 524.7518
1173.5212 223.2307
1536.0900 277.9187
811.5894 70.4688
792.7209 310.9488
1639.8155 235.0000
1238.8277 506.8188
1609.3516 300.2081
1658.7914 671.3374
1191.5195 219.3017
1606.4500 1061.2652
1665.3965 550.8508
1439.0077 397.8456
1256.5628 405.1281
1207.1754 251.2171
1468.4640 563.1742
1343.0088 441.3184
1638.3452 506.3386
936.3845 89.0789
1538.2836 659.4383
1585.5211 132.3690
962.9701 665.8470
1701.5439 607.3022
1342.1353 591.0234
1312.6939 605.9237
1702.7491 311.8092
1657.8840 253.2258
827.9364 03.1970
1690.2107 409.1224
1666.7810 388.0102
1066.3939 534.5262
1245.2776 40.2534
1690.6398 553.2634
648.8537 345.7796
1789.8288 82.1336
998.5721 563.2645
1573.1229 200.4791
1192.4419 375.5070
596.0554 436.2375
1717.0032 400.7291
1436.9437 119.5372
1339.5937 315.7956
1666.6279 415.5329
1316.9469 825.5680
1504.9383 934.2019
1582.7439 142.9926
1451.5544 230.0066
1345.7837 280.5273
1195.7793 301.8850
1257.2721 331.6838
1013.5703 347.4943
1771.9319 373.8643
1708.5740 292.6532
1454.4235 459.6568
1351.7659 653.1408
843.3710 320.5236
1644.4459 226.0424
1380.9031 576.5874
1279.1639 469.9568
1153.6060 493.0040
1491.3200 600.7234
1635.9567 357.1496
1363.3365 162.0617
1587.7043 139.7003
844.9135 210.1295
1210.0930 415.2502
1014.1875 359.7648
948.9123 83.7357
1296.4343 573.0797
1643.7672 490.8803
1726.0616 607.1024
1141.1986 344.6334
1610.9797 689.6122
1765.8949 212.7289
1223.6193 205.8682
1461.8453 745.2973
1534.7344 632.0981
1371.8066 474.9697
1685.2865 349.1602
1394.9599 356.8983
1520.5636 1302.9324
1452.3729 558.4200
1680.0988 394.5374
932.2239 91.9690
1604.2800 610.9045
1136.4082 394.7931
862.9662 117.6652
1461.2858 746.5634
1324.4352 485.8624
1318.7777 570.5838
1332.8135 538.6127
927.5526 793.3588
1080.9302 277.0063
1088.6508 828.5816
1019.2856 548.7122
1484.4253 808.1587
1598.1505 773.5753
1561.3467 570.2589
1056.7305 380.4343
1070.4277 391.1345
748.1466 497.7991
929.4068 765.1006
1090.6248 466.4965
1336.8131 166.5805
993.8625 599.9437
1379.7391 248.9834
1267.3050 426.8917
1231.6787 369.5463
1590.2803 173.3246
1596.4341 627.6836
1511.8373 1308.8340
1134.8632 402.7922
1140.3536 186.9618
1735.8178 699.2908
1043.7569 412.6670
1359.8404 1084.0338
1602.8196 636.8130
1594.7468 520.0700
1272.0839 678.2112
1691.2170 403.0515
718.1997 605.3319
1705.2789 643.3837
1538.4379 1197.1019
1334.9749 1080.3326
1634.2545 339.1069
1059.3249 908.8687
1569.4080 805.7330
1575.7264 614.6819
931.8965 99.0448
1135.2308 306.4657
1184.9463 89.1226
1050.6313 491.6135
1602.9492 117.7074
1473.9838 666.2471
1349.7111 532.6660
1098.7254 369.4243
1073.9708 536.4850
1131.1765 407.4937
1337.3053 822.4925
1290.9505 501.9048
1747.7260 47.1488
1484.9623 233.3406
1673.0234 557.8895
1298.3987 526.9848
1071.6047 220.7253
1607.5877 405.3182
1693.2050 26.2809
1381.3575 586.4576
1411.1027 959.7767
1223.9291 225.2741
1083.5372 864.9096
1319.6696 342.9966
972.3613 233.2620
1687.2907 573.4333
1519.6535 516.9396
1482.5589 681.1542
1508.6431 1002.5896
1714.6501 620.7929
1516.9865 1076.4418
1694.1778 264.9580
1090.7238 702.7649
1723.5399 664.0369
1579.8437 1064.8944
1621.4370 755.7802
1027.1486 429.3795
1470.6226 169.7271
1661.5745 413.2933
1572.7393 1129.0931
1787.9277 467.3890
1529.0579 712.5513
704.8696 259.3511
1134.0539 270.3365
1653.8725 464.4122
1637.5311 765.6498
1754.1522 441.7264
1436.2508 631.3374
903.4955 355.6031
1325.6761 245.8087
1704.0879 21.2488
1542.0376 965.7559
1694.9176 650.6526
755.9206 387.2387
900.8144 328.1568
1053.9549 500.9966
1594.0638 360.8981
1403.1880 667.9110
1284.3971 627.5060
1630.1375 393.6843
1393.2040 746.1355
1102.4478 198.3664
945.2653 473.0202
1573.4749 700.3961
832.4149 128.0962
1721.5769 764.8083
1644.9731 447.3582
1193.3283 05.3428
1702.3163 364.3160
1432.5437 195.8969
1094.4727 460.9049
1389.6232 546.0942
1615.5619 306.1873
774.2245 191.2980
1299.6856 572.3265
1539.8118 794.2282
1259.3841 396.3493
1689.4947 433.8810
819.9871 198.8771
1345.0309 430.3200
1516.8683 796.2888
1288.9062 737.6430
889.5350 135.2917
1205.2336 242.8180
1627.1330 754.0973
1036.7494 412.6696
1181.3890 170.4186
1333.6842 134.9848
1439.7176 522.2712
958.0186 375.9056
1276.8082 212.0416
1359.8911 750.0662
1710.3787 680.7326
1685.1285 251.0866
1198.5959 266.8073
1578.6960 660.9577
1408.4686 489.9924
1694.1180 349.6003
1548.7726 938.0978
691.6950 493.4018
848.9696 242.6907
1540.7878 665.2350
997.4571 234.9313
1126.4766 369.0790
1689.0972 140.5737
1555.7455 884.5256
1527.9224 715.2840
1185.9571 170.7659
1240.7256 463.0960
1657.7452 89.8983
1586.9098 185.1172
1157.4122 254.8796
1439.5259 547.9178
1570.1201 376.5366
1552.2376 670.3416
1101.9055 259.3770
1538.0062 984.6208
1138.1556 358.4086
1669.3086 482.4287
1335.7492 422.6102
1489.6410 557.9727
1648.0187 464.1715
1260.5774 630.7292
1287.4540 473.2731
1549.6812 534.4339
1665.6233 294.1336
771.6075 412.0573
1122.0506 730.9685
1481.2026 595.4734
1790.8447 1089.0153
732.1423 569.6090
1269.9917 35.9242
1778.3068 954.4726
1330.2145 1139.8461
1571.2149 527.2545
1619.4564 422.0364
1711.0259 669.7463
865.1062 262.9044
1634.9767 490.7236
1719.1451 701.4141
885.1434 131.1886
1178.0908 444.2481
1279.4600 518.4469
1590.5372 694.1518
1611.2382 247.0446
1417.7410 949.3707
1044.4313 221.3099
1306.0316 292.5803
961.5684 283.6160
1464.1121 244.8635
1027.3369 330.0141
1774.4184 725.2167
1578.1317 487.3777
1111.9838 355.3500
1476.9199 521.9274
1277.7816 55.7071
1313.1711 331.7569
1215.9112 258.2836
1444.7072 307.0110
1490.4338 511.6507
1518.9947 839.3922
1319.3982 319.0729
1186.6906 383.6105
1676.3080 462.0452
1267.9168 16.2053
1445.7946 758.7330
1574.4954 466.8582
1301.2773 480.4336
904.7495 157.9394
1725.7603 710.7866
1432.6136 532.9797
1241.0700 491.6859
1533.9649 280.1385
1211.7193 294.1416
975.6177 592.5986
1372.6102 1118.0543
1653.6586 589.1175
1080.4607 939.8137
1077.3850 397.2658
1049.5672 472.6812
1679.9098 103.8960
1717.4202 77.9844
1340.5313 650.1369
957.6855 244.4155
938.9129 119.9281
937.5821 316.4307
1131.5578 395.9128
1468.2282 162.4954
1168.0689 142.0118
1175.2095 353.2620
1549.4874 1316.0039
1724.9155 554.1189
1513.4413 264.9317
1137.3131 273.7762
1475.4361 654.3188
1132.3335 109.2730
1441.3562 338.0044
1407.5187 775.3626
1582.3868 653.5579
1614.4872 638.5846
1627.0371 322.2513
1624.8334 325.4062
706.4672 371.2958
1359.5882 496.7918
1237.0866 506.6607
1315.4093 209.2869
944.6520 674.1945
1585.8509 488.2945
930.8615 441.3357
914.9401 200.1396
1021.8544 505.4780
983.1509 533.6006
845.5287 208.0277
1246.7752 451.5894
1496.2802 470.4402
1029.7580 459.4524
1729.9726 357.5228
1533.5813 810.0935
1413.1937 641.3333
1346.2595 514.2181
744.8933 352.8532
1639.6347 500.2039
1482.6898 414.6651
1119.6268 856.9800
1173.2493 581.9124
1769.3505 1061.5741
1589.6907 597.4609
1332.0566 516.9727
809.1063 106.1075
1512.8374 578.2984
1586.0366 684.3864
1170.0886 339.8897
1136.1578 266.7687
749.9712 407.1680
1750.6477 476.8534
1347.4350 647.1039
1771.8497 758.2379
1724.9653 201.7605
1426.3175 465.9749
1722.9041 628.4486
1120.1839 858.8166
1535.8820 547.5451
1170.4754 608.5053
1333.4469 518.0963
1707.3371 363.6830
1082.4813 518.1908
1677.3388 217.1398
1486.3681 701.6659
1481.2260 707.1773
1364.8254 388.0374
1080.7205 459.6176
944.1099 113.3681
1677.6064 580.9768
1398.1323 627.8666
1484.7766 515.2508
1425.6053 908.1388
1359.2165 956.0931
1760.4844 962.1829
1420.0249 409.6194
1307.7920 167.0257
1654.3450 401.6977
1564.1787 615.6640
1694.9745 166.3874
726.0990 482.9806
1538.2754 671.3915
1405.6714 461.8235
1148.2058 379.8296
1240.2796 404.2044
1220.6870 248.2747
1423.5307 532.2371
1377.8944 450.7357
1258.6567 508.7825
959.9692 420.1133
1637.6574 266.1054
1363.6105 598.6077
1430.0509 498.3034
1398.2667 411.4736
1403.5233 219.2930
1458.4581 498.7870
1604.3853 482.6110
892.4429 350.3127
1417.6590 614.0636
1086.5031 499.0322
1380.7117 191.8411
772.0899 430.9512
1025.3329 443.9388
1604.5181 698.9067
1135.7732 123.4212
1781.1559 814.5099
955.6592 395.8473
654.9099 458.1213
1581.4975 648.3544
1789.2133 785.1159
1426.4146 899.5050
1665.1578 80.1137
1513.9461 307.2015
1565.7117 749.3982
1509.8930 563.3714
1208.6325 208.9832
1634.6352 451.8333
1669.8152 438.4538
1488.1940 1221.1463
901.1672 405.4054
1616.1503 416.8784
1251.1873 354.7842
1565.5601 912.8191
1408.7574 389.3666
1386.6694 444.0195
943.9920 340.9634
989.4065 338.3448
1283.2572 745.5655
1100.9574 743.0435
1306.2397 118.4698
1064.8281 483.7647
1618.7642 38.3597
1267.4545 506.8214
1598.9545 566.6106
1519.0188 551.3991
1723.2359 311.8348
1641.3445 186.4227
1341.4643 658.7445
1568.8375 687.6094
673.0561 528.3908
1722.2827 741.8662
1272.7640 390.1378
1144.3942 185.7044
1272.4728 432.7389
1372.0415 155.9340
1755.3988 586.3175
1513.2875 847.8956
1317.6748 255.7106
1743.8153 776.3940
1446.7356 314.6288
1295.7202 455.9839
1374.3296 580.3634
1223.4758 89.4801
883.1183 157.2310
1149.9000 242.5109
1468.4444 200.3525
1786.0646 1087.8033
1662.2277 269.6015
1217.9115 449.6374
1658.3455 89.5882
1719.7799 730.8951
1745.5794 193.6237
1407.7065 845.8767
1727.9326 348.2020
1734.0791 792.6841
1784.8853 831.8264
1042.7440 435.6820
1624.3278 236.0764
843.4861 274.5375
836.9230 80.9771
1150.7317 635.5613
1530.4830 551.0048
1405.6314 498.7931
1619.8992 639.5795
1690.4272 259.9829
1595.4027 756.6733
1477.0836 556.2783
1374.9209 1110.8200
1393.8251 127.4810
1001.5625 100.2051
1339.4350 702.2882
1757.7332 873.5370
1382.3004 132.6047
1591.2866 1122.9372
1534.7339 1049.5419
922.9648 535.7439
1784.4251 1096.5700
1429.8285 841.8818
1684.1566 428.1125
1729.3019 605.6205
1789.3578 671.1968
1711.7314 339.2931
1450.4141 563.2864
751.2719 336.9552
1390.1640 272.7935
1271.1618 147.8457
1081.6973 494.6263
1779.8400 1137.1920
1352.2994 515.9366
613.4447 423.6942
695.8167 309.7935
1426.9980 670.8405
1683.4373 455.6393
1441.6528 669.5779
1246.5471 08.7652
1594.3682 1091.7735
989.6468 629.7932
1531.3748 766.1076
1111.6987 708.7380
1702.0785 218.7109
1782.8696 156.0937
1746.1423 670.4574
1486.3465 615.0892
1325.3776 640.2766
645.0945 346.3985
1367.9877 539.1917
1762.6553 698.7487
1675.6533 240.5257
795.2028 197.3801
1716.0669 588.6120
1462.4664 748.5801
1442.7955 713.7758
1737.6248 602.0816
1644.4935 444.1105
1322.8592 1153.7559
1303.4368 744.3176
1390.7740 408.0032
1144.8396 614.7575
1632.4636 479.2314
1372.4448 192.2289
1766.2322 769.0984
1592.2607 438.0489
1168.6298 358.7895
1651.9238 300.5285
1392.9290 435.9363
1458.6192 534.8580
1498.3710 584.0417
1492.0255 1198.2856
1706.8347 121.1568
1467.6034 766.9282
843.8878 363.8075
1517.3642 826.7059
1717.8651 73.7940
1264.4272 418.2038
1393.6588 249.6133
959.3798 197.8984
1601.3731 82.4832
1160.0559 318.1284
1464.2806 692.5958
1614.0328 886.1568
1276.6439 459.5244
1337.6814 341.3438
1342.6272 811.0148
1711.2780 135.6196
1739.0978 389.1120
1430.6710 553.0317
1183.4139 309.9977
1051.5460 389.9481
1010.4697 315.1153
1581.5910 161.2801
1486.3121 701.2630
1720.7789 304.4651
1630.0425 582.8767
1040.5898 442.2944
1486.3940 641.4046
1239.3385 279.6304
1096.4889 924.0415
1304.8935 807.2613
1597.7953 500.3277
1684.2787 532.3920
970.6860 280.1488
1454.8603 464.1658
1766.9759 887.5067
1614.6717 39.4629
1703.9026 313.2210
1061.8153 397.6440
1442.4782 477.4807
1327.3051 786.3967
1354.8476 573.2326
992.8180 585.6662
1445.3835 530.9751
1392.7741 480.8833
1753.9456 428.6033
1572.3108 589.6740
1423.8847 899.1807
1060.7818 453.7470
690.9387 544.5969
1639.6889 517.7493
842.7728 66.3028
1129.7639 356.5026
1771.7724 435.8690
1170.3534 329.9622
1261.4767 467.1509
1572.0518 892.6149
975.0077 247.7916
1027.6424 241.5767
1399.5485 996.0310
1705.3218 297.3235
1549.7745 548.0635
1361.6246 512.2119
595.1395 435.5943
1291.4402 976.8675
1492.5204 732.3669
1238.1637 14.0117
1116.6524 255.6160
1322.2191 1061.3140
1303.0864 726.9173
1008.4024 649.7528
1269.4144 247.4249
1421.6803 343.3603
1655.9583 692.1343
1255.9842 93.7678
1134.1199 137.3585
1124.5149 398.3382
1474.0402 181.2219
1717.7072 600.4771
1720.5967 705.4899
897.0985 88.2439
1290.4836 507.1781
1373.8578 489.7989
1112.1863 359.6234
1652.0858 233.1329
1488.2359 1065.3119
843.0060 84.5374
1593.1896 783.6633
1277.9792 366.3966
1521.3859 407.4635
1429.2914 396.2704
1050.5229 414.6801
1652.1305 581.6265
1354.2294 671.0573
1633.5800 404.3276
866.8145 142.5922
1741.9262 190.4740
1379.6999 467.6386
909.5511 324.6189
1487.8671 641.7117
1731.8611 862.3975
1620.1680 646.6708
1266.6861 670.5317
1645.3016 379.1446
1783.7571 864.0511
1715.4247 425.1435
891.9428 532.8861
1637.0868 446.2706
1000.6252 317.0695
1374.0428 462.7656
1574.2451 496.9993
999.7334 599.1161
1075.1719 335.4571
1453.7975 518.3217
1119.8563 717.0431
1277.3143 553.0972
1614.6402 323.9540
1216.3616 152.2618
1700.8074 600.4682
1224.2655 242.2212
1737.6414 159.0595
1428.4654 258.9861
1159.1538 398.2484
1354.1983 806.1550
1271.7250 62.3047
1156.9463 181.2132
1714.9429 341.6602
1641.2321 330.8116
1132.4828 407.4426
1263.5318 445.6722
1410.1581 492.7684
1621.9923 885.3528
1270.2146 509.7130
1115.9789 334.3984
1412.2033 402.0459
1411.7228 703.4532
1331.2034 417.7054
1632.5697 658.4939
1700.0962 472.8545
706.5188 404.4927
999.3746 577.4023
1513.6754 1315.0912
1037.6420 173.2835
1618.3774 661.6704
1178.5787 365.0362
1545.7197 615.0977
1316.3203 139.0267
1722.1541 427.6979
862.8637 38.4440
1589.0781 614.3923
1497.5992 746.3064
630.7189 402.7173
1394.9431 249.9113
1145.8748 756.5206
1690.1366 460.6292
1679.6710 555.1849
1751.7644 867.9252
1032.1182 380.2977
1425.3815 423.5367
1399.6920 526.1890
1544.5181 253.8225
1044.5727 333.0823
759.0506 287.0871
1624.9932 258.1814
1435.0449 471.7117
1529.7444 1153.4019
1402.8636 487.5035
1311.4207 443.6898
1686.5192 191.5034
1618.5361 521.1496
1251.6044 447.6304
1746.2074 592.4331
1494.1472 682.9577
1393.0142 278.4459
1189.9639 494.2268
1290.6621 316.6175
975.4308 396.5551
1682.7360 539.7440
1464.9496 954.4903
1706.5095 104.8289
1549.8203 1111.8855
768.7229 401.5692
1493.4409 235.2646
1647.5070 534.5334
1576.2864 679.3674
1035.7269 374.7214
1002.8586 138.6698
1723.1091 469.1568
1607.9265 381.9798
1582.1595 647.7393
1345.1895 251.6191
1672.2206 239.0689
1197.6291 272.5775
1648.8433 665.2158
1593.0356 571.8111
1581.2129 646.9704
1286.3126 441.6424
1708.7745 42.2459
1038.6286 543.6047
1503.3242 742.2563
1620.0213 632.8260
1360.0840 406.3360
1573.3660 1130.8505
1614.2260 945.6334
1016.7991 193.5305
1750.4152 319.6887
1732.0701 533.7793
1699.9441 596.1644
1199.1775 44.9225
1686.3075 424.8239
