370.59863633759664 137.42968756946976
-9.092355009087553 42.39493272654022
-20.53250862586627 117.05738604001917
-530.102102647552 358.88805283090795
296.8598000621972 188.21441351636813
324.63919243487817 332.98186314595637
158.43946579627675 147.01658537044267
470.6270102781615 52.32338924982842
530.8844093709002 207.47516970578678
-24.788814617872262 111.47304533750147
442.75343684180973 38.84688057535115
469.2039613722153 78.85484759747469
489.5293402535955 143.88397298432463
385.043297130419 143.4628789900106
-270.38632461384293 53.01718103959572
241.30349810264227 43.25232471572431
268.7294247669273 124.78429429023859
273.4211550801192 171.2196191560656
476.89876132321467 11.096377364027733
296.2290649828318 18.936815699879368
530.4373528985444 151.1044997382698
514.761196659328 148.19648688476445
435.19060816554645 177.4683123143086
446.3806152021192 47.61450613768459
428.5784476202117 0.5592662692353514
368.8509017270525 120.66978677383943
487.90468498165285 13.085861228324713
552.8240731664652 412.57892012632703
507.4371432893553 143.18508107819952
378.4609446621206 161.7663620819883
401.1343651847277 156.44951374239326
525.8853051670854 146.27867758940238
-110.95922484189974 283.5376293296119
81.48992085947941 253.859037866159
-454.3944159749742 134.7769399790216
128.01357805451494 68.8888788432281
152.45243320783754 45.40920034832802
-451.937517993508 129.8442721416603
488.80244547889345 139.33441295057384
-196.73294848875923 101.40434703397065
339.9620986973331 116.35308157917083
370.92525680084407 128.9381326895919
-226.28697477975288 103.13098068300636
471.31189540820867 9.934778329691909
-28.89968785892836 174.2703659288968
496.063107997133 197.59401123161877
-218.80600264473946 245.96411618292564
506.6495638427183 153.03798497129435
343.31236378031963 122.086170621472
157.35025208077457 78.18366562642231
588.7992498999305 187.40078692678404
565.7323951885527 301.6570598567994
265.20673161781747 56.56773581176658
499.32702704665473 94.72329158629088
390.95741665538117 393.97984402096375
234.50530113510865 68.49656143204356
195.2200756208988 83.89067976174978
264.6830730950778 126.32496870168714
442.3264664561524 151.35281419443638
-174.29920002012773 162.43348188310608
589.8302682521384 145.56336973782388
561.6354549221695 262.24796285644413
473.291550217447 122.11104380825245
-94.07137703630904 154.00374101202868
578.1745039921431 76.76377094267579
78.62885694761646 62.20087079208416
-267.7058300467253 156.76197840881434
38.31533449221479 90.07900388602042
-137.20656975655436 81.52841999199683
-272.41314149099856 212.4446156823195
37.96160117303306 10.990043270499195
-264.3177712286259 162.75988486054518
-526.5040782187336 230.8259086312203
479.97015332767376 73.16718836744923
497.7506630736299 50.494962723754995
274.9443166372189 51.993459672152554
247.27346844059207 178.89294829014977
505.8736990558374 108.97368656151
241.7147951944936 131.18604181383535
-260.22439355503826 50.527832320931125
493.30638378282003 143.97779210118586
294.8206196890237 194.5549669466218
2.8577216219863573 247.16858014104577
399.30896817004236 396.4365219840107
83.41559080970991 35.51945542109638
-380.3717460351968 78.24551750833737
522.1134602480964 44.29067583700072
321.92157628023585 169.35521257122195
301.0602185066034 24.035700485422815
581.1250311993168 304.07441491801603
-25.349236240870013 25.460726963175794
-287.0954023070543 275.45362011598115
490.2522368280996 83.11580907278659
472.8758700083321 206.4242262773676
482.91586777406803 109.14822156263511
465.69342668978436 158.43190928450275
236.61881929360516 47.53456918819697
1.10186581678545 100.07044095856601
539.3868738882276 87.76518862838597
356.7944850226296 98.0011487663112
477.0135069295367 64.20821347222449
248.45558476791712 10.614430170618672
296.3810300240184 168.66673041126737
199.75848369654682 100.99269664571239
-20.27766656040751 233.00164578501955
-117.06389873747115 76.44554622287905
495.3289892742197 48.496525227876795
495.13578446652593 116.54577051051692
98.68680854322179 6.803075586628453
556.0689775837676 256.1542442088661
0.028762253129913873 57.437336892644836
-48.66506894298186 18.61907745651631
267.0073631274514 93.07561815360933
418.09747020950965 234.4597937182602
466.08868606095405 108.51690110741666
281.0157834561322 109.73557175302517
520.9677644725115 141.8603351395613
236.50950411974554 165.10158975557528
263.78910658054326 35.9298991325596
-143.0763183346 123.35473817977714
-469.1171002519625 180.9330561104777
49.3479596887711 56.31602778882901
233.66770407418892 48.13699705234295
40.960002468164376 11.39308257398827
275.98510758111263 91.01267313937394
389.21069933659044 181.7685696532647
10.291194950881392 208.35508296642158
438.35126775843344 181.94830686729506
542.8960450278656 391.91767387839406
355.52091147796864 50.958026610734414
226.24522516797288 227.3388833323735
577.1083778519363 271.7156268907258
78.55195340053581 141.82008754269282
123.83584376269414 112.27841521898588
511.82259057173076 136.0311071026686
17.246704259970556 128.69669458699758
354.57038836646905 110.49983356582179
-19.82604456656759 157.4553569888754
-351.69093368535385 157.00199606684976
-77.09068268608142 43.92267082456865
191.95876295268897 10.270701155414876
470.60038887343023 108.83135405055992
-147.5336353962984 107.90291732622893
293.0795157782984 93.04184861065413
452.5047727495029 86.47545098341104
444.19261694167096 158.50532712419522
-541.505306994128 460.4114108088311
-194.40287473305756 82.95215981645018
99.58908347948943 34.57837354663219
-95.26422720760513 25.64892654714029
-200.80520382559143 119.19315243163622
-368.58300902084477 285.7632956285513
173.42791514732903 61.60919527593984
324.92305671881013 156.78441937158323
332.4191058451453 161.5573321930289
17.710408215217285 6.186038809926939
-219.78618434682505 195.667542026355
447.6435706603312 158.40150260647857
194.26500333272804 24.652466044584504
-247.52602109882196 229.87120009311224
240.39651588199388 21.773181903871443
227.1079702769316 267.869576507969
33.35207316120308 106.07824308952907
134.4618757459649 53.735271007215644
524.2265640380436 177.81733367623534
-15.40999096229676 75.6073400749089
188.60030995696366 175.43502653592748
-459.64434664904843 156.74321457156185
269.39333241432473 94.2854639029471
64.36488439403162 78.9636027531223
-457.9915281518531 64.31869357855362
452.5993689593521 102.18498396991029
459.43675418807413 92.9246117302785
508.1758945825944 153.40773734968084
539.7671459794886 176.18623533291438
423.7886372337256 52.85068860510699
-444.6396587709495 167.1237886638607
266.35599396312364 159.08411676634674
497.74711881190103 84.16128308752431
-302.2498058059097 98.47667386492404
2.8580800328620644 176.68989653527814
-312.0273773204455 121.07016239082472
348.79149568772505 44.49139267465678
51.81555030282516 75.17443314407393
-112.55138494096053 106.41995608740105
218.0208049485807 94.27525002200355
219.8672761291674 56.501258685164345
-57.32332046837551 20.091322749796944
-128.95389679267726 102.12949071005147
118.4759793320667 56.82194543146154
18.272135629594246 244.69666339415983
-110.05738030328968 254.62848050914164
-153.97394939707567 280.0602911390565
67.40100358527754 131.57695104882674
84.57360396585409 189.1235564196258
312.96887880412294 54.452448332270095
-272.7233449512218 76.43547410558176
-241.5609006022354 231.58838174342378
-131.34902216014746 62.92418646651267
151.9375726846231 200.8205154848272
124.37336576591623 123.17505324108072
499.00939196717684 77.08268646570197
238.1431859141736 28.431428742425588
216.4224788106568 71.1572548354927
120.90893446065367 127.51619920499175
-37.419927650293616 42.85674938385196
373.31528659075013 121.06032426593492
-164.0345780350873 124.34310717045851
444.42572753080196 357.89162642512906
91.00363920948837 15.099349967348331
-119.75040614270482 124.6398635310733
-123.73978236276467 111.317960475946
417.2803013207009 153.58530130231344
236.082085792778 24.063426913044825
486.8365334732008 191.15347508467394
233.11825020083893 165.43036970623785
505.62857002393105 151.740503231436
-317.4691420425766 250.51324954165875
510.45100782516135 98.04359482629694
311.1696179766476 56.925381257090216
-216.2818878364156 85.90152976383112
-120.24842323545975 284.20064932896327
40.69405668372792 2.5913993682233003
502.45184654062643 84.32194248026335
290.4319355316594 134.10670684684237
402.9441961685328 228.64962526706734
162.94136226231603 136.55333694401665
269.25352998890094 5.42962777140529
476.9787079291642 84.77766733527565
177.34216694168003 65.22288778364273
259.1446735273845 34.591901511980964
78.29153516521286 261.32608962203585
-482.2068588514977 243.81184377810723
297.40705003522214 109.84947612955284
368.45684230623885 164.6569647078264
50.59517837500222 3.5322021111719373
410.3739417343662 41.66893099781497
20.484450097066897 74.79142747544952
128.9625500038112 1.2568895628644903
429.2350065449615 235.48538275030066
472.7069961516787 151.4006619733637
435.08252214266065 164.5761468329186
155.14852113807262 46.65655709238289
405.94417857896076 215.76624706507567
239.44329752963074 167.84222072036368
454.66354186368005 55.74524959043057
436.0087633650527 169.87970445268058
17.961817434480977 89.54901453969191
220.30353469802628 262.3156385610045
573.6309824443025 30.031038923834757
264.89352773320434 75.07278786266681
231.04671151034415 167.20564266720388
-320.17206098405626 165.7871837576775
-31.960982134282062 155.34783997087408
517.8709428586029 7.247736442110494
7.239143794048575 40.481905198723446
-484.44190687649814 228.31818857821946
90.8180425375142 10.91459549025107
-1.382924709244648 11.683922888643245
226.8855073704484 73.15368626866233
-602.8985577645219 400.00023043676595
300.9752341357322 51.54810783077383
179.8742980780038 134.8757326965405
428.59810047696567 191.2032728864536
216.64382445185163 72.30503943766305
178.24086698210544 12.754971418462173
-303.1589185615948 252.4628972798626
91.97326902885266 113.81507042431183
214.09759280920036 67.33688764883296
340.5899485395274 183.08795966383786
473.1031285302471 41.94955756408323
292.94140935436974 36.20908498448416
-212.05296404738868 141.61543822698712
531.1019848492282 185.5299203776421
-482.4448836705537 31.007215058093045
393.1591612767338 159.36842560248635
141.91262466009596 72.04866266120278
-57.44638168011022 48.57020239329437
-351.6509227444589 170.73842018405952
490.0775254997467 19.7223849216572
252.39244310774336 19.114743538491123
-131.5969597225661 234.02151147715858
448.0145807729674 149.27847995680395
441.50724604156096 120.4576376636419
575.0590513761202 227.0555167152858
-210.67088205656802 49.707831006248476
358.2319433174433 271.7299866082059
393.09326329672274 221.42867291770693
63.9309517472599 142.68011145510533
-311.48288023130146 191.79025022673116
505.38002774332597 129.95908322079754
351.8291901940172 96.37275688121613
-146.19302889969663 101.83771047435113
219.45776294192183 65.42176556607048
288.0017958590803 102.67288657521792
-75.7790173107437 125.88174214527632
-86.7308758549775 30.629170760802506
-465.89859193748936 182.2575412428335
445.6790704998099 79.25530017430921
438.99056602967846 144.74228292044447
291.01364321497306 117.92331500846133
-74.11983548326293 146.61555645533736
206.71522769295154 76.8087048438641
73.79353947416632 47.49240425841762
230.9553491945319 202.2822504467777
380.8680860319171 166.120917283423
80.51469844525367 111.54980568527876
-5.060625093705765 107.08710410702746
-98.28362581318059 160.13324656329067
229.32632271912246 43.01109269936645
-132.03462034019822 138.0179081760975
23.133370104634082 54.43966420072512
-11.848780794522211 140.29249901989226
411.3924393497972 14.344372812529926
421.53811323248794 37.24899011783859
39.875719393406484 78.50616521201678
340.60710899232913 153.75096278285216
216.7175462866802 25.947582903331785
543.9166176760845 163.65414919567567
-296.2409794430274 156.10800546750895
29.506714322462358 249.6107607874148
74.85324217765276 166.93336303629482
560.0792638476129 263.61908539655974
-204.50181825054915 202.88991184741423
466.59394461688646 212.3950994627162
-145.36247835130405 100.44964793757782
-56.21733832019129 108.28915787845392
331.8993578416273 118.90133560223607
381.9520854798735 268.5252864791336
562.281927623391 132.00819462829986
466.5475307689434 68.22830922899136
446.8975397724911 304.5589062644892
208.43257574175345 9.306503914528477
571.838391508525 422.97234325807244
58.747059796344615 26.61966573468775
124.9019184259188 197.00928470809248
402.33103157827725 202.94385439705204
481.05316263903126 38.54670465865618
356.4878013105432 342.041595505161
135.20223741090217 151.0221775238271
455.1407180032303 109.72506351734262
12.792924843740368 172.22279364883454
482.42887179131947 223.0923508853371
-262.08764667289597 252.40754712187078
-35.03113815403661 226.18531993722556
-0.621460509743768 52.9548505173414
151.25277102168548 29.151216143149327
146.0835388768486 26.052232810130104
356.59814557088555 129.89129942801893
241.52854540361977 254.00818668961173
345.19291011359644 82.11620242693525
475.4372841346229 194.29610123044148
122.80741197769352 89.49416862472121
-43.65274523297056 42.28089850967443
-93.88252467174912 6.189194243674988
186.9309070061155 88.09120927877629
-274.0772953741507 146.46332278560052
339.0833498095509 128.7050899315004
29.022809414776944 19.921879253676245
246.22065680660216 20.678754653831245
253.20771439251712 49.51627698166237
459.0264368413806 90.82214231378953
524.3776797073871 177.29780930104914
454.7845368263264 141.4665540092718
-234.3642841331564 29.994928221288443
564.5632749067789 264.91766692520434
196.15457364021734 77.46338668434086
-160.92838114833904 42.928850270851655
554.4924738519065 260.8073330571746
483.1183149512916 84.41816276238134
550.1183119187268 292.29249938298244
499.93714814265866 147.06368254714377
406.19517641874506 197.66130241630924
428.183908755332 167.5075133578627
-113.72276630049709 100.88318923838659
26.80756342353051 31.45233380403565
503.95121998937327 38.4073921029787
390.56880373766273 381.54040363336526
148.37145394468826 201.5682899964566
-84.02268664138433 104.58227055349494
298.7658083344911 141.63802529375806
29.282938335572013 33.96305542235606
243.45722489236414 79.36552285315963
197.2964876441797 152.7953126293769
397.1805949405451 198.91600491317354
-47.34421977024725 140.36897305037297
384.35850551925046 102.55288251407828
84.32629618728959 7.325656894793031
435.55639499083907 374.11117746918
204.15525463332165 73.37252893175237
282.8785753255403 135.62344391160286
-273.9871004434063 124.24381498815508
-39.50666700583349 178.1511994859019
-541.4354254412511 456.51857926196504
-165.0446678985523 133.37620576864083
348.62544417582933 102.47278021276423
565.7201827547543 66.11906921208097
524.0157439812839 177.9335080332874
-11.647587845981533 232.2933319096303
-110.04032145578111 55.50508287865223
-28.30707670017567 49.06145775713469
371.65905064769333 108.14749318241158
31.6060882508598 21.45943183819936
444.99847388418164 166.5885049407197
398.55151747861044 351.98132260143745
527.2393455146845 153.0358611985337
236.0604558249704 46.03416714402224
113.56572220879242 96.31785938367668
472.15462826617716 45.003173598063086
-272.3706297436184 90.4579183965819
480.66966362160576 163.14571093425891
374.96056802618284 154.54244417051262
-198.70233673046727 59.49740099907261
380.8341102406763 282.6698949576038
161.20585419618226 106.1263604543592
52.38863819576672 93.90464875240421
316.12294868672996 195.57179384503024
279.0341441803952 172.61104399355455
-360.8530582618156 126.07872663802449
-164.91920690830176 280.9429298021256
334.4992042854186 119.07740693158144
413.102935777193 157.87688738407917
126.88809325508682 88.02906878046862
469.7891687855116 41.71217935911402
24.185658068820885 125.35573768899947
526.6039628924626 157.16515756528196
97.26276266664786 15.401692819305712
-46.08139783887928 64.17375784006965
-43.441260236857474 38.66797746993999
155.1673101346131 6.0266781506520095
-462.9720905218859 273.48119677378
272.48168250684546 61.929440477800924
350.65311394987293 137.4177441959481
265.26215889952834 182.51487366323778
178.01527749134323 188.51707247097778
-278.93575291200597 91.13706617653257
-52.181586776130516 11.653014396955076
432.5282052975723 174.9463632006204
376.0032442038794 121.38870187791265
-43.01062350996425 71.34845874237305
332.6886191460618 208.00337036408558
300.8833466861977 121.28417180078598
173.02735566672698 88.12027438951513
-331.681260975274 174.84464883634482
381.6621830390104 94.39333656449114
320.64366995401576 134.9276371957605
-212.36557449253507 157.50601379473412
-507.10370034145967 273.63389643123935
338.0111371280317 155.58220847647016
376.33905085539993 134.09148174569745
377.0573223060077 196.83747815698297
-38.68778840794823 47.69022840455673
-273.4628144752711 135.2554444106524
371.23662758408284 247.1506729997098
-365.7326952686059 285.3470961668569
70.9380662914524 207.27163008094405
339.53936401565136 118.14010775522331
477.16998731065644 88.82523736807829
-491.33213843698707 185.65465430705987
383.49723083414165 211.10285843619843
187.69379315648473 228.16624185416796
317.25869073914464 83.08105690927846
243.44624690896023 206.44941870864236
-9.907221702155992 23.477777486389638
197.26430774071378 93.08429728309886
256.286485644909 31.72386550049992
547.9051803059709 223.09329912654084
32.36338107343886 254.62099345515747
46.64346689522574 151.5753753612872
-433.8318913922843 52.231839011316694
253.93357814255023 28.311738975565184
509.4548032375766 79.86359802274897
373.41598253512586 41.978466003625975
135.79447355833497 53.19868750825392
7.579467400500791 23.744374156799466
200.4940425055255 72.92874120000124
55.077522328890964 152.52108853096337
274.6144227658949 57.116658173056656
-173.26994584982089 63.3984901864172
232.2541602316794 83.82123119144076
-21.132863597428226 6.312761628134209
338.23477501617526 108.68051011789369
278.7827954248122 176.59345935562635
121.69680527468267 103.46070928769211
482.0277991520692 172.98536241687896
-161.59844824987738 270.60019054420775
-3.8142778768051215 251.56074284474408
-522.153009127979 405.1359098904958
67.38598389773485 132.24925633833902
-514.6671198959172 366.4681659363346
491.3478031562489 219.73506451334885
409.32127102239986 153.5501200239432
337.2733082260489 68.24356492193009
197.78252961179555 169.77430878011154
-149.20175562352404 96.5611433015703
317.29469140043614 54.881877504905425
-184.97895290320793 45.58703819845395
541.5560669888501 227.2088874605193
314.33478841924057 158.57252038771307
386.7645727146146 189.75262375509868
110.68570362274261 197.45264242678297
-196.46663157066587 70.62268053176527
-252.8128418892282 217.71700482275378
422.6282291110041 156.65286799501996
548.9006816700158 168.92370983555244
-19.167059385500906 50.458221923992085
147.96365368131057 46.119599793745365
-489.83595051621535 227.46862644273634
-0.1601810753534192 90.80211756268112
337.3989827323019 127.32920201156975
-38.79928184986761 34.6716185339714
-75.86599496202903 87.41203992309497
269.20932149546263 80.32123949865964
-532.94483836594 418.4728998156198
85.13817613379001 92.1685847318177
-116.72221719916081 272.9657481641707
376.57681514353055 170.04843277060343
-108.73267072888456 126.36390621782823
108.00921789851907 13.743113539058267
214.33836971105745 209.33962030239604
-394.3607846738337 73.9045956200673
461.0131168867596 63.20305056501634
-199.63744090257973 48.47186052131428
208.90426321370842 203.88020164565734
53.72927546251255 70.26119155024713
213.50070894931412 159.1157707226496
404.3942696001403 197.1761553601092
250.2645426639441 7.3297393227914585
495.9680972594457 70.27068388044974
381.3006580573549 135.04238165719596
-369.2902846099957 127.94724459044026
74.34072943879745 138.83541896761167
66.4243191357915 33.90690979443097
336.9853591019612 119.29898021574485
523.2985585702285 241.38205348334228
-324.63805926993996 179.8353051624084
378.9747790445889 196.40378669763265
372.3081470712772 306.7692554467162
-96.67536413080437 63.93544858827139
246.53311440493894 124.94540078722574
339.1669441569053 129.53213398371102
506.0970618286325 268.36399903501865
381.90256869448535 169.07525061274492
-286.52019042866345 151.62127547091728
102.32603233285568 193.29445002331153
-480.5058908544714 238.78901682241457
254.97952570012285 41.62796625094469
-242.06810729103222 183.6904291389901
294.0467590444123 111.60627627344391
73.9966973947942 126.57019546642286
332.1366343925739 197.04178573729052
410.736384764367 87.23707371653765
-241.2156784559141 148.67717856304313
307.09164736909133 128.90467729650865
489.90398582739033 87.38138213082698
93.84173306522905 164.21993958674778
-3.0043583235308216 25.603628886345533
16.18568637571343 7.145021433858792
-22.182672064968514 221.24403263942992
417.48167202299044 212.39241162604185
95.51752558001635 119.66996779483127
-298.4482108769525 273.61741641140213
176.111685786502 178.4756026045212
517.0950467597878 131.19223750775
-71.16672930186108 30.48982107927786
-75.11747176897539 128.33891167889306
-381.41436007494735 77.31230381728646
-64.14172514258371 213.56615223661373
325.1715428932747 32.25447208783637
168.29890404471598 60.495697947019934
-160.69001638018005 284.66100353088626
59.07421258949125 243.62839091610738
-143.9991057648001 61.26698477239545
493.3409277253767 148.72462890198693
461.7057024389379 263.9035507426761
378.8001684511013 118.5325356647565
380.82784262228813 219.4606410285815
-172.27558537164197 54.51748292847949
449.94653110316256 175.03730086584036
335.285135055767 122.67324689517521
433.05396901395864 120.0607816954996
357.30457363964376 188.4585612419371
-52.26729531735543 187.22566068032947
-366.8258274605485 256.6588708242691
243.38874487128385 240.06603442510897
465.86791385660615 55.93229411629925
528.8573605123289 197.57666797128425
-139.14098650043087 63.31579546380881
-546.7606594665276 467.65372839390307
-45.56197506542229 233.49456873156672
158.44598803415863 39.404873078030406
108.81986462357429 215.00586836104156
23.04949747464775 10.910374335896222
502.5073138420131 96.64707555112241
-61.899373854622795 165.64067532146794
300.7921081545247 227.34478215770778
3.523696955333108 113.30661805532748
317.1681599697713 129.43184383014824
224.03002844361868 208.6598608718664
451.27315937394326 8.487234809505821
464.40193327461986 63.25482869885002
397.60749804844784 150.46538481955366
28.822098538336846 155.81845569658424
394.9379127906633 175.88685057631642
294.4483488858151 226.22596835084033
482.6443413138094 26.661657961164373
148.31284629388995 196.54500740284357
199.91357962822508 90.6185862060477
571.7660827585927 118.19759635051149
546.3638625960299 109.34293957786488
298.59450320518636 128.00329100304958
24.088926228949518 14.411141452238539
19.141223001038043 84.05898120804
-125.78782320993594 52.01823928312165
-30.446318159597567 247.11988704013766
-133.77836592889798 44.18331364571729
191.59677958593397 82.84484746240032
15.994093617436889 250.02858407687933
416.37339279381297 126.4164049843705
585.7925514538539 258.35100303726017
-237.81255083818405 73.64629788581001
198.97824691128187 130.46703232751042
-343.81357603167186 183.05688585696595
229.9139579040817 130.47579896151944
6.780716231567695 7.950205227817016
-125.68690208250062 74.21678791489786
237.06744842653416 73.1682402769093
94.86537470386497 234.21860970722653
411.1271249069681 156.75850210305651
191.17226665670762 113.58698745241982
212.40003410485053 253.90108649023858
340.14732162476025 62.65948573111623
532.1322442482304 161.73172549705842
528.6207658720087 198.62463320422046
326.86794239485243 133.8296987339199
-13.574058067837072 25.51304726677964
339.30915841489445 236.67463645917093
-382.8051936955537 320.7499458098554
329.0790224935082 303.03809207544094
67.49179339379316 128.55713623220063
519.8077326840609 173.33330840453473
-323.3341883843967 165.5949120033063
-174.18265095743294 266.2745527811171
231.3177835511383 29.857736230347406
317.91188931140846 147.95074932898166
107.45633187014188 74.28779921013967
442.2656816432087 9.619200120709934
-366.2972577959533 234.58628854826682
-182.4388085099199 101.4989244590333
-103.26610985944443 277.44736488893
194.75650158987924 247.54809977472644
182.84916705400042 78.3256597666169
187.64416554407217 70.20245197303954
489.3814756071778 123.46274410405898
-122.13054076323846 138.91179155994286
-41.19686000576711 190.8618334712914
245.96085812079946 11.637926312810823
-182.94766270222232 144.3461269064856
374.04062261878744 135.21129979947273
77.07035384119423 127.25781599261897
-119.33798979826571 66.98687773467071
492.5074562947535 115.16653953856789
339.8549153350061 119.30865385711836
-13.793870604653078 76.42674857710021
440.79641874337483 164.70939836249892
544.9017115163173 26.540263499258316
-61.2384792363747 8.35538957460081
260.51696198834964 229.8856348733438
37.11349596176228 119.77724965119901
483.4409606518899 100.98024807836916
-204.62894817772633 162.47785211796753
93.17405208750961 45.43214081877309
26.14513450248775 17.655759274033425
-404.7804158357178 70.67650363303957
-155.15081487720556 53.954722257078316
-187.1523661072822 105.89053676438245
281.7747155831405 110.42371574239911
485.43420415719436 19.23081841445383
180.54160796657231 245.2912777822152
99.56806537896784 1.7489644027044564
-89.3024626927846 89.03332961869154
59.533612783591266 57.99090822259865
177.59285062097706 99.8247783221065
194.7110323669409 79.98728623588647
220.6495340670998 141.19861729125395
79.72321670602616 242.24967910718902
510.4092098031716 59.744385987541044
50.24694988342526 157.40469770364658
415.3623816895732 2.400193730159458
285.67212872690607 59.89098081464871
353.3922927001869 93.26223043145909
-469.9318804222679 283.416865806753
266.3508300843033 52.035843037268044
-230.82689357718908 184.42924891761777
222.56008432388433 159.0978110691031
157.06883445374876 56.547501042287436
181.75109489072122 83.84825755864571
-112.5480410324078 135.02189431368163
404.1109630304667 177.021706214009
569.8173095058002 236.00902873861878
141.85317156933115 60.474726431005536
19.175391419367884 46.64924148629984
-469.16105117690824 289.41815687674807
-286.01066216605665 122.61539888691698
-393.51542487496135 309.63235534546493
393.516256290957 44.70494738394867
302.07091272240814 69.28182535684363
-389.04423717837847 86.24655792615312
257.57762389934896 23.45318744126974
62.28526766205506 11.46608024476271
69.8197144490407 259.75693074290854
-99.88747005639037 22.240252083659616
362.4546802499776 199.71623352551032
405.52212592261696 83.89635785885899
546.9532312596679 270.62519633181216
545.2518017735598 226.69171686499004
553.4211051843 67.98912621972633
466.50960213030805 93.68509654410317
-19.318147142368147 144.75942082403168
15.295698771656136 36.702065881260694
331.3857781672183 110.56709105389179
301.1532285711331 131.0380470457703
-497.4218627272974 153.75855944477394
262.682871962392 4.809948210765272
554.9063057421757 334.94533281061035
-289.24659345931553 263.22770502932065
125.41143518077138 194.24478470193316
361.22716563969027 49.55146818988388
190.10870993910657 79.37038509497275
-80.7933013587177 233.4988417506612
497.13144399700184 185.3683373885516
539.7122421749467 230.65032735788998
305.72973581261806 136.0480655840488
228.42692203934894 123.25363697725464
-234.52777281692562 107.14728523935719
74.17669322115648 246.23549485468052
239.93686537856468 27.663905314999816
-204.65327736253596 94.86116870075669
423.1786500105019 341.20759693180094
431.4276952930471 144.31985188653093
-381.868452519998 292.05628060122115
523.111396875118 164.0258658258299
376.79699814910816 94.349268086068
-273.41998454656897 118.0086689091131
-24.626417950118352 235.3664326759445
523.0109769158711 107.05965500231467
355.08714492786794 145.70975118537362
546.6042478460141 209.56002562125963
318.8729206012489 138.40001992051504
327.7407757113217 154.88229095926295
129.85402024077143 21.88327025132523
437.81604589171263 402.81620956504014
480.28897906331565 169.82350950733823
-402.906791142248 234.82490749334676
321.5472720131313 133.32617005985733
-251.4397468147218 124.60084881432616
-465.518299155206 17.383973840287915
343.02379526414427 29.601166956514877
444.3273650550626 284.39412435397173
-274.19396572420465 210.8836732281336
-189.11833311075924 136.60791411022905
272.31178104374703 113.37806734885872
178.18433254357637 206.89190560153952
188.25653825534744 15.301149538588511
467.3996536925025 76.73733545324265
153.65916822997065 89.97864612326828
29.827094677115625 46.38681893117151
150.80011504013737 126.23465267410054
221.75408916415154 252.69413353842316
394.3016142959351 379.4794568314001
528.3778057443709 157.32540870890998
584.8511266255576 426.8768271841676
199.4389282352763 75.02080624451975
87.17866374123277 3.483664842883549
469.1532899567486 63.708781234995556
151.3514891660418 49.02434509431054
403.19719389566603 202.2435206759563
44.952553342365036 267.5004285349024
-161.41909762546084 286.4916225549544
367.0926757618314 82.6272802089605
422.67845011535667 153.77266396884752
230.02067130633463 180.69465149320365
66.7243887601618 151.67769005855172
479.55714235228845 38.885656015514996
146.09108615285334 86.01589937583765
525.519728766924 325.9350373396413
583.3489067384211 192.44745608590517
430.41315538326387 179.08566058739464
302.23198450808206 143.60351459764985
213.27861452926936 84.03955152939659
-345.44877959781735 185.42785289191664
328.3100625487955 128.41471861715004
133.6005266644862 30.93986973540373
158.56913264539753 34.52177254262766
442.6599733931047 209.31746513339618
416.80306098227027 196.27796351278874
-17.94114372098214 5.642277623378208
499.0064038067061 233.377301521818
96.60498112293101 30.424274659951354
-480.51425628722336 42.45561583527792
290.68310022731896 113.83012462821736
91.27150276844122 26.212797233689614
-495.476977593535 225.81096826107495
-251.55791673120416 250.46630258536896
9.902815356452393 238.24014763217218
-121.25530249154393 107.57824586235523
-341.54165967075596 226.90058219315804
179.10166790247445 74.92479125902557
-38.315172772230866 29.835163679250655
524.7022601768796 158.16755021241298
585.0455164973258 261.79686826380475
353.5167180526388 173.06298376815963
-337.7281064967035 203.37927504219152
177.72021237094395 67.47173281714673
287.79008607644005 205.58067665478762
310.1578542559929 71.05266657803901
335.856328161056 290.4129651016299
329.4211512397861 133.00024415956682
507.5155966159406 113.62205835071336
-306.826717634678 272.1656384347458
-48.49274460506297 232.63536738773706
535.8729637617965 179.93084613383547
191.91280161181749 82.46279493458638
-192.83316940327728 93.22871103893104
-283.477771446323 105.03274437758387
500.0376664688632 140.86555051092944
-38.735150302630586 47.920183911544044
88.46085520054511 65.16836562432552
413.5420357876767 157.88874417092399
543.6148208596106 313.7838784343515
60.32580536899525 146.26236024656262
554.2193371684217 111.01977494199772
413.1170598038842 75.49141311816689
531.9466568918007 286.6670538754353
363.6523445298743 361.74350240103007
-295.25151486678294 268.37081922294556
-420.8869500483945 97.47620970453777
360.64030904353115 352.87089757785446
439.57172680375186 240.48829051418016
427.4705460211786 153.987271301122
534.4416371629683 171.85904319937055
236.59929767324343 168.52838404497305
-304.767360153328 115.82344100006729
-228.30548000141965 223.6413277632281
354.11220960419564 224.23395688257403
208.50958440635952 74.55518993378632
543.2285508754693 220.49625222533683
493.83262760138757 136.07890226127964
53.264863581022624 272.2235180666536
98.96161578747206 218.447664126887
-167.06726599249635 141.8261582562457
112.04945890902208 190.49056164001857
136.062699140291 95.22201058833643
-238.518044664704 224.70222008660812
559.2208032032246 223.11443601890716
-510.04072584752237 339.5055648150505
322.8717721214258 142.1723042278492
370.55167942794367 90.10740464361777
239.65857384272704 18.53170863760348
-357.39462042252245 236.99125398958833
307.5542356567371 125.43150273492859
223.61989147919905 161.69420849983533
327.0624840448786 231.7781154479534
113.61927868971397 45.0169886788804
270.4046235882903 209.40623168185635
-55.68284260974485 62.94105728304685
406.8393519344969 357.71939014149245
583.4618194998626 330.01578564207676
128.61726929726944 56.4959705468832
158.21221104290748 75.61193256804273
73.2452312312912 79.00019875065607
279.17059708639397 224.11964004907273
409.0253137247655 141.07936744130868
272.5681058374548 157.94537350681597
222.36592393651097 46.821643361347704
443.9628005368121 126.35272987423212
22.075069077328294 55.18254908450396
206.01903543564174 139.3268155324499
103.31496765322824 2.7615172881141685
-35.894217046502376 19.35950619018274
-469.7184544492096 189.365530844592
474.4331410255555 136.20181976861727
40.952337457565605 110.33622461794414
94.65021868760118 133.44631787109904
76.46177834319633 154.59113678169416
139.9760712924989 39.6377466084568
-225.8693755607236 211.51405251412984
360.73405273253945 162.5166214158856
-231.390581918853 70.94588411615041
395.4141363991131 272.2384817375508
155.32216653648777 46.23746204772382
451.41082323225726 141.1818212509466
-197.7795301641853 279.5123191065918
353.80787499134203 99.46428606677446
467.5293988914019 109.00444289394227
-255.40682680631227 234.74836915693677
531.7280523526405 199.02075515505828
376.1729220211803 216.6183891193323
293.9028909197757 23.689600031949595
251.8489758784873 114.97139980660336
-20.21476265260138 176.67249074549915
304.62015450958313 181.15395594150579
-459.07275306614406 137.99468321503784
316.12637747705355 173.59904986941044
405.7243618465949 180.6933295007583
301.6471463190629 149.7197275153207
403.2908836746026 342.97307470846374
178.06884977185928 189.14308820296904
193.63123663368606 75.00263226202934
-2.148452308985597 113.58210240999672
-436.79316382044465 183.76311070884634
80.65646176136761 59.71314749869532
351.1471771805668 78.4810410589193
-66.14439090586517 63.10835964176575
415.3520451038497 195.18154905113815
-93.07235309674034 118.76515435326937
43.34616372550137 14.105863763710438
579.9608337371254 226.6146278979448
196.67191011761815 263.9509514479046
70.05505521345617 45.19049565717538
0.9361505428088464 47.739536733718985
263.99026602558547 31.984213062635504
-43.507328959966344 140.4342275380346
411.8481128139389 397.8896896682386
550.7751622790726 203.5658310695188
426.28651381366615 191.49828699299854
11.277028332128568 1.728415626554363
-457.7549226076613 127.18676769928666
197.29414496065374 92.2010806193671
532.603677076614 168.08615553671982
-10.789626102750262 104.06410520250873
82.48401848762877 11.011445617840145
254.50677973483198 23.144037386412784
524.1280431818078 74.07921384025192
-334.1902155069931 203.15193179044175
323.8636892713654 78.95825713260987
418.8439734585414 123.10253551403844
-32.20727251710764 71.3021108874902
59.035401292605584 124.94318875236985
449.073292907368 356.6483028857882
156.85232960904057 206.46750134912133
136.53357630355845 45.25071124351519
479.42713918968263 0.27815411713847027
-124.20990674417777 82.77321685354768
-377.0011114991572 71.87611670926375
515.271642024367 148.09406070149964
415.184461948122 203.40861659367172
511.4783860642905 106.3720686636401
91.4265173953304 209.98430358291853
252.86761685766987 77.36709075335199
231.6162695807925 220.5064030749881
-55.68018399675668 60.59979248902857
384.9498953229546 123.29494524840261
-30.0279631086065 34.78721114204368
457.9178581400105 256.6682910055967
525.71706699106 4.454991307338851
-165.2722105322423 51.395620413613784
-209.19919484372082 23.893089015741182
-5.751449749895514 174.62655425285953
-141.79932606230273 69.47658400770072
293.3781207400543 117.78144921825674
450.612806553734 367.6172546428584
298.2292920231474 128.47569196041576
445.6111131074857 149.6548779666386
176.3673897113672 82.22365170610934
240.4870952696748 27.9750614327976
493.6189755972515 28.88150659589773
-268.47822180877176 219.9043469927883
165.80409742951986 213.0199341547617
198.96063806502025 4.975261118053602
130.05031505448017 57.77445298063152
143.9560670919907 66.75467826478105
314.82880737328355 177.5278546549111
150.9285811393912 142.86070533362204
353.2594203055929 324.43186765920797
83.91311759087569 49.88776239630122
7.467052627427508 252.18853264833913
520.1115720047468 160.01624609212803
489.7022313237495 82.70036998550638
373.3883277882429 180.23410075166
359.63344230999303 99.95071140311791
458.52764087385356 133.71746347513235
-41.15241755135672 148.43536093650047
476.50250840741467 149.26163634687845
371.8817066343473 50.17022731262506
242.6427950054399 53.483280716501845
299.6769092067956 127.814013941996
202.72550918602872 187.91340236977794
-53.60814070951665 112.38103082647802
-342.17321632346665 174.2381015400165
493.7910011273899 47.59544374473109
-363.74370645561123 118.8534222463392
254.78636672068785 28.530663557519187
225.32411454129112 58.86700339699547
-340.5957514651908 220.688244581912
-53.11884004502973 35.47685780384392
-431.03304638664235 117.13083112712114
-185.56416716195537 162.7234736296606
97.34083186288593 70.42698840740812
-516.4028134028114 384.6218200762736
152.96196546651174 166.01383944530681
404.2676945962352 189.9952892865004
-108.90470247140739 81.88772858436408
188.75054572739361 213.09556652331412
521.0662425743491 94.72156474958378
20.14670407239248 75.07873094015214
-253.12672088232495 137.56232929197887
-499.3619929827144 287.190203828196
137.93501607721964 76.27453875380294
109.03114968672185 176.6965748438858
-152.2583050109452 165.50866883409444
318.0908940471446 38.579342658311134
525.5523922685182 94.99982797181873
366.3448129252091 224.28486227469347
253.95721442009074 30.992400354784706
148.9510407688265 146.73507282190815
216.59767788929787 64.67526089578496
312.92879509542945 9.679673060571531
340.312320807838 105.15832591111217
-221.94459362308612 72.99362169681669
60.58019154962257 74.93421461908429
324.2848753213692 142.37358942817735
-166.63616576786143 112.5963965952582
340.0583950264273 63.6942957472665
517.5121707272534 194.22444679285218
-552.7599472283397 407.0147881974179
212.04832827082532 84.27886253180844
-22.61812522868388 17.353523749723728
271.7648978642542 132.16782262692072
581.2000711894667 280.6553929423101
444.0911908025781 37.764831678538386
-105.76591752984001 135.35700131334852
-340.0388251278932 195.03841587479607
-126.92009280642594 174.90228680526837
50.045942994356906 137.45775318437765
79.74552408450245 66.58822686981172
154.0517881803829 56.123705347474626
-283.6050490911132 236.828053289381
303.3307448821977 131.19792019316412
447.1033141595261 137.19300452776943
57.03898980346605 3.2431943840486532
532.9819035035194 207.9901127200429
400.6255772115951 31.52984446412173
-100.21022298288443 156.89869605998678
521.6474713730873 126.08914633428077
70.62313578486545 91.05436096629802
52.819518652772686 22.870439754505547
101.67618173435426 203.2148194331226
152.2881635993897 3.0662681190850485
205.1889656511397 269.43181064738076
499.6455060231268 245.77798151485243
501.2184550881815 104.45835446634183
148.90394132291067 142.90265173564646
104.37968241333863 44.37544276609843
-182.23656399862875 157.93105367241606
11.167078443535743 52.16158860489544
-32.11929787538077 180.66485061023286
411.363938829413 130.12234536958186
272.87059745481565 210.31175188124942
479.0963290030669 178.4280908696531
381.911014511292 175.52652258187985
87.99294400988958 66.41210762764516
-222.6192692436049 68.59984849980648
158.0884710424109 30.097050183744198
505.17494835935815 87.57870325471909
169.52614067020647 217.2147217670242
501.8570974485755 142.5376809024234
474.02959179973584 44.76468874224898
170.864849719875 179.682456685188
-66.75736128602 195.29516089492387
576.1965711838637 211.29746356958034
-326.62647213900385 230.49614068873333
347.0400181911738 287.4541257629104
468.9652031124516 66.3662524825796
142.30084677015373 20.83429490100876
148.35793910339441 150.87627431257496
446.44212227491937 142.04785024035561
8.660488598988993 56.001709146217536
-221.940822624139 24.134335737302383
202.66370310227433 154.87619293192532
-236.97726806500157 96.2626842663604
534.370227850654 155.82929702500815
235.66644756751498 111.98231221357432
-170.02595344096324 116.32255871515939
530.7773591526183 56.29852302342931
-19.579779305213265 144.41039793729402
51.078143862773246 189.34899553532074
60.356331261004144 17.591683399906778
525.6462707339375 110.10169639690497
-202.49152858500304 52.830415641291644
219.34551902125997 68.64645659681622
481.0774073485221 132.1097477867204
391.23073085127146 178.39675857228588
531.5148569887959 181.8390702714944
-41.942487078158464 39.637271594383556
507.10623047804086 116.3299080924598
99.55740332310985 230.13515567947036
-26.19179964903263 27.23116195173429
22.439006614415817 16.366995100842793
426.82259978857553 143.5329456407138
170.92354596243217 196.92469072214897
401.0279415525323 200.43099226864996
424.90684210459096 169.47829910224863
460.20536815142293 285.61037565534986
361.3361591998515 160.23129189495685
-290.73689908660225 229.23401474932842
278.3111890343064 80.14768257240961
89.94594549638977 181.07496286314654
267.28307770854224 21.532594685750894
198.15328414419196 89.48578087499374
-50.71867101116584 125.30191494466285
170.7481661257807 29.105164672564623
-262.3250900154445 201.1166291395302
-454.7695829860171 205.40618750758688
568.9273807847873 381.7814304029126
69.43259016984281 48.197409911276836
296.78978845557185 92.34768856222131
226.99980410066235 11.013176759791545
-111.0110441046815 205.1281825238085
205.1140490250507 71.04577949294332
-64.52462092795109 122.39655445652267
-157.9378697604444 129.07664645505315
466.9176195639981 53.28174584825368
431.63993177172017 169.008672004219
326.29910887123935 269.1667228213651
395.4535666090932 171.35929886564432
-240.2680670500148 141.7997525334079
-392.38309037983765 70.96660753189157
109.63957840211084 213.69695468856816
410.51903808100576 387.2809565179738
293.40505512745074 204.20957576898462
374.23218160170916 368.3481685898281
238.7585593122701 55.043478059105155
518.0929873262572 196.3373789770536
93.27753900393226 117.63619001640916
349.00098431191316 91.08758557874862
-101.17635927856566 54.30251070310371
214.60636361327443 83.47754991617619
-136.70308511892546 222.68549461806361
226.3181062657368 73.84960538397289
442.89743477354784 100.67505778668561
294.2457365677825 379.3166851305507
297.75452705636474 117.98904027581848
126.72695091607058 110.64805005608302
10.890467549429573 84.1994990285557
381.2565601634824 384.1299719789207
-371.5478204818757 304.4959822154523
441.69543459320005 119.26873123085986
112.57293181832654 125.58547463908347
355.1559523360463 194.00263005211895
302.26632115503514 132.41154806043446
-265.8220622341025 259.427744752213
15.639025455138496 128.2306028383321
246.76708519544627 127.6103960693074
428.1908252916488 162.87241807701855
-102.15733550683575 59.90998321467005
365.195004373919 107.96792756293917
487.984098004462 7.449215449496303
271.9052850524197 201.231397955369
419.4394991553737 160.3745449322056
298.89167863196406 139.45619293723695
261.0064171769591 120.48336933105195
298.05349269040596 97.44278076351318
-246.80729990918235 134.97974601812822
-223.76070899734293 223.67198969594094
-342.3714273724985 171.2675514880503
457.53043450317193 347.519927871047
435.46656927585525 154.0602926494514
-503.6071094326844 300.24036022795224
490.69685522377165 135.72971524219975
38.49508418829828 15.256939546378394
348.052037757535 372.3274936765005
33.07005507663382 108.27936149254187
-60.607073766023504 60.61348594461219
344.0016860897159 86.14724664757176
412.9640447416459 304.2736994267558
190.60100301880288 41.9749352295216
34.37487553219705 120.34133228381245
489.2364259592945 202.03849141150886
-428.95637324819455 36.67903842401851
162.56403753964628 63.70912632356241
128.53862907826715 34.33332386081721
343.49212810249355 100.75612732359637
409.8555538299714 412.6477656486927
-47.610623929706094 156.78157218745574
384.3495601297144 135.39371992457922
-51.786927547619015 164.74963120149596
-241.28833890764804 17.577939530595263
-310.26871227749615 132.69508096464133
379.26880586785296 320.78041492680916
268.4045494608789 162.1395647859013
373.30989362778996 148.36986675934838
336.9814409614687 253.8214533411067
102.062862917438 25.631126543968755
173.84395712507 58.08793231022972
441.4675334695663 118.11874252448567
392.71072063441795 150.41106533429036
425.6951735605911 20.650745259533878
391.4787580901142 141.61058823558872
305.43717361046936 126.39318905854773
547.0733650253286 351.85536483299626
220.9327433679564 201.24740499461421
515.1211975196142 70.75395972196833
-307.2794468540099 239.28346423467082
299.39953393247333 105.7711674107281
-275.10837026291625 257.72373945990876
-82.61906698510676 138.84844219378715
307.57487029487595 169.59328659283173
363.14401580927586 200.88235455856892
570.2315799538243 255.67580258872965
179.2478947922982 14.141424803993267
332.4652070655304 62.76393857304171
38.84207956229977 73.97378255481547
-363.5864674792273 284.5136585535671
-34.50807268688129 47.997485653903425
-124.11558858866157 110.46344460295214
111.01057298266814 27.527056566448028
165.7043944495025 59.40359477408751
519.7072621770639 149.81622687156477
323.1194363898593 202.99025091182764
310.666648738179 231.3328222817907
-142.64588692850748 63.23313817716963
-117.72225439374652 285.2406708741331
297.0445857385988 100.33099345235851
476.22335052657456 18.171935435016266
-473.6724777043713 242.4387001760801
-241.53259255013 112.39541527099205
525.3537744267211 190.3458841431913
552.4609316133495 213.25351274238017
-61.2826892304041 48.20893366524611
279.752666397594 105.84850705394632
-67.28833260487316 158.65665000172186
195.02712450675563 135.37863117974763
272.9024235493504 191.6223627669852
582.4601196739071 241.98608857421425
423.71878703230334 334.6945097509733
352.4052550624965 54.5183613225738
-268.8656138378123 183.39683872189724
260.97313884887365 57.34381261226263
-482.0652771240059 230.84065970445005
60.2995761679764 0.1618750240825957
-193.18508374440614 185.37709197921166
469.4238899587539 56.59802197065683
-349.07931244650814 226.58591516345518
433.4867215182693 142.64360256098922
353.64454183049156 102.1606229679453
582.1169441499347 415.5619472629221
558.737859988085 296.2069565993049
508.03613391624765 72.93069043164111
201.87873345216667 89.91857153798307
509.05123646777395 106.95090856130253
384.0881109850351 128.7287689171654
-68.38509805689897 163.72964162526478
273.68662869463276 66.4339435952178
337.3359756197232 325.5761158751429
291.32115196610243 133.12387048330731
171.32024482392944 225.98483978875848
308.911407556516 186.70015893809858
567.0181229770043 192.31403218696641
-91.36632795206253 139.65208509408453
493.76849759666777 65.52907815529248
148.4500604871523 184.9101186311001
461.49756206223003 131.35741445662052
115.59939107624336 203.90371021429644
162.01084969964722 176.7260528174075
481.89790430485925 50.371640822762245
204.18446001537916 26.89856013167514
357.0851799887149 93.86164881819514
11.944381255051567 124.6951980545254
-23.349273532199263 35.59668439604616
193.66108208689332 19.577698282603023
195.70671834790687 88.913062369294
332.022103985492 163.75671712903437
-141.7170125320206 90.23417240398575
206.17663762355608 269.94640590370096
486.97243874582284 42.620030993393314
4.3273166236223375 31.576314539476392
431.3390552788661 96.88142444093532
55.285981762425536 81.61754186995769
469.47493860193333 302.39413981442544
101.44863466602114 145.67767038683763
-5.772708716352653 65.38248657968651
103.31918200254222 45.77337074507234
345.08026852187754 106.36200149016986
559.256091807907 261.55646817450526
283.61241606992587 182.38135433670413
279.3698573641526 98.55334368517023
-109.38467919157675 34.401085706409305
516.0615908695132 38.09476473292965
354.45278221356784 105.22832503157987
158.48925460168232 54.944889185410645
582.6622676028438 246.51535348380932
-248.75707396082026 253.34712114488383
7.207299356218883 73.146679158424
556.7742642231939 184.39325812053943
473.8015491544778 26.700360145616127
-329.4148285810584 149.91709486031255
21.329751740127904 52.404280604132396
197.03609938375166 166.07371010335075
170.7804967646141 62.59478316579806
500.16027669634593 93.95061011788349
-437.489295052634 59.078696449350616
499.73784934612524 114.41272254009782
-514.8138555829951 365.4624836395293
496.89386081792134 66.21046564295756
-371.17242485169317 85.1673004146628
-308.26858340389526 233.3422513384031
348.6806526262536 77.4294277052312
436.13878161958735 201.51563834059013
-511.23722265793015 253.65854755341297
373.6445496434984 151.9934182908093
54.59949061947452 198.60437023770825
-34.395360869223154 246.92342434102616
71.91247890219132 243.00004941581494
437.84625303194036 321.1886535966199
417.1789604692823 365.6147768250561
150.87152883711735 76.51486394106301
307.12958352467297 11.91535977764736
439.5739861217472 8.608776432387259
207.74348491042633 75.20532460762287
87.20974202194613 111.28770093293849
567.3819399520743 248.74784086813924
-228.69840655325527 232.33265753062852
43.92789681617582 226.29448641895254
-595.9022269713691 314.1575390922498
587.4843098481491 266.53263810659666
515.7969522977929 155.97530656991177
13.063354318358167 87.78415085647968
495.2782119844238 117.55307236929745
-19.188953883181384 19.75086699823855
97.73545988738101 41.213476292635484
239.0255169334763 33.5748245408281
171.88431986548426 188.8935499069205
426.9557263552589 336.1867779453954
467.1370843432968 316.4257968799725
95.17198352409127 159.81534090301392
323.36715764942767 126.78133794081296
202.35755947898144 78.79080200136855
-351.2347344218646 254.30857719208922
-94.22602225751369 111.20973798716071
336.64875131796725 172.20446152898413
384.8619280089532 400.23071217530367
334.7270557716296 136.10866141780681
98.22660842059021 176.1395769665126
-267.26727535607284 123.24819718024025
-146.00949326387763 289.96075601358046
320.151986447504 160.71823455848983
445.68882180733374 134.10069595462514
352.8735625713538 113.76411338872273
-461.02440033317873 159.57597666217913
459.0846386507784 78.15113869915427
208.26754791517249 81.3474797001113
211.93907374739024 141.99901366591993
273.04300612354064 72.30950588251736
342.95430352335836 106.8249354592736
404.59302251670067 200.86840336814967
423.0953254853731 193.11098136465608
287.6270572338474 22.511224216865976
77.71261176020994 220.5241616093731
369.5619595391139 144.58818086248155
-131.41486512381232 135.73026072919976
196.651501007639 87.52455508202362
554.5996310515847 266.50605943827753
280.26391969770987 110.9038711819102
384.95338256837397 102.45922664980034
-53.996597049013076 169.169926804591
122.84085257856714 53.70526088836638
88.92626018922648 93.10391046718966
178.3253065773855 95.52623692393523
474.64666269410384 141.80300191987467
-77.42660649451386 130.87539515695337
-351.9482762864437 103.76138998795497
312.7569973362397 138.622399657848
162.13542109813125 189.3102102222324
93.13259611136709 48.202102731401
-182.24115422942884 161.4866643573106
180.56032405581027 16.357263563253888
-73.21858951808338 176.74482451192054
236.76269501917238 22.384129637242452
349.8158512428057 8.685659212753265
-15.86502421279499 5.708030797000936
90.30634411858819 180.48821466570894
289.0723519560556 112.1723353134899
261.54917546230524 42.96977757846334
356.39050130586486 15.561374709641505
-10.309672721276101 197.23414028767235
80.54060859173661 44.911167578971614
145.48058838901613 129.7464708546388
-120.25886218611714 239.1063894879082
168.989291838177 108.67077451436114
565.541869333981 250.46124401680305
121.48827861551433 230.69889234507082
235.97665161777263 167.50377833517433
-168.50965019331989 47.416915746191535
387.63712178192657 274.2680184255288
516.8953786735223 118.88544635752307
451.13232518891493 295.11520402230894
43.149509917586215 70.76779650970578
-198.4168780908335 189.30739771361743
73.32997205370464 22.912150036042238
184.61770318452056 110.46149376507914
175.53791645191154 79.3101975479705
-308.0532036272 188.42704121765607
-51.64322586179537 110.57125793484313
-558.8542869473268 465.7734825233418
319.758516852835 152.8574134994585
287.3490544717055 140.9476444591303
-20.125731698074432 131.99621541328347
419.38590640090604 90.35468514968623
413.2253845603326 337.20367498815006
200.30447671994204 112.68405312478934
-139.83258599686883 87.74944826746287
318.1597422550344 206.76168847262682
351.83534092714694 68.65638306860976
361.99016462042675 23.619632801008706
-84.46114464211074 138.52275418067552
105.1017008877043 75.7577891216008
-206.2819737813723 54.918584506740835
473.08292642761637 89.64328630685971
212.54817066051953 73.145030351982
397.93670741825053 20.24752221942221
535.1256618131075 187.5563878651891
192.8711827523797 150.56193396302646
549.5277286081345 245.41688828329927
-50.25777147983331 196.8442556687715
469.6634916291042 146.70934795647992
359.12013211199053 112.44017520586921
443.88514033401304 131.5072869888043
431.5203474884926 218.15540927237936
-132.1090644322012 80.37792620239861
-81.59651634421323 12.655958884154703
-176.73293824203876 104.79955777421966
-38.503220733539365 20.694583908237675
462.19096227265084 59.778476444021194
-509.0276910543148 202.8171098232221
33.221351370469634 88.20694992042824
517.3241273190148 170.04068633742204
480.67763022719794 250.44259188648434
418.9912047344543 202.76218517558877
374.1781644392271 77.71971208033992
-45.18365540946456 71.21748800569718
424.941515590879 146.72613293334052
138.53202631887848 133.30182452498525
-440.68046332790846 70.27014806350513
386.7857673885983 134.7443585450128
-160.01146744179613 91.44572216689136
-239.66822575977176 137.24238733070385
34.276007656738 100.25586050561257
87.83878025928755 83.69375383575367
528.8332921701966 154.90925959567016
-385.61360013244837 74.23241982892549
-53.32311967149235 201.25058180897565
182.4682392570469 205.9863477954132
460.95319585978893 60.819751364260206
34.13032366025972 18.146149344892443
124.66173303612915 73.71662237288861
61.0965642564189 232.22247753252248
483.8523762923588 169.82503829986769
488.6273916286599 91.82512351384172
384.7727778999581 12.47938921394406
506.7278201815433 160.78717147658418
468.97866197293786 118.26682838826986
235.46668902292754 107.15384646309937
-296.4819123375131 190.28878901536902
351.36601156340237 181.5367674031828
-445.4633612045046 140.19094181613355
185.71907464497474 189.95809620666722
446.32557329398344 131.08546544175567
-124.21349959832236 302.75416402803256
31.998072028341312 254.1838413083073
7.232685717175402 178.9950365634365
533.8783324565128 180.4492770790792
391.4684495675888 183.06684159981387
-267.39699225129425 160.4498504684668
389.9344806621358 182.76020717740772
218.5688101192453 59.60679743391231
497.5542703433674 120.6871885004025
467.7715374915448 189.42399455411206
11.542762454013214 216.11550601888626
135.388808642448 183.44481875270048
-38.08238000141624 22.91376811434217
230.99348890918623 30.749964336244922
370.6686332673203 139.5757220282128
-27.180829582147794 141.7336184402246
-410.65870446459746 61.08555146466397
230.2511137975406 117.73767466370498
377.3896003566821 356.858154146964
140.7467981633364 55.92100072966602
345.52031766132234 238.237263637276
-472.04157767818356 26.512880751377594
-307.30466593289975 135.74869071817648
184.64590328139423 158.3659181901178
448.0378398111103 152.68244577802085
538.1328954725794 19.437714798916346
199.6941773455111 91.6769650093995
536.2976846982089 197.86737301540109
158.17919132336692 215.29927654205324
114.72598969236653 43.03346308492688
510.12332347111544 133.64117083847296
495.74281189864575 106.19467956323274
304.8786418924095 75.21207163678147
-354.40316823011204 265.47934837293536
290.3067415553627 107.5008872148789
-216.44576467154496 232.1955484502126
-335.3760069727222 187.60890884758254
-83.05611981329058 13.254111091527381
410.8418045068753 179.00422233103876
-555.7993516067226 457.4241990408701
302.62574260859174 131.8933816614967
355.23394989490043 223.59735197548565
88.39974116917335 42.288382774989074
527.5944081980869 343.4606548207624
461.76530141681235 119.17511864039967
291.0307199322665 108.30001656674591
-457.148670189996 136.6507078581551
-81.31713691535901 204.0151720617402
391.81851282103264 118.65630997574759
343.3231942099479 46.19160407267961
-50.00824844205407 29.961418757699136
392.539090363597 141.21036177546165
36.53897699441461 15.647738615898852
355.4276197306814 115.32054985197236
35.589966039983224 11.220460702745475
523.3024784874 176.37775741064186
-471.8260842379234 286.85852646138665
387.3106463001387 201.97022532044167
94.43859920894818 11.294526281186641
7.607338051529396 18.776254960237875
84.04112456409247 131.84721079838553
319.06630903511893 372.2435057326253
419.8691042325055 177.8285219820802
-260.63245034530905 264.0775814836793
-116.71539645059646 85.13225612011377
74.38798952370202 132.86369678625766
199.0055673744689 71.74150948762576
109.90665297614568 24.500373710809377
-352.52436463342036 137.09867833234267
128.92321452679766 58.42759198133459
-73.93069212910414 225.46674542216448
118.42112889847556 124.3003876105264
-371.7377192088328 277.51446196422404
-70.60161136744205 181.5860559727374
365.1347840011098 140.15333057692715
349.4630580813715 6.110646626429329
356.2223321054622 108.66919311990164
485.65371318948826 87.5535576280212
336.8631924145893 152.42859055055928
355.9943099972845 90.91388290578791
17.64534361114285 20.854022877557938
60.70803540339081 79.06516271369715
172.32152983528806 73.57198549859842
162.09324859636183 56.38205097299103
472.740347671088 93.3474997239837
95.6846606471753 41.53833396704506
392.1849780992827 224.57004026028034
-587.3258517105496 490.5114271654476
457.39534399261345 45.209700809011416
251.87837664325264 111.18158560986247
-97.2478643011293 265.5834498514173
176.97048388351004 67.46493376150815
-253.6670374416707 194.2780683992376
491.5168384564944 23.170786274197745
466.61211820677784 68.75488827081679
108.09101397041593 71.25508467390138
-98.54000767167018 36.49116807058211
-13.61522217993955 14.67813174118886
84.18983976871449 13.311873355089292
-261.3866012369364 103.44489960385727
273.92483824007434 211.9379797618668
-50.10759905758641 239.298444427165
-569.6432549960746 299.93061228400484
-504.42005106369413 317.34129577731755
326.7120742020131 270.35944272783405
364.8973518284512 114.33472418009055
437.5714576617603 131.98484771335237
-199.4032815873315 99.66007758925127
554.1735823513201 261.3694788996483
-454.6383993047732 170.5327042168893
391.40827255159877 140.47880315901432
437.9984532450127 174.7306419805574
343.29389483955197 175.33246540063683
186.57410239313094 89.13509867076306
465.7854180642538 157.23145514290962
114.06621362963142 222.79537935410514
-86.60267107326409 176.1669551682673
283.2514174862338 182.09019511568826
544.2027224321906 255.2795518476599
275.7319898560082 193.3751285757837
-49.65858182658472 66.78189337548432
396.42531911766 303.69641682758095
392.26879554416007 215.21580445450616
19.369093944596784 177.3393300688228
571.8596186369331 232.32807030228963
-180.69274409306723 42.61219224948345
35.47975322720481 125.62506031345373
386.88682319892723 320.3027412001023
207.16538511299666 218.16142472444454
-436.77981685805764 127.27371445835897
428.42820371702567 149.2430917482053
92.9656756199397 32.11595160837949
-555.6827353958884 336.0281962416402
-248.9246061304571 230.0440593026189
447.3270629391683 143.860086335795
53.576595668950986 33.230915044242415
-330.2393966336355 132.2648937264678
418.13848256991525 75.91013625313198
406.3030860150001 125.46675687787362
-251.8723252628272 150.90919607565957
451.65511480681164 136.06654027640863
-516.8258414304805 382.932086486529
370.3283500046365 205.0738693115547
336.95876107661695 256.016206819423
142.77235951908972 58.50062571834296
-42.8331276561796 56.0991817475707
-262.0870969908901 48.01437171260625
363.18654885530657 97.7576713389898
208.0928127881889 43.720890476597276
-565.2477090094816 417.1852617679686
556.4025526102727 224.78164085583245
-346.9469455890092 165.78622818788364
-162.11962345404737 139.88269725175894
-220.4146191001093 167.04841125088578
526.5630840195944 186.52785053453965
559.2000067658688 107.59121103345353
-36.972025182600404 17.096326346352566
11.803301300619083 79.64140336996196
494.7688354833325 105.58394177144467
362.621234068406 171.46923848053825
301.35949534199585 227.13992179484978
229.3258165359539 72.19229793306303
220.25850815757178 144.32236411219793
11.587842001020945 55.894121915784666
407.31646596956 349.1427594381221
315.4422404717602 56.809069342259534
73.59225634470897 40.034701306165715
-102.77904390189791 82.57842870780809
-25.926891420228458 25.700565524499392
249.57630459950315 9.597828669216291
37.81424660092581 220.07194858864898
169.79714060457457 48.97225160515372
176.90500018803004 192.77692502792542
-246.31384129725456 179.7688987733442
235.52276291933345 227.71590610932356
81.65728880894676 264.32633142017346
490.1660561604234 132.931267257808
363.1019655183869 109.27083885468919
424.6539275952256 351.12008777889446
424.67078944753723 284.0080958439629
189.75670461378456 89.955546468898
488.82625981021636 47.79334890755547
168.97165040691027 148.78113797635677
120.14285963720091 59.23280503471615
541.8646671691455 192.02761001505883
409.43443735530184 177.73602008132792
215.88902266810044 116.87130143171056
524.857690078756 270.8234744962988
-318.07254797653945 166.8517367895727
227.64279353625227 113.18866335309392
522.8355466523066 110.79901268466354
129.5332039923136 56.42973959125038
-324.1056629563238 269.01327541571743
482.03758413378716 25.522301513177144
363.52498116146614 290.45877478646554
349.8888694976265 267.8280670504605
425.0092206742398 169.11536160009655
47.02418494404698 269.4131078254064
289.4186058227716 108.70074962709809
-42.16382846380634 134.53340272069303
182.69800732515785 164.55670332919846
343.3383888097792 41.74098014058207
57.256503293990264 127.77056358174855
361.3336394156123 351.7192417286806
-86.27200253175066 207.13351786150344
-19.925177225472098 45.56885460447196
213.60868903213407 79.69780598897108
-405.1054033157417 71.2953159935802
-115.93435388943647 247.96044792200544
417.2081421786146 151.63766522688005
338.76628581056445 254.1503380534042
412.84952273564875 185.23642956375764
-252.7940632318074 130.22050156444274
-57.579017161328466 4.558525821081371
-52.163696101811055 221.21299382729768
-151.0373703649405 57.983960051211334
-126.30167624851559 122.14140068809078
237.630785901865 258.9268206243518
15.503820883599033 2.3649730458544704
324.26487559522343 129.48985009275162
582.0756118140715 223.6286702922406
-184.19648470247972 88.80655034525796
15.679758486864445 169.20402251320164
402.08970406224455 132.96576375734026
84.56755251849359 214.93988407460768
258.9176199918653 37.440249385201966
224.74098674080528 68.0713850192852
-303.38892315250837 161.56479439163815
-112.9932247649254 277.85105314468933
404.2604818708221 427.24101820494695
76.84212854892839 49.59193750549142
89.82736708854397 233.9801136510274
174.2920176755972 103.87647573209567
585.6573339411117 97.52330484790804
572.1334397171735 246.55540603606343
-190.86820830014864 237.54402760658098
-539.4482585882796 414.69684525293684
-466.7836964681244 170.8724401502368
-95.73908526707112 253.83905566820533
-69.01015345850192 49.39967723400455
-204.0981942437873 48.42123304988489
56.052692003017796 61.719632962212565
181.2901825423039 143.26994370719055
171.10340207257457 11.746578787589172
280.46032258979676 88.00904455814991
378.7380341682941 115.75328551863035
471.12778002706193 219.97972576460091
112.77384993524902 123.51884120321859
-137.29287966605068 308.41806317817804
433.24886141325385 158.90254671912956
-290.3758731508724 140.806711139736
-24.863451632406168 53.918104289677146
224.58449221902345 140.12261103529713
-342.04213190476264 171.03733685598291
106.25357151526566 21.02046677446801
183.83704844744136 133.49694306608814
-190.06418711381724 110.68877346052824
-393.44663262598067 328.44016655286146
316.20320738543364 243.65397535243468
-180.64002693166026 31.243501310127854
187.1867370905037 72.65207405522978
476.18662418308315 44.39106900763886
410.3708256190241 136.64452138937492
402.73563168964586 202.76745047342715
38.21035264866873 41.47497616471385
543.7998548930562 149.60233214088697
178.87568774886768 93.18158067853035
548.3121858107619 71.76067049012721
5.838099270883518 67.05639477615794
445.23848143455564 50.66981874656237
116.6029653284942 127.01101386666936
461.1469632577233 136.14137287669283
-162.2563122468233 59.72562022377658
102.16903783890781 226.87766368092866
389.427851681348 355.7165799431298
330.2818973288556 167.08166407920208
497.5773072576784 41.17119417917417
-8.79852133946234 1.9066043423053765
-130.4665222548357 74.4863425061606
256.2938343030629 47.69862757399308
512.5234763318402 176.20712895241715
-565.8116556041418 442.9926673285711
586.6295693458886 265.6582369293787
-67.72863157957941 28.845992566525045
-173.6726610410983 67.23239577265969
356.07613219917334 251.72231491586442
259.16423806164585 192.34207110697366
373.5495974053043 116.79192994878736
460.9784450506173 43.135757382387254
553.6787780131134 238.38753320038828
342.26333207480104 153.17371359768114
-47.761631718452904 26.90938111923948
349.622180861944 129.58187449445276
132.89745927470437 82.16857725315114
54.905538691011785 105.63812880305932
363.8287221481211 162.598167282891
451.29284315825146 284.1136318979421
289.7726861730599 116.90698404801473
-37.809255219441056 104.6559844922999
-50.04142192325433 53.7779784550809
503.5768277978185 163.97727970945277
213.74187055291748 23.439595417374555
462.2356612994596 96.62554011065717
129.49723539612194 57.358595782153785
210.14436833346576 256.5217726531513
583.0248831479411 144.98389403679403
297.1400679043686 115.44784833759218
-58.70403411808161 139.87411150357943
429.65381423612405 176.10544548703692
-264.4471112988034 180.30487059183352
339.15528260534984 40.649954634114906
266.867818122254 20.137915350848548
153.44397212762578 136.42302622310226
209.1400049615346 170.83096439937648
149.213990239699 101.98711757365001
372.81207840267723 15.975033887258089
248.60526818777237 17.17482531359918
10.118476954275948 23.38486600974325
247.86923008912527 8.571371494884195
-381.5946369715685 188.77636231840904
-163.66637490245154 146.04393474256665
-176.37792558669315 107.29099204889971
346.6823932371815 317.7802935503729
-91.11231503948623 135.05975133818248
-117.44456429643162 292.783211681574
7.033193129419489 99.47172233658702
522.1242359091001 92.93524441866657
58.48236484782933 144.71695902207085
-165.16695782325087 78.61141166170303
167.52244758593054 220.94237033126132
170.71317992847457 76.84000171738406
187.7371889363027 237.4781329950959
-0.5330887702986029 249.3299175914893
413.16551532298035 422.0100353781624
209.4192040577317 56.76177031999746
579.8929700116352 274.9926195281072
-343.3473674256232 158.37912968186208
-42.90510465345926 49.76930202732346
-128.81543901669573 272.2182639151381
342.1053523463097 190.11694503352146
304.233146628235 212.241721930719
-159.79709181228367 73.37463231009916
505.67670479153514 112.22082936405897
-157.13946886264387 138.33901196920567
571.467419749729 231.09742913345895
269.22870209725795 20.783332678573164
366.7174370464187 103.4549052014354
200.0278110868203 92.35669044110452
368.14799660644064 100.3880856115081
-206.995412480271 188.67708803058045
516.6692191028015 230.0403728788325
228.35093972773325 45.40061127617904
231.45809079585308 246.7851909096187
296.54902976453855 212.7351752219239
111.386564410715 210.57678974443473
576.2013453790433 236.84359584089555
266.5322831923978 66.17168618525127
492.69363426140706 32.54820893346172
257.4859632145598 76.32262170247485
47.962040809768155 59.52053857833981
586.392756261206 424.980469664011
490.93207122555043 113.93497925126212
-554.1871865852452 438.41866078902893
514.9941906987143 114.92802139148588
-220.50772270665834 191.83219944819126
505.60678633856253 118.54699059584317
-12.533728546233064 164.0812715071795
293.48249762222986 160.57388149199505
269.7764510329746 62.83488322984684
406.1196056857958 204.84239086887465
392.8010106240546 16.13418929354208
261.2209366225368 115.83400743987181
18.62122103767331 193.55400681303755
97.11437103980383 79.91074138457482
140.10230183859858 112.65961453237098
343.0969801822948 143.46172047075302
435.32136449894404 7.4509687311585395
182.52144444387386 136.95092283341742
587.4728813988487 5.102748907262281
-105.53108493616458 44.71553788796574
-116.63499825721395 93.3502131407094
448.3900283275906 126.08535067682936
343.8504687497558 85.18219210725663
-186.398542147431 174.77794503487664
511.50284474851367 94.54077778794749
274.2049355585882 38.06706040889008
36.4563042623181 23.507175477139505
510.38482310216716 135.55390403660084
387.98429734399554 289.6149420265364
322.7908715410423 145.71389692617598
-147.02116735186303 60.95727696150803
563.4869377729793 362.58684950903057
410.9353320225879 163.79493481305562
420.24905892632216 174.33782567493304
546.6573739499416 100.61306530431202
-405.85107448913755 267.29252551090303
427.53034653708653 188.03048533418382
233.3065677673162 42.36942735885938
118.11096995973539 49.034252445153264
386.8039996086874 50.115121621739135
565.9678685425037 274.63848203398084
445.22597020798605 139.0408413827136
-118.46486463941216 70.00238694655376
386.1366134650772 157.00036513558842
-217.315962338342 39.35966052743677
190.26714831981428 197.53012552788223
478.3244328502591 34.63340593300171
-66.81283260402698 91.3970922004082
-74.50810479805136 144.37284723081237
-65.48065595402295 204.60514757193158
496.9503762205949 17.880646340035124
340.08678879504623 160.69399629023627
40.08264023993411 172.8011042630509
476.4374633555923 8.364813331819226
-38.32810882718523 53.51401368989427
-71.66045273671806 82.66176999179405
10.980757348665989 20.40526170954377
108.29810030211513 89.64502887283942
-187.26081383825897 214.18489234473515
171.542254505973 82.89472627517753
17.748889237078984 7.808978006626701
261.48179491803114 77.32517684047717
46.89759104001291 64.78975812430133
213.57692367315587 60.77922929830453
268.061750253893 182.69720135686572
410.44276020892414 164.95572583871382
241.35527749562084 154.08346209873287
348.6298268237226 88.12452138980876
451.84875647872457 116.02771596936361
525.3448071603544 183.21271498288252
507.3001684227521 86.65585643903572
-109.21206497549667 16.406089887874288
-200.71176371931983 102.9926178978766
398.91787561810804 148.0620174285259
-452.80837299743126 161.0438633136837
319.5733075720219 110.06798189286145
-408.0897814935485 64.68881854648765
-131.7759093062699 138.17720793455976
-192.81081897599665 150.99579477403046
403.2721588433518 17.850777485093374
460.8825274195143 78.42016426428596
204.16155202578318 93.00622951691896
-120.151256285131 41.90495777173648
378.7344957358806 127.66393637611836
146.2349339852609 153.7624388712096
-143.84576277297447 97.03944477560611
376.29074402350557 192.22866488601682
442.78549679312766 115.91749699156534
384.9285753052303 149.0026183408942
335.7743360128211 131.2559508895385
447.36946060382945 277.906791878071
563.7211551712822 291.59703817926624
479.3234586920463 40.277282225765646
-423.63980474083866 96.9524214201456
474.7080492141762 97.12880694068646
510.4567895206743 78.36566266130833
187.5633836352008 238.80465239992964
393.5651107386543 153.40283227287028
489.1581022337406 104.01347574104989
13.733013367115873 206.5432188007249
259.9207869219416 34.90336529561023
458.2898517897862 57.285056302722396
304.8602712388141 143.8321592537444
473.7074746880786 204.65585638000994
417.7248324726198 172.044691691504
-526.4971326381827 416.3445035367609
341.39855602289447 127.06491439759982
192.5212703433325 218.85567378332195
126.33387606611133 192.8356663183211
-190.92429142211188 160.790311448578
285.13714942660727 196.76175083200837
120.1809811981617 190.6772362682618
345.0659966642537 138.65715387289058
426.5746192805592 181.31524547527061
-336.38472524053697 149.99341483983687
36.01005214003693 253.92187585380316
391.83952381394727 148.75555009912893
364.3826875737176 204.05099090800286
364.25763160783697 361.87867916066324
481.85373255499997 149.3128426168184
332.85623537508513 150.67616933597418
-606.660037927353 321.0223049376465
-33.891294015993935 30.74231771353226
-541.5748470374665 280.7742328782097
129.7795037469075 33.67978788517506
-7.215613322047588 0.19643051727676397
-370.3606502144676 302.4874786170211
474.15880973802234 38.169939020019804
-93.07793341713545 64.45506088296344
-204.35463906203796 167.09636939455794
-158.19006605396612 287.500940744462
356.29956777171276 36.59349898589592
-255.74393893255547 101.96942927335353
146.10540028441892 197.71563717296306
50.912310832470325 133.12508422732833
262.05781846636717 41.28654588697377
523.9049587246333 161.54990581099702
524.7388404322461 160.17434969501852
249.30530179854952 6.328603117958933
-208.101320904209 303.90495194809114
-314.9618694994917 225.73585065472525
11.717682154647278 237.42087275367533
535.2872080405504 175.18651639803528
-117.6313481672887 147.00406476156684
80.21724571351433 141.7055013592171
265.82234461361486 234.0916944272524
191.35157360281926 73.8287493223632
-557.0183317857454 483.66361712149217
101.30301709185892 275.4818611804979
445.80291381514337 313.0895508328468
296.3747080117233 65.5626064988451
259.3852008028574 53.05912632971369
-184.09684325926344 130.9939473127299
587.091401437429 258.01285302742156
557.8776535161738 251.04773317273774
-167.8861656404431 140.46366143616677
134.07416884319161 71.99965243801759
421.3331007849689 314.2692465794244
177.80680450148554 67.62460945816083
365.47015665103766 115.0569809679049
523.7075702426733 127.09171559878939
500.86769942821377 82.74164048093334
443.75551178092076 141.6556566477063
51.379576472715385 30.982631917443825
-583.7424221362085 302.3967263656349
251.58687186083102 61.82626748727923
262.82323279675757 84.74824346807956
311.29747521216825 346.6940351520099
572.2842740026432 243.70789220315743
565.1872558034571 238.29979680037516
461.7352246058839 84.62136535675458
339.30477509102946 254.1437712767455
