-600.0 -597.552699999138
-599.9999999999999 -597.106371457066
-599.9999999999998 -597.4571891670715
-600.0 -594.0453275770094
-600.0 -595.1009431823696
-600.0 -593.9978897640494
-600.0 -594.1893147698045
-599.9999999999999 -596.510641354243
-599.9999999999999 -595.1394950323202
-600.0 -596.8002039313693
-600.0 -597.4398604164617
-600.0 -591.2274804347203
-600.0 -595.2183643275544
-600.0 -598.2432402249799
-599.9999999999998 -598.6527084532995
-599.9999999999998 -599.5082343584056
-599.9999999999995 -598.2174393708676
-599.9999999999998 -595.2164400504269
-600.0 -599.863703316261
-599.9999999999999 -596.6899329945443
-600.0 -593.3911399314933
-600.0 -598.0871313477151
-600.0 -593.4007274329975
-600.0 -595.4413448890743
-600.0 -597.6268714655457
-599.9999999999997 -595.4521139339743
-599.9999999999999 -594.9799131969571
-599.9999999999995 -597.5473654752395
-599.9999999999998 -592.5875417687374
-599.9999999999995 -597.6499305107186
-600.0 -597.8730435890379
-599.9999999999998 -594.7175744647321
-600.0 -596.4176270349069
-600.0 -595.0659036926304
-599.9999999999998 -598.3116014189878
-600.0 -599.5253713011696
-600.0 -595.8484586464575
-600.0 -597.0770861138317
-600.0 -599.8715588266236
-600.0 -595.320243341418
-599.9999999999998 -595.5799888797499
-599.9999999999995 -597.8423836913151
-600.0 -591.3976537018993
-600.0 -597.8532045574632
-600.0 -594.0990467273764
-600.0 -595.277011773207
-599.9999999999999 -594.6392495710675
-599.9999999999999 -597.6125907340827
-600.0 -592.2074118260991
-600.0 -598.8891721044445
-600.0 -597.3266264297033
-599.9999999999998 -593.006324635709
-600.0 -594.827077145231
-600.0 -598.1400198549013
-599.9999999999998 -597.9357770765421
-600.0 -593.4085515288568
-600.0 -596.1985698923384
-599.9999999999998 -591.9512132623977
-599.9999999999998 -594.5374791556319
-600.0 -594.7742692863436
-599.9999999999997 -595.9708077598982
-600.0 -599.6242814419921
-599.9999999999999 -591.7269128432204
-599.9999999999999 -598.4082234544771
-599.9999999999999 -593.590297957392
-600.0 -598.0737845784007
-599.9999999999998 -597.1305242468018
-600.0 -593.2531447326695
-600.0 -593.48755228247
-600.0 -597.9437548336809
-600.0 -592.1811872929921
-599.9999999999999 -598.3113942288334
-599.9999999999997 -597.5731280156353
-600.0 -595.6188157525629
-600.0 -593.072990045325
-600.0 -591.4691827154152
-599.9999999999999 -599.6495978899761
-600.0 -596.9696870217223
-600.0 -598.0563935677538
-600.0 -599.5639446999294
-600.0 -591.1782645326776
-600.0 -598.3370289488855
-599.9999999999999 -593.468329788355
-600.0 -595.9980760246904
-599.9999999999997 -594.2240999274923
-599.9999999999998 -591.1170167277476
-600.0 -594.0209901333432
-599.9999999999998 -597.4788098644829
-599.9999999999998 -596.6234956113129
-599.9999999999999 -594.1565187939649
-600.0 -594.4710722202775
-600.0 -598.2477415440692
-599.9999999999998 -596.185746606028
-599.9999999999999 -598.4010564588413
-600.0 -591.3518448725029
-599.9999999999999 -599.3411485185588
-599.9999999999998 -595.8172562377728
-600.0 -591.915681542602
-600.0 -597.0303135954766
-600.0 -596.8502342823504
