-599.9999999986961 -595.3814781522052
-599.9999999988602 -592.5974066141346
-599.9999999999118 -590.8499127252531
-599.9999999996692 -599.3335399315749
-599.999999998644 -591.7660550942956
-599.9999999977599 -598.9030382109258
-599.9999999990055 -595.4207110796247
-599.9999999986758 -597.6964582626708
-599.9999999991744 -599.9282514725577
-599.9999999902774 -595.9929960321808
-599.9999999991048 -595.6598097846288
-599.9999999947236 -598.344576595341
-599.9999999985656 -595.7710057643651
-599.9999999981487 -595.2811619114068
-599.9999999994052 -594.0358365277866
-599.9999999998431 -591.2590262138435
-599.9999999998395 -598.4186608692423
-599.9999999999003 -598.958311492356
-599.9999999992793 -596.3625164803684
-599.9999999974157 -591.6308433239208
-599.9999999986906 -596.539713548648
-599.9999999989511 -595.8420407771844
-599.9999999989926 -596.2874199574034
-599.9999999964933 -597.6987966181546
-599.9999999957561 -594.0688544217562
-599.9999999982165 -599.8879318046605
-599.999999997266 -597.4655856292877
-599.9999999998753 -591.8826809402955
-599.9999999998594 -599.9750314604049
-599.999999999804 -597.0829933076747
-599.9999999995138 -598.0419733690436
-599.999999998967 -598.484858447167
-599.9999999984193 -595.0625861225218
-599.9999999997367 -593.5911194831283
-599.9999999966876 -596.487441488455
-599.9999999996569 -597.9953922522901
-599.999999999833 -595.0876983654191
-599.9999999967215 -593.9053654359088
-599.9999999972483 -598.5528537961247
-599.9999999978003 -597.0992603738357
-599.9999999992933 -595.2199814769045
-599.9999999995878 -597.2489852952814
-599.9999999933178 -599.8961884490786
-599.9999999982543 -593.4894100382924
-599.9999999970657 -596.0415806617166
-599.9999999968934 -593.7992638302944
-599.9999999971424 -599.8991624259784
-599.9999999999382 -592.3017111620939
-599.9999999981997 -599.1503518712436
-599.9999999974957 -599.9334867149805
-599.9999999989366 -597.4610049655098
-599.999999998061 -598.2756422480178
-599.9999999977434 -597.0033046361337
-599.9999999995948 -595.3008470266561
-599.9999999996817 -598.7767048810229
-599.9999999989664 -598.404116754146
-599.9999999999839 -594.419493335796
-599.9999999980014 -598.1688557815147
-599.9999999992228 -591.2509602941852
-599.9999999999336 -599.4939291018597
-599.9999999992004 -596.0094922128998
-599.9999999982308 -599.9686910398191
-599.9999999993165 -598.3025417332705
-599.9999999987751 -597.0215085479202
-599.9999999987448 -598.7065530695985
-599.9999999966745 -592.4284062441425
-599.999999998349 -595.7729289533495
-599.9999999919567 -596.1299057946751
-599.9999999955942 -595.695386543676
-599.9999999980533 -596.453941115685
-599.999999998659 -597.2962999858125
-599.9999999992312 -597.6529084347986
-599.9999999959578 -593.7474336451612
-599.9999999991966 -599.5525219395449
-599.9999999966426 -598.2512840760708
-599.9999999957638 -593.816831522187
-599.9999999999443 -593.9158579738398
-599.9999999997782 -590.9198155988189
-599.999999998126 -595.8022823664746
-599.9999999991385 -598.0608829293935
-599.999999998634 -595.4649034033837
-599.9999999985878 -591.0477991103044
-599.9999999998604 -594.5120038616219
-599.9999999976754 -593.5560482613274
-599.9999999986976 -593.436641170108
-599.9999999996502 -595.6013698101173
-599.9999999988772 -592.6152351536285
-599.9999999965939 -594.6485104436392
-599.9999999995651 -598.9965783277673
-599.9999999997028 -590.9835210892581
-599.999999999123 -595.0235258654204
-599.9999999989119 -593.8220310323261
-599.9999999996523 -593.1176681462096
-599.9999999996804 -595.3173143612739
-599.9999999906354 -598.5454333101184
-599.9999999973948 -598.4851660973717
-599.9999999988997 -593.3844538699084
-599.9999999990506 -596.0987236511268
-599.9999999923469 -593.5774189782303
-599.9999999991276 -599.5218462250903
