-599.9999999999845 -596.9744422489622
-599.9999999999989 -592.8178428551673
-599.9999999999739 -597.3378602208811
-599.9999999999927 -592.53619414545
-599.9999999999883 -595.2786867362245
-599.9999999999969 -596.5382897176175
-599.9999999999632 -599.9346606729214
-599.9999999999936 -595.335183849887
-599.9999999999865 -593.2240426647907
-599.9999999999883 -599.9225665407677
-599.9999999999823 -596.8289100506529
-599.9999999999753 -598.6669655836774
-599.9999999999803 -592.5240777881994
-599.9999999999799 -597.2154937100923
-599.9999999999724 -592.5588086349503
-599.9999999999834 -596.4152628193139
-599.9999999999653 -597.31295499629
-599.9999999999751 -596.1252244322212
-599.9999999999857 -595.1949825993834
-599.9999999999832 -594.3144327265097
-599.9999999999827 -597.7112623380768
-599.9999999999582 -593.6235611760105
-599.9999999999942 -591.9519757882761
-599.9999999999687 -593.8283221335926
-599.9999999999965 -597.3777309782704
-599.9999999999952 -596.9980201237429
-599.999999999993 -595.3244266839828
-599.9999999999877 -596.8525480381088
-599.999999999936 -596.5147618451822
-599.999999999982 -597.0829933076747
-599.9999999999866 -595.7502198347128
-599.9999999999818 -596.7093612020591
-599.999999999985 -599.2784899194633
-599.9999999999558 -596.7955597415641
-599.9999999999901 -593.2819284815306
-599.9999999999798 -599.5579041335359
-599.9999999999875 -596.5756791574806
-599.9999999999676 -593.1210331942924
-599.9999999999786 -599.7431176532473
-599.9999999999769 -592.7905035253298
-599.999999999957 -590.8597446722013
-599.9999999999842 -596.5165755777487
-599.9999999999962 -594.906788864663
-599.999999999991 -597.5519854875612
-599.999999999974 -597.3949237408522
-599.999999999981 -592.8734170696525
-599.9999999999844 -592.5006663612558
-599.9999999999923 -592.3017111620939
-599.9999999999727 -596.3850497635159
-599.9999999999852 -591.2922166033765
-599.9999999999882 -597.4610049655098
-599.9999999999976 -597.0142502305509
-599.999999999977 -592.7206699897897
-599.9999999999715 -596.950492905257
-599.9999999999749 -599.036250089086
-599.9999999999945 -594.3263194169913
-599.9999999999959 -594.419493335796
-599.9999999999718 -595.3402415767316
-599.9999999999807 -595.6254801470926
-599.9999999999975 -596.4598732510051
-599.999999999995 -596.154721843031
-599.999999999997 -597.2527630485322
-599.999999999992 -599.1236096386983
-599.9999999999873 -598.493607195489
-599.9999999999926 -593.3326038497735
-599.9999999999873 -599.4545348348886
-599.9999999999969 -595.68571188446
-599.9999999999852 -593.808355088628
-599.9999999999857 -594.9858207040311
-599.9999999999953 -593.7895785571568
-599.9999999999931 -592.1811872929921
-599.9999999999952 -593.3945154997147
-599.9999999999757 -594.5269065921486
-599.9999999999999 -595.1746009932226
-599.9999999999686 -597.1167325568888
-599.9999999999604 -594.8704776124678
-599.9999999999968 -592.4702066817633
-599.9999999999961 -592.1046781068243
-599.9999999999902 -595.0778033525839
-599.9999999999952 -598.0608829293935
-599.9999999999902 -595.9325570725741
-599.9999999999989 -595.5238995551522
-599.9999999999948 -593.6953287354045
-599.9999999999911 -598.3635895669544
-599.9999999999895 -591.9862158213004
-599.9999999999957 -591.9428604398314
-599.9999999999709 -598.7942584836459
-599.9999999999932 -597.5467748771104
-599.9999999999892 -598.9965783277673
-599.9999999999759 -590.9835210892581
-599.999999999977 -597.4106123923355
-599.9999999999958 -596.4954830881384
-599.9999999999775 -593.1176681462096
-599.9999999999624 -596.6194441066943
-599.99999999997 -597.8272509347557
-599.9999999999972 -596.1802667404957
-599.999999999986 -598.260529681464
-599.9999999999659 -597.0121159593833
-599.9999999999525 -591.83886125127
-599.9999999999916 -596.3188917571915
