-599.9999996342119 -597.8447663850199
-599.9999819053592 -593.4259472799494
-599.9999914954784 -594.8419674494426
-599.9999706249972 -596.7288454112667
-599.9999911753289 -590.78717699761
-599.9999955803061 -595.0889701989165
-599.9999918728262 -599.1045604376837
-599.9999992720404 -597.5057924397868
-599.9999972884482 -596.8109030747778
-599.9999973816248 -596.4664496587519
-599.9999935416204 -593.1224466066602
-599.9999904824234 -598.1998237968003
-599.9999751180454 -599.8191284355589
-599.9999723984484 -594.790881961087
-599.9999959689198 -591.4909849513206
-599.9999840169332 -593.8007870632849
-599.9999915166811 -591.0472524236948
-599.9999845088871 -596.4583622164978
-599.9999931453162 -593.5504157374864
-599.9999918952126 -596.8646398387983
-599.9999851206775 -595.615171117845
-599.9999822979988 -592.3318437933245
-599.9999888896975 -597.2578963073765
-599.9999827457907 -595.4224369467067
-599.9999968808354 -591.6354977007816
-599.9999834046583 -595.8307038877485
-599.9999820462849 -596.4383636048095
-599.9999974587779 -598.6397073004445
-599.9999990510569 -592.9692589552346
-599.9999857469862 -597.611859642409
-599.9999800860437 -594.4578818094469
-599.999993431393 -599.2645852793681
-599.9999940266932 -592.308802482001
-599.9999907515352 -598.6071754822734
-599.999993808357 -598.6491264954535
-599.999992966763 -596.9088152867054
-599.9999932389986 -595.913876343955
-599.9999780336846 -593.6991290285009
-599.9999842468785 -594.5996224493151
-599.9999280432091 -598.6974207647768
-599.9999730729418 -594.6922328596386
-599.9999863465334 -595.9441488319317
-599.9999876079299 -596.1298058067141
-599.9999979465988 -599.3051209918797
-599.9999688447002 -592.6241599131047
-599.9999859231186 -595.5531904675792
-599.9999583590518 -598.0804552256664
-599.9999913430911 -593.6028505589106
-599.9999803711996 -597.804026017631
-599.9999768200348 -593.1848336641378
-599.9999860231096 -593.4927380326172
-599.9999927561604 -593.2021688026771
-599.999982729153 -596.5042648448077
-599.9999737615708 -594.2920333577216
-599.9999984474515 -595.1068195240912
-599.9999951603381 -595.7822632750597
-599.9999975933009 -594.5614381438213
-599.9999842865482 -597.2316003521545
-599.9999828562865 -598.1634772311781
-599.9999733787306 -598.556618577497
-599.9999750291654 -599.3282069571048
-599.9999946991994 -597.3595141397228
-599.9999889904473 -596.8913519923992
-599.9999852172266 -592.9106502518579
-599.9999849656805 -596.591215810764
-599.9999890493575 -591.6813748280834
-599.9999814660382 -593.8138236260413
-599.9999906834378 -599.8899285074333
-599.9999923703525 -592.8778517020518
-599.9999890144326 -596.9656990712658
-599.9999907885931 -597.770396901373
-599.9999981742802 -599.5188657541246
-599.9999843734313 -595.6637327404615
-599.9999845782206 -594.321834317655
-599.9999524193356 -596.3880720025602
-599.9999920728642 -598.6004241394594
-599.9999925067885 -598.6336721377963
-599.9999987407106 -592.1862471894224
-599.9999788171942 -592.530563196821
-599.9999935066095 -592.7816111699037
-599.9999915207566 -595.4663891822115
-599.9999848850412 -596.744390021611
-599.9999973870581 -598.721188035222
-599.9999959565183 -599.5359284752411
-599.9999697204956 -597.0108621027875
-599.9999936468524 -596.5813293887154
-599.9999718715696 -596.033928877893
-599.9999901583628 -590.8743598334419
-599.9999957348878 -595.6148786570354
-599.9999791433245 -594.8640731168209
-599.9999852355081 -594.6637176605309
-599.9999957049433 -596.0218299084534
-599.9999919167435 -593.9373429868951
-599.999998335136 -595.3173143612739
-599.9999850262773 -596.7699078694504
-599.9999973627807 -597.0569769876133
-599.9999857036374 -597.967948608951
-599.9999926173058 -591.9972021499559
-599.9999789123879 -595.0021616895136
-599.9999983114556 -596.9954055839102
