-599.999999908553 -594.4029003546278
-599.9999997451558 -591.5331692882519
-599.9999996890774 -595.1736571742276
-599.9999999986768 -598.5306581136306
-599.9999998966839 -594.3712771548463
-599.9999998252673 -596.3120324578986
-599.9999997873257 -592.8266734881015
-599.9999998131441 -591.4934051743844
-599.9999998319963 -596.3731338910045
-599.9999997368008 -596.4664496587519
-599.9999998134701 -591.3196195692576
-599.9999998285042 -598.5250619329616
-599.99999997705 -597.547323818106
-599.9999997806915 -595.2811619114068
-599.9999999777609 -598.7318919628225
-599.999999920047 -591.7622479687875
-599.9999993903688 -591.7697456864606
-599.9999999652892 -591.827317457389
-599.9999999397182 -597.1384446440675
-599.9999998153473 -599.6175980217198
-599.9999996887066 -596.835493394221
-599.9999996315487 -594.2880722475875
-599.9999998126074 -594.1062471718203
-599.9999996935899 -597.9951680690956
-599.999999738317 -592.6944423140636
-599.9999997855268 -599.8879318046605
-599.9999999600059 -594.2324524479532
-599.9999998134697 -591.4270198229875
-599.99999972756 -599.9001258416197
-599.9999997386901 -599.1268357480682
-599.9999998864487 -593.6916617520237
-599.9999997224181 -597.7427363124534
-599.9999999799783 -591.4718806793489
-599.9999997840084 -595.3905255746765
-599.9999996979083 -595.4513742490251
-599.9999996465865 -596.5619068294943
-599.9999999151137 -595.913876343955
-599.9999999181182 -593.9053654359088
-599.9999999604538 -594.917844304228
-599.9999998654218 -598.0054351017321
-599.9999998773471 -597.4695826729018
-599.9999998852186 -594.0665065667265
-599.9999999866357 -595.6766936937709
-599.9999998252388 -596.1016836192874
-599.9999999310772 -594.6868883567573
-599.9999998952953 -593.4770880922131
-599.9999996576346 -597.2563283018036
-599.9999999666996 -591.8485018297861
-599.9999996874212 -597.3427143143423
-599.999999579446 -595.5015698379906
-599.9999998865139 -591.1679094690918
-599.9999997662662 -594.7287600220236
-599.9999996953442 -599.642043233638
-599.9999998523549 -597.4533570753009
-599.9999994451273 -597.5534097620456
-599.9999999610704 -597.8911316375298
-599.999999932271 -594.5614381438213
-599.9999996275492 -595.759408044602
-599.9999998195034 -595.4640496919151
-599.9999998996414 -595.2969815901073
-599.999999881112 -595.4748103481634
-599.9999999964616 -599.9686910398191
-599.9999996737668 -596.3005963264714
-599.9999998659305 -596.4533182946838
-599.9999999630282 -595.4258746015298
-599.9999999509694 -594.9665170715741
-599.9999998694586 -593.8138236260413
-599.9999998937205 -596.3245151956186
-599.9999999455034 -593.9458849022474
-599.9999996395821 -599.0779453242318
-599.9999999265677 -594.2609157920677
-599.9999996394603 -599.1538035053799
-599.9999996960564 -598.3152445286663
-599.9999991724437 -597.9461518300426
-599.9999998142262 -597.6386659311024
-599.9999996124966 -598.638799218552
-599.9999999214701 -593.9158579738398
-599.99999985041 -597.9092426725581
-599.9999996159581 -592.530563196821
-599.9999999466432 -593.2089148386876
-599.9999996836132 -595.8621082416205
-599.9999999457374 -594.0421930035964
-599.9999998716376 -596.9585567003255
-599.9999997466947 -595.6184288784857
-599.9999994065417 -599.2132726908319
-599.9999996988439 -591.79703536448
-599.9999999727509 -597.9812517351077
-599.9999997688731 -595.2567411782811
-599.9999997169757 -596.1083979515131
-599.9999999921081 -590.9835210892581
-599.9999996739489 -595.145873540679
-599.9999995107165 -594.1672791695647
-599.9999999108377 -597.080153013887
-599.9999997624676 -595.3173143612739
-599.9999995294215 -592.3374351612761
-599.9999999133545 -598.9263943174485
-599.9999997876132 -599.8069879762492
-599.9999997622209 -595.0738347643181
-599.9999997887203 -593.6753059726545
-599.9999995626627 -596.8694377252582
