Raw 5D
-1.9049919522026237
-1.9049929281515745
-1.9049999396800126
-1.9050428751583726
-1.904943628906028
-1.9049908316002602
-1.9050214253675626
-1.9049919965319964
-1.904941129376318
-1.9049778894008584
-1.9049394109452606
-1.9048945387557286
-1.9050432394922678
-1.904980943694251
-1.9050794703552556
-1.9049785375816906
-1.905051097796793
-1.9049037266767348
-1.9049660577570016
-1.9050898470719848
-1.905035726399477
-1.904991779054167
-1.9050065362113564
-1.9049301135739545
-1.9050133270746583
-1.9048887144119053
-1.904948105570809
-1.9050193494738075
-1.9050092784870534
-1.90484468491267
