Raw 9D
0.003777777777777778
0.0022222222222222222
0.004
0.003
0.005555555555555556
0.0067777777777777775
0.0033333333333333335
0.0038888888888888888
0.004111111111111111
0.006
0.0044444444444444444
0.0014444444444444444
0.0054444444444444445
0.002111111111111111
0.0024444444444444444
0.004222222222222222
0.0036666666666666666
0.0014444444444444444
0.0036666666666666666
0.005222222222222222
0.0012222222222222222
0.0025555555555555557
0.003
0.0023333333333333335
0.0033333333333333335
0.0024444444444444444
0.0036666666666666666
0.0034444444444444444
0.00811111111111111
0.003
