1.196752187425093 26.287261245574612
1.9365786480839833 49.06529310514411
1.3414116133385428 11.338623983097033
0.616921597840645 23.853611439987382
1.2109806983437161 9.289433898803491
1.2505380147203615 41.07258667060711
1.2148914833038034 2.1749160320264878
1.818944773240613 80.22906867805547
1.377217651893391 43.41562940248788
1.50771424943431 7.4985281784544755
0.8423344564047308 2.301337908804153
1.3636035333854382 40.92945777721432
1.4323530249477907 57.26789676335363
1.9300535600342352 38.8737525732289
1.3596594752020312 102.52249851392206
0.9705038617176961 11.165587330238804
0.8653506538951133 51.08806886162254
1.692181342477248 19.165772396429592
0.216997429173031 0.6460674143905016
0.7608888961029499 9.511315799472523
0.8547665163471116 51.989879329326996
0.6932129047905844 15.368902411926157
0.5636490474747393 47.2224959771509
1.4553835362347378 34.56002310178353
0.9457224448312656 20.56891107978842
1.7219899822473264 10.288541827185194
0.6858098845329623 50.52253080540979
0.4317838915215195 60.77028345573055
0.40822969894141914 40.06117482867693
0.9889734777511032 42.02136786927647
0.3107054243275903 0.7108346457085102
1.4533660139377755 51.695733487948004
0.9027753697076648 0.9844330931929095
0.9477076118808964 1.5423699103380555
1.2960075297432685 42.322546891825624
0.25365815766361843 6.608661586159318
0.9609320930410398 43.62081613240734
1.9936094451948332 11.535943385096868
1.1729006724447708 42.08661413855842
1.8468562409124187 65.4890220396097
1.9856109377776971 50.879542671968494
1.0552445284320882 34.848981757486904
1.5912520157133154 15.014865974738154
1.6170308276254173 42.82714518407424
0.366959608141772 54.28982975273429
1.9257059053627588 1.6444254403245577
0.8896844309671391 36.78822337767064
1.177179677254599 31.428024321661873
0.8765400926150111 25.605114953171345
0.7215633904296348 71.20590521339801
0.44629214543505424 15.101685744618612
1.7802998130100778 24.65802746374289
1.6522375092539037 36.52232564047779
0.9329084327615944 20.701456827214674
1.0801731360074516 0.7596723169567007
0.9960157363530815 32.286290060041516
0.36729670363654365 30.188376647048877
0.9863858960814361 26.340490272715556
0.5747536461040641 0.024057930561994123
1.3080728733985052 92.02349103808426
1.3077046054603807 44.16475008218653
0.7240177889719084 1.3127890979450247
0.7815479897428663 24.340154984537328
0.739426010255099 70.15726164768006
0.5363830205442319 58.85820581912208
1.333118676213509 22.170319752087494
0.7748170245378108 0.8113502831607833
1.0185580124127056 7.129490954141288
0.35261244855800256 55.9496051555399
2.0003967391390884 66.34289382462553
1.1080735924358491 26.813827443103136
0.47792378374502065 2.1722047685635415
0.9939139177552937 0.40865800054215784
1.6606684245274563 0.1523023529668619
1.3769201646309737 44.23240485406939
0.8755926172182251 5.931247714788704
0.2141478079532756 51.83702481096812
1.8698819730623346 45.05648954890326
1.6945683707689336 41.40485437755297
1.4185493469457446 62.809341450694326
1.00264178043065 14.122522908946236
0.8451152711751886 29.79491096925045
0.7582072875062903 64.44860081898562
0.20012509602477346 0.5401672930585766
1.4632281038460544 15.980326497257247
0.38541050077184213 42.28298150375644
1.4841710799416559 10.9120329712719
1.2541418290406878 17.004568505813854
1.783571359866156 27.026254927209063
0.34370429987826345 0.5582502467085095
0.3517231492508215 51.66651808199582
1.4471528603944885 26.688231201983264
0.42474696014588187 66.90367125293267
1.3795376816599219 0.011407626099860568
1.2533841004115014 30.707788835948342
0.9653738803312223 15.558001100031744
0.32768135856934344 17.123361703908365
0.6576269233764612 9.452634785375762
1.738787026617626 4.020648640018997
1.6607361208291262 19.88533707708905
0.6564858948412456 29.316782619584824
1.681676969882516 48.63441844989531
0.8404858562638007 22.325428811505937
1.4460258245832802 93.84312104778414
0.5662509015484662 0.7551160900037153
1.1984179661960703 6.861009354372716
1.4135409201647051 14.855760372101923
0.9395121096715346 0.03908081628142113
0.5778425549280888 10.365983949162674
0.9332918389359248 15.640999651174944
1.963538537179021 39.373383199337766
0.044687333329115786 28.89379365035616
1.1834771348855981 33.813908697281946
0.5702022933597967 11.02668263902848
1.9890908631579216 25.996561619337044
0.9261326259556656 48.47550243937546
0.12762215512627284 43.908066663400206
1.5298918997871231 6.656571504903548
1.7688546692874567 1.9509146786230998
1.1590865553218412 51.67814327319813
0.17683634354458666 1.185760228977343
1.681424454649508 32.80879394807561
0.10643201701435023 39.50167557821305
1.6407706840800984 28.010107762327628
1.4494394686411127 13.494083055116644
1.2707156100891623 0.6756978134495144
0.26807253583020696 66.45870288928539
0.5115283280817429 48.046775026391
0.5163802740629351 60.289923373182646
0.2645475273101171 14.868476520986398
0.42596759006092644 17.127947342506168
0.814964654358688 22.090419512933337
0.4375901712512352 50.60505639143932
0.7037536175950905 51.1956835772919
1.681469423252799 59.37413846986816
0.9998176702848357 6.23930920787657
1.0019779305805434 40.26290287273076
1.302302714705417 4.159237135601458
2.0057105498414955 86.31193269680395
2.0057322679646505 20.52296496033467
0.6989915042574403 9.41960111031658
1.0516929255365524 30.501796257008774
0.956566700436212 3.2643850057701096
1.7678384985633997 8.051812740941509
0.12494417433958316 26.494664279231372
1.9999161302546296 4.7044269071266545
1.0953455227970281 13.148537363757423
0.6446002264204792 30.20841872699764
0.8433295860450263 33.50036510099626
0.03743127095508603 53.77903343058087
1.1253925137027958 0.5869897733965623
0.7428751336203215 36.10146759980369
0.7485923010887755 32.338798237070314
1.2641734083452327 58.58922599623322
1.3736725759098163 89.31865987030761
1.2049795193478348 24.925630776540775
1.5878428042027686 45.61825847110203
0.7966979008278853 16.54867175998547
0.8402865284192478 65.59850471288696
1.0991402153725505 36.00562272311891
1.2216756584445982 1.025808937121615
1.106745138244158 9.640479705325749
0.7343547975283863 23.375283094589662
1.4299374322460516 78.10675333116862
1.4983624804871638 34.68274940224849
0.4338175799912112 28.229184249017372
0.5439356179384471 24.466975778754424
0.8113922061594927 9.042413866111858
0.7920799423008844 56.64393418193047
1.7823544911609202 21.380837569080473
0.6998165485653827 15.020006051671118
1.80945950508222 2.0894994594393683
1.490759876753631 52.84881265813039
1.3829992892008751 46.338576851054356
1.1332018045182362 25.80135313337343
1.2345701702469987 39.459942956030986
1.4745939471706948 54.6565872445059
1.0288562965980153 49.47688902541839
0.42735966454333696 15.109460456852297
1.5541319015933563 23.842944936194563
0.9360178751955058 5.780123441516327
0.7311527831211593 46.35755643323215
1.7376875483763505 51.40110066520121
1.0296102545197723 19.108779909550353
1.6456370919666088 32.43765133946028
0.9219744265161551 71.5350035349851
1.6975874989761568 2.1498333074449314
1.2770967532557522 17.214814690666174
1.6738304196224596 33.33859383151688
0.8245462944705694 11.684453412828693
1.2486765556532873 23.17192720846247
1.0927865732666806 3.119703410182689
1.2966382491345683 14.263848128361683
1.4237742134638625 0.009477713755477346
1.3363507943937543 6.073705612642703
0.959754919592719 44.53030363167825
1.2346863843755698 9.498446010174467
0.827859793585025 1.075993339044419
0.792772295238449 18.6152228131063
0.4890669389529072 38.84013374150699
0.6794841242758383 4.611423702026109
0.6966956791053788 0.9920620191727233
0.4096496703260677 27.087965695282058
0.8371925776213706 0.6323585564976824
1.9927035372776118 6.286220389093053
0.9741204766041927 1.1477866801837018
0.37662511547158206 72.43391643591671
0.1063294065887943 1.9237296412208875
1.553057784552715 0.7373499613001129
0.7796340233963476 60.090284604800516
0.20206436669754246 32.779071248789094
0.2333482379065116 46.69012248490638
0.33402312866277506 50.965546251061554
0.03893746325271896 1.8232066404894969
1.8877540425169728 29.213765769406443
0.8583827733407537 0.9664258686788502
1.0200245753320771 0.06585789525814878
0.4642754575551781 9.966885983184273
0.18034430055318973 0.09152954689642834
1.0857964774793203 31.9677875773808
0.9198750964884476 7.2876592653123335
1.4727304544098947 58.45191653066262
0.1316016489919961 12.347198537582788
0.5876697759371893 22.186859303856995
1.0139396907724962 48.676540565283446
0.18720510750722852 30.38492254863469
0.2112888711911889 3.8495266931188796
0.594306850006347 68.11926912064608
1.2050508943868268 27.4758545076333
0.9288691277609262 1.3373038092491054
0.2707706364305533 36.66715206745539
0.8723533653412736 32.68877499969668
1.2282336194070724 27.077061829399433
0.8349166459139401 94.51297922643823
0.9080225394111064 47.81842810688939
0.9600250835725336 29.330267996487244
1.192402414496088 3.186829209518702
1.6638869968018697 10.08718960753722
1.6353550665020262 75.1123069562095
1.4655983020773586 74.42893559635843
1.476746754454544 18.77702579284425
0.3083496232137174 30.101298762769808
1.1230089563194015 6.063408727131197
1.114304997862154 0.7713245840625876
0.7830958328413767 34.03333420338294
1.0300395697030562 46.888016190228555
1.3656298237644666 3.8949952169445083
1.5116563168676247 19.08529203251604
1.0740575073550762 61.76287736188885
0.5152586186883421 11.858537399965641
1.3153921614337256 13.455076761172059
0.2751265444551285 11.75085368939705
1.7064192424407427 46.0587357199073
0.8996111460483601 5.574804133133101
0.8932808764714032 29.969900823852306
0.8837334582695309 3.621800330936144
0.9334636981039238 33.36509711499275
0.7578722453974408 29.572149886662334
0.46350080867695365 1.9223812366878659
0.6515474097772589 28.86903782774627
0.8069839757225865 53.208130402071355
0.8914502370629233 6.15603803921396
1.119808186646046 24.043072760628966
0.9674986611449695 55.00109839161425
1.0183853642600031 39.02880181348444
1.5318573707316039 20.894585253520066
1.223188147605063 35.713292614536826
1.794635834658496 1.2084889453615986
0.8921390538935713 4.751753416680085
0.916063904984279 32.3409185290079
0.32037868866835506 36.02690250357141
1.7352698743374826 40.132263769456785
0.9229981554026093 47.23988497825221
1.751879018008434 37.69388279639199
0.12398919661124708 69.82404237323267
1.0966274579565238 4.651419481219141
0.5924595643990003 52.13057056558476
0.33890931367862853 42.39271031935058
0.6862787402429844 42.02374867371336
1.2620905177578094 27.97357764262638
0.750892280766021 50.11593317318375
0.2484189340722881 59.68871903127383
1.3017263658632818 5.045724609853236
1.0809548042351105 6.041608804463275
1.9835513736071264 56.731998272965754
0.4599214679383158 17.43592027672755
1.8898265722713 54.07889583598763
1.68308313563401 23.47886494521813
1.563279617096124 59.536824889256295
1.5919960918749547 47.01860215803509
0.7141603703707502 26.29872352817937
1.4219929535534783 41.431944956189675
1.0568419609852797 33.28570275299242
0.9622631191152466 15.179223267445858
1.1369034372726086 22.102247832904098
0.06046297439148374 33.251722518237386
0.7976826344400786 54.74946591739051
0.31306262047240485 10.794767688626635
0.39557601139975407 4.101703480271683
0.4318944257795897 53.62381358038934
0.8578685545884965 68.72446931824332
1.728304777740592 14.27923673879387
1.2437721478757466 14.884146462818467
1.0513691589297 6.614842523342485
1.573780002554801 0.048871198153449535
1.4461503775456963 1.8402801092376302
0.25821446738686227 91.0063619759551
1.5317767572893115 19.310064202370263
1.6051481913932615 18.26941374039271
1.3965129677103474 16.14803223687224
1.1061171542289294 14.671630548478184
1.1255466646710717 28.07548513643122
1.7358475358112078 7.111037285260242
0.9037506198156307 16.786697870057225
0.2521740733358222 1.0401863755129113
0.8724594583420185 21.477204892112034
1.3097869266812208 27.899665039065255
1.1377319800440908 7.424851435828806
1.7970260293927223 19.85833937806915
0.6381025221219543 5.729653736428013
1.7190377392712266 16.160283745675567
1.2909044032797392 50.66593918682824
1.317157024449772 65.60248493056667
0.9680487541018282 28.61941712937811
1.013120735869516 25.38477574420215
1.0833479821377239 0.40304305274015584
0.988185552677542 0.3995477190903647
1.6531537547890656 1.1106976233673445
1.5926352216490176 55.2722989160645
1.4027519055328252 0.034767238458303984
1.629966591860641 43.344725488045455
1.0825898169267492 26.832747106603218
1.2522512625318454 12.079969171207802
1.6521086873926605 85.30606220933213
0.5947398420231524 0.11829147943904905
0.7800435850657972 69.45392706792711
0.32735401591360547 6.563711493852654
1.9051078493688032 61.21829087880411
1.5894491897934933 64.01110830873523
0.26154299913296697 17.053579346494534
1.7648571311329833 23.966088432180786
1.0354800130720985 40.754906489656655
0.8400824427182172 56.68156262975437
0.6028214568124346 0.8277215137196023
0.8355594917277636 17.990418319337635
0.6495584435993846 14.018569441531705
0.8426045422105342 26.531082575126142
0.03373964411381569 2.0066258165432536
0.8975570242495848 32.63205879185925
1.5306481350540473 85.48808395614454
0.5031926581789039 16.178160492081233
1.9571430059273878 50.87077535524293
1.3443764709956936 65.34069310696219
1.2747699281036495 46.80746690072798
1.0003095786196154 5.142652792756092
0.7775314569086254 67.57160713750807
1.8053791930838687 7.82508468758377
1.0953251985065549 42.0028546055615
1.3263251562137004 66.02883875626225
1.5746079469593441 57.55486513799465
0.13187473513326342 73.92841878103292
0.5739763767575257 8.456072590155864
1.6981493724866652 57.9237628647697
1.147863820618704 72.24962052099127
1.704165915122731 45.29149021786775
1.5131041294836578 34.991899509509366
0.39460981269323914 24.56689427960189
0.41931386652030855 17.36863314003082
1.6803615359587563 1.8950931195761829
1.9898121697950235 56.87727099099022
1.9909068544410762 2.0764627504918884
0.9270624591330315 0.8974410680364273
1.6048042358232473 19.201103941480923
1.0469475173612712 60.847627175477385
1.9516710167500673 12.500798730878717
0.9528141579999377 52.98697557039303
1.7198243833007405 1.0615634480719305
1.0634016512458495 14.683034911636547
1.0468040536107037 61.75482246107076
1.9382344438244203 18.71040400127997
1.2077172433384742 46.68740161866773
1.6252463208255397 3.6109179966148925
0.8466064721264438 36.524220694864184
0.4154847373513786 14.58702499026355
0.6873344162557972 12.466959366588675
1.1150195121552227 23.083398794979097
1.382315448517987 6.271801637500446
0.5494921649599747 74.46830591477152
0.7266018694736147 9.873524092144674
0.40377035061647615 55.89811192188339
0.6361338649707967 50.35988771056726
1.2787702100669387 24.12919141456617
1.7264056368517804 2.1618815604031507
0.8422701207104588 42.27162992181877
1.7333571779845516 1.7559030765534027
1.0708793049570176 17.725382099731917
0.403103956844319 34.79541739712516
0.7679763998772704 17.709888193789045
0.8375597099058043 0.5560175602443762
0.5226236088474658 31.496309368918745
1.9240954240323966 34.404670955918014
1.6014194375964883 25.62716634195497
0.7182974857257379 62.731789781522835
1.9326729241486114 78.53104332621888
1.1857618082830688 20.969097766921102
1.9817555291647588 41.285829375785475
0.23273223111688146 5.5907156566791425
1.0103009707062058 23.733665529333315
0.5134511963715025 41.49893081017588
0.3294499974559072 32.7207569428431
0.30482763558387493 44.488168122389546
0.8310245599927549 0.9302078677276038
0.5651425901903768 49.904572844229264
1.1267821526477408 3.2706186423433
1.7838721646968925 57.631498230063
0.1124970339846757 36.38985040171464
1.128216715146533 58.102281706063096
0.08794169299825394 0.19630881710546233
0.9373929972751316 0.6471315886558968
0.9404057203046047 73.87604914989261
0.7507370726006681 45.217970469445135
1.3122709662276817 48.87757500164945
1.8381152403906698 4.209407377625253
0.8082127328754523 35.67814426547709
1.535303824597287 36.61740155021453
1.8769114957369484 1.3104168211716416
1.4553907559921813 4.142110866019287
0.6068021780499349 3.5682926877874834
1.3489571080431495 8.239171455609911
1.133044122467401 19.307988594574038
1.6618488640850633 20.37426313732037
1.2395677232302424 9.865370083761391
1.4981584364043536 12.810217563924917
1.1338706114137511 44.149087009009435
1.0638495304969084 55.36871609383386
1.797934730801776 32.28817066967724
0.4442359155324406 63.53400507964449
0.9748413507683626 19.2915340358634
1.7717025092564302 9.816378159745778
0.14133939616178026 40.3873320567034
0.5778062773798324 38.87485158821866
0.23798932295581632 4.294386489866325
0.7069477703392009 0.7098330295047603
0.4525538859462366 0.6069745205324841
0.5404447932013967 4.773526166258563
1.8845460424407547 10.993638632406611
1.872192190434986 55.12222031452482
0.796706791468171 65.52874706722822
0.20924713281429252 76.68306631459926
1.6969960728663975 10.591837233468436
0.13585539405345248 34.48479124063421
0.6606876852713938 46.0274906597881
1.470291352056319 2.554049637106268
0.5533759525732167 9.327385679298876
0.24204487268287878 23.19108326720373
0.9719572313481153 12.728692656664705
1.613170117398759 12.507433552659311
0.22851045724205743 34.26101523914711
1.314571416172574 104.18008009191085
1.0264714337363823 35.5301337234972
1.2392650346109877 105.28627067947244
1.5145582448721577 49.15723512942479
1.2948083958622947 35.90304627511402
1.9086772776157441 0.08752619247739601
1.5927147033942943 1.097617654336089
0.7612792919182723 52.904498616944544
1.8045716298691978 3.989427386303433
1.184321346164501 16.193168951524772
0.6809723612405822 60.35383527391122
0.7255029439310016 42.027920704871775
0.8296519104128851 1.0390532320357213
1.3483481578326784 41.89956836574531
1.8539418020416618 0.14553556934926992
1.4185643291763659 12.50928339046082
0.9345658956327896 18.369705046648598
1.2229728289152975 1.74652219038571
1.7472353231148365 49.995763082474994
0.20718950861973418 9.994037740003414
0.774661400733222 36.146177766753325
0.35491830346683884 6.320063431877617
1.17993442044062 4.319014674751433
1.0012348062428722 0.7871362567327309
1.436389195887766 31.46370918104251
0.3993034478577222 0.0970975211753986
0.7224312169155146 43.961674308040216
1.3612948767459054 61.57291362172438
0.4198582586861672 20.083721121174623
0.7499085552634475 31.48272893189004
1.076896747423881 29.3589649827205
0.9393318343471454 1.0185070017357258
0.27940833029424417 8.601948429923661
0.6303839944946283 7.255739384365091
1.4673132224980476 11.0413371595153
1.025168298464248 6.622117009440633
1.6070135401347438 6.54671983632766
0.819430825399655 41.54714406791333
0.040785932176120365 64.8929265059136
1.4221527077212484 68.05862610667704
0.619772833551695 46.570080445131744
0.11559500278973422 57.57058236454927
0.6952528098844545 0.6465203728029421
0.5506249745315377 59.517733747020145
0.4761872504148724 19.17161081368376
0.4405596801718309 10.161017039355134
1.4678691730040951 20.732019989603188
1.0141910300792487 20.89063118288489
0.6317019369174919 50.48058083185981
0.6459729645849552 11.885572581266114
0.9010193274623263 0.6631201655743382
0.45664146455197796 16.86723551705948
0.3936389896225192 54.554937733752794
1.443938975955441 37.11707896525333
0.469626187295035 32.79601862590384
0.7288745585507646 36.84813857275546
0.9798096541375825 1.1501080957630063
1.1001612769415443 4.635992529087046
0.8366282669439193 23.34528221196858
0.506642098006443 81.27139141315628
0.9639848913639179 26.80338309602776
0.8601685125354117 0.9173642856412337
1.4481624873195216 0.3367563101847515
0.7683824845191876 7.8352752765007985
1.833076742494279 60.20797223265527
1.9891811863797915 0.029655132912517868
0.21534057669811968 1.8352156509180306
1.903820155983058 26.742724456191016
0.8518186954257088 28.644498495783104
1.390177832555688 4.787016575891427
1.8278944598453513 2.028958630741802
1.1747950615589062 42.33777468048116
0.8010337082877842 51.237545944753364
0.08942796147703036 56.214871608027366
0.871213564147798 79.17785379526967
0.7719608570785879 5.392238971752339
0.9266165885724058 54.37879530290328
0.4289759739967949 15.032123680931727
1.8480043303012255 90.08883960660037
0.546670973673546 54.75343661570325
1.4494533467923563 72.63857492580959
1.9921411867757755 27.513017776516683
1.1039633303276404 0.24933581345303502
0.9352458888133361 5.3627749605072506
1.184600332797357 55.78578522441522
1.847869886112827 13.892408364509835
1.1736965050194976 26.108296384862108
1.827839216747987 43.682522223395544
0.965363537458927 84.9233595727749
1.1164850012020548 4.946964277472951
1.135117143825781 50.589998324448935
0.8100022001549005 12.91538803199927
0.8012917794433625 0.9277745501635233
1.7219577448579424 32.56494701592815
1.44576183305607 53.61947439171591
1.5057057248072727 35.637129086721124
1.6902050810880511 1.3152248781698948
1.9952711661766371 77.5292113479475
1.024863478689512 0.8601312729367838
1.2378511292466514 6.123166214054404
1.560881290321079 2.500571562275563
1.7522907233125524 42.77482932885514
0.22298990761834103 0.729585004700688
0.40003711719184165 0.22848272857037302
2.0106597049599495 71.9406308461961
1.2574147371871875 0.9538512782551255
0.8814589766213128 48.88324399148079
1.3510132585716519 0.3996790918622022
0.12857976103660873 38.35883934344117
0.9708809266518128 0.6942778987680671
1.6771242192242626 52.8262986821777
2.034740098668718 65.37892346704484
1.5258144208964814 11.444454316978721
1.8675752141306976 20.511052301173933
1.517793469540747 14.894384729677231
0.8760254176836908 37.951247811397316
0.7620595385068043 25.842622258352222
1.1355719319189979 2.7105780037604736
1.4345389862986893 26.02383063875057
0.7828430416132407 55.37879309441672
0.6959297374944743 35.46072962268741
0.2888151563540018 21.667434682292864
1.9756827247444733 81.75682525851748
0.05518621687754299 2.664093805362822
2.0068733255452154 69.74282095998275
0.36780519003366385 44.159806388450605
1.143914003461493 5.396503642052775
1.0900963305447466 36.911824074978355
1.9195935531871484 12.155622253972254
1.5948960587823686 56.7764442106997
1.677191782055992 50.19188165879436
1.320268209401589 19.604950780671466
0.9425471462516777 20.392795392452435
1.5786822152860505 28.44425106405793
1.6734116150413296 72.40393716257029
0.33986590660528737 0.6641012301433438
1.2459585125705352 33.4205973792605
0.9978694218408579 81.44560377703446
0.19178112608285258 4.0854261879343525
1.0655208890506598 21.34103700065672
0.393860933046866 8.989288980290924
1.158660155284822 17.3940891087143
1.1023460386496777 0.06552545673157117
0.6159093066666799 17.761345734728714
0.8784873125934608 36.324926193151015
0.9453175007282357 63.34833448314019
1.1031444336880474 61.35605341203718
1.9242765076257342 49.50250486089662
1.6357688379959332 1.1577202173141203
1.761781183491097 93.55896484499641
0.5075805679985892 4.854474627671624
0.6791994156083488 21.431525760136388
1.075636811138718 32.37353255223242
0.4686354917399479 44.08735068343458
0.07652032846895929 40.16004720692187
0.3108966369027637 6.587257737037099
1.1754206511808873 18.196818365713284
0.6131266469946197 38.23507222672774
1.636333752335143 55.794215329357264
1.1889113927814554 57.8327885935293
1.1359559390667537 37.38216579078665
0.3053010311823918 6.316135667320584
1.0376210122709804 29.922842974534756
0.38702594471304663 16.828402367416874
1.1701638552668951 35.780574391462224
0.8003137956849096 45.49681726130414
0.7078286699721912 15.713859607179689
1.6631807229415738 44.980753029186666
1.6439372649279862 0.013248101925707578
1.8368624536078015 52.55019975513163
1.2873208375014178 0.7909726394609105
0.49402956158498534 12.595506086301171
0.27582754833788015 2.9539334442964433
1.0437810487066863 10.410376553988618
0.6987965423236232 20.736497076932647
1.000834266733833 5.069003672068207
1.00059693064196 31.536196243381543
1.1344116896268963 54.18632557730123
0.3513823737927054 65.35256641375472
1.7624595874953886 41.71392338160436
1.1747919154295974 25.60709819599928
0.9618698338158392 77.81300686978065
0.6097656071634125 5.176220217873237
1.297319744244668 4.595801820287715
0.7634011864281555 44.04890436730127
1.1943210550802794 13.467818387007828
1.9073522639385248 12.679861674628103
0.03694267538235563 29.037467625252564
1.1408786326452174 20.09065953314195
0.2008289287771533 79.35045098901696
1.9935606612737895 10.49620447951101
0.5287723064055047 47.23133807062623
1.0907544589882945 11.3081789649093
0.12073986793587688 0.16308616178825064
1.248789762005266 12.551334354402496
1.8587727283507207 26.981313611350622
0.3644049379695923 66.83367172485252
0.1568233329205888 49.73131460575135
0.9295994369213826 0.03736789975017074
1.2457465369792358 37.97486285778267
0.33438024440996106 42.498548831421694
0.717732292862355 1.1360414953301374
1.237906676446637 57.714763518054795
1.1627924988524119 3.6696754757699326
0.9437999909921737 8.06197528906659
1.9660258840500906 2.184430494173345
1.8076014777954073 43.613454298670334
0.5487517280374258 53.28375081226835
0.9714110344939706 74.68304723011232
0.6884035336093484 32.059512591811675
0.934339491877597 16.881112477080585
0.8625419407492756 14.992607389641472
0.9903430143742904 7.214655690987522
1.4658260703129569 9.319674883645149
0.726874586464874 5.6110484997549035
1.5593951650182527 0.002484835384990669
1.0393725354311945 3.3940338090635263
1.0418976414159544 27.989911678821283
0.7104588732736732 35.64513373628324
0.7658243736875957 47.90992395539451
0.757197873935756 0.8874988816467624
1.5717321421807615 29.86169639097053
0.6191881712140795 58.80898604074922
1.4140985617271324 1.1501080213003094
1.467523073010817 29.774398475993777
0.6978543160003923 63.69038702722238
1.915654072578327 55.11953944340267
1.4404732769838797 45.09414555759558
1.795373285520867 60.055250858484136
0.9760610070227679 25.403726605845854
0.890427011404738 77.16654161163564
0.5717255346601002 55.002745792804994
1.9644397828556723 59.46340181604035
0.4724283092603887 69.56796097911534
1.9865751677730485 1.8727570040669046
0.49769346996339936 3.437833616735152
1.4657609480468263 52.38403136089718
0.35703424143800433 43.45947910468906
0.8047769691138479 47.15442117766944
0.3880119341146585 56.49627117736965
1.2386210699326234 2.572140859497667
0.41146285643312763 45.14053933945613
0.8646140643116542 16.764780941601373
0.6194014839032524 45.029276503980626
1.2804347208958524 17.402314477207845
2.009128695200115 82.68540508600293
0.9710971958753141 24.63020290381864
0.6665028854143504 41.07211957282373
1.0176440204619994 40.262016842811605
0.27547594194003666 0.6959731104666866
1.0550902001408435 17.100985935288058
1.2455176839792783 0.4753711450346193
1.0609590935629325 15.238617957379288
0.3422108685331603 30.652675102595463
1.5563706633162264 61.053816845466365
1.1181051583532033 21.825265716444747
1.2297443599685203 28.411474305968696
0.9930309834098524 1.1936596833571245
0.25559113041472925 22.26789252645523
0.3382597332228837 31.201648528512813
0.08537539553578 0.9945976142348062
0.1502157537671195 22.934588092326926
0.03909307435572151 0.12401020800819987
0.5803873667783839 8.41528182255407
1.2322378289331066 6.95763346630447
2.0070630810848185 82.20541634341734
0.9534744893248419 73.01302953559376
0.8348592805995318 23.679833928048318
1.1291759097805396 3.9158803798681197
0.8357093398913552 19.789865501711766
1.274497450237431 25.019120999702217
1.1742980767369813 47.77975460932908
1.9973943860966141 67.93722355895237
0.6908796305336886 58.664846469771554
0.2318361546894555 51.770654342317144
1.6501914240577298 59.09266989756344
1.8978487220935372 48.388403613266995
0.18545006842601597 29.96351722839098
0.36271529732844576 49.225909958141784
1.4193548613724252 65.09609088721984
1.0857077920481872 54.229654415204834
1.0870618982748987 23.572357346340244
1.6794277914724525 22.059682399586908
0.12861517854863735 37.57762188774643
1.2256060343180764 61.09380321913577
1.166674876885511 20.93375612733161
0.747987463354173 11.48609875894012
0.785108818226969 38.05625994513672
0.46263057828443577 53.214247506916095
1.395692597045181 40.259267968825355
1.3780083423837284 4.800698112432005
1.2718033638992652 21.837249815009393
0.4001877293813979 27.8014129465669
0.1819624520531825 6.6024500421321894
0.3176494979691049 73.92380503305093
0.6000754368683279 66.8399516278933
1.0392505440121846 13.141834040246508
1.8137366165197808 45.069893676782456
1.7099252368033673 43.838367964564554
0.2169394931651074 14.642282792647169
1.639699768073014 50.65205502494477
1.1759356948316904 0.13545737124592705
0.5744596046229051 55.969819603962954
1.1558551948033233 33.64073493155549
0.4792831793222583 25.013632278264858
0.14841147312966874 6.283140974862185
1.4756400347836203 52.84704788858897
0.3141237228850252 25.886808704854687
1.5545285505263422 65.35780779582628
0.1534786646700279 40.57628093443199
1.0478779716316993 1.8826240461454244
1.873479692488447 49.50586971709489
1.7009235304847987 11.007786085242515
1.1037322983723346 41.60750881806878
0.644447021125596 23.737935644809724
1.5308680576778686 50.88456681045284
1.344282216968557 86.16079314470619
0.5631944653759877 9.344292820825657
0.9503188593639207 15.869236692832867
0.32890098142589186 21.26276417638792
1.4163830512446625 14.619107767334052
0.5182786267092585 47.66843605227248
0.8884612367601176 0.5455105853610103
0.02781636533934473 52.80694480907364
0.5853254376676413 10.879706299235115
1.0557283399531343 76.41876855687647
1.1393935330787741 14.804485063138188
0.9431856465907463 5.790629498777051
1.177162251715599 0.6913130500843976
0.5494757400129541 16.567430865307983
0.6456246459464496 58.695392882173195
1.758473029807905 34.65989343025173
1.0400054254437014 68.26155726060328
1.1903841414073628 1.9580430664231963
0.17471359233093864 2.1180101448537365
1.4795091203750754 59.40444516537944
1.560022394429767 45.53450118167481
0.5420412610182446 13.045483511641603
0.30594435312985546 57.26054915975023
0.5744512704318261 1.236896313336707
1.0779090992289628 13.945321379490606
1.8281987417941274 19.979976822370055
1.1040722640068124 5.343662152686483
1.6194631922006946 1.4974330199413393
0.6411390158406053 51.57579866491354
0.4603206527978071 51.19761630489553
1.435042621551764 71.43083946589145
0.18658928876815095 33.612499572136784
0.7955575401822532 5.5592244146327925
0.17836678290379437 45.42731079676872
0.8195802366745348 1.0731949136340813
0.6683710172050782 9.439049554153083
1.3787981719703946 43.132130134390735
0.07445785772905666 20.754239484349988
1.9834308693154024 12.373947053185086
0.11789470479828301 73.88693723403777
1.3277563321218242 36.799267067410675
0.9240942986320836 0.1614048967474122
1.3936800367405981 33.08145432086538
0.17607450534262092 22.01790677655256
1.4300843881205871 11.856544768389725
1.7243717262866247 0.28604028365783607
1.0755533002490179 52.83739581130976
0.5338162871869261 0.20180467423988047
1.2255667168515734 1.2032524038928774
1.3893437573332958 56.301080004393285
0.4292891254003586 13.413272851505132
0.5855176102415056 55.63346283847734
1.851583668187144 2.1064512284162418
1.0381054217356989 6.757025509404864
2.036326787949486 69.93270492792058
0.37468913405588167 61.9376272792328
0.11851809728880303 1.6566498278658766
1.3957135752320713 67.32833201198339
0.7006633849344216 0.7357709946366353
0.03704526059768909 30.895899414878734
1.6302173723862623 25.713175343920113
1.6049927669139623 13.224248209321185
0.3829072236970402 5.798181111978099
0.2640303194281858 31.219691965520425
1.2242615001305572 11.250662550562328
1.229704298031738 36.876069558038665
0.3103415985471588 5.610492153146271
0.9310192428233022 23.169934967336726
1.8197534730646439 84.64873340683873
1.5529294616819342 64.22591643074408
0.6321781295343551 44.84612986465127
0.1550488289310017 0.138428031236834
1.602390596045975 64.09142553726286
1.3572532354687163 42.25141523557764
1.54258458474528 52.973378158344815
0.9055493819676113 0.692993265220921
0.6110549991254052 34.94372646828953
0.5920122676710948 66.29716614566362
0.7937092996157962 0.8803073191629045
1.43973552819834 0.7375298409730202
0.7265855034778347 0.6248474212494164
1.8270537139825658 7.893462193036974
1.6443929003800781 33.62918843243821
1.2689148776877475 44.70972853939504
1.8141539466802161 0.5867117713958416
0.9820605080919417 14.779352525590644
1.949270534573942 27.588911862335745
1.4584431188545297 25.057870684557088
1.567172213993572 1.8627268803052366
1.810897779994591 13.409106908010804
0.3618801840589694 62.3264186558236
0.9521109460364259 0.5057734709500861
0.4069692317669411 15.688102584031455
1.0872065564227147 41.99865417530402
1.4001239153234504 0.1014152821529467
0.7732344356454028 18.602555168897446
1.92671888310944 9.682411408231205
0.6509192424408209 0.789682818766597
1.3826251101406695 3.1553988557177943
0.33613865806343657 23.4030228827939
1.1272854346359038 71.91848842456695
1.5601074658855727 65.02436892319218
0.5342984040401044 25.35502505887499
0.9887894965994172 27.267833920787712
0.4465337935255306 0.6379044532614102
0.7553566044736519 0.09732125910264222
0.9668765874379119 1.14057394516717
1.3645162212009057 65.33448736934673
0.7732628426778866 48.926441772175
1.2446183540416258 36.364501349022305
0.5534353649487804 30.42996114849064
1.1859118786038148 12.896577571742577
1.4388819216513205 62.49518998585864
0.21953535004445712 22.33658442762902
0.052054281109444434 1.7799207822915248
1.8356330072408826 27.30374635154795
0.5481813383957581 51.477754144643605
0.3011257994299644 29.307864069927486
1.671398243689663 9.44315154750273
1.7582927437764828 18.671042189268256
1.2603651690461133 47.65841792689259
0.2750658734609124 18.48325354389264
0.48575029336818165 7.6364065372186545
1.809730474326825 30.625196400139508
0.7104539770350757 6.175903515499716
1.4600909746019115 62.96471602745896
0.27697628326977497 21.390378251110242
0.2828015092218581 10.348076847751294
0.6205924982320776 23.15830306615605
1.784349351412812 36.629515611287104
1.2700513082230542 22.130932654679615
0.6262740483650842 57.337798029960666
1.7498431934268637 31.885193813428945
1.8980830203343553 73.40455952659595
1.8552658408835736 13.30335760926473
0.36927632730178206 56.26236997057813
1.0391140747189647 36.04257748670675
1.0305016949789487 1.0863604819334378
0.5525785610517995 7.032652725472327
1.7659480778068914 6.53320709338926
1.9596421490822737 47.72956199246319
0.1211709466704255 91.16379946998252
1.4195771184528705 0.02661154053854209
0.8976485804417503 18.465233407123808
1.3465833413576103 0.020218563740592943
1.018932320803025 18.562656842460342
1.5354497338580755 48.37705257068312
0.5792476204387346 43.86187652602967
0.9715205341397019 15.33599495780431
1.9137752791440668 1.6568062935049714
0.6491890732347301 14.987331459469942
1.4740546105810348 48.09748538597629
0.9206353327899741 32.6901198587262
0.8518430216184124 70.37491121096056
1.4467291171353467 47.08285069895592
0.8467991020264661 0.17679189987248778
0.8746887020870278 17.034736748488267
0.39134193797743955 43.156643905439736
1.0455711498679696 28.61219575415571
0.27581846537748267 53.043909066988746
1.4110698835480342 21.605887083894498
0.4990156619939118 20.049235739743196
1.375086615714844 8.709011916509315
0.3224527982778662 43.4119903091328
1.4800308079074005 52.95676790552888
1.1912624182456957 20.580093272096615
1.5646530673291896 6.473802370180408
1.2572647240036252 27.28579199474288
1.5674025120480393 1.2180251204553698
1.4562667227843613 19.283494862501815
0.060064568068637025 46.32907220273596
1.15002900722543 22.203649012157875
0.19652544306712982 7.900930726685544
1.1329813019948565 5.5328483693150865
1.009679724659587 5.958677318823531
0.34749952260194983 34.981119302879456
1.0013475575287227 49.27058283563346
1.463454220324976 30.164731410149187
0.5409388008924849 20.06109453391607
1.05531084813314 14.498188925884321
1.7862697595887291 4.593000558946002
0.395059076702167 0.24348425913386806
0.0805111561204882 85.13823666211925
1.7686755265718348 39.777382794720076
1.6871226486231596 0.33140493715617314
1.1613549243393455 74.91431103613387
0.5234810817091394 72.69300986589978
1.389567167727999 41.80411169672616
1.008796540242098 31.011491870529937
1.2358782397094799 30.84014823888835
1.1847987348604918 17.17180491946901
2.041930065863675 76.96211435103017
1.735566298455939 52.013219392748674
1.7913440429665557 42.33856372271835
1.3884392909791377 39.457719958276996
1.0093685206907888 15.650669131669718
0.8370061939411714 4.759015850081733
0.9021719894557587 60.60455027827259
1.2839002446222518 16.058511852122233
0.22099913822502848 23.443521412626342
1.5957992754023587 2.09477737268921
0.7686598384033035 58.933912845200005
0.5880760441604792 28.318542350026647
0.9521503067154969 51.46334373146051
0.9670954409345878 3.8698430208267975
1.2311547486125787 7.295435271803786
0.6488605282914497 42.216897724304374
0.34433514382721586 8.93587168382741
1.389708985703785 13.094946333024978
1.8061781551811473 39.02702925033164
1.8713918694578848 59.78890902557178
1.7020044306886581 0.46738335027762323
0.46959613399997546 1.4665076919118665
1.459553820084734 52.27828741435829
0.09043357709628352 1.027838774578851
0.16760753393951944 61.32044827843206
0.3980939674741588 45.59418111535629
0.5577538132785689 8.861014165634977
1.2570922227936756 21.693731423297127
1.7710983515646008 26.100338615259666
0.16010756509594204 23.976690425500937
0.7249855612522331 34.42005897897867
1.0806858466146003 51.02079360920419
1.9999537879755467 23.43118927475689
0.9551452534146222 0.9724723746889288
1.482949275646249 39.836490583376076
0.5366254460636717 35.83151708078907
0.3442869244594938 22.23767255729442
1.482979018383555 0.7670901328409967
1.908303254830764 50.242223620993215
1.1373758920727257 10.667091063248563
1.5223562680934999 87.34388184608818
1.2458716686005709 16.013455478640136
0.23187965882753725 49.84953614896237
0.2584861589856503 0.27119947063492744
1.6693313963459162 13.461980717651757
1.127609622119251 2.240472852926583
1.5166295637107252 10.685246392595438
1.11246462478896 7.051770588870574
0.8562814158331149 39.851393515405974
0.48402859045990787 1.9649900110812863
1.057669494222834 1.779676900983208
0.91698342245656 7.768470071887673
1.0001970297002885 42.40496738910153
0.8391147918858436 55.72245588141228
1.2259048863263269 24.158681764785737
0.8307118582273074 16.287971875735405
1.774092497070244 26.275466075621296
1.0058208241955953 37.90554664021319
0.14950067910037879 1.255896382190088
1.5439175499267346 23.602201463648623
1.1032572142848789 5.420975361802157
1.3818808282231023 39.59565987999309
1.9647729781489023 2.303559957574
1.0610683301015904 21.04644384053013
0.72166519819545 60.99932612158055
0.6632881529696018 7.085590468247936
0.9874611349980816 16.145552446119833
0.8644808321433479 0.9208540572438036
0.5831519229258741 37.711829344886006
0.04934215248011642 59.19646872894934
0.13495849893294665 12.160665036346035
1.6110733193583857 39.748127792265414
1.2299054390619868 23.85469700381022
0.672074747349978 13.603170916623794
1.0457669223112642 12.947598033007171
1.1481107964652724 6.988731512619191
0.9115808361946759 29.126862896267642
0.34651378489877604 82.41291480217838
0.679304701745294 0.8373527017507385
0.3614109554120374 38.27335274069027
0.7925409635762772 78.46590789291267
1.6947351424108696 25.90980201747233
1.7822605650061267 22.660666768672666
0.9397895643119024 8.973694074546895
0.6939061599074063 11.708082772878157
1.4109865755212545 15.211580573722081
0.9988069256541078 2.5888529640536344
1.8289330434410391 79.33802938465334
0.4973842218072788 0.6183868823162121
0.49856050646603944 4.695319598257907
1.123643163486974 16.74089319631101
1.13640917323757 61.59406525505371
1.1461681797968046 1.2000526231130357
1.8700173485511473 29.906134286196306
1.8775380903237533 32.24575389856955
1.3721454835457099 48.10442186558545
1.2177334060003657 55.10336391112442
1.1688810081042813 5.570372461904389
0.0651479510303028 52.85462489051221
1.3609563789255903 56.38228370374938
0.3876617660324493 19.550866986147536
1.7589880740124246 59.923940826508925
1.3386173945381903 56.19713004644459
1.2819955884839356 2.696068771745136
1.2078656168333413 34.53393845686965
1.7875745560678482 47.02003794692099
1.5949553729810582 63.614906764011835
0.5294700031451416 57.9213653138426
1.4515445928715338 54.25952204305757
0.9312865456427247 41.86788602112889
1.0071795715397593 14.755528683945126
0.7329878259573273 11.934997718287836
1.353519221970425 43.925305676064795
0.6535335978216301 27.636965880155934
1.5056018707300844 24.114697744847422
0.8330446155156623 82.84275217147696
1.6072751435892036 58.95406308192833
0.9021522570929148 25.470684486638977
1.8751494522910066 109.84602866712267
1.2179095889616742 0.353770500217397
1.37411245550845 51.203842322883204
0.44230699346252766 30.385631056877337
1.404564856610134 20.09324524016774
1.486161915419769 0.012924126646739031
1.125940216183753 47.0818941993568
1.0866155108088262 26.56172236585247
1.370708112455347 63.70502966613379
1.23970507833757 58.63253733036595
1.4551573478814488 62.65412555946715
1.2807338239195905 42.439723850302734
0.14070291322624895 0.23775512769995116
0.24419539071414986 20.362108653532438
1.971170743275012 51.35571299198284
1.6631754932762934 20.040928182238154
1.5693926096918172 65.85092499238915
1.7123205847115797 63.24739167104154
1.8088088071350559 13.08215903132897
1.0056349483169826 16.00228971474792
1.2276395889669016 21.307591009458672
0.9260356985350927 23.331102124308025
1.034943790359834 8.095977827949097
0.49353829165575325 7.834454937159622
0.20253171751857968 29.28000097805415
0.5913873096137965 14.485095733107475
1.552795409476478 16.705659079669264
0.9433018696802309 71.99971131318085
1.9978729936687674 1.9003383005513723
0.824836926391136 12.830731078921223
1.0392875434932465 47.438655958245604
1.771557691439949 0.29070279511159275
1.3454990279471897 10.833906978524285
0.9852032002402508 21.3952022112368
1.0446788643435814 48.558366155750235
1.9512233480507835 12.918250878241754
0.8337813963939146 38.39402609005638
1.9024631114120951 19.394014689829643
0.24014542019371943 47.86240477018195
0.48975446154108215 65.94708201732607
0.9228638762942836 24.10784571417082
1.3169538138763341 24.936595839431945
1.999955182433264 68.15702477168335
1.937257295430875 94.13993503180808
1.950628557487493 0.04121187621431297
0.6708647662069147 16.989488305585127
0.5564478472128611 30.122481991914963
1.3924463809474952 9.20376603998345
1.8302947898623108 57.12879847617924
0.6574653137733757 47.24180336360308
1.079682483026664 29.128825437134388
1.0302173015213254 71.84228149420082
0.40564240296622556 25.62097227337385
0.5848445302086701 27.33500899528247
1.939557999610107 11.41373950728
0.2611540576673037 29.55390370400498
0.880408988355357 29.0859218877278
1.019077315567049 63.37039510392097
1.1409735552208033 74.13213924119563
1.5107660752864995 59.42941864664222
0.6998657283779508 15.1970817459935
0.5518241354422557 18.582459187626924
0.6547410710728553 65.87355717613401
0.5345789230895852 39.36033632198213
0.7269537902981793 0.07858903405377804
0.4157814851572881 9.473145720191457
0.09762898090903638 58.52184166327354
0.17126809814495259 34.354831932497866
0.14708149504520474 61.53550931441331
0.8459233609081757 54.341980463655744
1.048064124052171 63.30800886980761
0.055836485985463535 23.155623524896235
1.4852187653628213 32.14531035365094
0.9907625054113347 0.9743652373975347
0.8611945635011687 11.386092601551631
1.3480025233645505 12.983060694136867
1.5469546517218813 12.216441490000573
1.7550669777387977 99.78076947288753
0.11565827724668554 66.98679354268727
0.8416781606397912 17.72733822985248
1.062355274448473 52.217227174216895
1.366293191213989 43.77134992220034
1.5977218451161335 17.341201489439396
0.28890944838386845 46.865202716077086
0.648684001352718 44.39494727186085
1.0776534972904457 46.1320288643934
0.9699940888639692 6.15301266277246
0.8153085843240802 70.94060177821709
1.3522519190974505 18.06459740933046
1.335377466876734 80.92288839935344
0.11140960702671499 75.64340304104762
0.9097244729818446 73.73637885751572
1.4583115919361649 43.63127767184007
0.7637700487000555 65.04597315680097
1.8735175483536142 0.1271648823431255
1.114899243839628 0.09255236489563234
1.588529749388829 9.715525583060344
1.2950695248393873 2.1804652255621724
0.5610706237170402 8.431983281748765
1.3934443495717082 4.622898574046135
1.6887864910852959 55.695920821839124
0.8949795494028258 49.56358465348709
0.06570909259885238 74.04364071232877
0.6079831134808986 14.015848412990685
0.8187782805985488 35.38735048728927
0.05205043011263377 39.03322437153663
0.9128727620763722 37.52367260225393
1.207906004098583 13.674688099990627
1.5343458301846575 17.265946370546363
0.5977654308922123 32.54142648740859
0.4544255294721068 72.52783725030613
1.2741719114651624 17.141871859417012
0.5202370867577981 48.435949760508954
1.4725386882859908 7.631015964114464
0.3899975953574081 72.75036779497319
0.977263243188091 0.8808337309437209
0.1522128896563193 11.236314685123883
0.4830005786817577 69.18610139554997
1.5549235972865612 15.152980318944945
1.065203346760165 4.679687151984284
1.3813977770899752 38.39543079090598
1.2224383499620814 60.90454373120982
0.10994934401044998 24.156061114512212
0.35176369943565466 0.5669231833359951
1.8631502159545836 35.650719992468886
1.5593170408810426 13.838318212829307
0.3387498836635543 24.815848960532286
0.8775693112792029 6.500451323633589
0.41434852986294834 31.341903656316642
0.10386195221729466 34.29908363053213
1.3305666322469296 51.9282796831901
0.6060602693194466 74.08627000208031
1.3387849791329889 13.018808695052899
1.161374765679094 52.79896990284517
1.53747406600675 26.56202857095554
1.730155680914018 20.401571782591212
1.0612266532794712 65.75284035612623
0.2667292685250138 29.972358078332114
1.5078549067738038 39.3979199648295
0.7444155453745062 29.227877432548517
1.692183798154826 59.47758081576671
2.0010902735412905 67.64144712278849
1.3770251712669228 6.478204020670175
0.027216016424415068 1.7911047412360532
1.2170511468696632 32.04630997240862
1.0505330060922409 34.341437297055734
1.9341516601195237 19.383572788945834
1.4587544977313773 2.3537917517732954
1.051027629963407 0.25224262321628665
1.5174119662241248 12.60021963908317
0.3943000747270802 24.527360722996555
1.3617455627222477 38.4690288456783
0.3034355205851609 20.17995725474946
0.09054332121278819 59.233879760325465
0.6615079332405964 61.72637889790379
1.3996355697969958 11.719456344372457
0.9738393972748989 70.5945634808516
1.0442121136903175 47.322942715249184
1.0143096105734777 4.988122285668621
0.9113778126244526 72.20174714026211
1.8690615486965692 40.56220675703688
1.1026246670571034 0.5258006064328489
1.7342443877954963 73.243690278005
1.9944756685720004 2.06223257764235
1.5641053152582738 38.16060700226254
1.6896678813105468 15.069392935976456
1.921540980147996 9.360300517846934
1.0258130657072335 70.90102889570198
1.2789754063204293 1.9341095713071565
0.697428439827821 26.43917064416341
1.7147568677690543 81.97309619010777
1.2775674665471577 1.5642247933745654
1.5291002188769356 36.740132465182114
1.0228716208860025 3.058257979131916
0.7497568045186014 59.842539896325064
1.2766320458139209 12.690567764546664
0.8087955974903821 6.8367655896363315
0.5619680504725839 26.346244732138356
1.4383364497640838 1.8757113221819115
1.001465075910682 0.3792441658820175
1.8076226687967765 29.75743680957994
0.6021028404313804 34.398091396992214
0.3350509870504509 14.780440184796293
0.4340874037771463 74.48731354809689
0.7812449443348738 39.07417506466162
1.0322230868428266 44.815678898533875
0.5204266939386287 37.39841672365465
0.1158726515048003 22.128015533008938
1.7826297090262082 38.79918597050644
1.0838727349765191 2.0180650316640287
0.6177289305587768 75.84568585211979
0.8311204922967361 4.498596758748379
0.8183001544247488 14.134731524827002
0.9219037593264291 68.73143136787293
1.9798869067736429 66.79354142026682
0.8467279311454403 31.11555406606412
0.9849973979705279 16.203706056129388
1.084506743063159 9.489350819994478
1.1131877628699696 0.46226316906057985
0.1176662191380522 22.15059101838118
1.0152775640618095 11.13939810050356
0.14475029335449563 30.07839257953517
1.515940824485033 58.54778771093255
0.10934909455178843 20.982163864470927
1.2522318574779825 11.383153093539391
0.1697382030997423 7.61961611895463
1.2187503668596473 16.872262201681178
1.5281611207477748 7.004458646350609
0.982725628187257 6.802369940177605
0.38830944275974477 65.93088993749552
0.4772017703218472 39.1296268264583
0.48999599039819075 74.33302661146769
1.1109887355048869 19.543844513091226
0.3802736847376619 28.913137633254625
1.0972140634217404 1.2803887908153195
1.259536020177146 12.062649857158215
1.403147957122223 12.25501106245553
0.4358611264199401 60.468906575583404
0.6556263640024145 30.321836569096984
1.2168703252710302 66.85080960820446
0.9732364246612913 61.85995097355393
1.2310349256181647 9.012507686091931
0.5614158865712127 37.10067722369284
1.3155890863447723 4.139163090444088
1.9136222383287964 96.33539310542679
1.6818452891692024 0.4529666843927478
1.012666201512841 9.951415711532185
0.5976166230297788 8.273644724979512
1.8121725665290642 21.823226917079698
1.1472313511617673 3.1224763705175427
1.1738051905145424 34.01691030383825
0.718503162712835 76.50385608957977
0.2769789436809761 54.14989384563032
1.7295187465471797 32.0851585883822
0.8373680911148165 33.41201699369471
0.4960859227464649 59.04048312735232
1.3807048547037795 11.954920836256512
0.9635334071747499 5.647444519969343
0.693504070375599 11.131440428813093
0.6219305663507565 32.801137346416176
1.1556671481768563 45.55156530924202
1.244721109094957 2.399384160388902
1.0223361853661916 6.585848928136832
0.9646419377186188 31.712421652401314
0.954040570007994 10.153900517050273
0.3440852406177243 67.09446244946776
0.42212864503110603 19.13532203513666
1.723521602373021 23.609369697670594
0.7028528440998445 3.097356164620511
1.0113272221750358 32.16274761312919
1.8477253380316698 42.9400481940952
1.0198573283829793 12.697902279650693
1.6455354545377998 53.96899309429203
1.4377138422981393 46.0331523870515
1.8554980747925018 39.96150106249675
0.9011138716036685 13.130238366838988
1.2529087706765525 14.520647284610043
0.5527047085927329 24.485924791848138
0.26700925860254676 2.7481652734895956
1.743377130315657 22.592249669218894
0.5638818282819247 81.75434221354575
0.6549022027193208 5.3707588574473935
0.452038809412756 43.96387727769162
1.6454676972203126 55.42091889487796
1.5059038318785811 58.46449873489739
1.5245383077647325 28.624314791521687
1.7627673751929627 9.374715924068573
0.26906163490049195 11.638012749817122
1.106168324150064 35.72924234656534
1.8693200593544306 12.79970671347775
1.1345635044203553 5.556887242149957
0.8776001255551582 29.55947786635269
1.183222113869382 5.458621554283553
1.5534433076226062 49.648771041308684
0.9340283475072543 19.78229664353851
0.7102486381160179 71.64844931154559
0.48302114022399434 69.35653037307802
0.26863162513911665 14.472083749525392
1.6843835259936393 52.36374696012621
1.408422720180957 55.30787528776794
0.03332734325517617 2.3775219786830357
1.2321059138311132 5.28186655576984
0.9891256052198738 10.825933392549855
1.5081563563693259 18.531148287425033
1.8401207031286795 41.51046160168457
0.9444557990449797 25.74423600034323
1.654347923335946 7.65221646056416
1.0903394443488872 18.25911610585615
0.0876752737700911 79.73387036820505
0.5630090696998115 36.17366179243521
1.0705293229161739 53.40685090589423
0.986425145803142 16.227053991491857
1.5126174493670494 18.986456124361617
1.257212809811053 28.864858008643424
1.9581699753225554 53.44498699550799
0.07551592289162923 77.89264760946858
0.8572356732427078 51.03942775081388
1.73929867322019 56.91622840609425
0.14647546795076127 24.94617867818308
1.9768906218516946 55.02525455386664
1.0523401222748394 6.348802113778806
1.4529302384800402 49.300553203600444
1.2024188109763223 26.851896800477995
1.1347980196482887 13.155146421850185
1.7621695099449233 32.05908390896283
0.76199777360046 14.902089490838254
0.4493486727892979 48.93308652606229
0.5782058367138183 54.178106983192464
1.3112355572795236 44.78510913149546
0.5134043250935916 0.04506589404978745
1.4210976464259328 19.321224990750526
1.0209753039792806 7.819121217692133
1.1696586731548737 1.3507762435407247
0.8824143806383414 53.09664065900204
1.1496197247814093 4.659440873488345
1.4244035502777612 20.34839910574307
1.5163901212509412 31.850430207230538
1.2302112719561173 51.70657693398407
1.268014838309004 43.88959515512802
0.8469365443542205 35.96537619471971
1.3117897986935088 12.500849643600667
1.2945628608265873 1.8000438570909425
1.1272864563315603 45.46497779642915
0.23862016394681818 22.946692963917734
1.454786181196701 13.469756701607599
1.7162934528873361 43.52838483379817
0.23615115818377508 29.8880911153341
0.8140058753768509 0.9270647078662922
1.5853744226608284 10.38094522596801
0.5247282961948683 57.408936253880185
1.455740395235569 0.22900451558233925
0.9223046969142856 0.6320359695379631
1.3942029115295167 19.736885173925174
1.6697416889951109 0.5281665768170063
1.5437919000889573 42.95836412977626
1.054241050128922 34.9918423256087
1.2414764000525667 1.216451394493081
1.657808069151956 31.451187696026143
0.7214064095253857 47.87726611838419
0.602785672219717 32.59432240231023
1.3145710186722626 23.492811034859614
0.6493247120962731 20.629463640852727
0.9772123038230232 38.46826755784532
1.0228065285719123 18.98219281032488
0.461287461780844 2.53572530118817
1.6017024638860944 25.099739123810917
1.400906754841859 15.785064888398914
0.7993205881441208 9.397765313375826
1.8102009064940237 51.44597673328698
1.5746797279445102 0.320759529458271
0.5087321647947803 20.301759676507878
1.0780386391230072 5.005929912804222
1.5806750599250399 30.316976685475346
0.23279198952259883 38.42462809701742
1.5908461282220432 20.190173411359236
1.2417179602532702 14.425241044019314
1.051230694249219 0.5142710824343473
1.1080343601579083 24.614934027037894
1.015602481283001 66.92215347743218
1.4509188386441625 7.269988367326867
1.3924192378883151 27.32976614447401
0.7513952862310489 0.07427351864165033
0.0659281132489119 45.89484641341406
1.3350519410336492 58.34915108726511
1.096539918432212 5.439783579168385
0.12761471417348857 1.1174742681574121
0.9413050446664968 68.43571921656027
0.5290567897136376 77.26718619824274
0.6939018776002281 35.555721028899335
1.4376476715761468 55.80380241617948
1.475560150985383 6.758351726403744
1.7724603955232565 45.26098362783629
0.5187356967690528 5.256089338696347
0.27808015918732376 19.668303207385115
1.1333064686260674 1.7618362813680046
0.7742996890719378 53.777044450314946
0.7619091832319612 9.216207546090281
0.88467192264109 0.9408200448303947
1.102773942980852 12.918331808670075
1.0421650474528694 42.35788001256762
0.14976028601347657 93.80748437690465
0.5505507326279413 26.938606512810292
1.2959542021744097 14.3434236858295
1.1177679094196022 46.888858258798976
1.0920792474034813 5.325386642785059
0.5390371928346066 75.82834924586876
0.9639431667287505 57.94402925101292
0.3860172118395795 2.177780106709001
0.6439630015604895 32.0517240125567
0.7795394582417714 12.072615045958804
0.6030231084347879 6.480051904889768
0.519167243263636 44.51843737665185
1.8414459429903955 50.356212658271154
0.45351794442574733 3.7369522028436126
0.3995577237682745 30.504958840726843
0.7464277324387102 0.6426828722574209
1.015333542425666 24.21654472011086
1.779546531508519 2.1117405220314347
0.9504294530611783 23.058091671521417
1.1104428779758966 44.41273771461739
1.8787279936075583 40.98205836411606
0.5831829210375836 28.50171118413197
1.2333885874035806 67.64892166744126
1.5996826117989387 45.302106152351925
0.15070039236130028 0.10871586039524361
1.9904212685026397 0.004127796598445199
0.41619707315396115 47.763664572508134
1.0514680753081729 20.83352889372908
0.574475588113651 8.97564306879588
1.5579981267165062 33.154899192952676
1.89587792356124 36.56088729823834
0.26411617745606397 27.60325901425869
1.5134054829150738 65.29958931187454
1.1134393938234728 4.40597113620499
0.15294566692833234 0.19292535578129735
1.300273775370072 46.71710672381562
1.3549981152810142 37.825460410254436
1.5084252471642126 55.645166214955744
1.8757428782571102 56.91436657938755
0.9930281065760366 12.662695664366828
1.3997586651965923 59.582780370837
0.34971036448082216 36.71251084101963
1.3062713835227815 21.522740977379467
1.1948664420732826 1.2900960141048052
0.7943534433504394 46.78209196312298
0.2057454714735234 16.147220145911813
0.9852685445967835 51.547994020587026
1.8132832496662354 53.95682789349803
0.7678881837648374 14.52386133388414
0.8413890397970972 33.06837808231921
0.9822626239066099 1.1350054255973523
1.727017428951382 39.52616743031879
1.9765790540858696 0.0020551093434908463
0.30642710081506364 12.094259044080239
1.2569848987420695 0.4967851633168292
1.442383102569957 11.342381238004991
1.0690029063037827 67.65781846846072
0.11907742411862277 2.3709357377545692
1.3126156950249288 46.24621840296402
0.9027467942598097 10.510328759928274
0.5076441852778681 42.8328258013403
1.524248677368075 1.2300062646690368
1.5878572712578818 20.08828166084878
0.38594124568618127 2.3016601337859783
1.6543740304987504 54.954188232926214
0.48147601987585587 68.93596054312113
1.6804859954725402 42.655602209625684
1.2947080306734393 2.6384754232914904
1.3668381049898777 18.868808606876527
1.8056591230999874 59.350753116186866
1.75809055966792 31.563158128313084
1.505053496210917 25.884126332599593
0.730945660976716 51.102637690186576
0.36950536997054095 13.029166584285022
0.10639638181419897 50.36440558445074
1.4647945242695721 17.713502993689296
1.763564447174638 27.028417346403128
1.1453113002421855 5.051488580036654
1.2763001282472675 2.450150167391662
0.4476913817646704 10.53716052167005
1.7853387427346972 79.72067463678593
0.9308891006896733 48.27147758222002
0.5999042817494353 41.71181020766389
0.3379873203145728 1.9948831105992162
1.1256733729772204 67.82451564284607
0.31524582754074437 19.21920553923869
0.39823292192148085 18.14703118438817
0.6868549475505255 48.9877314091449
0.3710993483686367 13.016499283524361
0.7597159174570254 0.9670731459259988
0.23293282019455586 1.814723495677871
0.3290477536053532 37.23534527231951
0.9141800918337862 18.210275039395228
1.7114999662988493 37.20487421138427
1.408876349397736 64.97513786601556
1.1176389753419158 5.742868793111973
0.11497967650547303 31.13265136614065
0.5029027440661282 77.66526383697946
0.7472779739201696 36.62584360686269
1.8656016339698338 15.138382673088213
0.15095236195371553 3.5509837172757575
0.49809879040018223 63.0342548566072
1.0077250535445208 18.86526163229611
1.9037486178944953 64.24625106499332
0.7173236307308647 10.612105830193503
1.868321936348664 72.7088361818229
1.8366462995892903 57.12766297928164
0.7089823592409696 9.748939256502634
1.3381447277451435 6.357947020957039
1.0813548989961614 27.918004492837362
1.0262105762998792 5.245930895267524
0.207535927672568 56.023597386793284
1.0486327684882137 21.13363080046402
1.297374983396483 42.928328873495715
0.6323259448806922 81.3853004031664
0.4651684187579188 22.49590515088013
0.7383763876624141 47.53209265658779
0.8094029962595751 53.93092465752971
0.14755712738219084 44.634953829538404
1.03510545585089 6.254341990985734
1.7768050300053022 1.5943457504491798
0.872166437037949 0.9947948206400036
0.26816795582175834 1.2997421978585042
0.6209509372885188 72.60940929569995
0.3388657500000758 60.79534571099853
1.0158452935071371 73.15129261692195
1.8478789805542144 1.581364864602368
1.0170258963932548 8.9097771783581
1.9247610636241919 31.34250791344492
1.0254629341423631 54.74189289166834
1.0027575699144549 29.54835162943266
1.0495220577198598 28.561407462002165
0.5923859078169293 33.598709582946
0.6270634038580043 24.906033222423574
0.7200957967777586 55.68064910439602
1.7411512628638706 37.416981784590185
0.813221650414129 17.29087202472985
1.878563118676536 79.19804824325803
0.02093880573649254 0.04230323689236896
1.935577949556238 44.85680435723647
1.109170040540787 10.962266000479758
0.4457172306498599 5.5392112322517235
0.9625009086477722 65.66095830016243
1.56557038743687 32.522977299869225
1.8057278985238097 64.14938930621817
1.451140183972208 44.642872932285314
1.5960267866397393 7.2657150573667
1.9305753419526792 9.964758097955514
0.7021523627461586 52.812181374532486
0.29831329494392045 82.66598912795654
1.2079803544824597 38.74298878546183
0.8287038644423939 42.78854173274017
0.3178152126345384 71.76705925153067
1.271805806102234 18.99395996807231
0.4909108296869744 49.151475116350234
0.9841584790047485 3.0581979092634937
1.9433875599912862 61.41291297565862
1.0498401641197137 86.49177020898041
0.6960556707934078 8.65573369212782
1.8840129376510069 0.1328204346151305
0.7646552195923679 77.36721463122346
1.5997172305663723 16.062913734568962
1.265303117564455 27.16469573156664
1.300210833497267 30.94551185975646
1.2995296044197064 17.743448640796302
1.3865160426606051 1.786252861455274
0.5341069136072428 14.335585415313343
0.9888767853591528 3.027975155950618
1.3286369171479224 60.20099030728034
0.5611692351718796 56.71666094275479
1.74134399785693 72.29026366160042
1.4410604123744803 13.304588688038258
1.008098756032642 43.73254169614006
0.6775241277718758 50.33123288450345
0.9623484706987068 2.69969596680538
1.9227795207993306 63.86437410210738
1.2959476061467994 50.103777428875794
1.3095462496882897 16.882781933251053
0.786129694765432 19.98095490943375
0.41740063721169474 69.77727847477604
1.1754834425261005 4.257030629887958
0.7295173918046747 25.083002482670956
1.1149497010584737 54.56035019725932
0.4837237039699185 53.71725259947172
1.6705050275357949 7.408033995709581
0.10363567385994665 34.93837030176964
0.15064334209352204 29.29534007162198
1.330384285885573 7.470051360735042
1.507609022865985 0.09231813035785774
0.7309735969370402 4.22958849268606
0.3118241830411066 66.15104916699319
1.9535077940866512 82.47942614027025
0.5171596659652804 74.54613485588774
0.7812355644627672 55.84822701314113
1.0512070362991144 53.01707498629834
1.2523874740814898 0.07370651406293338
1.9476969690049408 38.07747344606152
1.0671971822078574 36.73083405991976
1.1924840522023472 0.07345893708625018
2.0068852058520266 0.05130719574002751
0.48440632088333146 31.876565745733203
0.7963431092558605 74.07775816722268
1.628502695355456 9.061253200662104
0.8122569050151086 9.592826996857632
0.9557454143677774 27.94152372274124
0.33277572512428444 24.488688388598334
0.12077224619823779 24.62687249108672
0.724871789043285 58.08896681221577
1.621644424463307 51.46575508234646
0.7360304646452324 59.16538888563776
0.5813583848233027 52.17351623221725
0.7640360209500785 19.640411604199862
0.6509412230151967 52.65277942782389
1.0652451681724895 4.699666575854954
0.4438590903223988 46.49295826596206
0.516303572107053 28.592004169006326
1.0987665247651965 4.708079648362959
0.5027465366520778 28.601098290377973
1.3015489806736276 32.83981550544173
0.015314478407178256 2.00581959987177
1.7659315601028478 29.769152248396786
0.543506777036002 36.49127214779557
2.009498016913103 70.87828976377406
1.3262221443942988 13.382532948337413
0.8288670284444686 34.62413317295258
0.2652634226072522 36.736110523275514
1.7583965651268487 28.061366012469957
1.1557612879799346 0.7132787862600454
0.03101463985778563 29.14072493736247
1.4887261959120732 33.44607009413735
0.273862303930121 47.458195369705706
1.0709148592200108 17.15210194457532
1.780570463553249 71.98421385200315
1.6768624472832245 48.71500540570496
1.6096000165377449 56.07333035479859
1.4631608661978515 22.183288327157474
1.216316560507463 23.369670615088843
0.3609755988138983 2.119550593604138
1.098676499743518 0.18067733114162476
0.6988938983222075 38.42711832010579
0.5425365555971603 12.251907237893512
1.191581810563934 46.40824328929833
1.1219906274157987 40.52548015970213
0.11907411154941183 6.914958175830133
1.517891385510723 1.978035466828512
1.3545994986935246 65.56993455425335
0.857301843616411 28.20127260934137
1.886142360916711 1.7299167176380532
0.7535325234073774 6.3097659362066905
0.6129168842307271 13.56049533855584
0.11546868939916333 49.61358403477732
1.1741511120894592 44.884575733053985
1.072953947194723 36.21115108926451
1.0942102853716094 5.706992598340957
1.8488367751508155 61.568436890939765
0.7760307658185079 0.8465013546909792
1.5967781193427468 1.8761417358470223
0.6415297524823002 40.743610750439544
1.0244636412272883 48.689351435764735
1.2589778629596964 16.066646228788144
0.44526780562979185 14.291345203852867
1.5721030144474681 1.0225426394838815
0.43302196879265953 11.20614341413017
0.9934966402753692 0.1354924195731635
0.37349137637799557 11.333768241923304
0.675869318014775 0.9174482752633148
0.7995712055544664 0.7806223055351487
0.9889282567416086 40.328761268449796
1.1035422998040076 71.9264302614015
0.3260342927169311 0.7069592544980061
0.7922825915315818 71.004253646942
0.15314294500140302 11.132687272941729
1.367372279336772 12.04400307568661
1.5885421585391244 14.260366886034312
1.5468744086207682 1.8089360340430554
1.9661872337017594 56.92117493953272
0.6913797956625565 39.060709614698645
1.0473369990351398 46.05062982231317
0.6591758203060071 5.344555101981975
1.532629635145922 42.37126901046612
0.9764615346398278 54.66921730323527
1.5079474693718522 48.74310353329664
1.4130171008664414 1.8783049069766882
0.9307230966092119 0.027997407909871486
0.7310363258253323 0.11975274097394872
1.627180688224211 33.799053976381934
1.507170968356383 22.453669733645583
1.4547357441856548 1.8216514418388245
0.6760267371633442 34.24641716252392
0.19299842145090207 37.005193189484864
0.34631179177002847 22.522469245843386
0.08439618534677906 26.346798765735347
0.8543767092486657 34.87595982488895
1.626420133771029 56.16503323843059
0.3575699096751025 39.38912207008404
0.8966754763060358 22.868175209122924
0.6168664456246946 54.49161330543195
0.5273760334455068 5.065500559853055
1.1014903355204713 39.79052913613346
1.0591763124947695 28.492505036768314
0.5453010613181406 30.141667456063093
1.9307376557821296 77.83436181266006
0.39180305878762733 76.07963642393088
1.1814864401310476 49.67206595045217
1.4232193007275256 20.92956421613868
0.7187140426479216 49.803200342065054
0.18258482141725008 9.267001661817163
0.08058607443598831 7.355947029848817
1.0269420598825785 31.704197764134967
1.1651467164356297 67.66550155244306
1.9323190299659387 9.804282224796683
1.3479794300948054 25.75138222580474
0.4262038277997443 58.03913668471675
0.491234371708992 52.84997021969855
0.7678763931666224 19.152153889617864
0.3092491182514332 57.40751022874686
1.4501854525224682 45.94047416789755
1.3976151841426925 52.077479225050695
1.6016707489101742 25.506274146030915
1.8427096294359826 40.403471080292505
0.976586080318316 3.3891497648242064
0.7695090477880598 12.137453148662836
1.9428257347196503 42.10476967566086
0.49724911075595846 52.92530466184986
0.632985845590755 44.44655160116065
0.9857510020802656 3.3120590159215095
1.4352497599938827 53.68701024163506
1.836232759516566 20.924098962996837
0.9092531343406709 33.3190394740701
0.7412724737221913 47.33954725301564
0.8626991173305747 6.232603738799909
0.6069627859730169 28.28336412422498
1.4881968686210572 40.6849970756182
1.9399947068123384 9.939225439700476
1.4538368266876502 41.75968533235315
0.8333680670648733 72.90697686223186
0.9907804579222239 39.50564124878049
0.5347762712466547 30.933351362584446
1.3780506529982264 29.171710446899723
0.36389172990210983 58.89497856526487
0.8800024197921781 10.065769785478865
1.59657247242161 18.32611503896279
1.4355059829867844 85.19016095089522
1.8044680007762952 0.48543932919083854
0.7884503277624837 9.214687951823272
1.2451627272748156 59.84413406974056
1.5414610028595064 4.050173622386482
0.8767997077968634 16.14933691541414
1.9811142024056596 15.38222622311945
0.9801889426282084 1.069278880235289
0.33354021532052824 74.30267693495881
1.906294340704683 1.6027355641344532
1.1935995860823463 1.0321513178115815
0.3790515225902865 61.08334916934783
0.30091286164906994 31.562909741959967
1.0886311590879034 1.239035589150101
1.9255327251434553 103.76915618360252
1.882713998742957 29.085289878243692
1.9410886254952597 10.178974965687676
0.6486160803592986 12.535023207721837
1.3764317859499187 3.9564100112903686
0.08480137604601157 23.166107375891443
1.6123391335801351 19.6517001700123
1.2750269665460072 11.483998134961311
0.5792062577355191 15.710241792396374
0.8588188885035756 13.286437540846727
0.4351800374834124 13.954465352905672
0.34255058374454306 53.13330242428584
0.9468806565231288 56.40027729794352
0.9578877928325994 5.048177737458348
1.233478257582841 23.261634936862784
0.6379173317441877 4.8310966485433955
0.14091861691991792 7.718012949530445
1.158882885859703 69.16324647845889
1.1445433801741194 4.356152948644977
1.0630992140805617 20.868306407632925
1.4651089514082747 10.566579814717285
1.7695384975497142 44.73206855971222
1.515347109171298 36.544262269501125
0.7745544433721877 34.94246587631297
0.07187489877616815 44.67398085709936
0.5602992623183969 27.56439540837839
0.5241729740157415 24.434847773484847
0.6118392468772909 23.638685884632764
0.397775463397966 15.011839302040336
0.8793125985939866 24.668530988747307
0.7350830906894098 24.82424329353529
0.4596046666391128 16.244969060282262
1.213223133387329 12.870148235955782
1.4565423861477138 56.89034347718946
0.5768967862244994 50.234252764640644
0.33663726779574843 1.517719988895962
1.3061178578799666 12.473494556940256
0.5450676833315437 63.41415078964688
0.9686358488231179 48.827081304825825
2.000094541580511 75.60165499764818
1.55451728442256 32.408363928469825
0.9422936286171488 5.120143089881335
1.4319144602671452 68.50762885825057
0.32396667034328397 17.376162829151422
0.9343591224029555 17.94398011458391
1.012092955959837 19.289491965605297
0.24904423763558625 18.25317735148235
0.6855456220872489 44.47719371975771
1.5154904432998715 25.784950430828577
1.306926617459344 50.68628533695269
1.789631817869168 54.30350485594958
1.997713717382855 1.9304702040614146
1.033912255653811 17.79554518459035
1.313556953939837 12.536164308719085
1.6567325055124313 24.07625150400454
0.6255138143552471 26.233144473711302
0.5262237823867659 0.2040506181270214
0.6462618352158198 49.09146843710983
1.6409059846916891 43.06628371072827
0.08836053304583602 0.1567445406789834
1.9538748866566231 40.1155944006582
0.6600851169992334 14.658759085924114
1.724435911526887 8.6569235314002
1.9004438693686336 2.5278071050895523
1.6705533788555393 1.5624241450461769
1.734724351975573 28.40052673926245
1.8644232060504131 26.19534517077751
0.45368764500303826 24.37698179337786
0.07175198908536562 25.24799963101224
1.4494807880928744 24.95024691838013
1.086999634732522 25.124011661232586
0.3668001424185938 5.203604133142019
0.8267062623203887 70.19817724085681
0.8856560562935268 5.1892382324476545
1.7000237047813318 2.4110150135826744
0.8689022713007793 44.71588859045862
0.8978312628294322 5.322190279031305
0.7464127571174699 68.81612337454794
1.3646369642634522 2.919680284692376
0.9826490261625191 19.486689659395022
1.6162653810115937 1.7209701377164481
0.03878340667602842 35.46416760943418
1.7989342826156998 33.14374930761018
1.2073793982374335 32.877585188210276
0.06774102430260487 21.448674442941957
1.130237526465048 0.3901316631725067
1.2498536866823797 1.2822580463266113
0.8321853401916226 12.866122937069377
0.7200799982620445 31.785555760200843
1.8231853344824525 28.767896938692136
1.1906683204073203 0.7116474920598982
1.6673075278384744 0.8537467103430869
0.5760476114778859 4.957424100481758
1.1169207966281376 4.676115561204474
1.2113853391030112 62.76653361399416
0.32168420716875 1.9672407723362848
0.5560242349820737 49.465099601965875
0.12758391516803436 39.34968983519383
0.9197288924338701 11.178387725131559
1.3022881023040414 11.570396183594537
0.7958949641523012 49.34227134193738
0.05663851536692721 1.9179441695517205
1.7960774158376691 42.14260645889138
1.2827959957604862 1.3469213306597112
1.0092363824892117 35.55991102978384
1.112610822714835 8.019478824949722
1.6058364113553343 32.040963957708875
1.173241317334333 54.22322837455705
1.8774368285768563 19.98977624715674
1.159052219627607 5.739759531695156
0.8170170982371076 5.866712386666393
0.944207229006464 18.08119855311153
1.2688522192597695 54.71214474287066
1.9030629882216896 48.249913460117085
0.07923860026136476 0.2057958567150863
0.6322056459789276 3.386481515074693
1.0545013407786703 39.01672794153785
0.2642644061486469 39.01464425976
0.2005885104582702 5.696580414940591
1.9972046304978308 21.289127429679127
0.8526830654699808 27.345169588733487
1.803885671669311 103.44487947181435
1.1642633305301517 26.78514077881444
0.7824035190923098 41.78409527971961
0.9765277324189371 19.018225733888706
0.9943672558674066 78.98900497852159
1.932680125978796 25.64093658756419
0.571649517152492 45.097960032490334
1.641292426785412 0.15618429092251884
0.13905425725845078 32.22177115616592
0.9385421010891191 47.29168596992355
0.3278046302207712 67.44388742147684
0.22411854165263412 33.67963922936785
0.5988887171708699 1.134721206634567
1.218148168661788 24.61973743613701
1.7832141486188609 28.938325621836093
1.2906858296435977 40.832732235086524
1.2887582284615577 35.72753266020991
1.0080566162022688 3.6537538692245626
0.9052523803406445 0.8279749564891106
0.4165903475110668 21.43025932763656
0.7475625558790203 13.921948303331117
1.3253895345376276 22.525135732496
1.7158283863505455 44.65217085545438
1.486219801734127 30.994076298973148
0.4110109077874555 57.20149936242376
1.236582820534345 25.58689586639611
0.17506668703075856 66.36323620150296
0.15613901139245312 5.01561703438937
0.6424421117514445 54.01313649890439
0.5978605684061467 20.673969881423417
0.6728673429590416 54.828119078001606
0.6804742729383733 5.157175398216651
1.1946068455686982 59.13897902098455
0.7312796379008827 1.3825541367068057
0.3082985084232639 0.536414472675631
1.9615924056341976 68.49509622218906
1.6860636515974905 14.86564862915639
1.417641504036736 68.21770087356232
1.402300428804509 7.52446848302713
1.0783365537586584 25.02244426012451
0.5756145546571829 31.813377528593314
1.0021534815096464 30.90875956335438
0.8516297706396919 2.391340439940822
1.3286498119449277 62.16693668909399
0.7989455872342576 5.9219252389907915
1.1112988288208199 18.706603828418363
1.820375475145898 28.60656972709615
1.6639402747672727 68.78841323970838
0.3084816816367605 32.02265062947538
1.8445130237878373 48.025724108104335
0.6722478278040087 0.12925517141125908
0.18669168754037369 43.13631218728024
1.7264150564446936 19.83629259221061
1.4213474773002654 41.84274956748689
0.4420984291535788 47.45301515750869
1.1945576609450257 13.425281439115796
1.1477445419241616 95.28800977805327
1.1281900266727822 46.4957312489548
1.1154336104082159 15.004896823815788
0.34147611713670023 32.07121012293344
