Fitness - Violation - Position
[36.19184695607382, 41.03816996320592, 40.064170775767096, 39.190922618643825, 36.084982473140286, 12.457116164367633, -4.573066575909493, 9.820976961251638, 16.69002138186862, 2.3086255566594573] - 1152.20673490028 - 2.2110190089025696
[36.19184695607382, 41.03816996320592, 40.064170775767096, 39.190922618643825, 36.084982473140286, 12.457116164367633, -4.573066575909493, 9.820976961251638, 16.69002138186862, 2.3086255566594573] - 1152.20673490028 - 2.2110190089025696
[36.19184695607382, 41.03816996320592, 40.064170775767096, 39.190922618643825, 36.084982473140286, 12.457116164367633, -4.573066575909493, 9.820976961251638, 16.69002138186862, 2.3086255566594573] - 1152.20673490028 - 2.2110190089025696
[36.19184695607382, 41.03816996320592, 40.064170775767096, 39.190922618643825, 36.084982473140286, 12.457116164367633, -4.573066575909493, 9.820976961251638, 16.69002138186862, 2.3086255566594573] - 1152.20673490028 - 2.2110190089025696
[36.19184695607382, 41.03816996320592, 40.064170775767096, 39.190922618643825, 36.084982473140286, 12.457116164367633, -4.573066575909493, 9.820976961251638, 16.69002138186862, 2.3086255566594573] - 1152.20673490028 - 2.2110190089025696
[36.19184695607382, 41.03816996320592, 40.064170775767096, 39.190922618643825, 36.084982473140286, 12.457116164367633, -4.573066575909493, 9.820976961251638, 16.69002138186862, 2.3086255566594573] - 1152.20673490028 - 2.2110190089025696
[36.19184695607382, 41.03816996320592, 40.064170775767096, 39.190922618643825, 36.084982473140286, 12.457116164367633, -4.573066575909493, 9.820976961251638, 16.69002138186862, 2.3086255566594573] - 1152.20673490028 - 2.2110190089025696
[36.19184695607382, 41.03816996320592, 40.064170775767096, 39.190922618643825, 36.084982473140286, 12.457116164367633, -4.573066575909493, 9.820976961251638, 16.69002138186862, 2.3086255566594573] - 1152.20673490028 - 2.2110190089025696
[36.19184695607382, 41.03816996320592, 30.937097882335923, 39.190922618643825, 28.309112339432453, 6.777977474249731, 12.507121257240485, 9.820976961251638, 16.69002138186862, 2.3086255566594573] - 1044.3607901297487 - 5.565320527086187
[36.19184695607382, 41.03816996320592, 30.937097882335923, 39.190922618643825, 28.309112339432453, 6.777977474249731, 12.507121257240485, 9.820976961251638, 16.69002138186862, 2.3086255566594573] - 1044.3607901297487 - 5.565320527086187
[36.19184695607382, 41.03816996320592, 30.937097882335923, 39.190922618643825, 28.309112339432453, 6.777977474249731, 12.507121257240485, 9.820976961251638, 16.69002138186862, 2.3086255566594573] - 1044.3607901297487 - 5.565320527086187
[36.19184695607382, 41.03816996320592, 30.937097882335923, 39.190922618643825, 28.309112339432453, 6.777977474249731, 12.507121257240485, 9.820976961251638, 16.69002138186862, 2.3086255566594573] - 1044.3607901297487 - 5.565320527086187
[36.19184695607382, 41.03816996320592, 30.937097882335923, 39.190922618643825, 28.309112339432453, 6.777977474249731, 12.507121257240485, 9.820976961251638, 16.69002138186862, 2.3086255566594573] - 1044.3607901297487 - 5.565320527086187
[36.19184695607382, 41.03816996320592, 30.937097882335923, 39.190922618643825, 28.309112339432453, 6.777977474249731, 12.507121257240485, 9.820976961251638, 16.69002138186862, 2.3086255566594573] - 1044.3607901297487 - 5.565320527086187
[36.19184695607382, 41.03816996320592, 30.937097882335923, 39.190922618643825, 28.309112339432453, 6.777977474249731, 12.507121257240485, 9.820976961251638, 16.69002138186862, 2.3086255566594573] - 1044.3607901297487 - 5.565320527086187
[36.19184695607382, 41.03816996320592, 30.937097882335923, 39.190922618643825, 28.309112339432453, 6.777977474249731, 12.507121257240485, 9.820976961251638, 16.69002138186862, 2.3086255566594573] - 1044.3607901297487 - 5.565320527086187
[36.19184695607382, 41.03816996320592, 30.937097882335923, 39.190922618643825, 28.309112339432453, 6.777977474249731, 12.507121257240485, 9.820976961251638, 16.69002138186862, 2.3086255566594573] - 1044.3607901297487 - 5.565320527086187
[36.19184695607382, 41.03816996320592, 30.937097882335923, 39.190922618643825, 28.309112339432453, 6.777977474249731, 12.507121257240485, 9.820976961251638, 16.69002138186862, 2.3086255566594573] - 1044.3607901297487 - 5.565320527086187
[36.19184695607382, 41.03816996320592, 30.937097882335923, 39.190922618643825, 28.309112339432453, 6.777977474249731, 12.507121257240485, 9.820976961251638, 16.69002138186862, 2.3086255566594573] - 1044.3607901297487 - 5.565320527086187
[36.19184695607382, 41.03816996320592, 30.937097882335923, 39.190922618643825, 28.309112339432453, 6.777977474249731, 12.507121257240485, 9.820976961251638, 16.69002138186862, 2.3086255566594573] - 1044.3607901297487 - 5.565320527086187
[36.19184695607382, 41.03816996320592, 30.937097882335923, 39.190922618643825, 28.309112339432453, 6.777977474249731, 12.507121257240485, 9.820976961251638, 16.69002138186862, 2.3086255566594573] - 1044.3607901297487 - 5.565320527086187
[36.19184695607382, 41.03816996320592, 30.937097882335923, 39.190922618643825, 28.309112339432453, 6.777977474249731, 12.507121257240485, 9.820976961251638, 16.69002138186862, 2.3086255566594573] - 1044.3607901297487 - 5.565320527086187
[36.19184695607382, 41.03816996320592, 30.937097882335923, 39.190922618643825, 28.309112339432453, 6.777977474249731, 12.507121257240485, 9.820976961251638, 16.69002138186862, 2.3086255566594573] - 1044.3607901297487 - 5.565320527086187
[36.19184695607382, 41.03816996320592, 30.937097882335923, 39.190922618643825, 28.309112339432453, 6.777977474249731, 12.507121257240485, 9.820976961251638, 16.69002138186862, 2.3086255566594573] - 1044.3607901297487 - 5.565320527086187
[36.19184695607382, 41.03816996320592, 30.937097882335923, 39.190922618643825, 28.309112339432453, 6.777977474249731, 12.507121257240485, 9.820976961251638, 16.69002138186862, 2.3086255566594573] - 1044.3607901297487 - 5.565320527086187
[-20.188447743310896, -8.780110265458093, -2.2693123697131554, -1.313785868448349, -17.02652270944306, -24.06022137518118, -12.706559118635376, -5.450937368776392, -9.498471357914362, -10.784826062831023] - 723.2873305989027 - 2.639848983298106
[-20.188447743310896, -8.780110265458093, -2.2693123697131554, -1.313785868448349, -17.02652270944306, -24.06022137518118, -12.706559118635376, -5.450937368776392, -9.498471357914362, -10.784826062831023] - 723.2873305989027 - 2.639848983298106
[-20.188447743310896, -8.780110265458093, -2.2693123697131554, -1.313785868448349, -17.02652270944306, -24.06022137518118, -12.706559118635376, -5.450937368776392, -9.498471357914362, -10.784826062831023] - 723.2873305989027 - 2.639848983298106
[-20.188447743310896, -8.780110265458093, -2.2693123697131554, -1.313785868448349, -17.02652270944306, -24.06022137518118, -12.706559118635376, -5.450937368776392, -9.498471357914362, -10.784826062831023] - 723.2873305989027 - 2.639848983298106
[-20.188447743310896, -8.780110265458093, -2.2693123697131554, -1.313785868448349, -17.02652270944306, -24.06022137518118, -12.706559118635376, -5.450937368776392, -9.498471357914362, -10.784826062831023] - 723.2873305989027 - 2.639848983298106
[-20.188447743310896, -8.780110265458093, -2.2693123697131554, -1.313785868448349, -17.02652270944306, -24.06022137518118, -12.706559118635376, -5.450937368776392, -9.498471357914362, -10.784826062831023] - 723.2873305989027 - 2.639848983298106
[-20.188447743310896, -8.780110265458093, -2.2693123697131554, -1.313785868448349, -17.02652270944306, -24.06022137518118, -12.706559118635376, -5.450937368776392, -9.498471357914362, -10.784826062831023] - 723.2873305989027 - 2.639848983298106
[-20.188447743310896, -8.780110265458093, -2.2693123697131554, -1.313785868448349, -17.02652270944306, -24.06022137518118, -12.706559118635376, -5.450937368776392, -9.498471357914362, -10.784826062831023] - 723.2873305989027 - 2.639848983298106
[-20.188447743310896, -8.780110265458093, -2.2693123697131554, -1.313785868448349, -17.02652270944306, -24.06022137518118, -12.706559118635376, -5.450937368776392, -9.498471357914362, -10.784826062831023] - 723.2873305989027 - 2.639848983298106
[-20.188447743310896, -8.780110265458093, -2.2693123697131554, -1.313785868448349, -17.02652270944306, -24.06022137518118, -12.706559118635376, -5.450937368776392, -9.498471357914362, -10.784826062831023] - 723.2873305989027 - 2.639848983298106
[-20.188447743310896, -8.780110265458093, -2.2693123697131554, -1.313785868448349, -17.02652270944306, -24.06022137518118, -12.706559118635376, -5.450937368776392, -9.498471357914362, -10.784826062831023] - 723.2873305989027 - 2.639848983298106
[-20.188447743310896, -8.780110265458093, -2.2693123697131554, -1.313785868448349, -17.02652270944306, -24.06022137518118, -12.706559118635376, -5.450937368776392, -9.498471357914362, -10.784826062831023] - 723.2873305989027 - 2.639848983298106
[11.121727766001694, 11.630508470629094, 20.609329973860305, 21.38722115576739, 10.14351728513418, 14.876863987015984, 12.444560502457279, 5.883227111333447, 11.607815873534076, 1.4319081483645615] - 601.7631480996301 - 6.850766235327347
[11.121727766001694, 11.630508470629094, 20.609329973860305, 21.38722115576739, 10.14351728513418, 14.876863987015984, 12.444560502457279, 5.883227111333447, 11.607815873534076, 1.4319081483645615] - 601.7631480996301 - 6.850766235327347
[10.426756814772858, 22.67365420324716, 10.798147612610265, 17.407521981817304, 9.648423131695814, 16.29518459796444, 10.780383862015544, 11.749636142104826, 3.73953531480257, 12.929721938682459] - 516.2382219072641 - 6.60821148442461
[10.426756814772858, 22.67365420324716, 10.798147612610265, 17.407521981817304, 9.648423131695814, 16.29518459796444, 10.780383862015544, 11.749636142104826, 3.73953531480257, 12.929721938682459] - 516.2382219072641 - 6.60821148442461
[10.426756814772858, 22.67365420324716, 10.798147612610265, 17.407521981817304, 9.648423131695814, 16.29518459796444, 10.780383862015544, 11.749636142104826, 3.73953531480257, 12.929721938682459] - 516.2382219072641 - 6.60821148442461
[10.426756814772858, 22.67365420324716, 10.798147612610265, 17.407521981817304, 9.648423131695814, 16.29518459796444, 10.780383862015544, 11.749636142104826, 3.73953531480257, 12.929721938682459] - 516.2382219072641 - 6.60821148442461
[10.426756814772858, 22.67365420324716, 10.798147612610265, 17.407521981817304, 9.648423131695814, 16.29518459796444, 10.780383862015544, 11.749636142104826, 3.73953531480257, 12.929721938682459] - 516.2382219072641 - 6.60821148442461
[10.426756814772858, 22.67365420324716, 10.798147612610265, 17.407521981817304, 9.648423131695814, 16.29518459796444, 10.780383862015544, 11.749636142104826, 3.73953531480257, 12.929721938682459] - 516.2382219072641 - 6.60821148442461
[10.426756814772858, 22.67365420324716, 10.798147612610265, 17.407521981817304, 9.648423131695814, 16.29518459796444, 10.780383862015544, 11.749636142104826, 3.73953531480257, 12.929721938682459] - 516.2382219072641 - 6.60821148442461
[10.426756814772858, 22.67365420324716, 10.798147612610265, 17.407521981817304, 9.648423131695814, 16.29518459796444, 10.780383862015544, 11.749636142104826, 3.73953531480257, 12.929721938682459] - 516.2382219072641 - 6.60821148442461
[10.426756814772858, 22.67365420324716, 10.798147612610265, 17.407521981817304, 9.648423131695814, 16.29518459796444, 10.780383862015544, 11.749636142104826, 3.73953531480257, 12.929721938682459] - 516.2382219072641 - 6.60821148442461
[10.426756814772858, 22.67365420324716, 10.798147612610265, 17.407521981817304, 9.648423131695814, 16.29518459796444, 10.780383862015544, 11.749636142104826, 3.73953531480257, 12.929721938682459] - 516.2382219072641 - 6.60821148442461
[11.121727766001694, 11.630508470629094, 5.1758932939802555, 3.9051183142666073, 6.75721310537728, -4.536063457254574, 2.6361155686929774, 5.883227111333447, 11.607815873534076, 1.4319081483645615] - 385.74102677499036 - 0.02115744123117704
[11.121727766001694, 11.630508470629094, 5.1758932939802555, 3.9051183142666073, 6.75721310537728, -4.536063457254574, 2.6361155686929774, 5.883227111333447, 11.607815873534076, 1.4319081483645615] - 385.74102677499036 - 0.02115744123117704
[11.121727766001694, 11.630508470629094, 5.1758932939802555, 3.9051183142666073, 6.75721310537728, -4.536063457254574, 2.6361155686929774, 5.883227111333447, 11.607815873534076, 1.4319081483645615] - 385.74102677499036 - 0.02115744123117704
[11.121727766001694, 11.630508470629094, 5.1758932939802555, 3.9051183142666073, 6.75721310537728, -4.536063457254574, 2.6361155686929774, 5.883227111333447, 11.607815873534076, 1.4319081483645615] - 385.74102677499036 - 0.02115744123117704
[11.121727766001694, 11.630508470629094, 5.1758932939802555, 3.9051183142666073, 6.75721310537728, -4.536063457254574, 2.6361155686929774, 5.883227111333447, 11.607815873534076, 1.4319081483645615] - 385.74102677499036 - 0.02115744123117704
[11.121727766001694, 11.630508470629094, 5.1758932939802555, 3.9051183142666073, 6.75721310537728, -4.536063457254574, 2.6361155686929774, 5.883227111333447, 11.607815873534076, 1.4319081483645615] - 385.74102677499036 - 0.02115744123117704
[11.121727766001694, 11.630508470629094, 5.1758932939802555, 3.9051183142666073, 6.75721310537728, -4.536063457254574, 2.6361155686929774, 5.883227111333447, 11.607815873534076, 1.4319081483645615] - 385.74102677499036 - 0.02115744123117704
[11.121727766001694, 11.630508470629094, 5.1758932939802555, 3.9051183142666073, 6.75721310537728, -4.536063457254574, 2.6361155686929774, 5.883227111333447, 11.607815873534076, 1.4319081483645615] - 385.74102677499036 - 0.02115744123117704
[11.121727766001694, 11.630508470629094, 5.1758932939802555, 3.9051183142666073, 6.75721310537728, -4.536063457254574, 2.6361155686929774, 5.883227111333447, 11.607815873534076, 1.4319081483645615] - 385.74102677499036 - 0.02115744123117704
[11.121727766001694, 11.630508470629094, 5.1758932939802555, 3.9051183142666073, 6.75721310537728, -4.536063457254574, 2.6361155686929774, 5.883227111333447, 11.607815873534076, 1.4319081483645615] - 385.74102677499036 - 0.02115744123117704
[10.701547110635017, 13.22077796656774, 5.1758932939802555, 3.9051183142666073, 4.060082988283636, -4.536063457254574, 2.6361155686929774, 5.883227111333447, 11.607815873534076, 1.4319081483645615] - 359.60467215174515 - 0.41232138762614945
[10.701547110635017, 13.22077796656774, 5.1758932939802555, 3.9051183142666073, 4.060082988283636, -4.536063457254574, 2.6361155686929774, 5.883227111333447, 11.607815873534076, 1.4319081483645615] - 359.60467215174515 - 0.41232138762614945
[10.701547110635017, 13.22077796656774, 5.1758932939802555, 3.9051183142666073, 4.060082988283636, -4.536063457254574, 2.6361155686929774, 5.883227111333447, 11.607815873534076, 1.4319081483645615] - 359.60467215174515 - 0.41232138762614945
[10.701547110635017, 13.22077796656774, 5.1758932939802555, 3.9051183142666073, 4.060082988283636, -4.536063457254574, 2.6361155686929774, 5.883227111333447, 11.607815873534076, 1.4319081483645615] - 359.60467215174515 - 0.41232138762614945
[10.701547110635017, 13.22077796656774, 5.1758932939802555, 3.9051183142666073, 4.060082988283636, -4.536063457254574, 2.6361155686929774, 5.883227111333447, 11.607815873534076, 1.4319081483645615] - 359.60467215174515 - 0.41232138762614945
[10.701547110635017, 13.22077796656774, 5.1758932939802555, 3.9051183142666073, 4.060082988283636, -4.536063457254574, 2.6361155686929774, 5.883227111333447, 11.607815873534076, 1.4319081483645615] - 359.60467215174515 - 0.41232138762614945
[10.701547110635017, 13.22077796656774, 5.1758932939802555, 3.9051183142666073, 4.060082988283636, -4.536063457254574, 2.6361155686929774, 5.883227111333447, 11.607815873534076, 1.4319081483645615] - 359.60467215174515 - 0.41232138762614945
[10.701547110635017, 13.22077796656774, 5.1758932939802555, 3.9051183142666073, 4.060082988283636, -4.536063457254574, 2.6361155686929774, 5.883227111333447, 11.607815873534076, 1.4319081483645615] - 359.60467215174515 - 0.41232138762614945
[10.701547110635017, 13.22077796656774, 5.1758932939802555, 3.9051183142666073, 4.060082988283636, -4.536063457254574, 2.6361155686929774, 5.883227111333447, 11.607815873534076, 1.4319081483645615] - 359.60467215174515 - 0.41232138762614945
[10.701547110635017, 13.22077796656774, 5.1758932939802555, 3.9051183142666073, 4.060082988283636, -4.536063457254574, 2.6361155686929774, 5.883227111333447, 11.607815873534076, 1.4319081483645615] - 359.60467215174515 - 0.41232138762614945
[10.701547110635017, 13.22077796656774, 5.1758932939802555, 3.9051183142666073, 4.060082988283636, -4.536063457254574, 2.6361155686929774, 5.883227111333447, 11.607815873534076, 1.4319081483645615] - 359.60467215174515 - 0.41232138762614945
[10.701547110635017, 13.22077796656774, 5.1758932939802555, 3.9051183142666073, 4.060082988283636, -4.536063457254574, 2.6361155686929774, 5.883227111333447, 11.607815873534076, 1.4319081483645615] - 359.60467215174515 - 0.41232138762614945
[10.701547110635017, 13.22077796656774, 5.1758932939802555, 3.9051183142666073, 4.060082988283636, -4.536063457254574, 2.6361155686929774, 5.883227111333447, 11.607815873534076, 1.4319081483645615] - 359.60467215174515 - 0.41232138762614945
[10.701547110635017, 13.22077796656774, 5.1758932939802555, 3.9051183142666073, 4.060082988283636, -4.536063457254574, 2.6361155686929774, 5.883227111333447, 11.607815873534076, 1.4319081483645615] - 359.60467215174515 - 0.41232138762614945
[10.701547110635017, 13.22077796656774, 5.1758932939802555, 3.9051183142666073, 4.060082988283636, -4.536063457254574, 2.6361155686929774, 5.883227111333447, 11.607815873534076, 1.4319081483645615] - 359.60467215174515 - 0.41232138762614945
[10.701547110635017, 13.22077796656774, 5.1758932939802555, 3.9051183142666073, 4.060082988283636, -4.536063457254574, 2.6361155686929774, 5.883227111333447, 11.607815873534076, 1.4319081483645615] - 359.60467215174515 - 0.41232138762614945
[10.701547110635017, 13.22077796656774, 5.1758932939802555, 3.9051183142666073, 4.060082988283636, -4.536063457254574, 2.6361155686929774, 5.883227111333447, 11.607815873534076, 1.4319081483645615] - 359.60467215174515 - 0.41232138762614945
[10.701547110635017, 13.22077796656774, 5.1758932939802555, 3.9051183142666073, 4.060082988283636, -4.536063457254574, 2.6361155686929774, 5.883227111333447, 11.607815873534076, 1.4319081483645615] - 359.60467215174515 - 0.41232138762614945
[10.701547110635017, 13.22077796656774, 5.1758932939802555, 3.9051183142666073, 4.060082988283636, -4.536063457254574, 2.6361155686929774, 5.883227111333447, 11.607815873534076, 1.4319081483645615] - 359.60467215174515 - 0.41232138762614945
[10.701547110635017, 13.22077796656774, 5.1758932939802555, 3.9051183142666073, 4.060082988283636, -4.536063457254574, 2.6361155686929774, 5.883227111333447, 11.607815873534076, 1.4319081483645615] - 359.60467215174515 - 0.41232138762614945
[10.701547110635017, 13.22077796656774, 5.1758932939802555, 3.9051183142666073, 4.060082988283636, -4.536063457254574, 2.6361155686929774, 5.883227111333447, 11.607815873534076, 1.4319081483645615] - 359.60467215174515 - 0.41232138762614945
[10.701547110635017, 13.22077796656774, 5.1758932939802555, 3.9051183142666073, 4.060082988283636, -4.536063457254574, 2.6361155686929774, 5.883227111333447, 11.607815873534076, 1.4319081483645615] - 359.60467215174515 - 0.41232138762614945
[10.701547110635017, 13.22077796656774, 5.1758932939802555, 3.9051183142666073, 4.060082988283636, -4.536063457254574, 2.6361155686929774, 5.883227111333447, 11.607815873534076, 1.4319081483645615] - 359.60467215174515 - 0.41232138762614945
[10.701547110635017, 13.22077796656774, 5.1758932939802555, 3.9051183142666073, 4.060082988283636, -4.536063457254574, 2.6361155686929774, 5.883227111333447, 11.607815873534076, 1.4319081483645615] - 359.60467215174515 - 0.41232138762614945
[11.091217220095048, 12.140043705043697, 11.099554097348744, 11.462665633870653, 19.35596313446722, 30.10825018626415, 28.9848093640735, 21.224214160709025, 24.50185730002865, 29.497283903214303] - 356.4805678687723 - 14.322954277073858
[11.091217220095048, 12.140043705043697, 11.099554097348744, 11.462665633870653, 19.35596313446722, 30.10825018626415, 28.9848093640735, 21.224214160709025, 24.50185730002865, 29.497283903214303] - 356.4805678687723 - 14.322954277073858
[11.091217220095048, 12.140043705043697, 11.099554097348744, 11.462665633870653, 19.35596313446722, 30.10825018626415, 28.9848093640735, 21.224214160709025, 24.50185730002865, 29.497283903214303] - 356.4805678687723 - 14.322954277073858
[11.091217220095048, 12.140043705043697, 11.099554097348744, 11.462665633870653, 19.35596313446722, 30.10825018626415, 28.9848093640735, 21.224214160709025, 24.50185730002865, 29.497283903214303] - 356.4805678687723 - 14.322954277073858
[11.091217220095048, 12.140043705043697, 11.099554097348744, 11.462665633870653, 19.35596313446722, 30.10825018626415, 28.9848093640735, 21.224214160709025, 24.50185730002865, 29.497283903214303] - 356.4805678687723 - 14.322954277073858
[11.091217220095048, 12.140043705043697, 11.099554097348744, 11.462665633870653, 19.35596313446722, 30.10825018626415, 28.9848093640735, 21.224214160709025, 24.50185730002865, 29.497283903214303] - 356.4805678687723 - 14.322954277073858
[11.091217220095048, 12.140043705043697, 11.099554097348744, 11.462665633870653, 19.35596313446722, 30.10825018626415, 28.9848093640735, 21.224214160709025, 24.50185730002865, 29.497283903214303] - 356.4805678687723 - 14.322954277073858
[11.091217220095048, 12.140043705043697, 11.099554097348744, 11.462665633870653, 19.35596313446722, 30.10825018626415, 28.9848093640735, 21.224214160709025, 24.50185730002865, 29.497283903214303] - 356.4805678687723 - 14.322954277073858
[11.091217220095048, 12.140043705043697, 11.099554097348744, 11.462665633870653, 19.35596313446722, 30.10825018626415, 28.9848093640735, 21.224214160709025, 24.50185730002865, 29.497283903214303] - 356.4805678687723 - 14.322954277073858
[11.091217220095048, 12.140043705043697, 11.099554097348744, 11.462665633870653, 19.35596313446722, 30.10825018626415, 28.9848093640735, 21.224214160709025, 24.50185730002865, 29.497283903214303] - 356.4805678687723 - 14.322954277073858
[11.091217220095048, 12.140043705043697, 11.099554097348744, 11.462665633870653, 19.35596313446722, 30.10825018626415, 28.9848093640735, 21.224214160709025, 24.50185730002865, 29.497283903214303] - 356.4805678687723 - 14.322954277073858
[11.091217220095048, 12.140043705043697, 11.099554097348744, 11.462665633870653, 19.35596313446722, 30.10825018626415, 28.9848093640735, 21.224214160709025, 24.50185730002865, 29.497283903214303] - 356.4805678687723 - 14.322954277073858
[11.091217220095048, 12.140043705043697, 11.099554097348744, 11.462665633870653, 19.35596313446722, 30.10825018626415, 28.9848093640735, 21.224214160709025, 24.50185730002865, 29.497283903214303] - 356.4805678687723 - 14.322954277073858
[11.091217220095048, 12.140043705043697, 11.099554097348744, 11.462665633870653, 19.35596313446722, 30.10825018626415, 28.9848093640735, 21.224214160709025, 24.50185730002865, 29.497283903214303] - 356.4805678687723 - 14.322954277073858
[11.091217220095048, 12.140043705043697, 11.099554097348744, 11.462665633870653, 19.35596313446722, 30.10825018626415, 28.9848093640735, 21.224214160709025, 24.50185730002865, 29.497283903214303] - 356.4805678687723 - 14.322954277073858
[11.091217220095048, 12.140043705043697, 11.099554097348744, 11.462665633870653, 19.35596313446722, 30.10825018626415, 28.9848093640735, 21.224214160709025, 24.50185730002865, 29.497283903214303] - 356.4805678687723 - 14.322954277073858
