Raw 6D
8213.326122722696
8213.326122722674
8213.326122722698
8213.326122722712
8213.326122722698
8213.326122722703
8213.326122722685
8213.326122722732
8213.326122722714
8213.326122722674
8213.326122722709
8213.326122722692
8213.326122722687
8213.326122722705
8213.32612272268
8213.32612272269
8213.326122722687
8213.326122722714
8213.326122722687
8213.326122722687
8213.326122722676
8213.326122722676
8213.32612272269
8213.326122722696
8213.326122722689
8213.326122722689
8213.326122722694
8213.326122722692
8213.326122722683
8213.32612272269
