Raw 2D
0.497
0.481
0.4695
0.4905
0.4335
0.4915
0.494
0.4275
0.473
0.4445
0.4735
0.447
0.4585
0.4635
0.464
0.461
0.4765
0.465
0.4815
0.4975
0.474
0.4455
0.474
0.491
0.463
0.4875
0.487
0.485
0.4925
0.4575
Raw 10D
0.4957
0.4908
0.5139
0.454
0.6204
0.4276
0.4412
0.4997
0.4958
0.5184
0.3966
0.4948
0.4989
0.5041
0.4775
0.5534
0.4767
0.4046
0.5023
0.5342
0.5535
0.4177
0.5454
0.5309
0.5936
0.4992
0.4801
0.5037
0.5028
0.4367
Raw 30D
0.2713333333333333
0.19573333333333334
0.22196666666666667
0.21533333333333332
0.30283333333333334
0.2868
0.1798
0.25253333333333333
0.44153333333333333
0.2578666666666667
0.23113333333333333
0.19423333333333334
0.2439
0.2349
0.2134
0.22486666666666666
0.27523333333333333
0.21176666666666666
0.2447
0.26
0.23133333333333334
0.21453333333333333
0.20376666666666668
0.2075
0.2555
0.3904
0.30406666666666665
0.29033333333333333
0.24546666666666667
0.3233333333333333
