Fitness - Violation - Position
[-981.5812484642188, 813.8641316474868, -789.2936761892333, 136.93053229004, -385.68072195498894, -748.7168514058322, -679.9250505916494, 984.494868651042, 784.5804164091926, 300.9416145939351] - -3091.7513610254828 - 1.8162690405585764E12
[-699.9543945045077, 495.16486903232106, 816.308283159464, 638.6198178803198, -481.46081183224317, 170.04812546721826, 533.6136467459055, 950.598227728512, 464.2681677055872, 528.3481882477038] - -3284.885322643071 - 8.5811104962995E11
[827.6177963297433, -779.8620499580588, 655.220472251939, 305.4728179437477, 922.1128036697087, 460.0776303684029, 874.725058210837, -616.0153391523975, -27.141962921114953, -22.32640574185669] - -3921.452429176207 - 1.2647401765561077E12
[827.6177963297433, -779.8620499580588, 655.220472251939, 305.4728179437477, 922.1128036697087, 460.0776303684029, 874.725058210837, -616.0153391523975, -27.141962921114953, -22.32640574185669] - -3921.452429176207 - 1.2647401765561077E12
[827.6177963297433, -779.8620499580588, 655.220472251939, 305.4728179437477, 922.1128036697087, 460.0776303684029, 874.725058210837, -616.0153391523975, -27.141962921114953, -22.32640574185669] - -3921.452429176207 - 1.2647401765561077E12
[827.6177963297433, -779.8620499580588, 655.220472251939, 305.4728179437477, 922.1128036697087, 460.0776303684029, 874.725058210837, -616.0153391523975, -27.141962921114953, -22.32640574185669] - -3921.452429176207 - 1.2647401765561077E12
[827.6177963297433, -779.8620499580588, 655.220472251939, 305.4728179437477, 922.1128036697087, 460.0776303684029, 874.725058210837, -616.0153391523975, -27.141962921114953, -22.32640574185669] - -3921.452429176207 - 1.2647401765561077E12
[827.6177963297433, -779.8620499580588, 655.220472251939, 305.4728179437477, 922.1128036697087, 460.0776303684029, 874.725058210837, -616.0153391523975, -27.141962921114953, -22.32640574185669] - -3921.452429176207 - 1.2647401765561077E12
[827.6177963297433, -779.8620499580588, 655.220472251939, 305.4728179437477, 922.1128036697087, 460.0776303684029, 874.725058210837, -616.0153391523975, -27.141962921114953, -22.32640574185669] - -3921.452429176207 - 1.2647401765561077E12
[827.6177963297433, -779.8620499580588, 655.220472251939, 305.4728179437477, 922.1128036697087, 460.0776303684029, 874.725058210837, -616.0153391523975, -27.141962921114953, -22.32640574185669] - -3921.452429176207 - 1.2647401765561077E12
[827.6177963297433, -779.8620499580588, 655.220472251939, 305.4728179437477, 922.1128036697087, 460.0776303684029, 874.725058210837, -616.0153391523975, -27.141962921114953, -22.32640574185669] - -3921.452429176207 - 1.2647401765561077E12
[827.6177963297433, -779.8620499580588, 655.220472251939, 305.4728179437477, 922.1128036697087, 460.0776303684029, 874.725058210837, -616.0153391523975, -27.141962921114953, -22.32640574185669] - -3921.452429176207 - 1.2647401765561077E12
[827.6177963297433, -779.8620499580588, 655.220472251939, 305.4728179437477, 922.1128036697087, 460.0776303684029, 874.725058210837, -616.0153391523975, -27.141962921114953, -22.32640574185669] - -3921.452429176207 - 1.2647401765561077E12
[827.6177963297433, -779.8620499580588, 655.220472251939, 305.4728179437477, 922.1128036697087, 460.0776303684029, 874.725058210837, -616.0153391523975, -27.141962921114953, -22.32640574185669] - -3921.452429176207 - 1.2647401765561077E12
[827.6177963297433, -779.8620499580588, 655.220472251939, 305.4728179437477, 922.1128036697087, 460.0776303684029, 874.725058210837, -616.0153391523975, -27.141962921114953, -22.32640574185669] - -3921.452429176207 - 1.2647401765561077E12
[827.6177963297433, -779.8620499580588, 655.220472251939, 305.4728179437477, 922.1128036697087, 460.0776303684029, 874.725058210837, -616.0153391523975, -27.141962921114953, -22.32640574185669] - -3921.452429176207 - 1.2647401765561077E12
[-981.5812484642188, 813.8641316474868, -789.2936761892333, 568.46526614502, -692.8403609774945, 79.40477272888256, -679.9250505916494, 984.494868651042, -825.7574816076545, 948.0026229971522] - -3926.040738731153 - 1.8317456480251228E12
[-981.5812484642188, 813.8641316474868, -789.2936761892333, 568.46526614502, -692.8403609774945, 79.40477272888256, -679.9250505916494, 984.494868651042, -825.7574816076545, 948.0026229971522] - -3926.040738731153 - 1.8317456480251228E12
[-981.5812484642188, 813.8641316474868, -789.2936761892333, 568.46526614502, -692.8403609774945, 79.40477272888256, -679.9250505916494, 984.494868651042, -825.7574816076545, 948.0026229971522] - -3926.040738731153 - 1.8317456480251228E12
[-981.5812484642188, 813.8641316474868, -789.2936761892333, 568.46526614502, -692.8403609774945, 79.40477272888256, -679.9250505916494, 984.494868651042, -825.7574816076545, 948.0026229971522] - -3926.040738731153 - 1.8317456480251228E12
[542.0538991950343, -779.8620499580588, 641.0549467872052, 305.4728179437477, 922.1128036697087, -25.785161934867347, 874.725058210837, -305.2042106702921, 820.7489205518168, -22.32640574185669] - -4050.8965791252226 - 1.2116038254452805E12
[542.0538991950343, -779.8620499580588, 641.0549467872052, 305.4728179437477, 922.1128036697087, -25.785161934867347, 874.725058210837, -305.2042106702921, 820.7489205518168, -22.32640574185669] - -4050.8965791252226 - 1.2116038254452805E12
[542.0538991950343, -779.8620499580588, 641.0549467872052, 305.4728179437477, 922.1128036697087, -25.785161934867347, 874.725058210837, -305.2042106702921, 820.7489205518168, -22.32640574185669] - -4050.8965791252226 - 1.2116038254452805E12
[542.0538991950343, -779.8620499580588, 641.0549467872052, 305.4728179437477, 922.1128036697087, -25.785161934867347, 874.725058210837, -305.2042106702921, 820.7489205518168, -22.32640574185669] - -4050.8965791252226 - 1.2116038254452805E12
[542.0538991950343, -779.8620499580588, 641.0549467872052, 305.4728179437477, 922.1128036697087, -25.785161934867347, 874.725058210837, -305.2042106702921, 820.7489205518168, -22.32640574185669] - -4050.8965791252226 - 1.2116038254452805E12
[542.0538991950343, -779.8620499580588, 641.0549467872052, 305.4728179437477, 922.1128036697087, -25.785161934867347, 874.725058210837, -305.2042106702921, 820.7489205518168, -22.32640574185669] - -4050.8965791252226 - 1.2116038254452805E12
[-111.49465375106041, 847.8721380322008, 294.7853034511569, -632.4392608854778, -664.290473536287, 496.6136978419129, -744.6173013282048, -686.2446377747034, -782.685041932759, 332.7874512028577] - -4077.616694466615 - 1.0363011565443193E12
[-111.49465375106041, 847.8721380322008, 294.7853034511569, -632.4392608854778, -664.290473536287, 496.6136978419129, -744.6173013282048, -686.2446377747034, -782.685041932759, 332.7874512028577] - -4077.616694466615 - 1.0363011565443193E12
[-111.49465375106041, 847.8721380322008, 294.7853034511569, -632.4392608854778, -664.290473536287, 496.6136978419129, -744.6173013282048, -686.2446377747034, -782.685041932759, 332.7874512028577] - -4077.616694466615 - 1.0363011565443193E12
[-111.49465375106041, 847.8721380322008, 294.7853034511569, -632.4392608854778, -664.290473536287, 496.6136978419129, -744.6173013282048, -686.2446377747034, -782.685041932759, 332.7874512028577] - -4077.616694466615 - 1.0363011565443193E12
[575.1734919645852, 454.73415618889595, 935.1897626895357, -632.4392608854778, -664.290473536287, 496.6136978419129, 868.9380913549312, -686.2446377747034, -782.685041932759, 332.7874512028577] - -5156.0418184340015 - 1.2660796808657188E12
[575.1734919645852, 454.73415618889595, 935.1897626895357, -632.4392608854778, -664.290473536287, 496.6136978419129, 868.9380913549312, -686.2446377747034, -782.685041932759, 332.7874512028577] - -5156.0418184340015 - 1.2660796808657188E12
[575.1734919645852, 454.73415618889595, 935.1897626895357, -632.4392608854778, -664.290473536287, 496.6136978419129, 868.9380913549312, -686.2446377747034, -782.685041932759, 332.7874512028577] - -5156.0418184340015 - 1.2660796808657188E12
[575.1734919645852, 454.73415618889595, 935.1897626895357, -632.4392608854778, -664.290473536287, 496.6136978419129, 868.9380913549312, -686.2446377747034, -782.685041932759, 332.7874512028577] - -5156.0418184340015 - 1.2660796808657188E12
[575.1734919645852, 454.73415618889595, 935.1897626895357, -632.4392608854778, -664.290473536287, 496.6136978419129, 868.9380913549312, -686.2446377747034, -782.685041932759, 332.7874512028577] - -5156.0418184340015 - 1.2660796808657188E12
[575.1734919645852, 454.73415618889595, 935.1897626895357, -632.4392608854778, -664.290473536287, 496.6136978419129, 868.9380913549312, -686.2446377747034, -782.685041932759, 332.7874512028577] - -5156.0418184340015 - 1.2660796808657188E12
[575.1734919645852, 454.73415618889595, 935.1897626895357, -632.4392608854778, -664.290473536287, 496.6136978419129, 868.9380913549312, -686.2446377747034, -782.685041932759, 332.7874512028577] - -5156.0418184340015 - 1.2660796808657188E12
[575.1734919645852, 454.73415618889595, 935.1897626895357, -632.4392608854778, -664.290473536287, 496.6136978419129, 868.9380913549312, -686.2446377747034, -782.685041932759, 332.7874512028577] - -5156.0418184340015 - 1.2660796808657188E12
[575.1734919645852, 454.73415618889595, 935.1897626895357, -632.4392608854778, -664.290473536287, 496.6136978419129, 868.9380913549312, -686.2446377747034, -782.685041932759, 332.7874512028577] - -5156.0418184340015 - 1.2660796808657188E12
[575.1734919645852, 454.73415618889595, 935.1897626895357, -632.4392608854778, -664.290473536287, 496.6136978419129, 868.9380913549312, -686.2446377747034, -782.685041932759, 332.7874512028577] - -5156.0418184340015 - 1.2660796808657188E12
[575.1734919645852, 454.73415618889595, 935.1897626895357, -632.4392608854778, -664.290473536287, 496.6136978419129, 868.9380913549312, -686.2446377747034, -782.685041932759, 332.7874512028577] - -5156.0418184340015 - 1.2660796808657188E12
[575.1734919645852, 454.73415618889595, 935.1897626895357, -632.4392608854778, -664.290473536287, 496.6136978419129, 868.9380913549312, -686.2446377747034, -782.685041932759, 332.7874512028577] - -5156.0418184340015 - 1.2660796808657188E12
[575.1734919645852, 454.73415618889595, 935.1897626895357, -632.4392608854778, -664.290473536287, 496.6136978419129, 868.9380913549312, -686.2446377747034, -782.685041932759, 332.7874512028577] - -5156.0418184340015 - 1.2660796808657188E12
[575.1734919645852, 454.73415618889595, 935.1897626895357, -632.4392608854778, -664.290473536287, 496.6136978419129, 868.9380913549312, -686.2446377747034, -782.685041932759, 332.7874512028577] - -5156.0418184340015 - 1.2660796808657188E12
[575.1734919645852, 454.73415618889595, 935.1897626895357, -632.4392608854778, -664.290473536287, 496.6136978419129, 868.9380913549312, -686.2446377747034, -782.685041932759, 332.7874512028577] - -5156.0418184340015 - 1.2660796808657188E12
[575.1734919645852, 454.73415618889595, 935.1897626895357, -632.4392608854778, -664.290473536287, 496.6136978419129, 868.9380913549312, -686.2446377747034, -782.685041932759, 332.7874512028577] - -5156.0418184340015 - 1.2660796808657188E12
[575.1734919645852, 454.73415618889595, 935.1897626895357, -632.4392608854778, -664.290473536287, 496.6136978419129, 868.9380913549312, -686.2446377747034, -782.685041932759, 332.7874512028577] - -5156.0418184340015 - 1.2660796808657188E12
[575.1734919645852, 454.73415618889595, 935.1897626895357, -632.4392608854778, -664.290473536287, 496.6136978419129, 868.9380913549312, -686.2446377747034, -782.685041932759, 332.7874512028577] - -5156.0418184340015 - 1.2660796808657188E12
[575.1734919645852, 454.73415618889595, 935.1897626895357, -632.4392608854778, -664.290473536287, 496.6136978419129, 868.9380913549312, -686.2446377747034, -782.685041932759, 332.7874512028577] - -5156.0418184340015 - 1.2660796808657188E12
[575.1734919645852, 454.73415618889595, 935.1897626895357, -632.4392608854778, -664.290473536287, 496.6136978419129, 868.9380913549312, -686.2446377747034, -782.685041932759, 332.7874512028577] - -5156.0418184340015 - 1.2660796808657188E12
[575.1734919645852, 454.73415618889595, 935.1897626895357, -632.4392608854778, -664.290473536287, 496.6136978419129, 868.9380913549312, -686.2446377747034, -782.685041932759, 332.7874512028577] - -5156.0418184340015 - 1.2660796808657188E12
[575.1734919645852, 454.73415618889595, 935.1897626895357, -632.4392608854778, -664.290473536287, 496.6136978419129, 868.9380913549312, -686.2446377747034, -782.685041932759, 332.7874512028577] - -5156.0418184340015 - 1.2660796808657188E12
[575.1734919645852, 495.0508860718301, 967.5948813447678, -632.4392608854778, -664.290473536287, 748.3068489209564, 868.9380913549312, -686.2446377747034, -782.685041932759, 986.3864045223931] - -5378.342718164869 - 1.5161400146536064E12
[575.1734919645852, 495.0508860718301, 967.5948813447678, -632.4392608854778, -664.290473536287, 748.3068489209564, 868.9380913549312, -686.2446377747034, -782.685041932759, 986.3864045223931] - -5378.342718164869 - 1.5161400146536064E12
[575.1734919645852, 495.0508860718301, 967.5948813447678, -632.4392608854778, -664.290473536287, 748.3068489209564, 868.9380913549312, -686.2446377747034, -782.685041932759, 986.3864045223931] - -5378.342718164869 - 1.5161400146536064E12
[575.1734919645852, 495.0508860718301, 967.5948813447678, -632.4392608854778, -664.290473536287, 748.3068489209564, 868.9380913549312, -686.2446377747034, -782.685041932759, 986.3864045223931] - -5378.342718164869 - 1.5161400146536064E12
[575.1734919645852, 495.0508860718301, 967.5948813447678, -632.4392608854778, -664.290473536287, 748.3068489209564, 868.9380913549312, -686.2446377747034, -782.685041932759, 986.3864045223931] - -5378.342718164869 - 1.5161400146536064E12
[575.1734919645852, 495.0508860718301, 967.5948813447678, -632.4392608854778, -664.290473536287, 748.3068489209564, 868.9380913549312, -686.2446377747034, -782.685041932759, 986.3864045223931] - -5378.342718164869 - 1.5161400146536064E12
[575.1734919645852, 495.0508860718301, 967.5948813447678, -632.4392608854778, -664.290473536287, 748.3068489209564, 868.9380913549312, -686.2446377747034, -782.685041932759, 986.3864045223931] - -5378.342718164869 - 1.5161400146536064E12
[575.1734919645852, 495.0508860718301, 967.5948813447678, -632.4392608854778, -664.290473536287, 748.3068489209564, 868.9380913549312, -686.2446377747034, -782.685041932759, 986.3864045223931] - -5378.342718164869 - 1.5161400146536064E12
[575.1734919645852, 495.0508860718301, 967.5948813447678, -632.4392608854778, -664.290473536287, 748.3068489209564, 868.9380913549312, -686.2446377747034, -782.685041932759, 986.3864045223931] - -5378.342718164869 - 1.5161400146536064E12
[575.1734919645852, 495.0508860718301, 967.5948813447678, -632.4392608854778, -664.290473536287, 748.3068489209564, 868.9380913549312, -686.2446377747034, -782.685041932759, 986.3864045223931] - -5378.342718164869 - 1.5161400146536064E12
[575.1734919645852, 495.0508860718301, 967.5948813447678, -632.4392608854778, -664.290473536287, 748.3068489209564, 868.9380913549312, -686.2446377747034, -782.685041932759, 986.3864045223931] - -5378.342718164869 - 1.5161400146536064E12
[575.1734919645852, 495.0508860718301, 967.5948813447678, -632.4392608854778, -664.290473536287, 748.3068489209564, 868.9380913549312, -686.2446377747034, -782.685041932759, 986.3864045223931] - -5378.342718164869 - 1.5161400146536064E12
[575.1734919645852, 495.0508860718301, 967.5948813447678, -632.4392608854778, -664.290473536287, 748.3068489209564, 868.9380913549312, -686.2446377747034, -782.685041932759, 986.3864045223931] - -5378.342718164869 - 1.5161400146536064E12
[575.1734919645852, 495.0508860718301, 967.5948813447678, -632.4392608854778, -664.290473536287, 748.3068489209564, 868.9380913549312, -686.2446377747034, -782.685041932759, 986.3864045223931] - -5378.342718164869 - 1.5161400146536064E12
[575.1734919645852, 495.0508860718301, 967.5948813447678, -632.4392608854778, -664.290473536287, 748.3068489209564, 868.9380913549312, -686.2446377747034, -782.685041932759, 986.3864045223931] - -5378.342718164869 - 1.5161400146536064E12
[575.1734919645852, 495.0508860718301, 967.5948813447678, -632.4392608854778, -664.290473536287, 748.3068489209564, 868.9380913549312, -686.2446377747034, -782.685041932759, 986.3864045223931] - -5378.342718164869 - 1.5161400146536064E12
[575.1734919645852, 495.0508860718301, 967.5948813447678, -632.4392608854778, -664.290473536287, 748.3068489209564, 868.9380913549312, -686.2446377747034, -782.685041932759, 986.3864045223931] - -5378.342718164869 - 1.5161400146536064E12
[575.1734919645852, 495.0508860718301, 967.5948813447678, -632.4392608854778, -664.290473536287, 748.3068489209564, 868.9380913549312, -686.2446377747034, -782.685041932759, 986.3864045223931] - -5378.342718164869 - 1.5161400146536064E12
[575.1734919645852, 495.0508860718301, 967.5948813447678, -632.4392608854778, -664.290473536287, 748.3068489209564, 868.9380913549312, -686.2446377747034, -782.685041932759, 986.3864045223931] - -5378.342718164869 - 1.5161400146536064E12
[575.1734919645852, 495.0508860718301, 967.5948813447678, -632.4392608854778, -664.290473536287, 748.3068489209564, 868.9380913549312, -686.2446377747034, -782.685041932759, 986.3864045223931] - -5378.342718164869 - 1.5161400146536064E12
[575.1734919645852, 495.0508860718301, 967.5948813447678, -632.4392608854778, -664.290473536287, 748.3068489209564, 868.9380913549312, -686.2446377747034, -782.685041932759, 986.3864045223931] - -5378.342718164869 - 1.5161400146536064E12
[575.1734919645852, 495.0508860718301, 967.5948813447678, -632.4392608854778, -664.290473536287, 748.3068489209564, 868.9380913549312, -686.2446377747034, -782.685041932759, 986.3864045223931] - -5378.342718164869 - 1.5161400146536064E12
[575.1734919645852, 495.0508860718301, 967.5948813447678, -632.4392608854778, -664.290473536287, 748.3068489209564, 868.9380913549312, -686.2446377747034, -782.685041932759, 986.3864045223931] - -5378.342718164869 - 1.5161400146536064E12
[575.1734919645852, 495.0508860718301, 967.5948813447678, -632.4392608854778, -664.290473536287, 748.3068489209564, 868.9380913549312, -686.2446377747034, -782.685041932759, 986.3864045223931] - -5378.342718164869 - 1.5161400146536064E12
[575.1734919645852, 495.0508860718301, 967.5948813447678, -632.4392608854778, -664.290473536287, 748.3068489209564, 868.9380913549312, -686.2446377747034, -782.685041932759, 986.3864045223931] - -5378.342718164869 - 1.5161400146536064E12
[575.1734919645852, 495.0508860718301, 967.5948813447678, -632.4392608854778, -664.290473536287, 748.3068489209564, 868.9380913549312, -686.2446377747034, -782.685041932759, 986.3864045223931] - -5378.342718164869 - 1.5161400146536064E12
[575.1734919645852, 495.0508860718301, 967.5948813447678, -632.4392608854778, -664.290473536287, 748.3068489209564, 868.9380913549312, -686.2446377747034, -782.685041932759, 986.3864045223931] - -5378.342718164869 - 1.5161400146536064E12
[575.1734919645852, 495.0508860718301, 967.5948813447678, -632.4392608854778, -664.290473536287, 748.3068489209564, 868.9380913549312, -686.2446377747034, -782.685041932759, 986.3864045223931] - -5378.342718164869 - 1.5161400146536064E12
[575.1734919645852, 495.0508860718301, 967.5948813447678, -632.4392608854778, -664.290473536287, 748.3068489209564, 868.9380913549312, -686.2446377747034, -782.685041932759, 986.3864045223931] - -5378.342718164869 - 1.5161400146536064E12
[575.1734919645852, 495.0508860718301, 967.5948813447678, -632.4392608854778, -664.290473536287, 748.3068489209564, 868.9380913549312, -686.2446377747034, -782.685041932759, 986.3864045223931] - -5378.342718164869 - 1.5161400146536064E12
[575.1734919645852, 495.0508860718301, 967.5948813447678, -632.4392608854778, -664.290473536287, 748.3068489209564, 868.9380913549312, -686.2446377747034, -782.685041932759, 986.3864045223931] - -5378.342718164869 - 1.5161400146536064E12
[575.1734919645852, 495.0508860718301, 967.5948813447678, -632.4392608854778, -664.290473536287, 748.3068489209564, 868.9380913549312, -686.2446377747034, -782.685041932759, 986.3864045223931] - -5378.342718164869 - 1.5161400146536064E12
[575.1734919645852, 495.0508860718301, 967.5948813447678, -632.4392608854778, -664.290473536287, 748.3068489209564, 868.9380913549312, -686.2446377747034, -782.685041932759, 986.3864045223931] - -5378.342718164869 - 1.5161400146536064E12
[575.1734919645852, 495.0508860718301, 967.5948813447678, -632.4392608854778, -664.290473536287, 748.3068489209564, 868.9380913549312, -686.2446377747034, -782.685041932759, 986.3864045223931] - -5378.342718164869 - 1.5161400146536064E12
[575.1734919645852, 495.0508860718301, 967.5948813447678, -632.4392608854778, -664.290473536287, 748.3068489209564, 868.9380913549312, -686.2446377747034, -782.685041932759, 986.3864045223931] - -5378.342718164869 - 1.5161400146536064E12
[575.1734919645852, 495.0508860718301, 967.5948813447678, -632.4392608854778, -664.290473536287, 748.3068489209564, 868.9380913549312, -686.2446377747034, -782.685041932759, 986.3864045223931] - -5378.342718164869 - 1.5161400146536064E12
[575.1734919645852, 495.0508860718301, 967.5948813447678, -632.4392608854778, -664.290473536287, 748.3068489209564, 868.9380913549312, -686.2446377747034, -782.685041932759, 986.3864045223931] - -5378.342718164869 - 1.5161400146536064E12
[575.1734919645852, 495.0508860718301, 967.5948813447678, -632.4392608854778, -664.290473536287, 748.3068489209564, 868.9380913549312, -686.2446377747034, -782.685041932759, 986.3864045223931] - -5378.342718164869 - 1.5161400146536064E12
[575.1734919645852, 495.0508860718301, 967.5948813447678, -632.4392608854778, -664.290473536287, 748.3068489209564, 868.9380913549312, -686.2446377747034, -782.685041932759, 986.3864045223931] - -5378.342718164869 - 1.5161400146536064E12
[575.1734919645852, 495.0508860718301, 967.5948813447678, -632.4392608854778, -664.290473536287, 748.3068489209564, 868.9380913549312, -686.2446377747034, -782.685041932759, 986.3864045223931] - -5378.342718164869 - 1.5161400146536064E12
[575.1734919645852, 495.0508860718301, 967.5948813447678, -632.4392608854778, -664.290473536287, 748.3068489209564, 868.9380913549312, -686.2446377747034, -782.685041932759, 986.3864045223931] - -5378.342718164869 - 1.5161400146536064E12
[575.1734919645852, 495.0508860718301, 967.5948813447678, -632.4392608854778, -664.290473536287, 748.3068489209564, 868.9380913549312, -686.2446377747034, -782.685041932759, 986.3864045223931] - -5378.342718164869 - 1.5161400146536064E12
[575.1734919645852, 495.0508860718301, 967.5948813447678, -632.4392608854778, -664.290473536287, 748.3068489209564, 868.9380913549312, -686.2446377747034, -782.685041932759, 986.3864045223931] - -5378.342718164869 - 1.5161400146536064E12
[575.1734919645852, 495.0508860718301, 967.5948813447678, -632.4392608854778, -664.290473536287, 748.3068489209564, 868.9380913549312, -686.2446377747034, -782.685041932759, 986.3864045223931] - -5378.342718164869 - 1.5161400146536064E12
[575.1734919645852, 495.0508860718301, 967.5948813447678, -632.4392608854778, -664.290473536287, 748.3068489209564, 868.9380913549312, -686.2446377747034, -782.685041932759, 986.3864045223931] - -5378.342718164869 - 1.5161400146536064E12
[575.1734919645852, 495.0508860718301, 967.5948813447678, -632.4392608854778, -664.290473536287, 748.3068489209564, 868.9380913549312, -686.2446377747034, -782.685041932759, 986.3864045223931] - -5378.342718164869 - 1.5161400146536064E12
[575.1734919645852, 495.0508860718301, 967.5948813447678, -632.4392608854778, -664.290473536287, 748.3068489209564, 868.9380913549312, -686.2446377747034, -782.685041932759, 986.3864045223931] - -5378.342718164869 - 1.5161400146536064E12
