Raw 15D
-56.76743083625719
-56.17004160047422
-57.077285692096915
-56.4983427668256
-56.98508933792757
-56.28718945521736
-56.20600260285223
-56.76927748079469
-56.51351296681556
-56.53068359655197
-56.31213094996396
-57.322876808260716
-57.45991947512622
-56.50276905001663
-57.12017211427488
-56.67412558131391
-56.762619138077454
-56.70660999874265
-56.959423493548826
-56.37238814911001
-56.6666491620825
-56.653214222032
-56.796926677979954
-56.166406812895
-56.34506890632667
-56.37298672015376
-56.442799649995585
-56.60901356208022
-56.91788962311457
-56.734583490288315
