Raw 15D
66.92632174047702
60.712369664932574
61.50897718704731
58.32545756910956
69.56332599526367
66.42329350815027
65.00169011308913
57.37540604846859
67.36490660675892
64.29496717154748
75.99536909118146
61.531929572710986
62.61749385993489
59.28380800521033
54.112056704050985
60.56713413322266
61.6956372589682
63.931316442820524
66.1807137071938
63.58677422648775
62.34905674364192
76.74523011269555
64.48000271554417
62.231833090802134
66.93093664245583
61.20409028671031
59.629670884856836
65.43314379573906
67.15414120849391
59.19472763277015
