Raw 15D
0.006873540206873541
0.007874541207874543
0.007474140807474141
0.006539873206539874
0.008541875208541876
0.007273940607273941
0.006139472806139472
0.006740073406740072
0.007807807807807808
0.007874541207874543
0.0060727394060727385
0.008475141808475141
0.007007007007007005
0.007540874207540873
0.007140473807140473
0.008141474808141475
0.007140473807140474
0.006940273606940273
0.007607607607607606
0.007941274607941275
0.006806806806806806
0.00727394060727394
0.0072072072072072065
0.006272939606272939
0.007941274607941274
0.00647313980647314
0.007140473807140473
0.006539873206539873
0.006606606606606605
0.007407407407407407
