Raw 15D
-0.05590737848190242
-0.06475919216943091
-0.08403868298155173
-0.06412366055164402
-0.06775915114978762
-0.06818170778875657
-0.060350885981310394
-0.06860594471746291
-0.06057123811078865
-0.0564724426542219
-0.06874994066937162
-0.05456714787108396
-0.0681969102633911
-0.059094785202533244
-0.06688789012647813
-0.07443693113951039
-0.06854122469433482
-0.07010864824957914
-0.05581574694815939
-0.06103311876142561
-0.06316888729227525
-0.06552696314334797
-0.06279562765423118
-0.05940340043578694
-0.05302462215164288
-0.06103160914720286
-0.059026142229247146
-0.06302151879671247
-0.05059863039602878
-0.06203920255317594
