Fitness - Violation - Position
[2.19939572868602, 6.528848484878232, 9.357830766713844, 5.998230648568334, 0.594367841146024, 4.097280577561692, 8.170786211615177, 7.320088736851009, 9.400535290575707, 4.101639347957905, 1.189012187380654, 1.0264903812191983, 0.41456236011829906, 4.98509028299475, 0.3844868763306719] - 3336.4146042509465 - 111.40803075404362
[2.19939572868602, 6.528848484878232, 9.357830766713844, 5.998230648568334, 0.594367841146024, 4.097280577561692, 8.170786211615177, 7.320088736851009, 9.400535290575707, 4.101639347957905, 1.189012187380654, 1.0264903812191983, 0.41456236011829906, 4.98509028299475, 0.3844868763306719] - 3336.4146042509465 - 111.40803075404362
[5.600418808477156, 4.501882235317753, 7.655952235903552, 4.139313787147762, 3.40023723292198, 5.997284399772315, 0.5865892066512013, 7.328153418341863, 6.444914480331, 8.754236597738135, 3.5335784877867757, 3.281751494507464, 2.651737801222434, 0.5487635048603684, 3.9454553603925935] - 3069.2760087960078 - 30.05393828764726
[3.292189158940275, 6.401186822562495, 9.209755821530866, 3.3876956932442734, 8.202498816455797, 9.202958196564232, 2.5295186304895085, 8.15497604837942, 8.175228591060598, 1.49228616670587, 5.021626033121162, 1.1779467537249872, 1.4818532252385908, 0.5033602926730192, 0.8016673221929072] - 2369.759611403146 - 21.38000723276178
[3.292189158940275, 6.401186822562495, 9.209755821530866, 3.3876956932442734, 8.202498816455797, 9.202958196564232, 2.5295186304895085, 8.15497604837942, 8.175228591060598, 1.49228616670587, 5.021626033121162, 1.1779467537249872, 1.4818532252385908, 0.5033602926730192, 0.8016673221929072] - 2369.759611403146 - 21.38000723276178
[3.292189158940275, 6.401186822562495, 9.209755821530866, 3.3876956932442734, 8.202498816455797, 9.202958196564232, 2.5295186304895085, 8.15497604837942, 8.175228591060598, 1.49228616670587, 5.021626033121162, 1.1779467537249872, 1.4818532252385908, 0.5033602926730192, 0.8016673221929072] - 2369.759611403146 - 21.38000723276178
[1.8603727476508314, 3.8450668816113454, 9.327240106056571, 3.2050790139773735, 3.84419673948652, 3.4712425306680683, 9.82939710730903, 0.6039354905212444, 6.895056574742354, 6.9632137342106475, 1.046880152017634, 1.868253568895778, 0.45052475937504677, 3.9687246341952913, 0.019040501480430683] - 1840.5331945698445 - 56.886276426314886
[1.8603727476508314, 3.8450668816113454, 9.327240106056571, 3.2050790139773735, 3.84419673948652, 3.4712425306680683, 9.82939710730903, 0.6039354905212444, 6.895056574742354, 6.9632137342106475, 1.046880152017634, 1.868253568895778, 0.45052475937504677, 3.9687246341952913, 0.019040501480430683] - 1840.5331945698445 - 56.886276426314886
[1.8603727476508314, 3.8450668816113454, 9.327240106056571, 3.2050790139773735, 3.84419673948652, 3.4712425306680683, 9.82939710730903, 0.6039354905212444, 6.895056574742354, 6.9632137342106475, 1.046880152017634, 1.868253568895778, 0.45052475937504677, 3.9687246341952913, 0.019040501480430683] - 1840.5331945698445 - 56.886276426314886
[1.8603727476508314, 3.8450668816113454, 9.327240106056571, 3.2050790139773735, 3.84419673948652, 3.4712425306680683, 9.82939710730903, 0.6039354905212444, 6.895056574742354, 6.9632137342106475, 1.046880152017634, 1.868253568895778, 0.45052475937504677, 3.9687246341952913, 0.019040501480430683] - 1840.5331945698445 - 56.886276426314886
[9.068012763133119, 3.081442048626971, 5.900378922538756, 0.007075482765305674, 8.193077818955294, 7.365970188432966, 0.5813938195668498, 6.418834675359206, 5.320894358518402, 1.3910570150229837, 1.4502493246898815, 0.31811576226570315, 1.35949687822061, 1.7010936760102595, 3.447306248346955] - 1319.3303088796558 - 7.802259599451469
[9.068012763133119, 3.081442048626971, 5.900378922538756, 0.007075482765305674, 8.193077818955294, 7.365970188432966, 0.5813938195668498, 6.418834675359206, 5.320894358518402, 1.3910570150229837, 1.4502493246898815, 0.31811576226570315, 1.35949687822061, 1.7010936760102595, 3.447306248346955] - 1319.3303088796558 - 7.802259599451469
[9.068012763133119, 3.081442048626971, 5.900378922538756, 0.007075482765305674, 8.193077818955294, 7.365970188432966, 0.5813938195668498, 6.418834675359206, 5.320894358518402, 1.3910570150229837, 1.4502493246898815, 0.31811576226570315, 1.35949687822061, 1.7010936760102595, 3.447306248346955] - 1319.3303088796558 - 7.802259599451469
[4.770108710149635, 3.006713153209165, 6.899439574083518, 3.6511366158622165, 3.7562789557016396, 5.315962075855563, 0.6478938316941938, 3.789067303980456, 3.2338002906323204, 8.814229883239602, 1.2495900629169074, 0.6336909841142453, 2.3349293774636615, 2.3728480967872123, 1.1227748387816523] - 1057.199987238386 - 33.235791148411444
[4.770108710149635, 3.006713153209165, 6.899439574083518, 3.6511366158622165, 3.7562789557016396, 5.315962075855563, 0.6478938316941938, 3.789067303980456, 3.2338002906323204, 8.814229883239602, 1.2495900629169074, 0.6336909841142453, 2.3349293774636615, 2.3728480967872123, 1.1227748387816523] - 1057.199987238386 - 33.235791148411444
[0.3102258853914863, 8.699439562762741, 6.058340858035977, 5.367908189638404, 8.802700410866217, 6.381677866082457, 1.416732398333865, 1.7007271224858873, 4.3507280708147995, 7.82601307045737, 1.1704513981237596, 2.577392857067232, 0.8204079663119115, 0.602690019683414, 0.8238806858584828] - 728.525795798243 - 37.17243801859824
[0.3102258853914863, 8.699439562762741, 6.058340858035977, 5.367908189638404, 8.802700410866217, 6.381677866082457, 1.416732398333865, 1.7007271224858873, 4.3507280708147995, 7.82601307045737, 1.1704513981237596, 2.577392857067232, 0.8204079663119115, 0.602690019683414, 0.8238806858584828] - 728.525795798243 - 37.17243801859824
[0.3102258853914863, 8.699439562762741, 6.058340858035977, 5.367908189638404, 8.802700410866217, 6.381677866082457, 1.416732398333865, 1.7007271224858873, 4.3507280708147995, 7.82601307045737, 1.1704513981237596, 2.577392857067232, 0.8204079663119115, 0.602690019683414, 0.8238806858584828] - 728.525795798243 - 37.17243801859824
[0.3102258853914863, 8.699439562762741, 6.058340858035977, 5.367908189638404, 8.802700410866217, 6.381677866082457, 1.416732398333865, 1.7007271224858873, 4.3507280708147995, 7.82601307045737, 1.1704513981237596, 2.577392857067232, 0.8204079663119115, 0.602690019683414, 0.8238806858584828] - 728.525795798243 - 37.17243801859824
[2.3876681683069263, 0.9632202807580909, 5.0129150829096565, 0.9910226719415638, 7.060066167179485, 0.7515911129850256, 3.7806547415369502, 0.6993693749780775, 7.844274106462584, 6.308660077056802, 0.8425618858879563, 0.6722649056287393, 0.8748929310545412, 2.5801429878676956, 1.5973317489216867] - 716.557280342723 - 27.525576957761853
[2.3876681683069263, 0.9632202807580909, 5.0129150829096565, 0.9910226719415638, 7.060066167179485, 0.7515911129850256, 3.7806547415369502, 0.6993693749780775, 7.844274106462584, 6.308660077056802, 0.8425618858879563, 0.6722649056287393, 0.8748929310545412, 2.5801429878676956, 1.5973317489216867] - 716.557280342723 - 27.525576957761853
[2.3876681683069263, 0.9632202807580909, 5.0129150829096565, 0.9910226719415638, 7.060066167179485, 0.7515911129850256, 3.7806547415369502, 0.6993693749780775, 7.844274106462584, 6.308660077056802, 0.8425618858879563, 0.6722649056287393, 0.8748929310545412, 2.5801429878676956, 1.5973317489216867] - 716.557280342723 - 27.525576957761853
[0.2591509540941934, 7.839247853703618, 5.469078751703352, 4.848003378476593, 3.6677708764806773, 5.782019031765485, 5.782357997549451, 1.955530842382245, 4.638930845884792, 7.364442118378929, 0.013340609371279566, 1.5357798477082019, 1.2003245256984163, 1.3314737548253643, 0.8990134374087905] - 559.4654144611469 - 13.466812322697084
[0.2591509540941934, 7.839247853703618, 5.469078751703352, 4.848003378476593, 3.6677708764806773, 5.782019031765485, 5.782357997549451, 1.955530842382245, 4.638930845884792, 7.364442118378929, 0.013340609371279566, 1.5357798477082019, 1.2003245256984163, 1.3314737548253643, 0.8990134374087905] - 559.4654144611469 - 13.466812322697084
[1.1611063940563096, 0.9382807623046112, 4.501293938807351, 2.9466739465326577, 3.4064520718470765, 9.929882660540724, 0.5312081106978317, 2.1785306715762416, 2.958810571972163, 7.215311829869572, 1.8892289963963655, 0.663028477114274, 0.8527320192224168, 0.45392230069350936, 1.706006999419529] - 423.9037008933283 - 10.786805695893182
[0.0636198624464448, 6.840868597123687, 4.418529173080575, 4.339177032737071, 8.338222182357324, 0.7515911129850256, 0.3425723335987483, 0.6993693749780775, 9.262330366283273, 6.308660077056802, 0.8425618858879563, 0.6722649056287393, 1.329258706284398, 1.4655488504287728, 1.5973317489216867] - 243.92500680259027 - 10.33356452861779
[0.0636198624464448, 6.840868597123687, 4.418529173080575, 4.339177032737071, 8.338222182357324, 0.7515911129850256, 0.3425723335987483, 0.6993693749780775, 9.262330366283273, 6.308660077056802, 0.8425618858879563, 0.6722649056287393, 1.329258706284398, 1.4655488504287728, 1.5973317489216867] - 243.92500680259027 - 10.33356452861779
[0.0636198624464448, 6.840868597123687, 4.418529173080575, 4.339177032737071, 8.338222182357324, 0.7515911129850256, 0.3425723335987483, 0.6993693749780775, 9.262330366283273, 6.308660077056802, 0.8425618858879563, 0.6722649056287393, 1.329258706284398, 1.4655488504287728, 1.5973317489216867] - 243.92500680259027 - 10.33356452861779
[0.0636198624464448, 6.840868597123687, 4.418529173080575, 4.339177032737071, 8.338222182357324, 0.7515911129850256, 0.3425723335987483, 0.6993693749780775, 9.262330366283273, 6.308660077056802, 0.8425618858879563, 0.6722649056287393, 1.329258706284398, 1.4655488504287728, 1.5973317489216867] - 243.92500680259027 - 10.33356452861779
[0.0636198624464448, 6.840868597123687, 4.418529173080575, 4.339177032737071, 8.338222182357324, 0.7515911129850256, 0.3425723335987483, 0.6993693749780775, 9.262330366283273, 6.308660077056802, 0.8425618858879563, 0.6722649056287393, 1.329258706284398, 1.4655488504287728, 1.5973317489216867] - 243.92500680259027 - 10.33356452861779
[0.0636198624464448, 6.840868597123687, 4.418529173080575, 4.339177032737071, 8.338222182357324, 0.7515911129850256, 0.3425723335987483, 0.6993693749780775, 9.262330366283273, 6.308660077056802, 0.8425618858879563, 0.6722649056287393, 1.329258706284398, 1.4655488504287728, 1.5973317489216867] - 243.92500680259027 - 10.33356452861779
[0.0636198624464448, 6.840868597123687, 4.418529173080575, 4.339177032737071, 8.338222182357324, 0.7515911129850256, 0.3425723335987483, 0.6993693749780775, 9.262330366283273, 6.308660077056802, 0.8425618858879563, 0.6722649056287393, 1.329258706284398, 1.4655488504287728, 1.5973317489216867] - 243.92500680259027 - 10.33356452861779
[0.0636198624464448, 6.840868597123687, 4.418529173080575, 4.339177032737071, 8.338222182357324, 0.7515911129850256, 0.3425723335987483, 0.6993693749780775, 9.262330366283273, 6.308660077056802, 0.8425618858879563, 0.6722649056287393, 1.329258706284398, 1.4655488504287728, 1.5973317489216867] - 243.92500680259027 - 10.33356452861779
[0.0636198624464448, 6.840868597123687, 4.418529173080575, 4.339177032737071, 8.338222182357324, 0.7515911129850256, 0.3425723335987483, 0.6993693749780775, 9.262330366283273, 6.308660077056802, 0.8425618858879563, 0.6722649056287393, 1.329258706284398, 1.4655488504287728, 1.5973317489216867] - 243.92500680259027 - 10.33356452861779
[0.0636198624464448, 6.840868597123687, 4.418529173080575, 4.339177032737071, 8.338222182357324, 0.7515911129850256, 0.3425723335987483, 0.6993693749780775, 9.262330366283273, 6.308660077056802, 0.8425618858879563, 0.6722649056287393, 1.329258706284398, 1.4655488504287728, 1.5973317489216867] - 243.92500680259027 - 10.33356452861779
[0.0636198624464448, 6.604242565942052, 4.418529173080575, 6.918125612212789, 8.338222182357324, 0.7515911129850256, 0.3425723335987483, 0.6993693749780775, 9.262330366283273, 8.154330038528402, 0.8425618858879563, 0.8654209973137854, 0.5297681052113369, 0.1383091261810815, 0.2621835404631545] - 115.62549122721785 - 26.774630288727327
[0.0636198624464448, 6.604242565942052, 4.418529173080575, 6.918125612212789, 8.338222182357324, 0.7515911129850256, 0.3425723335987483, 0.6993693749780775, 9.262330366283273, 8.154330038528402, 0.8425618858879563, 0.8654209973137854, 0.5297681052113369, 0.1383091261810815, 0.2621835404631545] - 115.62549122721785 - 26.774630288727327
[0.0636198624464448, 6.604242565942052, 4.418529173080575, 6.918125612212789, 8.338222182357324, 0.7515911129850256, 0.3425723335987483, 0.6993693749780775, 9.262330366283273, 8.154330038528402, 0.8425618858879563, 0.8654209973137854, 0.5297681052113369, 0.1383091261810815, 0.2621835404631545] - 115.62549122721785 - 26.774630288727327
[0.0636198624464448, 6.604242565942052, 4.418529173080575, 6.918125612212789, 8.338222182357324, 0.7515911129850256, 0.3425723335987483, 0.6993693749780775, 9.262330366283273, 8.154330038528402, 0.8425618858879563, 0.8654209973137854, 0.5297681052113369, 0.1383091261810815, 0.2621835404631545] - 115.62549122721785 - 26.774630288727327
[0.0636198624464448, 6.604242565942052, 4.418529173080575, 6.918125612212789, 8.338222182357324, 0.7515911129850256, 0.3425723335987483, 0.6993693749780775, 9.262330366283273, 8.154330038528402, 0.8425618858879563, 0.8654209973137854, 0.5297681052113369, 0.1383091261810815, 0.2621835404631545] - 115.62549122721785 - 26.774630288727327
[0.0636198624464448, 6.604242565942052, 4.418529173080575, 6.918125612212789, 8.338222182357324, 0.7515911129850256, 0.3425723335987483, 0.6993693749780775, 9.262330366283273, 8.154330038528402, 0.8425618858879563, 0.8654209973137854, 0.5297681052113369, 0.1383091261810815, 0.2621835404631545] - 115.62549122721785 - 26.774630288727327
[0.0636198624464448, 6.604242565942052, 4.418529173080575, 6.918125612212789, 8.338222182357324, 0.7515911129850256, 0.3425723335987483, 0.6993693749780775, 9.262330366283273, 8.154330038528402, 0.8425618858879563, 0.8654209973137854, 0.5297681052113369, 0.1383091261810815, 0.2621835404631545] - 115.62549122721785 - 26.774630288727327
[0.0636198624464448, 6.604242565942052, 4.418529173080575, 6.918125612212789, 8.338222182357324, 0.7515911129850256, 0.3425723335987483, 0.6993693749780775, 9.262330366283273, 8.154330038528402, 0.8425618858879563, 0.8654209973137854, 0.5297681052113369, 0.1383091261810815, 0.2621835404631545] - 115.62549122721785 - 26.774630288727327
[0.0636198624464448, 6.604242565942052, 4.418529173080575, 6.918125612212789, 8.338222182357324, 0.7515911129850256, 0.3425723335987483, 0.6993693749780775, 9.262330366283273, 8.154330038528402, 0.8425618858879563, 0.8654209973137854, 0.5297681052113369, 0.1383091261810815, 0.2621835404631545] - 115.62549122721785 - 26.774630288727327
[0.0636198624464448, 6.604242565942052, 4.418529173080575, 6.918125612212789, 8.338222182357324, 0.7515911129850256, 0.3425723335987483, 0.6993693749780775, 9.262330366283273, 8.154330038528402, 0.8425618858879563, 0.8654209973137854, 0.5297681052113369, 0.1383091261810815, 0.2621835404631545] - 115.62549122721785 - 26.774630288727327
[0.0636198624464448, 6.604242565942052, 4.418529173080575, 6.918125612212789, 8.338222182357324, 0.7515911129850256, 0.3425723335987483, 0.6993693749780775, 9.262330366283273, 8.154330038528402, 0.8425618858879563, 0.8654209973137854, 0.5297681052113369, 0.1383091261810815, 0.2621835404631545] - 115.62549122721785 - 26.774630288727327
[0.0636198624464448, 6.604242565942052, 4.418529173080575, 6.918125612212789, 8.338222182357324, 0.7515911129850256, 0.3425723335987483, 0.6993693749780775, 9.262330366283273, 8.154330038528402, 0.8425618858879563, 0.8654209973137854, 0.5297681052113369, 0.1383091261810815, 0.2621835404631545] - 115.62549122721785 - 26.774630288727327
[0.0636198624464448, 6.604242565942052, 4.418529173080575, 6.918125612212789, 8.338222182357324, 0.7515911129850256, 0.3425723335987483, 0.6993693749780775, 9.262330366283273, 8.154330038528402, 0.8425618858879563, 0.8654209973137854, 0.5297681052113369, 0.1383091261810815, 0.2621835404631545] - 115.62549122721785 - 26.774630288727327
[0.0636198624464448, 6.604242565942052, 4.418529173080575, 6.918125612212789, 8.338222182357324, 0.7515911129850256, 0.3425723335987483, 0.6993693749780775, 9.262330366283273, 8.154330038528402, 0.8425618858879563, 0.8654209973137854, 0.5297681052113369, 0.1383091261810815, 0.2621835404631545] - 115.62549122721785 - 26.774630288727327
[0.0636198624464448, 6.604242565942052, 4.418529173080575, 6.918125612212789, 8.338222182357324, 0.7515911129850256, 0.3425723335987483, 0.6993693749780775, 9.262330366283273, 8.154330038528402, 0.8425618858879563, 0.8654209973137854, 0.5297681052113369, 0.1383091261810815, 0.2621835404631545] - 115.62549122721785 - 26.774630288727327
[0.0636198624464448, 6.604242565942052, 4.418529173080575, 6.918125612212789, 8.338222182357324, 0.7515911129850256, 0.3425723335987483, 0.6993693749780775, 9.262330366283273, 8.154330038528402, 0.8425618858879563, 0.8654209973137854, 0.5297681052113369, 0.1383091261810815, 0.2621835404631545] - 115.62549122721785 - 26.774630288727327
[0.0636198624464448, 6.604242565942052, 4.418529173080575, 6.918125612212789, 8.338222182357324, 0.7515911129850256, 0.3425723335987483, 0.6993693749780775, 9.262330366283273, 8.154330038528402, 0.8425618858879563, 0.8654209973137854, 0.5297681052113369, 0.1383091261810815, 0.2621835404631545] - 115.62549122721785 - 26.774630288727327
[0.0636198624464448, 6.604242565942052, 4.418529173080575, 6.918125612212789, 8.338222182357324, 0.7515911129850256, 0.3425723335987483, 0.6993693749780775, 9.262330366283273, 8.154330038528402, 0.8425618858879563, 0.8654209973137854, 0.5297681052113369, 0.1383091261810815, 0.2621835404631545] - 115.62549122721785 - 26.774630288727327
[0.0636198624464448, 6.604242565942052, 4.418529173080575, 6.918125612212789, 8.338222182357324, 0.7515911129850256, 0.3425723335987483, 0.6993693749780775, 9.262330366283273, 8.154330038528402, 0.8425618858879563, 0.8654209973137854, 0.5297681052113369, 0.1383091261810815, 0.2621835404631545] - 115.62549122721785 - 26.774630288727327
[0.0636198624464448, 6.604242565942052, 4.418529173080575, 6.918125612212789, 8.338222182357324, 0.7515911129850256, 0.3425723335987483, 0.6993693749780775, 9.262330366283273, 8.154330038528402, 0.8425618858879563, 0.8654209973137854, 0.5297681052113369, 0.1383091261810815, 0.2621835404631545] - 115.62549122721785 - 26.774630288727327
[0.3314587408307854, 6.463769247225276, 2.7415704413201505, 1.8492086141894608, 3.9662027246727964, 3.6897459141134084, 0.26411050365793853, 0.005195668848620549, 8.781387513195934, 9.956767898159816, 0.6733139751950546, 0.1223658016296928, 0.24506141950200366, 0.21847526337653783, 0.5542438069352839] - 29.7450414239641 - 32.2249013877791
[0.3314587408307854, 6.463769247225276, 2.7415704413201505, 1.8492086141894608, 3.9662027246727964, 3.6897459141134084, 0.26411050365793853, 0.005195668848620549, 8.781387513195934, 9.956767898159816, 0.6733139751950546, 0.1223658016296928, 0.24506141950200366, 0.21847526337653783, 0.5542438069352839] - 29.7450414239641 - 32.2249013877791
[0.3314587408307854, 6.463769247225276, 2.7415704413201505, 1.8492086141894608, 3.9662027246727964, 3.6897459141134084, 0.26411050365793853, 0.005195668848620549, 8.781387513195934, 9.956767898159816, 0.6733139751950546, 0.1223658016296928, 0.24506141950200366, 0.21847526337653783, 0.5542438069352839] - 29.7450414239641 - 32.2249013877791
[0.3314587408307854, 6.463769247225276, 2.7415704413201505, 1.8492086141894608, 3.9662027246727964, 3.6897459141134084, 0.26411050365793853, 0.005195668848620549, 8.781387513195934, 9.956767898159816, 0.6733139751950546, 0.1223658016296928, 0.24506141950200366, 0.21847526337653783, 0.5542438069352839] - 29.7450414239641 - 32.2249013877791
[0.3314587408307854, 6.463769247225276, 2.7415704413201505, 1.8492086141894608, 3.9662027246727964, 3.6897459141134084, 0.26411050365793853, 0.005195668848620549, 8.781387513195934, 9.956767898159816, 0.6733139751950546, 0.1223658016296928, 0.24506141950200366, 0.21847526337653783, 0.5542438069352839] - 29.7450414239641 - 32.2249013877791
[0.3314587408307854, 6.463769247225276, 2.7415704413201505, 1.8492086141894608, 3.9662027246727964, 3.6897459141134084, 0.26411050365793853, 0.005195668848620549, 8.781387513195934, 9.956767898159816, 0.6733139751950546, 0.1223658016296928, 0.24506141950200366, 0.21847526337653783, 0.5542438069352839] - 29.7450414239641 - 32.2249013877791
[0.3314587408307854, 6.463769247225276, 2.7415704413201505, 1.8492086141894608, 3.9662027246727964, 3.6897459141134084, 0.26411050365793853, 0.005195668848620549, 8.781387513195934, 9.956767898159816, 0.6733139751950546, 0.1223658016296928, 0.24506141950200366, 0.21847526337653783, 0.5542438069352839] - 29.7450414239641 - 32.2249013877791
[0.3314587408307854, 6.463769247225276, 2.7415704413201505, 1.8492086141894608, 3.9662027246727964, 3.6897459141134084, 0.26411050365793853, 0.005195668848620549, 8.781387513195934, 9.956767898159816, 0.6733139751950546, 0.1223658016296928, 0.24506141950200366, 0.21847526337653783, 0.5542438069352839] - 29.7450414239641 - 32.2249013877791
[0.3314587408307854, 6.463769247225276, 2.7415704413201505, 1.8492086141894608, 3.9662027246727964, 3.6897459141134084, 0.26411050365793853, 0.005195668848620549, 8.781387513195934, 9.956767898159816, 0.6733139751950546, 0.1223658016296928, 0.24506141950200366, 0.21847526337653783, 0.5542438069352839] - 29.7450414239641 - 32.2249013877791
[0.3314587408307854, 6.463769247225276, 2.7415704413201505, 1.8492086141894608, 3.9662027246727964, 3.6897459141134084, 0.26411050365793853, 0.005195668848620549, 8.781387513195934, 9.956767898159816, 0.6733139751950546, 0.1223658016296928, 0.24506141950200366, 0.21847526337653783, 0.5542438069352839] - 29.7450414239641 - 32.2249013877791
[0.3314587408307854, 6.463769247225276, 2.7415704413201505, 1.8492086141894608, 3.9662027246727964, 3.6897459141134084, 0.26411050365793853, 0.005195668848620549, 8.781387513195934, 9.956767898159816, 0.6733139751950546, 0.1223658016296928, 0.24506141950200366, 0.21847526337653783, 0.5542438069352839] - 29.7450414239641 - 32.2249013877791
[0.3314587408307854, 6.463769247225276, 2.7415704413201505, 1.8492086141894608, 3.9662027246727964, 3.6897459141134084, 0.26411050365793853, 0.005195668848620549, 8.781387513195934, 9.956767898159816, 0.6733139751950546, 0.1223658016296928, 0.24506141950200366, 0.21847526337653783, 0.5542438069352839] - 29.7450414239641 - 32.2249013877791
[0.3314587408307854, 6.463769247225276, 2.7415704413201505, 1.8492086141894608, 3.9662027246727964, 3.6897459141134084, 0.26411050365793853, 0.005195668848620549, 8.781387513195934, 9.956767898159816, 0.6733139751950546, 0.1223658016296928, 0.24506141950200366, 0.21847526337653783, 0.5542438069352839] - 29.7450414239641 - 32.2249013877791
[0.3314587408307854, 6.463769247225276, 2.7415704413201505, 1.8492086141894608, 3.9662027246727964, 3.6897459141134084, 0.26411050365793853, 0.005195668848620549, 8.781387513195934, 9.956767898159816, 0.6733139751950546, 0.1223658016296928, 0.24506141950200366, 0.21847526337653783, 0.5542438069352839] - 29.7450414239641 - 32.2249013877791
[0.3314587408307854, 6.463769247225276, 2.7415704413201505, 1.8492086141894608, 3.9662027246727964, 3.6897459141134084, 0.26411050365793853, 0.005195668848620549, 8.781387513195934, 9.956767898159816, 0.6733139751950546, 0.1223658016296928, 0.24506141950200366, 0.21847526337653783, 0.5542438069352839] - 29.7450414239641 - 32.2249013877791
[0.3314587408307854, 6.463769247225276, 2.7415704413201505, 1.8492086141894608, 3.9662027246727964, 3.6897459141134084, 0.26411050365793853, 0.005195668848620549, 8.781387513195934, 9.956767898159816, 0.6733139751950546, 0.1223658016296928, 0.24506141950200366, 0.21847526337653783, 0.5542438069352839] - 29.7450414239641 - 32.2249013877791
[0.3314587408307854, 6.463769247225276, 2.7415704413201505, 1.8492086141894608, 3.9662027246727964, 3.6897459141134084, 0.26411050365793853, 0.005195668848620549, 8.781387513195934, 9.956767898159816, 0.6733139751950546, 0.1223658016296928, 0.24506141950200366, 0.21847526337653783, 0.5542438069352839] - 29.7450414239641 - 32.2249013877791
[0.3314587408307854, 6.463769247225276, 2.7415704413201505, 1.8492086141894608, 3.9662027246727964, 3.6897459141134084, 0.26411050365793853, 0.005195668848620549, 8.781387513195934, 9.956767898159816, 0.6733139751950546, 0.1223658016296928, 0.24506141950200366, 0.21847526337653783, 0.5542438069352839] - 29.7450414239641 - 32.2249013877791
[0.3314587408307854, 6.463769247225276, 2.7415704413201505, 1.8492086141894608, 3.9662027246727964, 3.6897459141134084, 0.26411050365793853, 0.005195668848620549, 8.781387513195934, 9.956767898159816, 0.6733139751950546, 0.1223658016296928, 0.24506141950200366, 0.21847526337653783, 0.5542438069352839] - 29.7450414239641 - 32.2249013877791
[0.3314587408307854, 6.463769247225276, 2.7415704413201505, 1.8492086141894608, 3.9662027246727964, 3.6897459141134084, 0.26411050365793853, 0.005195668848620549, 8.781387513195934, 9.956767898159816, 0.6733139751950546, 0.1223658016296928, 0.24506141950200366, 0.21847526337653783, 0.5542438069352839] - 29.7450414239641 - 32.2249013877791
[0.3314587408307854, 6.463769247225276, 2.7415704413201505, 1.8492086141894608, 3.9662027246727964, 3.6897459141134084, 0.26411050365793853, 0.005195668848620549, 8.781387513195934, 9.956767898159816, 0.6733139751950546, 0.1223658016296928, 0.24506141950200366, 0.21847526337653783, 0.5542438069352839] - 29.7450414239641 - 32.2249013877791
[0.4138610898392752, 2.4980880844665476, 5.888677801228873, 0.420594765395769, 1.4786939164173134, 1.9902868758470778, 0.10990914672642466, 0.5534495542866802, 8.935654533140667, 8.07123075673466, 0.16281738139847182, 0.5606065351052072, 0.2872579139475835, 0.16228896222142603, 0.062396730359910224] - 26.10923438005653 - 42.25666484841113
[0.4138610898392752, 2.4980880844665476, 5.888677801228873, 0.420594765395769, 1.4786939164173134, 1.9902868758470778, 0.10990914672642466, 0.5534495542866802, 8.935654533140667, 8.07123075673466, 0.16281738139847182, 0.5606065351052072, 0.2872579139475835, 0.16228896222142603, 0.062396730359910224] - 26.10923438005653 - 42.25666484841113
[0.0401103470258652, 5.192408287174166, 8.14877492792823, 1.7803744538893997, 3.933489496402933, 3.3377927327317525, 0.19975666654842855, 0.06449808477690974, 9.499024779480527, 7.099895449169902, 0.7637883524774343, 0.16052517465635263, 0.2247791178552358, 0.2688041648450625, 0.6358138031391365] - 24.654404168310855 - 33.12834149655779
[0.17231227596424645, 1.3604321403698234, 7.343372993811198, 4.506158895644036, 2.58540235642531, 4.39072902584886, 0.2510670211603676, 0.008106969751884421, 9.662297302335007, 3.5594583595196423, 0.09227074588391013, 0.022158354441611933, 0.5008011024940124, 0.464602751992101, 0.4444887974256368] - 9.337380687073559 - 32.53001889722019
[0.2375850467686682, 2.237614792330182, 8.863001107916684, 0.0797868666831889, 1.9461386953226367, 0.20107627377288279, 0.2030560063905719, 0.19319944282842144, 8.79816274350195, 8.382943907083266, 0.13045997390297637, 0.38073032127283707, 0.4691681935825839, 0.4009243731915859, 0.10119920916309201] - -3.574302057781448 - 44.55712799993141
[0.03592036500180107, 0.45251265346826797, 5.911798993945361, 0.6955278063056041, 1.6508482816532788, 0.14352574631096648, 0.15600651810664232, 0.18436010708139922, 9.471609888377019, 3.566081709684407, 0.1959081681551838, 0.469858874422664, 0.15884506195155326, 0.5545758819554553, 0.062418033131018846] - -9.710319095654125 - 40.53166569654112
[0.03592036500180107, 0.45251265346826797, 5.911798993945361, 0.6955278063056041, 1.6508482816532788, 0.14352574631096648, 0.15600651810664232, 0.18436010708139922, 9.471609888377019, 3.566081709684407, 0.1959081681551838, 0.469858874422664, 0.15884506195155326, 0.5545758819554553, 0.062418033131018846] - -9.710319095654125 - 40.53166569654112
[0.03592036500180107, 0.45251265346826797, 5.911798993945361, 0.6955278063056041, 1.6508482816532788, 0.14352574631096648, 0.15600651810664232, 0.18436010708139922, 9.471609888377019, 3.566081709684407, 0.1959081681551838, 0.469858874422664, 0.15884506195155326, 0.5545758819554553, 0.062418033131018846] - -9.710319095654125 - 40.53166569654112
[0.03592036500180107, 0.45251265346826797, 5.911798993945361, 0.6955278063056041, 1.6508482816532788, 0.14352574631096648, 0.15600651810664232, 0.18436010708139922, 9.471609888377019, 3.566081709684407, 0.1959081681551838, 0.469858874422664, 0.15884506195155326, 0.5545758819554553, 0.062418033131018846] - -9.710319095654125 - 40.53166569654112
[0.03592036500180107, 0.45251265346826797, 5.911798993945361, 0.6955278063056041, 1.6508482816532788, 0.14352574631096648, 0.15600651810664232, 0.18436010708139922, 9.471609888377019, 3.566081709684407, 0.1959081681551838, 0.469858874422664, 0.15884506195155326, 0.5545758819554553, 0.062418033131018846] - -9.710319095654125 - 40.53166569654112
[0.03592036500180107, 0.45251265346826797, 5.911798993945361, 0.6955278063056041, 1.6508482816532788, 0.14352574631096648, 0.15600651810664232, 0.18436010708139922, 9.471609888377019, 3.566081709684407, 0.1959081681551838, 0.469858874422664, 0.15884506195155326, 0.5545758819554553, 0.062418033131018846] - -9.710319095654125 - 40.53166569654112
[0.03592036500180107, 0.45251265346826797, 5.911798993945361, 0.6955278063056041, 1.6508482816532788, 0.14352574631096648, 0.15600651810664232, 0.18436010708139922, 9.471609888377019, 3.566081709684407, 0.1959081681551838, 0.469858874422664, 0.15884506195155326, 0.5545758819554553, 0.062418033131018846] - -9.710319095654125 - 40.53166569654112
[0.03592036500180107, 0.45251265346826797, 5.911798993945361, 0.6955278063056041, 1.6508482816532788, 0.14352574631096648, 0.15600651810664232, 0.18436010708139922, 9.471609888377019, 3.566081709684407, 0.1959081681551838, 0.469858874422664, 0.15884506195155326, 0.5545758819554553, 0.062418033131018846] - -9.710319095654125 - 40.53166569654112
[0.02364185759654122, 0.45251265346826797, 4.919623255822745, 0.6955278063056041, 1.6508482816532788, 0.14352574631096648, 0.0061904972208288445, 0.18436010708139922, 8.928706852930045, 7.665453331866193, 0.1959081681551838, 0.12053465766268073, 0.17706201573965952, 0.3351846125043156, 0.062418033131018846] - -22.937914068761103 - 46.92125477889096
[0.02364185759654122, 0.45251265346826797, 4.919623255822745, 0.6955278063056041, 1.6508482816532788, 0.14352574631096648, 0.0061904972208288445, 0.18436010708139922, 8.928706852930045, 7.665453331866193, 0.1959081681551838, 0.12053465766268073, 0.17706201573965952, 0.3351846125043156, 0.062418033131018846] - -22.937914068761103 - 46.92125477889096
[0.02364185759654122, 0.45251265346826797, 4.919623255822745, 0.6955278063056041, 1.6508482816532788, 0.14352574631096648, 0.0061904972208288445, 0.18436010708139922, 8.928706852930045, 7.665453331866193, 0.1959081681551838, 0.12053465766268073, 0.17706201573965952, 0.3351846125043156, 0.062418033131018846] - -22.937914068761103 - 46.92125477889096
[0.02364185759654122, 0.45251265346826797, 4.919623255822745, 0.6955278063056041, 1.6508482816532788, 0.14352574631096648, 0.0061904972208288445, 0.18436010708139922, 8.928706852930045, 7.665453331866193, 0.1959081681551838, 0.12053465766268073, 0.17706201573965952, 0.3351846125043156, 0.062418033131018846] - -22.937914068761103 - 46.92125477889096
[0.02364185759654122, 0.45251265346826797, 4.919623255822745, 0.6955278063056041, 1.6508482816532788, 0.14352574631096648, 0.0061904972208288445, 0.18436010708139922, 8.928706852930045, 7.665453331866193, 0.1959081681551838, 0.12053465766268073, 0.17706201573965952, 0.3351846125043156, 0.062418033131018846] - -22.937914068761103 - 46.92125477889096
[0.02364185759654122, 0.45251265346826797, 4.919623255822745, 0.6955278063056041, 1.6508482816532788, 0.14352574631096648, 0.0061904972208288445, 0.18436010708139922, 8.928706852930045, 7.665453331866193, 0.1959081681551838, 0.12053465766268073, 0.17706201573965952, 0.3351846125043156, 0.062418033131018846] - -22.937914068761103 - 46.92125477889096
[0.02364185759654122, 0.45251265346826797, 4.919623255822745, 0.6955278063056041, 1.6508482816532788, 0.14352574631096648, 0.0061904972208288445, 0.18436010708139922, 8.928706852930045, 7.665453331866193, 0.1959081681551838, 0.12053465766268073, 0.17706201573965952, 0.3351846125043156, 0.062418033131018846] - -22.937914068761103 - 46.92125477889096
[0.02364185759654122, 0.45251265346826797, 4.919623255822745, 0.6955278063056041, 1.6508482816532788, 0.14352574631096648, 0.0061904972208288445, 0.18436010708139922, 8.928706852930045, 7.665453331866193, 0.1959081681551838, 0.12053465766268073, 0.17706201573965952, 0.3351846125043156, 0.062418033131018846] - -22.937914068761103 - 46.92125477889096
[0.02364185759654122, 0.45251265346826797, 4.919623255822745, 0.6955278063056041, 1.6508482816532788, 0.14352574631096648, 0.0061904972208288445, 0.18436010708139922, 8.928706852930045, 7.665453331866193, 0.1959081681551838, 0.12053465766268073, 0.17706201573965952, 0.3351846125043156, 0.062418033131018846] - -22.937914068761103 - 46.92125477889096
[0.02364185759654122, 0.45251265346826797, 4.919623255822745, 0.6955278063056041, 1.6508482816532788, 0.14352574631096648, 0.0061904972208288445, 0.18436010708139922, 8.928706852930045, 7.665453331866193, 0.1959081681551838, 0.12053465766268073, 0.17706201573965952, 0.3351846125043156, 0.062418033131018846] - -22.937914068761103 - 46.92125477889096
[0.02364185759654122, 0.45251265346826797, 4.919623255822745, 0.6955278063056041, 1.6508482816532788, 0.14352574631096648, 0.0061904972208288445, 0.18436010708139922, 8.928706852930045, 7.665453331866193, 0.1959081681551838, 0.12053465766268073, 0.17706201573965952, 0.3351846125043156, 0.062418033131018846] - -22.937914068761103 - 46.92125477889096
[0.0401103470258652, 2.596204143587083, 3.6628396299757835, 0.3825402165972406, 0.7094336571615714, 4.4771125146663895, 0.07580264921817123, 0.06449808477690974, 8.716468286311988, 7.099895449169902, 0.04572499882544459, 0.21642032359443242, 0.3378628842724142, 0.4494043551820349, 0.14930493255644822] - -23.490303794132117 - 45.37915015217567
[0.0401103470258652, 2.596204143587083, 3.6628396299757835, 0.3825402165972406, 0.7094336571615714, 4.4771125146663895, 0.07580264921817123, 0.06449808477690974, 8.716468286311988, 7.099895449169902, 0.04572499882544459, 0.21642032359443242, 0.3378628842724142, 0.4494043551820349, 0.14930493255644822] - -23.490303794132117 - 45.37915015217567
[0.0401103470258652, 2.596204143587083, 3.6628396299757835, 0.3825402165972406, 0.7094336571615714, 4.4771125146663895, 0.07580264921817123, 0.06449808477690974, 8.716468286311988, 7.099895449169902, 0.04572499882544459, 0.21642032359443242, 0.3378628842724142, 0.4494043551820349, 0.14930493255644822] - -23.490303794132117 - 45.37915015217567
[0.0401103470258652, 2.596204143587083, 3.6628396299757835, 0.3825402165972406, 0.7094336571615714, 4.4771125146663895, 0.07580264921817123, 0.06449808477690974, 8.716468286311988, 7.099895449169902, 0.04572499882544459, 0.21642032359443242, 0.3378628842724142, 0.4494043551820349, 0.14930493255644822] - -23.490303794132117 - 45.37915015217567
[0.0401103470258652, 2.596204143587083, 3.6628396299757835, 0.3825402165972406, 0.7094336571615714, 4.4771125146663895, 0.07580264921817123, 0.06449808477690974, 8.716468286311988, 7.099895449169902, 0.04572499882544459, 0.21642032359443242, 0.3378628842724142, 0.4494043551820349, 0.14930493255644822] - -23.490303794132117 - 45.37915015217567
[0.0401103470258652, 2.596204143587083, 3.6628396299757835, 0.3825402165972406, 0.7094336571615714, 4.4771125146663895, 0.07580264921817123, 0.06449808477690974, 8.716468286311988, 7.099895449169902, 0.04572499882544459, 0.21642032359443242, 0.3378628842724142, 0.4494043551820349, 0.14930493255644822] - -23.490303794132117 - 45.37915015217567
[0.08507787459208188, 5.72878056097625, 6.5410875094386585, 0.3054045264147254, 0.4129392080960507, 1.3737971568551381, 0.01998491089939762, 0.04001997697526025, 9.747279024429039, 5.605756305957216, 0.28096708442002394, 0.3496704335758319, 0.4211256609550503, 0.17438719844130895, 0.0651080377102066] - -27.255825971120018 - 48.366856449875236
[0.011596789161898956, 2.2937645904986548, 1.3454756577847327, 0.8768010937230805, 0.43370563219998093, 1.3195585336347453, 0.03080580212461649, 0.08302795362587817, 9.379550371531717, 6.814948129702694, 0.28119766716349043, 0.3165439685590384, 0.4125293116887694, 0.2779870327099465, 0.3414553940681089] - -29.44300152707769 - 45.969033280297964
[0.033025211524995074, 1.3469073006572347, 6.335286727906937, 0.456949535547148, 1.4790574676427877, 1.1621062321005455, 0.04802251638691235, 0.013008782885150866, 9.125189442910987, 7.429696371933327, 0.1229323972943625, 0.2945696679811212, 0.23772164811908505, 0.0768604467270802, 0.26548053557674317] - -29.946987419090192 - 45.26039210449484
[0.033025211524995074, 1.3469073006572347, 6.335286727906937, 0.456949535547148, 1.4790574676427877, 1.1621062321005455, 0.04802251638691235, 0.013008782885150866, 9.125189442910987, 7.429696371933327, 0.1229323972943625, 0.2945696679811212, 0.23772164811908505, 0.0768604467270802, 0.26548053557674317] - -29.946987419090192 - 45.26039210449484
[0.033025211524995074, 1.3469073006572347, 6.335286727906937, 0.456949535547148, 1.4790574676427877, 1.1621062321005455, 0.04802251638691235, 0.013008782885150866, 9.125189442910987, 7.429696371933327, 0.1229323972943625, 0.2945696679811212, 0.23772164811908505, 0.0768604467270802, 0.26548053557674317] - -29.946987419090192 - 45.26039210449484
[0.033025211524995074, 1.3469073006572347, 6.335286727906937, 0.456949535547148, 1.4790574676427877, 1.1621062321005455, 0.04802251638691235, 0.013008782885150866, 9.125189442910987, 7.429696371933327, 0.1229323972943625, 0.2945696679811212, 0.23772164811908505, 0.0768604467270802, 0.26548053557674317] - -29.946987419090192 - 45.26039210449484
[0.027822981973740467, 1.479380239081379, 1.891436632945914, 0.995121149759292, 0.1007606454211533, 3.5270812959018736, 0.07171238162997301, 0.08955722554568912, 9.903114437331345, 8.768656980694232, 0.261040238945425, 0.11440760244858116, 0.3522199861144938, 0.10998060194617063, 0.055163144222542274] - -35.61194346952272 - 54.304169152593
[0.027822981973740467, 1.479380239081379, 1.891436632945914, 0.995121149759292, 0.1007606454211533, 3.5270812959018736, 0.07171238162997301, 0.08955722554568912, 9.903114437331345, 8.768656980694232, 0.261040238945425, 0.11440760244858116, 0.3522199861144938, 0.10998060194617063, 0.055163144222542274] - -35.61194346952272 - 54.304169152593
[0.027822981973740467, 1.479380239081379, 1.891436632945914, 0.995121149759292, 0.1007606454211533, 3.5270812959018736, 0.07171238162997301, 0.08955722554568912, 9.903114437331345, 8.768656980694232, 0.261040238945425, 0.11440760244858116, 0.3522199861144938, 0.10998060194617063, 0.055163144222542274] - -35.61194346952272 - 54.304169152593
[0.027822981973740467, 1.479380239081379, 1.891436632945914, 0.995121149759292, 0.1007606454211533, 3.5270812959018736, 0.07171238162997301, 0.08955722554568912, 9.903114437331345, 8.768656980694232, 0.261040238945425, 0.11440760244858116, 0.3522199861144938, 0.10998060194617063, 0.055163144222542274] - -35.61194346952272 - 54.304169152593
[0.027822981973740467, 1.479380239081379, 1.891436632945914, 0.995121149759292, 0.1007606454211533, 3.5270812959018736, 0.07171238162997301, 0.08955722554568912, 9.903114437331345, 8.768656980694232, 0.261040238945425, 0.11440760244858116, 0.3522199861144938, 0.10998060194617063, 0.055163144222542274] - -35.61194346952272 - 54.304169152593
[0.027822981973740467, 1.479380239081379, 1.891436632945914, 0.995121149759292, 0.1007606454211533, 3.5270812959018736, 0.07171238162997301, 0.08955722554568912, 9.903114437331345, 8.768656980694232, 0.261040238945425, 0.11440760244858116, 0.3522199861144938, 0.10998060194617063, 0.055163144222542274] - -35.61194346952272 - 54.304169152593
[0.027822981973740467, 1.479380239081379, 1.891436632945914, 0.995121149759292, 0.1007606454211533, 3.5270812959018736, 0.07171238162997301, 0.08955722554568912, 9.903114437331345, 8.768656980694232, 0.261040238945425, 0.11440760244858116, 0.3522199861144938, 0.10998060194617063, 0.055163144222542274] - -35.61194346952272 - 54.304169152593
[0.05107090194572043, 0.2971705961290093, 2.6950597421610754, 0.44100496026228947, 0.19089686997525304, 4.165066211225037, 0.0467517771131043, 0.06131816395951178, 9.824332173757123, 8.822693635843976, 0.3886958174211884, 0.4039288576218249, 0.31611297509893843, 0.02244942125921215, 0.10451505669724838] - -37.212541893772226 - 50.342477347610135
[0.05107090194572043, 0.2971705961290093, 2.6950597421610754, 0.44100496026228947, 0.19089686997525304, 4.165066211225037, 0.0467517771131043, 0.06131816395951178, 9.824332173757123, 8.822693635843976, 0.3886958174211884, 0.4039288576218249, 0.31611297509893843, 0.02244942125921215, 0.10451505669724838] - -37.212541893772226 - 50.342477347610135
[0.05107090194572043, 0.2971705961290093, 2.6950597421610754, 0.44100496026228947, 0.19089686997525304, 4.165066211225037, 0.0467517771131043, 0.06131816395951178, 9.824332173757123, 8.822693635843976, 0.3886958174211884, 0.4039288576218249, 0.31611297509893843, 0.02244942125921215, 0.10451505669724838] - -37.212541893772226 - 50.342477347610135
[0.04182282278085925, 0.07216588900821919, 3.7820383144422065, 0.725660694090416, 1.006346978820985, 1.3508505070119494, 0.038040519089716666, 0.01559250427991165, 9.372448332807153, 9.47897813565742, 0.020675761353021023, 0.3913919947993022, 0.39068337859912083, 0.36270486466846685, 0.07615104941527086] - -39.463941912092885 - 49.99043644956821
[0.04182282278085925, 0.07216588900821919, 3.7820383144422065, 0.725660694090416, 1.006346978820985, 1.3508505070119494, 0.038040519089716666, 0.01559250427991165, 9.372448332807153, 9.47897813565742, 0.020675761353021023, 0.3913919947993022, 0.39068337859912083, 0.36270486466846685, 0.07615104941527086] - -39.463941912092885 - 49.99043644956821
[0.04182282278085925, 0.07216588900821919, 3.7820383144422065, 0.725660694090416, 1.006346978820985, 1.3508505070119494, 0.038040519089716666, 0.01559250427991165, 9.372448332807153, 9.47897813565742, 0.020675761353021023, 0.3913919947993022, 0.39068337859912083, 0.36270486466846685, 0.07615104941527086] - -39.463941912092885 - 49.99043644956821
[0.04182282278085925, 0.07216588900821919, 3.7820383144422065, 0.725660694090416, 1.006346978820985, 1.3508505070119494, 0.038040519089716666, 0.01559250427991165, 9.372448332807153, 9.47897813565742, 0.020675761353021023, 0.3913919947993022, 0.39068337859912083, 0.36270486466846685, 0.07615104941527086] - -39.463941912092885 - 49.99043644956821
[0.023652466016953352, 1.7166942614252194, 3.9325679802751417, 0.01689854322692741, 0.19234676267958706, 0.8428963951588364, 0.044232144346881615, 0.01778709041186865, 9.716214601520576, 7.8922080597572775, 0.25181270928358435, 0.04037912971824249, 0.22788900334160211, 0.09107039969383779, 0.0880508683418135] - -44.78788600562311 - 54.37518275259081
[0.023652466016953352, 1.7166942614252194, 3.9325679802751417, 0.01689854322692741, 0.19234676267958706, 0.8428963951588364, 0.044232144346881615, 0.01778709041186865, 9.716214601520576, 7.8922080597572775, 0.25181270928358435, 0.04037912971824249, 0.22788900334160211, 0.09107039969383779, 0.0880508683418135] - -44.78788600562311 - 54.37518275259081
[0.04287667758623612, 0.04918716717267513, 2.2013075506133575, 0.2314557818277329, 0.08417080676535349, 1.6116661367102239, 0.0783365026364265, 0.016507521428370336, 9.561400906090118, 9.186615125139513, 0.26026927598409016, 0.053151846959048066, 0.24619855277341907, 0.06748630294934461, 0.20614262815201057] - -46.18305291041378 - 54.18998945376247
[0.04287667758623612, 0.04918716717267513, 2.2013075506133575, 0.2314557818277329, 0.08417080676535349, 1.6116661367102239, 0.0783365026364265, 0.016507521428370336, 9.561400906090118, 9.186615125139513, 0.26026927598409016, 0.053151846959048066, 0.24619855277341907, 0.06748630294934461, 0.20614262815201057] - -46.18305291041378 - 54.18998945376247
[0.0019244895412946356, 0.18990805177080544, 1.9395430550528352, 0.05369152747035341, 0.28315373869503985, 0.28955737503025936, 0.021856041828101802, 0.06430108714565694, 9.560087552819578, 6.88764554388277, 0.18619598453371777, 0.16774487125237858, 0.20157939102479658, 0.05682081177985232, 0.06069035048335427] - -46.71698331743772 - 53.408384694430126
[0.0019244895412946356, 0.18990805177080544, 1.9395430550528352, 0.05369152747035341, 0.28315373869503985, 0.28955737503025936, 0.021856041828101802, 0.06430108714565694, 9.560087552819578, 6.88764554388277, 0.18619598453371777, 0.16774487125237858, 0.20157939102479658, 0.05682081177985232, 0.06069035048335427] - -46.71698331743772 - 53.408384694430126
[0.0019244895412946356, 0.18990805177080544, 1.9395430550528352, 0.05369152747035341, 0.28315373869503985, 0.28955737503025936, 0.021856041828101802, 0.06430108714565694, 9.560087552819578, 6.88764554388277, 0.18619598453371777, 0.16774487125237858, 0.20157939102479658, 0.05682081177985232, 0.06069035048335427] - -46.71698331743772 - 53.408384694430126
[1.7422283282553588E-4, 1.0491563257897674, 3.364510231761465, 0.041714475928328665, 0.23844435509235656, 1.9479288218293092, 0.02514956093697694, 0.004536390682941604, 9.944891530949915, 5.922995889692423, 0.08289699788844103, 0.0014256453781787137, 0.31361586145771136, 0.06406951528722231, 0.17702082650186968] - -47.6957812045979 - 54.397249263685616
[1.7422283282553588E-4, 1.0491563257897674, 3.364510231761465, 0.041714475928328665, 0.23844435509235656, 1.9479288218293092, 0.02514956093697694, 0.004536390682941604, 9.944891530949915, 5.922995889692423, 0.08289699788844103, 0.0014256453781787137, 0.31361586145771136, 0.06406951528722231, 0.17702082650186968] - -47.6957812045979 - 54.397249263685616
[1.7422283282553588E-4, 1.0491563257897674, 3.364510231761465, 0.041714475928328665, 0.23844435509235656, 1.9479288218293092, 0.02514956093697694, 0.004536390682941604, 9.944891530949915, 5.922995889692423, 0.08289699788844103, 0.0014256453781787137, 0.31361586145771136, 0.06406951528722231, 0.17702082650186968] - -47.6957812045979 - 54.397249263685616
[0.04480139104425431, 0.04918716717267513, 2.2013075506133575, 0.2314557818277329, 0.08417080676535349, 1.6116661367102239, 0.03916825131821325, 0.016507521428370336, 9.825349920094178, 9.186615125139513, 0.09013613956933257, 0.053151846959048066, 0.24619855277341907, 0.06825337120078931, 0.05656314562854591] - -50.06010309179052 - 58.01503296492327
[0.04480139104425431, 0.04918716717267513, 2.2013075506133575, 0.2314557818277329, 0.08417080676535349, 1.6116661367102239, 0.03916825131821325, 0.016507521428370336, 9.825349920094178, 9.186615125139513, 0.09013613956933257, 0.053151846959048066, 0.24619855277341907, 0.06825337120078931, 0.05656314562854591] - -50.06010309179052 - 58.01503296492327
[0.04480139104425431, 0.04918716717267513, 2.2013075506133575, 0.2314557818277329, 0.08417080676535349, 1.6116661367102239, 0.03916825131821325, 0.016507521428370336, 9.825349920094178, 9.186615125139513, 0.09013613956933257, 0.053151846959048066, 0.24619855277341907, 0.06825337120078931, 0.05656314562854591] - -50.06010309179052 - 58.01503296492327
[0.04480139104425431, 0.04918716717267513, 2.2013075506133575, 0.2314557818277329, 0.08417080676535349, 1.6116661367102239, 0.03916825131821325, 0.016507521428370336, 9.825349920094178, 9.186615125139513, 0.09013613956933257, 0.053151846959048066, 0.24619855277341907, 0.06825337120078931, 0.05656314562854591] - -50.06010309179052 - 58.01503296492327
[0.04480139104425431, 0.04918716717267513, 2.2013075506133575, 0.2314557818277329, 0.08417080676535349, 1.6116661367102239, 0.03916825131821325, 0.016507521428370336, 9.825349920094178, 9.186615125139513, 0.09013613956933257, 0.053151846959048066, 0.24619855277341907, 0.06825337120078931, 0.05656314562854591] - -50.06010309179052 - 58.01503296492327
[0.04480139104425431, 0.04918716717267513, 2.2013075506133575, 0.2314557818277329, 0.08417080676535349, 1.6116661367102239, 0.03916825131821325, 0.016507521428370336, 9.825349920094178, 9.186615125139513, 0.09013613956933257, 0.053151846959048066, 0.24619855277341907, 0.06825337120078931, 0.05656314562854591] - -50.06010309179052 - 58.01503296492327
[0.04480139104425431, 0.04918716717267513, 2.2013075506133575, 0.2314557818277329, 0.08417080676535349, 1.6116661367102239, 0.03916825131821325, 0.016507521428370336, 9.825349920094178, 9.186615125139513, 0.09013613956933257, 0.053151846959048066, 0.24619855277341907, 0.06825337120078931, 0.05656314562854591] - -50.06010309179052 - 58.01503296492327
[0.04480139104425431, 0.04918716717267513, 2.2013075506133575, 0.2314557818277329, 0.08417080676535349, 1.6116661367102239, 0.03916825131821325, 0.016507521428370336, 9.825349920094178, 9.186615125139513, 0.09013613956933257, 0.053151846959048066, 0.24619855277341907, 0.06825337120078931, 0.05656314562854591] - -50.06010309179052 - 58.01503296492327
[0.04480139104425431, 0.04918716717267513, 2.2013075506133575, 0.2314557818277329, 0.08417080676535349, 1.6116661367102239, 0.03916825131821325, 0.016507521428370336, 9.825349920094178, 9.186615125139513, 0.09013613956933257, 0.053151846959048066, 0.24619855277341907, 0.06825337120078931, 0.05656314562854591] - -50.06010309179052 - 58.01503296492327
[0.04480139104425431, 0.04918716717267513, 2.2013075506133575, 0.2314557818277329, 0.08417080676535349, 1.6116661367102239, 0.03916825131821325, 0.016507521428370336, 9.825349920094178, 9.186615125139513, 0.09013613956933257, 0.053151846959048066, 0.24619855277341907, 0.06825337120078931, 0.05656314562854591] - -50.06010309179052 - 58.01503296492327
[0.04480139104425431, 0.04918716717267513, 2.2013075506133575, 0.2314557818277329, 0.08417080676535349, 1.6116661367102239, 0.03916825131821325, 0.016507521428370336, 9.825349920094178, 9.186615125139513, 0.09013613956933257, 0.053151846959048066, 0.24619855277341907, 0.06825337120078931, 0.05656314562854591] - -50.06010309179052 - 58.01503296492327
[0.04480139104425431, 0.04918716717267513, 2.2013075506133575, 0.2314557818277329, 0.08417080676535349, 1.6116661367102239, 0.03916825131821325, 0.016507521428370336, 9.825349920094178, 9.186615125139513, 0.09013613956933257, 0.053151846959048066, 0.24619855277341907, 0.06825337120078931, 0.05656314562854591] - -50.06010309179052 - 58.01503296492327
[0.04480139104425431, 0.04918716717267513, 2.2013075506133575, 0.2314557818277329, 0.08417080676535349, 1.6116661367102239, 0.03916825131821325, 0.016507521428370336, 9.825349920094178, 9.186615125139513, 0.09013613956933257, 0.053151846959048066, 0.24619855277341907, 0.06825337120078931, 0.05656314562854591] - -50.06010309179052 - 58.01503296492327
