0.366254816977792 0.4282034142599562
0.36622472234574865 0.4300056120455976
0.36626642529593867 0.4299137159840042
0.3659929830704911 0.4292135364668077
0.3653884830395005 0.4253039655569476
0.36620060806706745 0.430047683294789
0.36603066514043076 0.42451416370823825
0.36699006550821667 0.4289742294236688
0.36546818766060596 0.43236275163652804
0.3646544082738513 0.43210933521098527
0.36589769986880294 0.4269917146195471
0.36466744512215793 0.42005007490281143
0.3674907797311898 0.42390532549654003
0.364704376416256 0.42650899559888833
0.36755991548406863 0.4301914719913168
0.36621781925176133 0.4333904805804651
0.3658695485569743 0.4330045820603988
0.36571827894936354 0.4217534925659369
0.36638703098940123 0.4289479254785772
0.3668241061706587 0.430234875281436
0.3656077798302575 0.4265548649749841
0.36623387660616236 0.42541266609768885
0.36647201391018785 0.42668074088444186
0.3673097980315137 0.42617257721827484
0.3659773453536214 0.4233324116772924
0.3651767856831678 0.4292822937119848
0.36655015309332917 0.4314775708829853
0.366158000107942 0.4230482544994298
0.3657423740789857 0.4290859900126802
0.36734021629801916 0.43267438459432667
0.36642146512254137 0.4234660742778465
0.36731824660373835 0.42744161091776
0.3661723669521979 0.43571915324599386
0.3666826652810774 0.4258171016856404
0.3651195738768427 0.4122392700237269
0.3660908809682806 0.39605632407775954
0.3659925733643039 0.43043411869872716
0.36624843277695346 0.425243727886337
0.366384080409332 0.4280622598298065
0.3651010820100409 0.4299486689704
0.36648675583669393 0.43134068709303586
0.3651301943516231 0.43322720223816347
0.3654500950205659 0.43030556334055836
0.36626944166755454 0.43590468157773127
0.3671112902229828 0.43233299795581687
0.3656626147712787 0.4310329146620885
0.3669886232114302 0.42308113265285824
0.36535656730062016 0.42449399373609165
0.3664839485145965 0.4230089733661948
0.36570036923023325 0.4142165133939304
0.3662113915907539 0.42988356894121715
0.36644918519445746 0.43494420669930023
0.36605745609783 0.42932975360790704
0.36569725024835564 0.4287646604239418
0.3663358887388896 0.42997613023465797
0.36531006240528935 0.4251146798925373
0.36437687660342044 0.4302916314550399
0.36773950970605157 0.4291154653462773
0.365679222329678 0.4304468996304074
0.3657254841813358 0.4209960904050395
0.36534530047442015 0.42142661143787874
0.36576975061698747 0.4302076098114868
0.36587616003716783 0.42699843540240123
0.36757818329307446 0.43213398913929557
0.3669680419448812 0.4386058020296353
0.3653584181873812 0.4240543572242551
0.36715539844463396 0.42938632584550973
0.3654174680062483 0.4345819844393126
0.3658032249844658 0.4195227602134842
0.3673607489433494 0.42906264090529633
0.36763861022269745 0.4330711111567953
0.36631442685006177 0.43993106937038806
0.36546933333506115 0.43369111998227905
0.36605789289894297 0.40655829993042825
0.36678722481380865 0.4326061358286206
0.3668687779847447 0.43057434307183484
0.36500919339133897 0.42655732200642205
0.3644952824759523 0.4309149740383923
0.3665690549918872 0.4297403955908956
0.3672191141032025 0.4207314462735735
0.366223964067517 0.4268753900479251
0.36572503973286885 0.43073766388719126
0.3695927310856937 0.42967324417901415
0.36620757262783354 0.4339321340835616
0.36670230787543134 0.42944926565551156
0.36444685385515896 0.4298058494845255
0.3664075343085584 0.43002649114225383
0.36550458610264935 0.4343272912027163
0.36627226504338906 0.428220045361718
0.3665957643834985 0.4308647655720855
0.3668874008684624 0.42588576271634815
0.3649581867722795 0.4253586823212157
0.36509850193397697 0.4294492724846036
0.36507143118644825 0.4261088307861372
0.36638998291761027 0.4312076095036883
0.36593712577467663 0.43330123581026875
0.366003254923476 0.4317556612595999
0.36652764944720473 0.426347598185596
0.36682360699677674 0.43400165633301396
0.3659532800287266 0.41594052718064717
