3.6607699159353775 -3.476904872156026
-2.7398281345949123 -4.070122529477353
6.67030737484267 9.290645059801307
3.649945658905313 5.526600208329459
6.69132345817998 0.4891987697204483
3.395941589245443 5.341704997409353
-2.9908190590370394 4.626522774563488
0.6347142812095834 0.2623640265488123
0.6670636703643176 -8.550891252601998
3.7427957970040593 4.636344556150811
6.640024142376522 -0.40297781872855865
6.710142545980341 8.401576773607722
3.521312566772354 -4.069051242271796
0.794666008259115 -8.110986867986327
-2.6786006851560753 4.043908951970295
-2.8178322736595494 4.807433849273664
7.04513348359456 9.553695154415976
-2.7391171839409543 4.382919749350023
6.3018234548999095 -8.979117010091782
-2.7816898368222307 5.665869780421917
0.30550039980903865 0.24763221214490239
3.7344132311889657 4.795589807367945
6.594015899449809 -8.774096051228348
6.561758995260828 8.954848319595207
6.392235229540479 0.765985101494816
3.5129221525348138 4.47808226577939
-0.4656958582927433 8.028119603985285
9.720172443563348 4.277901133934747
0.2126353773799492 -8.647110321815592
9.82295907105022 -3.77069592058697
0.7433717353561899 0.2800053761680581
9.892371410231378 -3.5323735078296252
6.95072340133069 9.32292218581274
-2.893488941218347 -4.710384514300566
0.2857510554010527 -8.428422650694962
3.5392704531873638 4.474845127542466
9.741132026683127 4.157670267828721
3.6013589381289526 5.326126894291244
7.208110045016471 8.990004441432747
3.7819712284542266 4.916510146430472
0.7721474951866618 0.36208481264787196
6.347089306836986 -8.751984031111766
3.4520592384786815 -4.1355746170820105
6.984248604364223 -8.188307092304115
9.70495685940897 -3.6817076433334646
3.569053208926592 -4.574697735679677
0.28652016652267953 9.757600208915218
-8.692523268700928 3.5177137124920383
6.283849919846809 -0.11203059594847042
-2.4557367139784088 4.538488354455459
-3.0899705414626135 -2.95045584206727
9.784265503174417 4.982353522313715
5.653249396176276 0.042316721441870264
4.002923903075001 -3.4953075314778284
6.727284659621374 9.368717665050582
3.3105020641456155 -4.437891401447975
0.01766579535562407 -0.38201516832089233
3.388990064816931 -2.583145520659496
6.486177613782758 8.362623065811244
3.7826709411195876 -3.3462588224396272
3.436836624077723 -3.6063089916314053
3.775642785893758 6.277276231043587
9.932687870291005 -3.96078244830474
3.5335992269777616 -3.966896009891638
-0.11439388924949423 7.159799427455837
1.1353379773318704 1.3721171648514925
0.35430715319850004 -0.3232948221006975
6.86376551867701 -0.3314560035903025
0.4633937377109567 0.6071436366494369
0.4029140430470486 -8.62083906637578
0.9166226676400799 -8.902192328517994
6.495624623457864 9.252330133753116
0.3995203780781278 -8.62857966005459
9.70801241975072 -3.6036123837324476
-2.5990812073777017 6.26708967674039
-5.986279468912552 -7.636698233338626
-2.8594451148481674 -3.046551541016334
3.6978096399391243 4.720201395565378
0.4577455463537117 -0.6175957099008986
0.30057774886813693 0.35754586296053725
0.7856732205484853 0.3390488735058508
-2.8095568091764243 -4.366195714535238
9.755886389636522 -3.5311737703002732
3.7047598442547973 -3.8375162829023246
6.752259440842998 8.690696529862421
3.7105042396850516 5.0618808108316395
0.5064691113378932 -8.260137225282927
-2.7592336052753295 5.535665469135136
-2.794675465115466 -3.416873111264851
-0.07535786458065452 1.9799233801457063
0.21233183696656388 -0.034949256576325416
9.911619340642156 -3.8170841146477437
-2.7046414027906094 -4.501596821032682
3.525480888710846 4.601061856912319
6.907283064690821 1.019877195885604
0.01259126404653621 8.307715019876234
-6.03011035041094 1.4529731639922883E-4
6.783784765399098 0.1756277305656777
2.8050414283929017 -4.217105517839671
9.019075110599232 -5.053742458490296
