3.6607699159353775 -3.476904872156026
-2.7398281345949123 -4.070122529477353
0.37157363713600144 9.290645059801307
3.649945658905313 5.526600208329459
0.3465007867750596 0.4891987697204483
-2.813982996649766 5.341704997409353
3.5045904704814803 4.626522774563488
0.35922959739497884 -8.488966238599957
0.25539683407622626 0.724554373699001
3.7427957970040593 4.636344556150811
3.3395047732765377 4.767105328562371
0.287002149754775 8.401576773607722
3.521312566772354 -4.069051242271796
0.794666008259115 -8.110986867986327
0.633017448725123 0.25849372970940676
-2.8178322736595494 4.807433849273664
0.4338164225786234 9.553695154415976
-2.7751385195426614 4.382919749350023
0.42977849749771124 9.642247688909697
-2.7816898368222307 5.665869780421917
0.30550039980903865 0.24763221214490239
3.7344132311889657 4.795589807367945
6.594015899449809 -8.774096051228348
6.561758995260828 8.954848319595207
0.3452460729669786 0.765985101494816
3.5129221525348138 4.47808226577939
3.5506229107464584 5.090533771558519
3.5443155547967717 4.277901133934747
3.391878103993615 4.771595654252499
9.82295907105022 -3.77069592058697
3.535246878140775 -4.109465334981674
9.892371410231378 -3.5323735078296252
6.95072340133069 9.32292218581274
3.5532555293908263 -4.710384514300566
0.2857510554010527 -8.428422650694962
3.5392704531873638 4.474845127542466
3.6826741481730614 4.157670267828721
3.5141941561537533 5.214820778599902
6.472827375215896 -8.44355153454632
-2.74236318694087 4.916510146430472
-2.906440728139935 4.542766560664004
6.347089306836986 -8.751984031111766
3.538796597864755 -4.1355746170820105
0.3217083193453538 -8.188307092304115
9.70495685940897 -3.6817076433334646
6.69009202198843 9.520178848895405
3.7428890645514024 4.876720025707381
-8.692523268700928 3.5177137124920383
0.3431723628108063 0.5147489215810381
3.702918410682151 5.267831598042928
9.6988982405413 -2.95045584206727
3.6011762798459515 4.982353522313715
0.5930651245091112 9.402372732766699
-2.903791971692299 -3.897465596375344
6.727284659621374 9.368717665050582
-2.777243725652803 -4.437891401447975
6.562560400386897 -0.38201516832089233
0.22428778142544603 -0.3422558602166754
-5.875327614478392 0.38156990634914933
6.655987291228897 -8.661695909696622
0.27165573927953557 9.098751487719753
-2.709207575124526 -3.7901365241311114
-9.1241245523772 -3.96078244830474
3.5335992269777616 -3.966896009891638
3.3211809629566815 4.604479404767336
3.5665496156991154 5.686058582425746
0.3036072176056528 -7.935568998789284
3.4781675567412154 -3.3672073367648836
0.4633937377109567 0.6071436366494369
6.514058631375952 0.5560084746183778
6.6994637219349995 0.5489038357410028
0.525658273045996 0.33771943828650386
-2.7875047013104894 -3.8921398376107366
-5.9001028766596955 0.0640916507856506
3.516785855723244 4.894291900653603
-5.986279468912552 -7.636698233338626
6.750800464638083 0.7221713000592862
3.6978096399391243 4.720201395565378
0.4577455463537117 -0.6175957099008986
0.30057774886813693 0.35754586296053725
0.7856732205484853 0.3390488735058508
-2.78261471153645 -4.366195714535238
6.8809947267491784 0.11694376856697941
3.7047598442547973 -3.8375162829023246
6.702876647947023 9.89834276990728
3.7105042396850516 5.0618808108316395
0.5064691113378932 -8.260137225282927
-2.99234011240849 -4.3969886827302265
6.7946860867855685 0.3043139733272211
3.4428056106178806 5.989961690072853
0.22996401020499335 -0.034949256576325416
3.359667927524322 -3.8170841146477437
3.5178730966336573 -4.501596821032682
3.525480888710846 4.601061856912319
6.907283064690821 1.019877195885604
6.55352737443163 0.21821299652633286
-6.03011035041094 1.4529731639922883E-4
6.783784765399098 0.1756277305656777
3.3475979433624437 -4.217105517839671
3.4254864289681413 -5.053742458490296
