0.37649822932909033 0.4455738129930015
0.36479932687031125 0.40318819322405425
0.3723151536234686 0.4339236954044301
0.3669971605816085 0.5094557332664871
0.36060859190755146 0.4253039655569476
0.3617113994289537 0.37360827888445863
0.37367779705541043 0.4857280705377246
0.36233480927780104 0.44964785745765234
0.36707141164321505 0.43236275163652804
0.36854991159436673 0.5295919457795488
0.3571884596455466 0.4306314144259271
0.37249913880425434 0.42005007490281143
0.36790467474229077 0.3612376803194931
0.36586059780626223 0.4612411965338298
0.36889554979014677 0.43036308462204703
0.3707668946348187 0.40916673008801757
0.3640385620241533 0.4330045820603988
0.36473473797792966 0.4174018993119273
0.3676023741362191 0.386036797288544
0.36539185166033106 0.415806731455075
0.3575560643299502 0.4368561722384825
0.3606875649965005 0.4652694672158214
0.3737254985386075 0.4349948452111788
0.3730367324339676 0.30807743652049435
0.36978458617108123 0.47078077730596424
0.3651683802961132 0.45948944787941387
0.3698778552966786 0.376258970086328
0.3629422663064714 0.43631973894702736
0.3708733255424441 0.45506879532533473
0.36572679777877026 0.33175310696782584
0.3679003621173894 0.5307233740348887
0.36787855173648765 0.4570186300449891
0.3910882278036478 0.3714498220717942
0.3594461178728339 0.44230838310149084
0.36366994145134907 0.37847335959511635
0.3588457860649994 0.39605632407775954
0.3581810821021204 0.39287654477416545
0.3667653085789203 0.42406278776222184
0.37105480887671827 0.4347245810899535
0.36771378724093384 0.4851768728706979
0.36429493367309906 0.46517646858770667
0.38101127520852207 0.3980681544806509
0.3654500950205659 0.43030556334055836
0.35775506038084437 0.3680412489787703
0.3779443795253852 0.39842716465379036
0.36292475322555684 0.3685604161532967
0.36560565093154995 0.39908550118476427
0.3642314941974166 0.44530862332454757
0.3789406017612723 0.4085724465967261
0.3663647441744619 0.24459764464703398
0.3486656622215576 0.38729001041347366
0.3786206165635331 0.49010802817992305
0.3643531552832857 0.46728528340087827
0.36180868622692064 0.4287646604239418
0.3622637396456776 0.41884697280785443
0.3658322587199033 0.4436644948240079
0.3686785349866558 0.41596631188464245
0.36120437185016063 0.4291154653462773
0.36472253221553685 0.43173400804708517
0.36405461795905847 0.4086771806507055
0.37095440530743634 0.39020743971871485
0.3648217970943628 0.4302076098114868
0.36248434951167574 0.3011006021849141
0.3606683732015179 0.454604014697101
0.36531960686399134 0.49735577162929523
0.35747867671678607 0.3770308969380566
0.37030525932969394 0.44692290458266526
0.36808088019069624 0.3515284956172433
0.3644854794559256 0.41198733074620464
0.37840339413279017 0.427531900417951
0.36251767755498265 0.4094550466871481
0.3643412443807613 0.33771943828650386
0.36552300393644477 0.5008760320678165
0.3521819839797763 0.40655829993042825
0.36719899477083523 0.4531909849978621
0.35174518661150633 0.4089027879383537
0.37397890591312066 0.398958481183569
0.3762127118373237 0.4754642055564289
0.38088874179923116 0.5041853600379702
0.3680430211693282 0.41790772888648675
0.3698263308669658 0.3736308335961238
0.3601447772325945 0.41822265341785037
0.3516412220473336 0.44907530558671127
0.35889059941830664 0.5060221950333861
0.3612171757547446 0.40852448655183604
0.35439076548779525 0.32521838518933466
0.36875975262674177 0.5104121782207356
0.36945259336688807 0.3171037091176607
0.3709355031852847 0.38499503392330364
0.36496440358031823 0.3913285159812764
0.3707744811706133 0.3016036716188439
0.36661654383998266 0.4202953657766225
0.3650272972652264 0.3862689277724576
0.35434166499818975 0.4364797314749409
0.3787762087700106 0.3995907046730467
0.357709653639499 0.37976454259242065
0.36959808338763317 0.3187636397694159
0.35817903113255517 0.38969320290914955
0.3704959032470817 0.21488896146795666
0.3560487389168195 0.41594052718064717
