Raw 2D
0.837
0.827
0.8425
0.848
0.83
0.8385
0.8315
0.8345
0.8315
0.832
0.8345
0.837
0.8255
0.831
0.8235
0.8295
0.816
0.8415
0.8405
0.8385
0.8485
0.829
0.8325
0.8355
0.8355
0.828
0.8205
0.829
0.825
0.8305
Raw 10D
0.97
0.9684
0.9665
0.9645
0.969
0.9708
0.9665
0.9667
0.9655
0.9695
0.9688
0.9652
0.97
0.9698
0.97
0.9704
0.9669
0.9653
0.9701
0.9653
0.9678
0.9684
0.9688
0.9698
0.9699
0.9696
0.9688
0.9695
0.9698
0.9671
Raw 30D
0.9213666666666667
0.9215333333333333
0.9209666666666667
0.9214333333333333
0.9181
0.9235666666666666
0.9231
0.9215666666666666
0.9208333333333333
0.9236333333333333
0.9221333333333334
0.9217666666666666
0.9219666666666667
0.9258666666666666
0.9218666666666666
0.9217666666666666
0.9222666666666667
0.9244333333333333
0.9246666666666666
0.9217333333333333
0.9224
0.9214333333333333
0.9205666666666666
0.9239666666666667
0.9249333333333334
0.9191666666666667
0.9242
0.9225333333333333
0.9234333333333333
0.9223666666666667
