Raw 2D
1.960618288383244E-53
1.667480132813789E-52
1.4889805478367506E-45
1.0813806710434076E-47
5.1774640683027366E-49
3.211222339094668E-50
2.588287220497776E-47
2.0192207262192862E-52
4.151328424993527E-51
4.239491691171215E-51
3.144175795422973E-45
3.232274215070056E-47
8.013713419742942E-50
2.3646366545722695E-48
2.371941883135765E-52
2.046988319854209E-52
1.9619791680615203E-49
3.402064969886912E-48
2.512785352908044E-54
1.918382561584973E-49
2.389322531124716E-50
1.2150078846953104E-48
2.0697464828009825E-50
3.964249071101403E-49
3.544018364376926E-49
1.0513421192155233E-53
1.173547668454858E-47
2.728766286842872E-51
1.7354612796981314E-48
3.834285952112156E-49
