Raw 2D
-1558.5454565440393
-1558.545456544038
-1558.5454565440393
-1558.545456544039
-1558.5454565440396
-1558.545456544039
-1558.5454565440393
-1558.5454565440393
-1558.5454565440393
-1558.545456544039
-1558.5454565440393
-1558.545456544039
-1558.545456544039
-1558.5454565440386
-1558.5454565440393
-1558.5454565440393
-1558.5454565440393
-1558.5454565440393
-1558.5454565440393
-1558.5454565440393
-1558.545456544039
-1558.545456544039
-1558.5454565440393
-1558.545456544039
-1558.5454565440393
-1558.545456544039
-1558.5454565440386
-1558.545456544039
-1558.5454565440393
-1558.545456544038
