# FVC 2D Coordinates
-00.0000 02.9074
00.0002 05.3047
00.0000 23.9481
-00.0000 36.9971
-00.0040 10.7621
00.0000 32.9565
00.0001 31.7572
00.0002 05.5945
00.0468 00.7595
00.0000 06.8664
00.0251 11.4106
-00.0000 39.4783
00.0000 27.0113
00.0000 06.2825
-00.0001 11.6032
00.0059 07.8146
00.0000 10.4822
00.0002 22.7413
-00.0001 22.4116
-00.0049 00.4608
00.0001 28.3025
00.0003 33.9626
-00.0000 47.0859
00.0835 00.2051
00.0000 41.7570
-00.0000 22.8292
-00.0000 17.7218
00.0000 29.8865
-15.4108 01.6599
00.0314 01.8393
-05.2039 01.3284
00.0000 05.9238
00.0011 06.6762
-23.2721 13.9588
00.0049 02.5447
-00.0000 44.2886
-00.0000 20.0920
-00.0022 01.9377
-00.0002 07.2679
-00.0001 28.5208
-00.0005 11.0265
-00.0006 10.3425
00.0000 42.7055
00.0003 05.7918
09.7843 07.2914
-00.0000 10.8454
00.0323 02.9047
00.0003 02.2039
-00.0002 06.3256
00.0159 02.1725
-00.0000 08.0104
00.0001 46.3425
-00.0000 27.2298
00.0002 07.0011
00.0000 25.7394
-00.0000 14.1579
00.0000 29.1582
00.0000 00.5391
00.0000 44.5000
00.0266 03.4917
00.0004 13.6804
00.0001 46.3120
-00.0001 15.9051
00.0000 37.9103
-00.0000 35.0450
-24.3205 01.4797
00.1068 00.6946
-00.0000 20.8211
-00.0005 15.6173
00.0000 26.5500
-00.1314 07.6336
-00.0000 51.2666
-00.0010 03.1960
00.0000 06.2803
00.0000 26.4807
-00.0002 09.1159
00.0001 16.5656
14.3419 05.2194
-00.0002 21.0072
-00.0000 45.8815
-00.0004 16.9524
00.0000 28.3694
-00.0000 06.4821
-00.0769 01.1882
-00.0000 16.9965
-00.3181 02.2446
00.0000 31.1020
00.0000 05.1387
-00.0000 27.5210
-00.0098 06.4322
-00.0001 29.6984
-00.0000 44.2038
-00.0000 03.1296
00.0002 16.3581
-00.0001 22.9119
00.0007 06.4242
-00.0010 07.8216
00.0000 40.2999
-00.0005 24.0575
-00.0000 13.7490
29.1077 00.8614
-00.0000 14.1334
-00.0000 09.5192
-00.0003 18.1838
-00.0000 11.6793
00.0000 47.6288
-00.0000 22.3494
-00.0004 10.2242
-00.0000 39.7375
-00.0001 24.4815
00.0014 04.2061
-00.0000 27.1859
-00.0002 25.3371
-00.0000 05.7714
-00.0003 17.7613
00.0017 15.4000
00.0000 24.1577
00.0004 09.0222
00.0000 10.6414
00.0013 05.5073
-00.0000 05.9476
-17.4896 00.6759
12.1003 04.7723
00.0010 15.4361
00.0000 23.6296
-00.0364 03.4521
00.0000 38.1809
-00.0000 01.2897
00.1355 01.7205
00.0000 16.4524
-00.0004 09.4886
-00.0000 06.7551
-00.0002 33.5459
00.0002 35.6165
00.0118 01.1551
00.0009 12.5979
00.0000 39.2270
00.0000 12.8841
00.0000 39.4378
13.9550 03.7763
-00.0000 08.5803
-00.0027 00.0000
00.0966 00.5722
-00.0000 35.5661
00.0001 35.7099
00.0007 09.0750
00.0000 02.4899
-00.0032 08.4347
00.0666 06.8831
-00.0004 09.0278
00.0003 07.1117
-00.0003 13.1822
-00.0001 04.7044
-00.0020 13.6082
-00.0000 02.6255
-00.0394 03.1982
-00.0020 12.0912
-00.0000 13.4409
-00.0367 01.8582
-00.0013 10.3584
00.0000 28.8630
00.0000 43.9283
00.0000 10.2193
00.0000 33.3696
00.0000 05.4001
-00.0891 07.9527
00.0093 00.5279
-00.0000 09.8031
00.0234 16.9331
-00.0001 07.0027
-00.0000 33.9792
-00.0000 38.6145
-00.0000 33.6406
00.0010 13.7507
00.0021 10.6347
00.0001 19.5019
00.0000 19.9545
00.0000 16.0381
-00.0000 40.5457
-00.2095 16.6717
00.0112 00.0000
00.0000 37.8475
00.0000 26.4784
00.0004 07.5204
-00.0000 50.0703
00.0000 43.9533
00.0000 40.8493
-00.0733 04.4935
00.0001 33.8221
-00.0051 02.7031
00.0002 00.3761
-00.0000 24.9038
00.0000 06.7196
00.0002 29.6055
00.0001 10.5722
00.0001 13.2942
00.0004 13.4559
-00.0000 36.2081
00.0000 29.7424
00.0001 35.5030
00.0028 05.1358
101.0444 02.8097
-00.0000 42.3253
00.0053 11.2812
00.0000 08.0809
00.0000 00.0000
-00.0000 45.8715
-00.0000 14.1661
00.0000 47.4826
00.0000 52.0372
00.0000 19.2280
-00.0001 17.5768
00.0002 14.4549
04.5891 08.0703
00.0000 15.6102
00.0000 34.1517
00.0000 01.5979
-00.0015 14.9569
00.0001 32.3861
00.0133 01.0330
00.0089 10.9092
-00.0001 16.4653
00.0000 28.8336
-00.0000 35.2090
00.0169 18.0283
00.0000 44.5951
00.1800 05.0126
00.0005 09.2650
00.0008 10.6902
00.0000 04.2981
-00.0000 08.8635
00.0001 06.8878
-00.0001 08.2875
-00.0050 03.5216
00.0000 32.6235
-00.0000 27.2785
00.0021 03.2492
91.1543 02.7814
00.0001 10.6728
00.1634 08.8478
00.0010 02.2703
-00.0000 16.1407
-00.0000 18.1374
-00.0000 08.6806
00.0002 02.2081
00.0019 11.4441
00.0000 34.7890
00.0024 04.9759
00.0000 32.4386
-00.0000 30.3764
00.0001 29.4618
00.0003 07.4414
00.3300 04.7006
-00.0734 08.2230
00.0704 08.0887
-00.0081 06.2466
00.0056 00.9190
-00.0001 38.3041
00.0025 01.0549
-00.0001 18.8692
00.0000 38.0106
-00.0003 10.5430
00.0015 01.5194
00.0154 01.9608
00.0008 17.5088
00.0000 43.9766
00.0000 10.0586
-00.0160 06.0382
00.0000 16.1567
00.0025 01.8488
-00.0000 46.2742
-00.0001 39.5342
-00.0001 38.8818
-00.0000 10.4467
-00.0008 09.9554
00.0170 00.4339
-00.0002 37.7096
14.3380 01.0544
-00.0022 03.3194
00.0001 29.7897
00.1735 00.2456
00.0065 01.7649
-00.0001 19.2016
00.0005 15.4497
-00.0001 29.1131
00.0011 00.6298
-00.0003 15.3013
-00.0007 04.4990
-00.0029 04.1013
-00.0007 04.3569
-00.0015 16.4863
-00.0000 28.3442
00.0235 11.0716
-00.2030 07.5653
00.0008 05.8882
-00.0000 15.5670
00.0018 12.8572
00.0034 09.5689
-00.0000 22.3675
00.0000 43.0239
00.0001 35.8764
-00.0000 30.1934
00.0001 11.7690
00.0000 22.0826
00.0000 02.8528
-00.0002 05.2979
-00.0000 48.4039
00.0022 13.8955
00.0000 42.2469
-00.0000 39.9979
00.0003 13.0318
-00.0067 12.0327
00.0000 44.5271
-00.0000 31.1630
-00.0000 49.6869
-00.0002 29.3742
00.0000 10.6225
00.0000 30.6117
-00.0000 47.6645
-00.0003 06.3233
-00.0210 05.6438
10.5363 04.3826
-00.0002 29.9671
00.0000 34.6182
-00.0001 32.9715
-00.0216 01.1053
-02.5614 03.5689
-00.0016 05.5484
-00.0019 05.1889
00.0000 02.0844
-00.0000 06.0728
-00.0000 07.5513
00.0000 47.6075
-00.0002 20.7207
-00.0000 08.5386
-00.0002 13.2529
00.0003 12.1991
00.0002 07.6960
-03.6341 03.7228
00.0000 26.3801
00.0012 05.7510
-00.0000 24.8287
00.0036 06.1441
-00.0064 04.6186
00.0017 11.5650
-00.0148 10.9343
00.0001 14.1617
00.0049 16.3926
00.0278 10.4532
00.0000 36.3978
-00.0005 09.3153
-00.0001 22.9524
00.0000 14.6806
-00.0003 06.0673
-00.0010 03.1583
-00.0001 36.4080
00.0000 39.5251
-00.0000 26.9856
35.3900 00.5398
-00.0136 00.6762
-00.0017 03.3327
00.0000 03.2467
-00.0052 08.1935
-00.0000 21.9178
-00.0001 01.4011
-00.0000 35.4604
-00.0002 17.7195
-00.0000 11.5244
-00.0003 21.9649
-00.0005 16.8019
00.0004 22.3483
-00.0001 07.8719
-00.0000 23.1278
00.0004 04.5514
00.1044 00.7427
-00.0010 00.5455
00.0000 24.9005
00.0337 06.7789
00.0000 40.8963
-00.0000 05.9011
00.0000 35.5450
00.0000 36.6538
-98.9851 02.0420
-00.0000 12.4926
-00.0001 40.7668
-18.3183 05.3131
-00.0003 00.4104
-00.0000 27.1878
00.0000 35.5076
-00.0002 25.6365
00.0753 00.7951
00.0001 17.3037
00.0001 33.0478
00.0000 39.4688
-00.0936 06.4431
-17.6503 00.4409
00.0002 11.5366
00.0000 10.7289
-00.0000 19.5662
00.0000 49.1043
07.4379 01.3563
00.0014 01.3029
00.0000 22.0462
00.0018 05.2058
00.0000 45.4255
-00.0005 08.2079
-00.0001 25.2940
-00.0006 03.1800
00.0003 14.3693
-00.0000 31.3809
-00.0000 22.5693
00.0002 25.6918
-00.0001 24.1968
-00.0010 03.8050
00.0005 11.5004
00.0000 46.7962
-00.0000 38.7323
-00.0111 03.7130
00.0029 03.5792
00.0008 08.5464
-00.0003 11.1776
00.0000 17.8165
-00.0000 45.1585
-00.0002 03.4689
-00.0192 00.7371
-00.0001 15.8399
-00.0000 47.2790
00.0000 08.2039
00.0002 15.5904
00.0000 20.9292
00.0001 36.3530
-00.0000 39.8413
00.0000 11.7458
45.6875 01.0870
00.0000 41.5911
00.0003 11.6759
-00.0001 09.2367
00.0009 08.5182
00.0001 23.4058
00.0008 03.5762
00.0090 13.8983
-00.0000 09.4346
-00.0015 04.2470
-00.0685 00.0861
-00.0008 06.6657
00.0006 04.9502
00.0000 20.9778
00.0000 14.0514
-00.0123 14.3622
00.0005 06.9117
00.0136 01.0436
-00.0009 02.2115
00.0114 01.5324
00.0000 13.6248
-00.0000 48.0971
00.0001 15.1450
00.0013 17.0288
-00.0000 13.6091
-00.0002 18.6367
00.0006 04.1655
00.0013 07.2867
-00.0002 27.0665
00.0000 26.1117
00.4868 00.1886
00.0000 00.0000
-00.0000 28.1325
00.0931 12.9597
00.0000 44.0051
00.0000 41.4553
-00.0003 04.0722
-00.0001 33.6674
00.0001 44.2794
-00.0010 05.6198
00.0043 04.2658
00.0000 44.2554
-00.0004 18.1605
-301.6309 07.8627
00.0000 21.0988
-00.0000 18.7047
00.0005 14.3066
00.0034 00.9513
-25.4070 05.3987
00.4138 00.9654
-00.0001 06.8735
00.0001 37.4127
-00.0090 05.7223
-00.0001 16.9799
00.0001 37.4399
-00.0000 29.2304
-00.0067 01.7018
00.0002 04.0809
00.0020 03.0549
00.0001 01.8781
-07.1115 14.9449
53.6419 00.4896
-00.0000 45.8555
00.0000 19.0384
00.0010 07.2876
-00.0002 07.1575
00.0030 02.0965
-00.0000 34.1382
-00.0040 08.6674
-00.0000 34.4937
00.0004 12.4111
00.0088 06.4040
12.7264 00.5779
-00.0000 46.3221
00.0000 07.1506
-00.0000 07.2373
00.0000 11.7423
-00.0001 04.5255
-00.0049 13.3466
-00.0000 33.3637
-00.0008 11.8220
-00.0001 28.9959
00.0000 11.6476
-00.0000 23.6469
-00.3008 08.4584
00.0433 10.7558
-00.0002 21.9123
-00.0629 00.7485
-00.0000 27.1678
-00.0013 01.6031
63.5379 01.3539
00.0002 11.8887
00.0016 02.4813
00.0001 21.2442
00.0111 00.6224
00.0002 15.6327
-00.0001 35.9842
00.0000 11.2476
00.0013 12.3231
00.2514 00.2971
-00.0000 22.1280
-00.0002 27.1427
00.3836 17.2484
-00.0000 34.8010
00.0002 06.5878
00.0000 13.5671
-00.0002 11.2504
-00.0002 13.6024
-00.0000 02.9230
-00.0001 15.8777
00.0001 12.2271
-00.0910 01.4673
-00.0000 24.5787
00.0000 39.7639
-00.0001 32.1729
00.0000 36.9079
00.0000 34.2754
00.0000 40.1391
00.0000 33.3098
-00.0000 05.2818
00.0002 19.5215
-00.0001 40.8773
00.0006 11.1913
-00.0000 25.3944
00.0119 01.8160
00.0001 32.1330
00.0001 46.6493
-00.0001 20.8229
-00.0001 09.6623
00.0000 47.0327
00.0000 48.2727
00.0126 06.4121
00.0000 46.8521
00.0000 22.8052
-00.0007 11.6031
00.0229 06.7602
-00.0000 30.1886
-00.0000 49.2364
-00.0004 04.6573
00.0002 08.4820
00.0039 02.4849
00.0000 23.5964
-00.0000 44.8632
00.0000 23.9780
00.2298 05.9697
-00.0000 47.2108
00.0000 29.9530
-00.0000 36.8166
-00.0030 05.8269
-00.0032 04.4006
-00.0001 03.0013
00.1075 02.8407
-00.0000 47.6034
-00.0001 29.3034
-00.0004 09.3639
-00.0001 17.4755
-17.7829 02.9175
-00.0000 48.3797
-00.0000 29.3262
00.0004 22.0651
-00.0000 20.1780
-00.0000 08.1979
00.0000 35.1245
00.0157 00.5194
-00.0270 00.1791
-00.0000 44.1339
-00.0002 08.0313
-00.0001 22.7009
-00.0316 03.6253
-00.0003 09.4945
-00.0001 31.7363
00.0002 20.7453
-00.0022 01.9503
-00.0000 41.3396
00.0003 20.2458
-00.0002 29.2471
00.0004 14.4196
00.0001 37.5678
00.0018 08.1652
-00.0000 36.0711
00.0000 36.5583
-00.0000 16.6463
00.0002 24.1183
-00.0000 24.1242
-00.0018 05.3095
00.0000 50.2277
-00.0000 37.3928
00.0000 43.9457
-00.0000 39.5429
-00.0000 37.3806
-00.0001 30.3596
18.5150 07.6301
-00.0000 41.4323
-00.0000 39.5241
00.0005 12.5528
00.0000 45.1951
00.0013 09.8472
-00.0001 44.6742
00.6202 01.5256
00.0002 28.2958
00.0000 34.9795
-00.0000 35.1052
-00.0003 20.8550
-00.0099 00.0000
00.0000 47.2333
-00.0018 01.8204
00.0001 28.9891
-00.0000 47.8840
00.0017 07.0584
00.0001 32.0328
-00.0001 15.0003
00.0000 29.9162
00.0001 41.7475
-00.0005 03.3277
00.0001 46.4534
-00.0001 42.6274
00.0000 10.2027
00.0055 13.1693
-00.0000 48.6632
-00.0000 35.2969
-00.0001 21.3559
-00.0000 04.4888
00.0003 04.4006
-00.0000 30.9588
00.0038 08.0308
-00.0003 12.6292
-00.1111 12.0068
00.0000 47.8062
00.0004 09.8263
-00.0000 32.8879
-00.0034 10.1883
-00.0068 13.0410
-00.0000 26.2016
-00.0118 00.0000
04.8517 01.1889
00.0000 43.0968
00.0018 02.3670
-00.0002 15.7329
00.0001 28.6774
00.0001 28.4271
00.0000 49.1497
00.0001 14.3900
-00.0000 44.1702
-00.0000 01.8500
00.0006 22.2530
00.0852 16.3281
-00.0006 15.8984
-00.0000 37.3053
-00.0000 22.8153
-00.0000 31.5193
-00.0008 09.0710
00.0063 10.6043
-00.0000 00.8420
00.0323 10.7131
00.0000 18.7431
-00.0009 17.7243
-00.0000 11.0966
-01.0832 05.4238
00.0059 11.2040
-00.0017 04.9568
00.0000 29.7111
00.0009 05.5554
39.1290 00.7373
-00.0953 00.0973
00.0000 17.6062
00.0002 26.3148
-00.0000 27.3304
00.0009 08.5924
00.0000 31.5164
-00.0003 19.9312
00.0001 22.5007
00.0000 16.0789
00.0215 06.8845
00.0000 33.5344
00.0543 08.4536
-00.0029 06.0453
00.0009 09.6091
00.0005 10.5271
00.0024 01.0866
00.0007 14.5873
-00.0575 00.1751
00.0000 37.9993
-00.0000 25.0890
00.0001 36.7811
00.0000 48.5148
-00.0000 40.1645
-00.0165 03.6880
01.9236 08.4198
-00.0000 09.0378
00.0001 04.8867
-00.0393 03.6231
00.0636 00.6353
-00.0000 46.5795
00.0001 20.8002
-00.0000 34.3573
-00.0000 22.0951
00.0001 13.3936
-00.0217 03.3261
-00.0000 49.4468
00.0001 45.4910
00.0024 04.7916
00.0555 04.8854
00.0000 47.7226
-00.0003 07.4711
-00.0000 22.8173
-00.0102 01.5314
-00.0000 52.1056
-00.0014 00.4793
-00.0687 06.7698
00.0003 04.6303
00.0001 45.3757
00.0042 00.3703
-00.0000 38.0276
-00.0000 21.7488
-00.0000 39.9531
-05.2333 15.3121
-00.0001 15.8167
-00.0000 44.5492
-00.0025 06.7567
-00.0001 18.4257
00.0000 29.2283
00.0071 04.4831
00.0000 46.7212
00.0000 35.5448
-00.0000 37.6386
00.0049 15.2831
00.0001 18.6777
00.0104 10.6321
00.0003 19.0729
00.0011 07.4822
00.0003 21.7596
00.0001 19.9503
-04.8255 04.8652
-00.0000 12.6181
00.0002 17.7289
00.0000 29.7950
-00.1476 00.2679
00.0005 08.4659
-00.0008 05.2493
-00.0001 31.5298
00.0000 39.8246
-00.0002 30.1260
-00.0008 04.0135
-00.0005 10.2028
-00.0009 00.8891
-00.0000 47.4659
-00.0001 36.4842
08.8710 04.2180
00.0000 09.6615
-00.0000 55.9191
00.0000 22.4629
00.0001 13.5349
-00.0000 13.6553
-00.0131 03.7616
-00.0176 13.0659
00.0000 45.7311
00.0000 13.5784
00.0000 25.4884
00.0000 29.1251
00.0001 11.8606
-00.0005 07.5509
00.0001 15.5859
00.0001 36.8220
00.0003 03.4772
-90.7410 02.1237
00.0001 14.9188
-00.0002 07.6217
00.0310 01.7341
00.0000 16.0783
-00.0000 23.1154
00.0001 25.8010
00.0000 18.7226
00.0000 24.4950
-00.0227 09.6865
-06.3630 05.5385
00.0000 36.8263
-00.0002 29.0857
00.0000 20.9075
00.0001 36.8583
-00.0000 42.5824
00.0000 47.4015
00.0311 01.7664
-00.0000 39.9905
-00.0000 12.0372
-00.0000 07.0447
-00.0536 00.0628
00.0235 00.0000
07.2685 08.0048
00.0000 16.8852
00.0000 11.8600
00.0016 17.0430
00.0000 41.3278
00.0044 07.8285
-00.0001 27.7916
00.0000 34.6497
-00.0000 25.0853
00.0000 35.3430
00.0000 30.3303
00.0002 02.7663
00.0000 27.2561
-00.0000 45.4566
-00.0000 36.4718
00.0000 35.2389
00.0004 04.7780
00.0001 29.9066
-00.0000 37.1126
-00.0000 37.0656
-00.0021 04.0769
00.0002 06.2151
00.0000 20.6601
00.0417 00.1912
-00.0001 21.2924
00.0000 12.8946
00.0003 01.6754
-00.0000 46.1766
-00.0457 03.3543
00.0009 19.7980
-00.0005 06.7439
-00.0000 43.1532
-00.0000 17.5165
00.0002 26.4225
00.0020 02.8054
-00.0278 00.3193
00.0000 20.8492
-00.0255 00.2887
-00.0001 27.6292
03.0070 01.4738
-00.0002 11.1415
00.0000 15.4159
-00.0002 22.4304
-00.0155 01.3970
-07.0300 09.2671
-00.0000 40.7704
00.0003 19.1602
00.0054 02.2409
-00.0000 02.6927
00.0001 23.8121
00.0000 44.4182
-00.0000 07.5224
00.0000 51.0793
00.0005 09.5050
00.0010 08.2084
00.0002 24.1147
01.5386 00.7323
-00.0000 23.8275
-00.0003 17.1574
00.0001 38.4492
00.0002 09.8799
00.0000 42.6044
00.0017 08.4775
00.0000 16.6445
00.0036 06.7142
00.0007 02.4978
-00.0000 16.4357
-00.0008 17.4328
04.9211 16.6409
-00.0951 00.0773
00.0015 05.2622
-00.0000 28.7358
00.0085 01.8261
00.0020 09.1130
00.1232 16.6842
00.0001 07.6702
00.2115 06.5879
-00.0000 11.9878
00.0213 06.2532
-68.1189 04.2212
00.0000 33.3151
00.0000 10.9337
-00.0022 07.8487
00.0000 43.3793
-00.0000 00.0000
-00.0006 08.9152
-00.0002 22.4763
00.0000 30.0656
00.0000 29.6282
-00.0001 29.1095
00.0000 22.1276
-00.0000 01.7934
00.0105 04.3941
-00.1519 17.1010
00.0000 42.5085
00.0000 24.4638
00.0000 32.2127
-00.0001 33.4706
-00.0000 33.4313
-00.0000 46.5393
-00.0000 16.0574
00.0085 03.9700
12.7978 11.1111
-00.0000 39.5478
-00.0043 05.8679
00.0000 43.8253
00.0001 19.4487
-00.0000 05.0841
-00.0001 23.0483
00.0000 36.6571
-00.0000 17.3841
00.0002 11.8357
-00.0218 17.7999
00.0000 44.2371
-00.0001 31.2909
-00.0001 38.1453
-00.0002 30.7789
00.0000 15.9249
-00.0000 14.1669
-00.0000 52.1018
00.0003 22.1183
-00.0004 16.6121
-00.0000 04.2805
00.0006 13.8167
00.0047 07.8273
00.0247 04.5686
00.0000 34.7203
00.0000 28.2206
00.0025 07.9993
00.0000 46.7480
-00.0000 28.5117
00.0004 08.2527
00.0031 02.8078
00.0000 36.0101
00.0014 02.9929
-00.0128 00.9553
-00.0000 46.6089
00.0002 14.4896
-00.0000 03.4205
-00.0006 21.2331
00.0000 43.4141
00.0001 28.6793
-00.0001 31.9322
-00.0308 02.8511
00.0003 19.6741
-00.0001 15.5650
-01.3432 05.3135
00.0000 14.6067
-00.0000 30.6735
00.0000 30.7637
00.0024 07.6863
00.0000 35.3433
-00.0010 04.4436
-00.0003 08.7336
00.0004 14.0813
-00.0000 31.9554
00.0000 08.1691
00.0000 13.2367
-00.0001 33.4858
00.0010 01.4947
00.0123 02.4120
00.0000 47.5737
00.0004 03.3931
00.0052 10.1820
-00.0002 07.9697
00.0002 15.6638
-00.0000 17.1208
-00.3091 01.1387
00.0000 46.9898
-00.0001 20.7267
-00.0000 08.6940
00.0000 16.1903
-00.0000 05.8471
00.0055 06.0153
-00.0001 33.1721
-00.0000 09.7151
-00.0105 03.7820
-00.0008 05.6719
-00.0005 16.8280
-00.0000 37.0715
-00.0000 34.5691
-00.0006 11.9566
-00.0814 00.9185
00.0000 44.2606
00.0029 11.1844
-00.0001 17.4682
00.0129 10.4753
00.0000 08.7035
-00.2060 07.7523
00.0005 13.2915
-00.0000 16.2283
00.0001 14.3039
-00.0053 06.5540
-00.0021 00.2928
-00.0004 14.9440
-00.0001 27.8817
00.0001 21.7635
-00.0000 13.4548
00.0003 07.9593
-00.0000 39.2615
-00.0000 22.3776
-00.0000 32.2742
-00.0001 08.0210
-00.0001 32.3660
-00.0001 41.1563
-00.0026 09.9491
00.0000 37.9797
00.0000 37.0229
00.0000 06.2923
00.0000 46.3549
00.0000 37.6791
-00.0013 03.6056
00.0000 31.7603
-00.0000 37.1698
-00.5931 00.4319
00.0000 21.9195
-00.0025 04.1509
00.0000 37.8743
-00.0002 11.4680
00.0001 24.9125
00.0001 07.2241
-00.0015 15.0994
-00.0000 31.5931
-00.0000 34.6631
00.0013 02.7907
-00.0105 03.9726
-00.0001 24.9940
-00.0063 08.4189
-00.0108 05.5688
-00.0001 03.3284
00.0000 28.1875
-00.0000 05.7252
-00.0000 16.7920
00.0151 04.9591
-00.0000 19.2456
-00.0001 17.6751
00.0000 45.1455
-00.0003 13.1344
-00.0009 08.8617
00.0001 31.1553
-00.0002 18.5737
00.0002 08.3700
00.0000 10.5906
-00.0000 43.0884
-00.0042 00.3265
00.0000 38.0754
-00.0003 09.7262
00.0001 37.8705
00.0005 13.0269
-00.0000 13.5364
-00.0000 49.8467
-00.0000 47.2293
-00.0000 24.0680
00.0000 19.6342
00.0000 51.8406
-00.0001 07.3517
-00.0000 41.7068
-00.3012 00.4940
00.0002 10.1734
00.0013 12.2650
00.0000 21.4659
-00.0000 31.9327
00.0016 05.1402
00.0002 17.5086
-00.0001 18.0635
-00.0000 07.7700
00.0000 05.9908
-00.0001 12.9887
00.0001 21.5560
00.0000 05.9326
00.0017 11.0566
-00.0229 03.4640
00.0000 01.2352
-00.0000 16.7057
00.0000 12.5357
00.0415 01.7299
00.0000 07.7947
-00.0000 38.3083
00.0002 17.5950
00.0325 00.2921
-00.0002 23.6465
26.1723 04.5866
-00.0001 06.3531
-00.0000 36.4778
00.0000 28.9385
00.1429 01.0958
00.0000 25.1192
-00.0109 02.8423
-00.0011 04.7920
00.1239 17.6123
00.0000 27.2128
-00.0004 00.6284
-00.0205 01.1848
-00.0000 35.5139
00.0000 22.7248
-00.0013 11.6133
00.0000 26.3546
-00.0000 15.8847
-00.0000 33.4598
-00.0001 24.6262
-00.0001 17.9628
-00.0095 06.6104
-00.0009 09.2579
00.0001 18.2505
-00.0000 47.3757
-00.0000 27.5826
00.0000 46.6459
00.0001 40.7457
00.0000 04.9243
-00.0311 01.2983
-00.0000 12.8725
00.0000 28.0276
-00.0000 37.2252
-00.0148 02.5905
-00.0001 22.4037
-00.0084 08.0932
00.0000 48.4156
00.0003 17.9767
-00.0000 17.6688
-00.0000 47.4421
00.0001 31.9903
00.0001 02.2276
-00.0000 39.1944
-00.0001 38.5059
-00.0004 04.5623
00.0000 46.7937
00.0029 08.7511
00.0004 19.4195
-00.0002 20.1002
00.0001 46.1955
00.0000 05.4375
-00.0000 33.9554
00.7198 00.5170
04.7975 00.9145
00.0019 06.7848
00.0000 11.6077
00.0007 12.0688
-00.0616 10.5264
-31.1372 00.6520
00.0493 00.0000
-00.0002 20.7878
00.0001 44.8512
-25.5579 05.4424
-00.0082 06.0869
-00.0014 03.3637
00.0204 00.0000
00.0003 08.0173
-00.0000 06.6035
00.0001 22.3930
00.0282 04.8989
00.0001 50.6007
00.0000 34.4062
00.4572 00.4860
00.0027 10.1246
00.0000 17.2763
00.0140 05.3469
-00.0025 01.5483
-00.0001 32.1576
00.0001 24.6863
-00.0000 13.4135
-00.0000 46.3484
00.0000 12.0043
-00.0005 03.7444
-00.0003 21.7572
00.0001 37.5211
-00.0008 07.0167
00.0006 07.0706
-00.0619 01.2290
-00.0002 14.4616
00.0026 01.4426
00.0002 24.5494
00.0000 06.1240
-00.0001 42.3991
00.0000 41.8028
-00.0004 10.4087
00.0000 10.0509
00.0001 09.5539
-00.0065 00.9985
00.0114 00.3128
00.0002 18.1480
27.0298 04.2934
-00.0000 09.3355
-00.0350 13.0905
-00.0000 49.0542
-00.0000 39.7196
-00.0005 13.1164
-00.0001 28.2208
-00.0001 05.8372
00.0001 36.5622
00.0000 38.8487
-00.0013 04.5724
-00.0000 48.0467
-00.0001 07.8075
-00.0000 14.7466
00.2529 01.3801
00.0006 16.3131
00.0000 13.2241
-00.0009 03.8097
-00.0000 43.0404
-00.0000 35.0730
-00.0000 25.3695
-00.0001 38.7449
-00.0001 01.0018
00.0000 30.1883
00.0025 14.2819
00.0000 43.6144
00.0004 15.8159
-00.0000 14.1615
-00.0879 17.3598
00.0316 05.1921
01.3679 03.9283
00.0006 01.6513
-00.0033 05.0751
-00.0006 12.1914
00.0046 07.8432
00.0017 03.2777
00.0002 06.3243
-00.0000 32.5021
-00.0001 09.3895
-00.0001 30.7745
00.0003 13.5332
-00.0001 08.2094
00.0004 04.8269
00.0000 10.0855
00.0003 02.6101
-00.0002 10.4965
00.0000 54.2437
00.0001 04.0220
-00.4319 00.7543
-00.0001 11.7152
-00.0002 07.1768
00.0001 17.0141
00.0003 03.6317
00.0188 16.9863
00.0018 08.1832
01.2608 01.5781
00.0001 00.8118
00.0000 33.4140
-00.0000 07.8312
-00.0002 11.7298
01.2655 06.6391
-00.0001 04.0112
00.0000 20.0797
-00.0017 14.6104
-00.0001 20.4413
00.0000 14.9250
-00.0113 08.6544
00.0024 07.5182
-00.0000 33.2257
-00.2650 02.9637
00.0000 51.6234
00.0000 27.2059
00.0034 03.6887
-25.7609 04.3590
-00.0000 38.2855
00.0001 41.1588
00.0001 05.5305
-00.0000 06.2314
00.0000 46.1064
-00.0002 09.0153
-00.0000 11.9239
-00.0012 05.2976
00.0001 24.2562
00.0001 07.6064
-00.0291 02.3989
00.0039 04.8499
00.0001 12.0483
-00.0062 05.8883
00.0015 11.2668
00.0000 22.3880
00.0036 15.1712
00.0000 27.6927
-00.0000 19.0168
-00.0000 41.9319
00.0186 03.5071
-00.0307 00.4562
-00.0000 42.8283
-00.0000 42.9043
00.0011 07.6006
-00.0000 44.0916
00.0000 44.1635
-00.0016 05.7722
00.0002 20.4424
00.0008 09.5330
00.0000 51.3902
-00.0000 34.5752
00.0001 27.3441
00.0000 34.4466
-00.0000 08.6381
00.0000 39.6618
00.0005 10.5164
00.4951 00.3440
-00.0004 16.7435
00.0000 05.8872
-00.0026 06.2025
00.0167 15.8051
-00.0001 46.2123
00.0000 37.7402
-00.0002 24.0942
-00.0002 10.9583
00.0001 35.1122
00.0113 12.9888
00.0000 06.6431
-00.0002 01.5043
00.0002 10.1874
-00.0006 12.2778
00.0001 27.8162
00.0000 19.3497
00.0000 32.4280
-00.0905 01.0918
-00.0003 21.5234
-00.0012 06.5851
00.0000 20.6960
00.0000 42.8426
-00.0003 07.9525
00.0034 05.4073
00.0000 46.1483
-00.0006 13.4151
00.0002 13.5434
-00.0000 07.8209
-00.0001 40.8380
-00.0003 04.2138
00.0002 08.9002
00.0001 09.0856
-00.0031 00.4473
-00.0000 17.1077
00.1404 06.4919
-00.0000 31.7958
00.0003 24.3874
-00.1031 11.5420
00.0001 04.7340
-00.2631 06.9919
00.0000 04.7724
-00.0000 40.0890
-00.0038 03.7678
00.0014 06.1213
00.0000 15.4144
-00.0000 17.2346
00.0000 30.1983
00.1050 00.2877
00.0020 06.1166
00.0024 03.5057
-00.0000 10.6431
00.0000 36.3017
-00.0000 08.2853
-00.0000 36.1414
00.0013 12.5951
-00.0000 19.1322
00.0000 15.0976
-00.0016 03.8870
-00.0002 23.7713
00.0001 36.7195
-00.0009 11.4753
-00.0000 29.3701
-00.0001 28.4759
00.0000 22.3494
00.0000 35.7386
09.3876 00.5676
00.0001 15.2967
-00.0000 02.0181
00.0003 18.7850
-00.0004 03.6190
04.1055 11.8921
00.0000 30.8385
-00.0001 21.6407
-00.0000 40.7893
00.0007 13.9194
00.0000 31.1784
-50.1758 00.7973
00.0002 30.6898
-00.0000 14.8293
-00.0050 02.7851
-00.0000 34.3006
00.0000 28.0076
00.0000 32.3216
-00.0395 04.4745
-00.0001 29.4435
-00.0000 29.7003
00.1042 08.4344
-00.0000 45.5628
00.0000 17.3912
-00.0001 48.0451
-00.0297 05.6081
00.0045 00.6384
-00.0009 04.3817
00.0008 07.2001
00.0000 49.1081
-00.0000 39.8954
00.0070 03.3434
-00.0000 29.8646
00.0000 22.3182
-00.0000 19.2287
-00.0275 04.2761
-00.0024 10.6247
00.0011 03.3056
-00.0007 02.7651
-00.0001 46.5777
00.0000 36.4692
-00.0126 09.9425
-00.0001 19.7329
-00.0000 33.3088
-00.0045 02.6669
-00.0000 09.3980
00.0000 22.7416
-00.0000 33.2936
-00.0007 12.2770
33.8879 02.1176
00.6351 08.4048
00.0272 00.7105
00.0001 04.8293
00.0000 47.3606
00.0000 43.3316
-00.0001 11.9935
-00.1408 02.7323
-00.0991 15.6708
-00.0026 00.0000
00.0036 00.6682
00.0000 25.8367
00.0002 17.5060
00.0003 09.6981
00.0000 51.4334
00.0001 15.3601
00.0002 07.1358
-00.0002 23.1333
-00.0911 02.0721
00.0002 19.2556
00.0000 23.7257
-00.0002 16.7615
00.0001 23.4955
00.0003 18.0945
00.0000 20.8802
-00.0000 42.8578
00.1316 08.6618
-00.0395 05.4871
-00.0000 46.5014
00.0000 33.9275
-00.0004 08.5359
-00.0000 38.5047
30.8026 00.7049
00.0377 03.6591
50.0467 00.4715
-00.0311 17.9800
-00.0000 40.4345
00.0036 04.7471
-00.0000 11.4865
00.0000 27.6749
-00.0000 06.5362
-00.0005 16.5211
00.0039 00.2783
00.0010 06.7646
00.0001 16.4158
-00.0000 46.6831
-00.0000 11.7046
-01.5134 08.4793
00.0090 02.2482
00.0000 37.9599
-00.0000 09.2887
-00.0001 19.3279
00.0000 17.5056
-00.0015 10.4894
-00.0000 18.4117
00.0631 00.0000
00.0001 19.5621
00.0138 00.5710
-00.0000 17.0701
00.0084 06.8321
00.0001 34.7501
-00.0000 30.4572
00.0000 19.5484
00.0000 10.7489
-00.0000 05.5583
00.0000 19.1746
00.0003 17.3977
00.0006 08.7428
00.0148 03.1308
-06.4814 00.9610
00.0005 08.7822
00.0000 27.6359
-00.0000 37.8674
-00.0158 01.3681
-00.0001 43.0135
00.0000 44.1746
-04.4320 03.9910
00.0028 03.4952
00.0000 35.1833
00.0001 08.6798
00.0001 31.3610
-00.0000 13.7152
-00.0000 40.9473
00.0001 46.5650
00.0000 47.0401
-00.1441 00.4237
00.0709 14.4397
-00.0003 09.1370
00.0000 25.2855
-00.0002 21.2889
00.0001 08.4676
-00.0001 33.1659
-00.0000 28.9393
00.0002 16.1114
-00.0000 03.7149
00.0001 33.2849
-00.0000 19.7772
00.4818 03.5050
00.0000 15.8687
-00.0001 17.0344
-00.0002 13.6120
00.0010 08.5310
00.0012 10.5973
-00.0003 21.8016
-29.3157 04.7704
-00.0003 01.8326
00.0000 42.1619
-00.0000 34.8409
00.0008 08.7470
00.0007 17.0688
00.0008 19.8326
-00.0008 00.0000
-00.0012 07.9786
00.0001 32.8539
00.0001 23.1994
-00.0000 10.3842
00.0037 06.4327
-00.0000 26.8798
00.0001 27.8175
-00.0000 30.8936
-00.0009 13.1260
-64.5137 00.7817
-00.0003 13.2509
-00.0003 08.4579
00.0000 52.1958
-00.0815 16.4990
00.0000 22.9994
-00.0014 07.6351
-00.0000 10.6196
-00.0002 23.6078
00.0261 08.1974
00.0000 08.9137
-00.0000 16.3676
00.0002 18.6909
00.0003 24.2530
-00.0000 26.5510
00.0001 42.7152
06.8309 17.6648
-00.0000 24.2945
-00.0012 12.9754
-00.0652 03.1188
-00.0109 12.7019
-00.1314 06.9084
00.0000 04.5332
-00.0000 18.0192
00.0000 23.2924
-00.0001 10.7694
00.0026 09.3522
-00.0001 24.8232
-00.2558 11.3435
00.0001 10.4933
00.0001 32.5723
00.0830 01.6165
00.0003 16.8073
-00.0205 05.8216
-00.0000 58.8298
00.0000 14.0014
-00.0000 43.7536
-00.0000 47.6073
00.0787 00.1952
-00.0014 09.6045
00.0000 25.2819
-00.0091 07.3068
-00.0001 31.7710
-00.0000 38.6280
-00.0003 21.8201
00.0002 06.9360
-00.0017 05.8190
-00.0000 36.9514
00.0001 14.5495
-00.0000 41.2804
-00.0000 49.1962
-00.0000 39.8940
00.0001 46.0501
01.0739 04.0877
00.0000 43.2697
-00.0022 07.5347
00.0263 03.3200
00.0000 25.3689
-00.0000 15.4536
-00.0002 07.2820
00.0001 12.2323
00.0046 05.0755
00.0000 49.0845
-00.0000 38.2289
-00.0039 00.0548
-00.0023 00.7940
-00.0000 44.3824
-00.0000 00.3048
-00.0235 03.4324
-00.0000 20.7102
-00.0004 01.6812
-00.0000 16.0288
00.0000 12.3813
-25.0010 03.3122
00.0005 04.1425
00.0000 41.0354
-00.0001 08.1208
-00.0148 01.4373
00.0000 40.9508
00.0000 40.0467
00.0009 19.7367
00.0007 03.4251
-00.0001 32.4403
-00.0000 46.4648
-00.0001 24.4007
00.0000 09.6146
02.8549 04.4300
00.0001 18.0690
00.0005 05.9518
-00.0000 10.2759
00.0023 02.6639
00.0003 15.3727
-00.0000 37.4683
00.0000 13.6137
-00.0000 45.8460
00.3009 00.4276
-00.0003 13.5107
00.0000 20.0116
-00.0001 37.4662
00.0000 17.4350
00.0000 43.7601
-00.0163 05.1267
-00.0001 26.6651
-00.0003 19.1683
-00.0000 41.9553
00.0000 26.1165
-00.0002 17.0125
-00.0009 18.6448
00.0002 07.3093
-00.0000 01.5151
-00.0004 13.5923
00.0002 20.4514
00.0001 32.1123
00.0001 34.6010
00.0001 09.9519
00.0004 16.2357
00.0000 20.1657
00.0067 09.1198
-00.0000 23.2349
-00.0068 05.1788
00.0001 07.7397
-00.0000 02.6007
00.0001 17.8957
-00.0005 14.9260
00.0000 19.4953
00.0002 24.4061
-00.0000 09.8605
-00.0002 07.7967
-00.0002 26.2032
00.0000 44.6170
-00.0000 42.7193
-00.0064 11.7675
-00.0008 08.8292
00.0000 16.3677
00.0000 47.7839
-00.0002 25.3390
-00.0000 29.6444
-00.0022 09.8340
-00.0020 00.0000
-00.0000 01.9461
-00.0003 09.5319
00.5187 01.5045
00.0000 37.4306
00.0039 11.5141
-00.0001 11.2224
00.0000 24.2970
-00.0002 04.5685
-00.0003 04.5638
-00.0000 44.0214
00.0005 06.8911
-00.0000 29.9956
00.0000 08.1791
-00.0004 04.5742
-00.0002 06.5554
-00.0000 01.5825
-00.0001 28.5992
-00.0307 01.6938
00.0365 00.4031
-00.0005 15.1876
-00.0052 01.0012
-00.0000 21.0282
00.0001 35.6093
-00.0000 07.5150
-00.0003 01.1740
00.0001 35.3046
00.0000 24.1267
-00.0004 07.9178
-00.0000 38.0843
00.0036 04.7205
00.0000 27.0668
-00.0009 11.8154
-00.0000 00.2725
-00.0003 18.5230
-15.9489 14.8543
-00.0002 06.5604
-00.0049 11.7420
00.0552 13.9969
-00.1734 00.2983
00.0000 44.5366
00.0000 30.1322
-00.0001 13.4660
-00.0000 31.3794
-00.0020 10.9259
00.0000 31.2695
-00.0003 20.1648
-00.1260 00.6489
-00.0000 08.6783
-00.0000 28.7355
-00.0844 06.4217
-00.0000 17.8357
00.0865 08.7895
-00.0010 07.4923
00.0270 00.2502
-00.0000 34.5136
00.0000 16.4881
-00.0001 32.2076
-00.0001 06.6839
-00.0000 45.8142
-00.0223 14.4107
00.0008 11.6637
00.3606 12.3252
-00.0000 24.2651
03.7071 04.6823
-00.0001 40.9900
-00.0002 25.9628
-00.0001 33.3444
00.0000 16.4840
-00.0095 15.3066
00.0002 17.0015
00.0000 29.8846
08.8687 03.7909
-00.0001 47.3721
-00.0000 45.6938
00.0059 01.1075
00.0001 31.5847
-00.0000 37.7083
00.0007 12.3217
00.0001 15.0848
00.0001 28.0522
-00.0003 11.3967
00.9875 03.0642
00.0004 07.7321
-00.0000 22.5935
00.0000 25.7157
-00.0000 24.6168
-00.0000 17.6682
00.0102 03.5916
-00.0238 06.8730
00.0002 20.2118
-00.0002 01.4620
-00.0000 01.2352
-01.9467 08.4210
-00.0000 27.4715
-01.8166 04.9710
00.0011 13.2410
00.0000 46.8756
-00.0002 09.3302
-00.0000 08.7313
00.0000 44.6455
00.0437 11.5949
-00.0000 12.1380
-00.0005 12.6475
-00.0000 11.4714
-00.0091 01.5951
-23.6439 02.3657
00.0001 28.0485
00.0337 02.3379
00.0000 29.3228
-00.0187 01.3295
-00.0002 06.8478
-00.0001 07.7595
-00.0130 05.9760
00.0000 08.8940
-00.0001 22.3113
-00.0001 15.9639
00.0153 07.5810
00.0006 12.1525
-00.0000 34.2327
00.0034 04.6385
-00.0001 16.8747
-00.0000 26.2720
-00.0001 46.7986
-00.0003 02.9444
00.0000 25.3231
00.0016 01.7338
00.0003 12.6923
-00.0412 00.1520
-00.0001 21.6895
00.0000 39.0554
-00.0001 02.3027
-00.2401 03.2422
00.0000 39.4521
-00.0000 27.3504
00.0001 12.8336
00.0032 06.7575
-00.0000 28.9751
00.0234 00.0103
-00.0001 40.4876
-00.0000 17.2729
-00.0000 38.7431
00.0000 37.0978
-07.8800 05.1403
-00.0000 26.1609
-00.0001 24.9093
00.0248 03.7782
-00.0001 20.8608
00.0001 28.4762
-00.0016 04.9371
-00.0000 27.2618
00.0001 46.6529
-00.0004 00.0495
-00.0005 13.0097
-00.0002 16.9113
-00.0000 38.1799
00.0006 08.8702
-00.0003 21.8981
00.0001 25.2223
-00.0000 26.6862
-00.0000 47.9785
00.0000 35.8385
-00.0001 40.5303
36.2822 00.7966
-00.0004 01.5273
-00.0162 05.5188
-00.0006 02.0003
-00.0003 04.2355
-00.0000 49.7622
00.0002 15.4575
00.0002 20.1886
-00.0000 21.4732
-00.0181 01.9606
-00.0004 10.4587
-00.0002 24.2958
-00.0003 10.4830
-00.0000 20.4033
-00.0034 13.2108
-00.0094 01.3002
-00.0010 09.3443
00.0041 06.0797
-00.0000 07.7469
00.0037 07.0606
-00.0183 06.7999
-00.0067 15.9212
00.0015 09.1481
00.0001 26.3459
00.0000 49.4072
-00.0003 03.8220
-00.0188 05.1631
00.0000 16.5455
00.0007 08.7890
00.0002 21.5792
-00.4432 09.5040
-00.0017 11.7683
-00.0000 44.9435
00.0028 02.6078
00.0016 00.7501
00.0000 16.1065
00.0000 40.1873
-00.0000 27.5142
-00.0745 10.5058
00.0000 46.4271
00.0029 10.0908
-00.0406 00.0000
00.0001 36.7966
-00.0000 46.7538
00.0000 50.5272
00.0068 02.2027
00.0001 11.6482
-78.4240 02.1550
-00.0002 06.5530
-00.0005 11.6912
00.0000 14.9237
00.3053 07.3066
-00.0022 03.9732
-00.0002 08.4514
00.0000 16.7394
00.0000 08.2727
00.0009 02.3819
-00.0013 09.5050
00.0000 39.3908
00.0004 11.4479
-00.0004 17.6674
-00.0033 08.6627
00.0000 43.2689
-00.0014 14.4666
00.0000 31.2926
00.0000 23.1023
-00.0007 13.8767
00.0001 05.7016
-00.0007 10.3314
00.0001 35.9487
-00.0000 23.2884
-00.0021 02.9277
-00.0010 04.3748
00.0001 34.7875
-00.0004 11.1132
00.0000 37.1016
00.0001 15.4922
00.0000 07.3126
00.0001 12.0728
-00.0006 12.0279
-00.0001 15.2511
00.0002 05.6889
-00.0000 56.8967
00.0000 41.3384
00.0001 21.0355
00.0073 03.8598
00.0000 35.7857
-00.0000 24.3563
16.4614 02.8813
-00.0011 14.3641
00.0001 18.2172
00.0000 09.8869
-00.0000 37.5057
-00.0001 37.2172
00.0001 21.3798
00.0014 01.5347
00.0001 11.7392
00.0003 09.0208
00.0470 02.1791
00.0000 13.3644
-00.0000 43.1905
-75.5302 06.9767
00.0008 01.2137
-00.0203 03.3058
00.0001 18.3078
00.0019 04.1107
-00.0000 22.6767
-00.0003 21.6284
-00.0034 11.0641
00.0004 17.6998
00.0010 04.2674
-00.0001 36.3065
00.0001 06.1794
-00.3225 01.7490
-00.3341 03.8355
-00.0000 24.6569
00.0001 14.7721
-00.0001 46.8805
00.0001 43.3071
00.0002 11.8211
00.0131 13.9980
-00.0074 00.6101
00.0000 04.6538
00.0043 05.0201
00.0005 15.2876
00.0000 47.2484
-00.0001 11.7125
00.0320 00.4843
00.0001 10.4763
-00.0003 07.3790
00.0000 36.0115
00.0001 18.3710
-00.0000 04.4263
00.0438 00.0000
00.0000 25.1201
00.0000 33.5578
00.0000 20.3007
00.0029 05.7750
00.0006 10.7514
00.0001 33.9462
00.0000 14.4048
00.0001 01.4666
-00.0076 00.6230
00.0000 28.8630
00.0000 42.0775
00.0064 13.6561
-00.0000 46.7065
-00.0002 25.6792
-00.0008 06.1457
00.0000 21.0555
00.0000 29.4541
00.0000 44.5941
