# FVC 2D Coordinates
00.7275 17.9195
55.1444 1143821409.0747
05.2489 1874213655.1456
-62.2641 98597578.0172
-02.2320 310904.1034
-28.2916 2078647948.8736
09.7457 114905269.3212
39.5593 8663449104.8302
-39.7557 5568482238.2852
07.8990 168391006.2399
-02.5720 60326215.8317
-09.0343 102204952.6415
-11.4427 630886567.8158
-26.7356 7972854706.1998
-07.0315 1799967271.6443
18.3128 377.4745
-09.6489 26795676.6605
-09.7520 43456044.1421
-41.3575 9444811824.4474
31.7428 3044975878.2500
-00.1568 1090911225.5980
00.7522 963664547.0230
23.8268 755695817.7582
00.6130 2726357.4424
-41.7245 1837770830.4154
19.3281 1376241150.2510
-38.8180 8543154866.1624
-44.9405 1237416966.5435
-04.8337 5312097.0453
-23.0751 358972.1625
-06.2717 55531998.3051
40.5976 121726070.3123
21.7861 1238037403.6123
15.4702 12275.6265
01.1488 301145071.7867
16.5799 6079671157.4109
64.7500 262858796.1484
-53.0175 321250926.4916
-28.5498 3605232006.0878
07.4413 182020493.4361
-37.0006 6733892635.9805
-07.0136 1864942961.5646
11.7583 2578268381.2990
-00.0332 6827963.1759
07.1740 1241927915.8789
15.3389 2450242817.6504
05.0905 154529632.0024
33.9284 3744675753.5156
11.8244 117045740.5426
-09.0079 2294797398.4476
-16.5809 16317433.0655
-03.6672 276660856.7491
11.2497 623610760.0918
-02.1331 2486.1479
-07.2438 3998526.5332
-11.5187 22012085.2532
22.8859 4807021242.7184
-51.9455 153883135.0567
-09.3765 103562589.7865
00.3221 369372813.0434
-15.3733 33965.2457
37.5103 2943686651.5161
-22.6416 4935454340.3264
12.6169 1622987.3055
-28.7889 3374696402.6159
00.7443 134.2425
21.9824 1561344.7087
38.8653 8176048689.8096
-18.5116 21234237.9264
29.9061 2590138100.1151
-05.3194 9668147441.3954
11.9596 2163633220.9732
46.2425 2037461190.4819
-05.2477 172095.4056
05.6492 565671654.9867
-08.6220 7390489.8737
19.0160 53382.8582
06.0045 8305007389.7352
10.2826 1100999797.5597
04.5392 680840028.1966
01.6594 593171780.5484
19.7263 5897281.2000
16.8741 4425079262.4080
30.6213 3462135793.6671
34.4275 3207963202.0114
-01.0302 18832810.2718
09.7351 7693676217.4496
-23.8863 5449185859.4692
-17.5855 877699125.6717
29.3965 706908.6800
-12.8649 5009601.5030
60.2171 164499599.2235
06.5337 123122343.1478
01.3219 6998266270.7260
-30.8595 2648302983.5849
-11.0495 29695994.2986
-00.4605 5349.3586
00.7235 863348205.1870
09.5756 59864996.9898
10.9877 754974327.7017
-38.7749 5976140931.2188
11.6075 44319696.7956
-22.9882 586219931.6008
17.1574 855837.6612
29.1920 122908307.2002
-15.6687 5443738711.6289
-05.3681 17020297.5009
-38.0759 6981386781.2798
18.6117 1399115938.4373
-03.4375 972781.7498
-21.0000 19851026.5418
-07.2634 103367.3552
00.9258 3551736201.4493
02.5857 493552086.9373
16.9620 6191468.4174
-12.6993 271746185.4234
-03.8659 1106903294.0093
29.9484 2861083487.2820
11.8652 64193504.8234
00.4715 785505307.8809
29.5936 4776979107.6074
-36.4869 2712155614.0254
05.4900 16592370.1381
-02.6340 1464312822.5549
-12.2229 1916718.0541
-11.2440 10695532.3952
-03.7736 197312.1679
-03.2985 846957248.3478
-08.0143 203697689.1694
15.5696 5124.7954
00.0335 128566.1127
10.4081 5027430675.3504
-14.9247 321264376.8088
22.1761 7433998.2149
-22.7294 1639621486.4896
-11.5206 2268444.6594
-50.1065 1073964346.0456
-34.3131 6386429945.3873
19.6190 4992.4065
41.4724 7677082292.8198
35.2453 73552732.3739
-01.3118 1177140205.4817
30.8709 6351212483.6820
-08.9594 6794418.0212
-00.6581 1081313332.1358
20.3871 6783685.5301
04.0777 8161791931.4462
15.2685 377914.9747
-29.9489 3706701877.7528
29.8222 3903233921.5876
20.2027 1598712999.6183
39.0928 8165593986.9585
16.7524 1479927735.6695
-26.4641 1685958984.1754
-31.2993 2749965852.9465
01.0020 92658185.1832
-47.0840 1449321437.0295
06.7065 556810.9401
-05.7105 83350733.4952
26.7921 2171038764.2747
-30.6393 2172977295.5888
21.2587 84147218.1062
-11.9859 2613146613.2524
-20.1306 7834015155.7076
-27.5883 4127253325.7636
-39.4601 2420974149.8980
-01.3523 549875550.2963
-46.9475 1753588565.7495
52.1397 642709317.4486
-06.4564 5612313736.6763
10.0392 112488540.8582
-03.6196 3189.2644
-01.8701 172752959.7794
-33.9449 1559524006.2201
09.6985 30745179.2112
-17.9509 595159.7859
32.8407 4339018777.3429
-05.7097 676610145.3637
08.3696 151096663.9830
-36.5770 1749799238.2849
52.3827 35414676.6807
00.2043 1055107906.7855
-32.8302 3308796162.0793
-31.1042 1370579648.4446
21.4669 4920596306.1323
43.6305 1464233158.9269
06.5535 5422009.6609
20.8689 5246056.3802
-07.2280 9750456723.9501
-51.6684 743168821.6235
-07.3986 3419069429.3237
19.3534 3326351046.3723
-13.2505 12427323.6689
47.7288 604512772.9102
00.5474 1366587.5795
02.5503 380360050.6127
-33.1282 7325885422.7728
-16.6710 317553395.3497
05.1596 255358578.9534
15.6454 609260930.6971
04.9681 204759465.9359
-00.8125 101429634.6219
19.4277 3618380128.0401
-05.6747 1836995957.7150
-43.9714 1927155536.5697
61.3106 661393111.3818
02.3514 354963.6847
29.0475 6706644934.0539
-24.1550 4460006511.1518
-01.3709 122123469.3882
30.8111 3280298424.9932
-24.7805 1480991679.2209
-15.2990 6171316.8501
24.6118 6279652968.4326
-16.5784 17051397.1019
15.1764 3552799.8760
11.6159 7562192.5926
29.3060 3771380258.9283
-36.3882 4095816210.6194
-08.7929 629749.9859
-02.4210 7373974562.2038
15.5340 14024651.4873
-34.8363 3433672139.8640
39.7201 8507482261.0753
-38.0043 7368601030.4281
11.0294 23172068.6480
15.8712 1920.7048
-24.1718 2949751647.6775
-01.7210 373537.5883
-17.2131 2395276.0369
07.7585 35865952.2766
-30.7662 3399785471.5715
38.9559 1958060047.5847
02.7497 5116966541.3190
-05.6518 41833526.0378
02.0121 148506.0850
01.0419 405419601.4439
-13.2842 10508904.5433
06.4990 2563409.3365
-19.3088 5523347553.1555
-05.8780 45000984.7301
06.2691 305356676.0422
-35.9508 5596568086.1341
41.6790 2216458898.0995
-15.6163 5313115005.0045
-23.9029 609459739.9465
31.3553 3322296330.2664
-02.0089 529349.8477
23.3343 52140659.8639
00.0859 128178962.1207
00.4657 852127510.9785
14.4137 7701110107.6485
-25.4359 4338774471.0927
-08.7937 389874395.8541
-39.7861 1028172238.2889
-05.1679 296257685.8252
09.2837 5751417852.7103
13.3865 8854205940.4498
05.5262 131272831.1389
27.8016 8140210152.7720
-29.3425 4499034384.1971
21.6868 4313680295.3218
-26.9627 1455287256.8983
16.0632 3430864809.6697
-20.2869 141599323.5548
-15.3761 2116616077.7408
03.2915 14780243.9418
08.6926 107494515.5157
28.9754 2439434513.4204
-06.8098 1845955.7429
-48.6434 1235116810.3755
13.1924 16360390.1930
01.7569 1282040887.5982
-30.5177 6270665439.5394
11.1029 100633500.6909
51.7710 481422248.2278
-01.7634 867307029.6686
-09.1150 9837917160.0132
02.7047 229765518.4412
-01.5728 94078.4589
-17.0015 1040946.2689
-14.7987 8750804.5839
-52.0739 619662278.5432
-35.2707 3981291136.4645
12.3305 3843687308.8861
-01.5317 81.8072
30.8667 26878617.6390
02.2398 645859716.9286
06.0397 5808647.8742
-54.2154 25525759.4608
33.7623 109787030.6153
11.8996 992712972.6650
-02.5945 32271048.1233
05.2375 154107.3887
58.8774 991561233.0758
30.5015 5421623575.7118
-29.3502 7821757587.0928
-22.1562 250784.9583
-04.4042 59.3566
36.5810 4343091483.7688
36.8548 4486016146.6890
30.5310 6452537.0815
13.5860 9420892536.7875
00.5721 1249161375.6791
-08.2163 6342048855.7079
-04.9825 1712367485.6806
22.6798 4512226181.5935
-03.2335 42949538.3513
-13.2176 232.0976
-12.4428 5675714.5063
-29.9119 3479410633.7844
-01.7003 1190573.8539
-17.9443 25353314.2799
-34.1575 4349771024.2545
-29.8473 2981184742.3592
15.9688 4321370.1949
00.0294 909304668.0836
-17.9072 226607785.6535
-29.8622 1966813089.6775
-09.9935 8956284.7558
-12.0202 11071125.0368
-02.3875 1643036.3876
01.3551 1340882398.6444
08.4777 718893143.1724
-19.6454 342377.7749
10.7148 96286481.9230
-31.9999 2994517698.7473
-23.4285 4501261076.6839
-16.9551 1417389.0556
02.8546 441734388.4725
11.1631 26421518.8650
-17.9340 4022.6655
27.8010 4412574915.5959
06.4565 95753091.7534
-24.9242 3904683653.2888
-03.3905 8601207080.2115
17.8929 3904999.4125
-04.8242 22070162.2829
03.9865 435785087.4132
46.8955 1940525822.6710
-40.0180 2382314513.8326
09.9049 665377259.3028
14.8820 11296560.5749
00.6753 4892699324.9444
-19.6188 6090380063.1467
-40.1227 8464560015.4035
-02.2247 64564.7186
-07.4311 160345900.5398
-26.7389 3792915498.2291
-09.2620 76286526.0404
09.4685 182553533.0493
-30.0252 3266600203.6811
-20.6285 1366467.1097
04.8202 1087291887.1067
-34.1817 2967744691.2438
-39.8930 8832379484.8527
27.5186 4146481823.7698
-03.3809 1149682343.8937
-03.6733 4108683693.9170
43.8563 1334307007.2568
-08.1777 6291637634.8441
13.9773 14507363.3574
01.8865 584908274.5896
-44.3626 305858097.5489
-11.9785 111500506.0987
-02.7323 532908907.0426
-02.4939 339439557.2202
12.8390 23081577.0035
00.8645 360152733.9605
16.4684 493647558.7212
21.9323 1802297758.1371
04.0582 8880597.5395
-00.9135 708499798.0873
26.4465 4399119914.3981
-49.1223 1100727186.7432
03.5496 2630306206.6799
03.1347 699319282.6930
-22.6128 229.1216
23.0700 5750411493.5758
-21.8506 1579692471.3597
19.7722 6177826718.3687
-13.1932 24910829.4743
-04.6175 733501705.2702
-11.2532 55397633.6556
17.1106 5655944.1801
-05.3255 216.7507
18.0503 3604349.6542
-01.7101 1182617268.2363
18.6218 6133976756.4404
-14.7316 15.1081
43.6654 1819079668.8456
07.5364 714996366.4076
-09.7588 39294685.3326
06.8730 1854369632.6156
-13.1269 78816790.3403
-05.6803 527027395.9388
36.0515 6744420466.0078
13.9407 22726880.1228
-27.9149 2261833814.0935
01.4099 337073.8826
31.7895 6288424104.1253
-25.1298 5444638855.3083
35.4282 3125317711.4757
-02.4838 277543728.1851
16.2629 5550512.4394
-34.4659 3314369842.3745
26.9731 1493311260.2297
-49.1852 1445344231.9322
00.2738 1154424943.8063
21.1468 125795.4216
38.6104 2654730314.4426
04.9294 287151.5657
20.4805 154683066.4931
-13.3219 74102.1116
-23.5276 9187360254.9273
-32.6577 5599187284.3999
03.1783 57833195.5243
-02.0800 19006195.0697
-29.3437 5066597867.7361
-52.4323 1323616785.9997
-00.6292 98069123.4823
-05.4754 428165880.3380
30.4379 3388457646.7609
-22.1306 3478631.3691
-03.1492 1135954019.9710
14.3805 12872550.9262
-16.9598 3847139689.2363
05.3792 180717007.7926
-11.5392 157333061.0421
-05.7965 3341056162.4154
-49.7769 295537351.4635
38.0070 2686796423.5840
10.2188 103496947.9193
04.5731 3370.0243
-08.8594 109421528.1354
-39.1537 1405766301.8380
-03.6641 387610636.5974
07.7572 28348242.1488
61.4125 483157692.3539
08.3190 8587755775.5860
17.5407 700743574.7660
15.1909 37603211.4360
10.9409 6645466537.3270
34.0305 6861190488.4412
40.2620 6430910207.3392
11.0863 31014032.0214
06.6088 640149601.5595
00.6691 17862397.4491
-12.5511 7123768313.7725
14.3978 1574.0004
26.1901 1560415906.4524
46.3104 368768414.0653
-32.8746 3920591627.1899
00.3985 758328932.5093
-13.4322 5072352.9877
-12.0266 9581178.2800
-53.8952 530544025.3402
-21.6989 1049046450.6332
-10.0628 1958656009.2789
-08.1755 3409790774.6477
-43.1998 9400570007.6258
-28.4518 699654891.9008
-25.5065 13002415.3462
20.1760 6470888018.6541
-01.0921 1067878640.6262
25.3910 514553277.9569
-02.1827 605609710.9524
-41.8293 8885754637.3670
-26.0851 4236896444.5765
01.6439 597134699.2973
07.0397 9724964991.6647
-37.4102 1498631853.1946
29.3696 942873048.9633
02.0781 226362344.9699
-26.5810 1663889453.2562
34.6955 3060751154.0341
-62.7133 607751956.8799
-10.7455 121184157.0087
28.8898 1180760029.9081
-04.6175 6164773.1338
09.9936 2243011852.6493
-04.5860 126057.0949
-64.4275 340575205.1953
08.6587 8600203767.2593
21.2618 8651.1468
-07.1058 1848245525.6423
11.1240 56748718.6672
03.4340 237182091.1043
14.3309 25111726.3058
28.1412 1421746751.2511
27.0036 786618254.4124
11.2452 2628572.2433
-22.9559 912249.2835
15.7954 5834587540.4593
-20.7040 8167.9545
-24.2822 17104.8013
-19.6660 3512458889.9061
58.0104 51983103.0184
-35.4218 2804359935.8113
-02.5069 4158.3886
40.2400 9064461774.4139
-23.1604 1494088699.7273
15.8071 2842362.1857
01.6924 129104651.6388
-23.2951 877472471.5142
-21.3958 1161455694.7677
-08.3892 8673769867.7862
-00.2877 815787485.5124
-22.3322 4433522256.4087
-11.9691 103314162.6364
09.5566 1860867853.8801
13.8610 1926124.3493
52.6058 1148066843.8438
37.4997 4683143063.9311
-12.5641 15.5952
-21.3595 35197.4834
-08.2437 278236724.3563
-07.8670 5301853.4081
-18.5358 24.7379
36.6082 326857085.5222
07.6984 903078772.6113
07.9675 6157833118.8434
11.8754 35621679.4317
19.6082 1466724736.2302
13.4218 33.8731
07.9070 7254886.6896
41.2681 7396395927.6601
-00.6710 527884526.0150
-46.3959 457496142.9448
41.0637 7155161393.9836
11.2295 21669526.5736
29.8998 6645106567.6017
39.4548 1045657196.3343
-23.2429 180999.3582
36.0570 2919128211.2867
-15.7766 2751794947.8665
-03.0112 30242516.1048
-61.2070 581298002.2030
05.8749 7098914.8087
-36.7601 2358672958.4154
-30.1790 2737963552.9986
-10.1327 700107.8286
-17.6196 5468625375.2610
-12.0867 103310938.6536
-65.7450 210711294.1435
25.0091 3509601889.4673
07.0910 2248610840.0537
00.8941 1371.7821
-13.6531 27.7381
-04.0858 458924741.5340
03.0088 336612109.0338
01.9074 299792890.0307
-21.1052 5294252090.6872
02.3315 215876855.5036
-30.5336 1514947434.8051
16.3144 2557440.1902
08.8302 953143445.4065
03.2808 12721092.7380
10.0870 3142575969.0864
20.6516 1153995499.0127
21.1378 898706.6684
-03.7672 9946193275.6772
03.7200 2117794976.5515
03.2516 616938701.8736
05.1305 78008746.6702
-43.3071 9899305788.7865
03.1134 632856807.2544
04.1915 1209635072.6832
-09.7940 3250036.5099
11.8417 1722472.4435
-01.6724 134340755.7092
-19.0336 3248392.8225
-09.3989 30518716.0877
06.6762 4473913.8971
-07.2027 12425334.4707
-26.6272 800668281.4318
-11.7463 129455350.5072
29.9770 1333699823.6064
43.0086 476163684.7734
-05.7827 124640996.9117
12.1647 68565354.1833
18.3976 3791818304.3672
-25.2644 5160857184.6038
-01.2285 360027.6461
39.6734 4157214.1651
10.4916 67384014.3401
02.2998 766888940.0822
29.2925 5139185108.4477
-00.5018 756994236.9524
-01.0605 425810587.1086
34.3706 10059075475.1444
29.3202 6040838293.9149
-04.5637 334705489.1843
05.0514 986653570.6982
-44.1813 1372190086.1551
-32.9993 2527812535.8658
10.3318 560609204.0492
-05.0418 5039918.1303
24.7046 1831291119.1405
-00.1942 90468738.8255
05.9462 181484633.2510
06.9373 1809036877.8157
00.1569 23.9574
27.8458 4111668183.6391
-10.2318 285982694.2420
-35.3784 2839065399.1036
10.2585 1596342.2771
11.0651 150399890.4890
-13.1522 2795813530.5402
-31.2290 4306851298.5563
00.0856 344043023.4367
35.3678 6517460510.0382
-34.5048 5039816212.9011
-37.4184 2648512906.8284
-28.2347 7050839808.0306
-11.3518 4128362848.4183
08.4325 102076382.9748
19.5709 7563473508.2724
15.1235 6764820.6717
18.9543 1233027429.3475
-04.2715 801809444.7896
-20.2353 4875196173.0717
-40.3683 7329412887.9841
15.4893 10832625.2657
-00.5740 8054360159.8872
25.9309 5301907333.4238
-20.6926 804720991.0220
28.6656 2453890852.7966
01.0138 60319833.6577
-28.8334 2227060812.0577
-08.1154 266864585.9924
17.5893 1085329171.6791
09.2996 114848.6394
-35.9550 8354697059.7249
-01.6401 1146700244.4342
00.8575 302799511.9261
-00.1275 8406783803.6411
09.1115 7710293917.3995
-00.6108 857376234.4535
-06.8314 172250360.5080
01.7821 2871645109.8127
18.5439 2660656877.1101
43.3745 306213051.5055
-02.3509 7784701027.9671
-22.3090 6297377894.4644
-00.7600 338337.8124
11.5891 10726399.5652
14.2502 12699648.6502
-11.6158 17600175.8094
-29.2024 4247051847.2544
22.3529 1131088.1525
08.3605 1435058.0953
-17.5995 146121.9581
11.2903 9943230.6002
00.6259 574843050.9224
-01.0031 273303753.1236
-08.6266 1326834.6736
30.0605 5016583735.4017
14.7317 5800082555.9548
-10.5992 313142239.1663
-27.0175 3898844578.8419
-13.2584 922951299.6074
11.3446 7355325277.1734
02.3526 545189514.5621
08.4634 42262896.6652
07.5699 8807986440.0563
-27.3362 114135362.4291
-02.9687 95683630.6927
06.5750 129410182.6120
-03.7536 1472410908.6400
01.8637 392721108.5698
-14.7858 18224876.6826
03.3181 20643601.5427
13.3158 4708.0363
-01.8935 25248433.6972
-04.4300 5844098766.6359
26.3009 4430377106.9017
-09.2120 711767733.5130
-05.7713 27290904.8409
00.7166 100.6464
29.2777 2573055365.7061
-05.1335 1670510.5985
-03.3401 19146945.9137
-04.1825 225344957.0919
36.5769 1675188071.3798
-05.4653 16.5997
05.8464 3831237212.3110
24.7238 6119824048.9748
21.7955 48384.5147
-09.3723 2293840869.8780
53.7901 89712110.9430
12.1453 84505466.5765
20.0461 263406.1891
00.0891 554.0733
32.5227 3552054257.1146
04.8650 2414166059.2593
-06.1623 305086764.2451
-06.5043 698245601.2908
03.1489 108928334.2814
-18.6756 20663857.0625
-17.3080 1395326897.3401
-09.1874 198952984.6918
38.4694 2494001413.6092
03.9359 936749851.8399
-24.8069 3588706751.7689
-19.5665 482393.6444
61.2119 807152677.6697
05.4069 193868279.6642
01.9918 1109602637.3295
36.2084 5548888721.1007
07.0719 5436806806.2612
-05.7344 1499670788.8510
-23.5367 4615376095.2760
-27.0317 4272857273.6276
19.4058 305060.1077
19.0108 5474.6827
19.8866 1666782138.0640
-37.2039 7979462072.3147
-11.4812 7559.6666
-12.7363 17970153.6416
-29.3990 5331561100.6894
-49.0150 27649105.6627
-44.1910 532060744.7745
23.5907 2026085446.9874
-39.6303 7897111403.8917
16.2987 1734241.5501
-00.3716 6689457892.5128
02.5338 1147672572.6238
-01.3951 288473741.5311
06.4060 59013946.8931
09.7935 2611329984.5282
-01.3954 12413240.3943
-12.5814 4617.4844
-00.5123 2724445.4924
-21.5031 3253852.7270
-15.8278 271083.2532
-30.9424 3538760846.1223
-01.9090 411237628.7566
02.6874 3480507135.7973
05.6123 1654852156.4348
16.4632 5455532128.2794
09.5896 248599025.5753
43.1888 377431819.8012
17.7131 3228.1556
29.8854 3174678218.9824
07.7699 1404174021.5616
-35.4494 131136270.6550
-15.2689 56567667.6321
-14.0433 2437232787.2122
-05.3293 7242793966.7989
00.1853 918834619.4230
-01.7836 1867247208.8274
-13.0852 2169120921.1416
05.5269 2078323108.2099
-15.1138 222523670.9697
01.1131 104362970.8550
23.5096 5315750922.8691
-08.2299 4227665.5995
-17.4067 29.0565
00.0422 600649935.6484
-13.5839 446853.5580
33.4622 4341894303.5232
63.9658 477192343.8607
05.0413 9627249.4485
-15.2641 07.8042
09.3768 91065216.2359
-07.5374 65346843.8711
04.2470 3001244052.0868
-04.9005 9827557795.8323
11.8446 63814198.1084
-19.9567 58639105.2672
-38.0725 6972818364.2552
-06.9576 5460859.9312
-33.3898 4787552539.9016
16.9631 10669165.6250
-33.8707 534343.6542
13.9119 3707932.6378
-06.9086 7364985.3616
02.9057 36995.1809
29.6246 6362379724.4531
-57.0929 145740565.7843
10.9554 144595181.4190
-03.5504 3266100.7226
-24.8371 5286693640.6928
-42.1232 1200030871.2610
41.1472 2510638683.9964
-04.9864 1601695698.4759
55.6224 1056189938.8025
-04.2322 269424943.5959
29.6769 3440798832.3858
-10.4300 330312.9018
16.6909 6943787.3848
-00.2305 355553539.9159
33.9961 6316001402.5227
32.3133 8141205458.6421
00.8142 329889435.3793
62.2499 735715897.8137
00.6029 1808401274.3566
-33.0648 5445861267.1316
-30.2145 1726785024.4854
00.0038 258706589.7251
07.0059 20198.5968
-34.1073 3386172525.9381
02.7028 161707.5682
-11.5903 45020601.5152
-12.1069 102860762.6116
22.1024 6894602669.9348
03.0074 1221721466.2697
00.2615 666986874.3388
22.5154 143527.5385
-36.9839 123101697.1362
10.7562 7051908126.3976
38.2487 2838869567.3100
-01.5128 8540552041.5687
-05.1613 275284720.0986
30.1968 2875245482.5989
-13.2185 2382216730.4043
19.2746 1264136.9560
-04.6756 439950940.9921
-22.1068 07.4578
04.4684 3695408141.8240
63.5859 247671524.5920
15.7545 1766395469.5534
15.6445 6188299997.6003
-02.2032 244560866.6329
07.8765 532830752.6187
-07.7987 272936048.9784
00.2098 65331.8397
-01.8173 68.4480
-12.7333 6087956968.2207
57.9849 848284198.0343
-06.5224 227734391.5750
11.0218 73453694.3801
-29.6866 3309956586.9171
-12.6998 5357859525.1374
-02.1584 4127734.1261
-11.1680 22731311.4798
58.4208 175493500.5933
28.9080 1020314642.1773
42.1456 622580387.8568
29.6881 2694057777.4238
-36.2624 5054871562.9833
-14.9765 2329972.0683
08.2620 32900244.2677
-06.4621 4235554.5728
45.0891 780814611.4772
-11.5267 15116676.6717
35.5290 5039851874.3033
09.9107 16268276.4913
-10.0085 3386.8127
-19.1661 4191904352.8069
24.5047 4042078125.5874
-08.4337 96501208.4033
10.9369 531755544.9816
14.2042 5274986.4383
05.3969 381774049.5466
-16.6029 3956708.9537
-07.4029 19149669.1012
12.6464 17139455.3132
06.5419 10640170.5424
37.3398 65257475.6370
11.8744 84071490.0429
05.1840 533509574.5394
04.6818 12230939.3699
25.2079 4714258737.9893
00.8891 259872503.9266
-32.4594 2866704092.1991
34.5671 2184320445.1879
-08.0050 483807569.0375
22.9717 650702808.1230
17.5348 5734680265.2732
-03.0302 66039017.6534
-06.8404 12563695.6505
00.0006 202301190.1599
17.8559 13855841.0207
30.9915 5919658639.5158
05.8130 8849939823.4997
28.9506 2492224629.4836
01.5526 15241.2337
30.4889 3260884194.1678
23.4313 9086803108.1920
09.4447 281082522.0181
-13.0841 48.0902
-00.4048 4392450994.2253
-50.5240 1455058140.6779
27.7317 4130696551.2556
-05.5316 294624777.7773
17.5980 7042682162.6195
-28.0504 3733471015.5361
-17.2698 19753.2322
-20.9372 2781041616.9806
-41.6457 92941515.2843
-04.4862 9005364668.4298
-10.4599 256902501.9790
-06.6931 986475675.5812
07.5424 68207861.5933
14.4469 30405406.8138
-05.7671 399757634.5276
01.3107 15016388.7587
-19.5220 5186054657.6344
-09.6561 141566621.9274
21.2342 122098.0707
-56.5766 788658092.1190
17.8764 1535154.4086
-10.1900 5549542819.7765
12.9158 16655746.1387
-07.3935 7419318054.8226
-03.7467 56591085.1260
26.6792 7665361102.7271
03.4959 2574012723.5420
-01.5492 751688.2033
-26.7637 269704217.5848
-00.9145 437420851.7642
-55.1927 56053228.9676
16.6368 772388602.1213
08.8641 10956788.5158
-03.0477 1383765371.6770
16.1300 4103911169.9855
34.3066 8998384448.9080
01.2025 2318685.2117
18.6676 1783810.4433
29.5924 3342438165.7789
-13.6064 76638750.9137
-26.2284 5801666865.3416
-01.7708 28913508.7108
12.7506 2285328.0877
17.9260 2144461115.2598
29.6011 2796154484.1004
29.5257 3727185302.2560
00.7284 48394.8215
-03.9339 262506175.9308
07.4856 329046840.4254
01.1844 1387635422.5596
-23.4665 4581280570.7737
-12.3533 2423047.4528
39.6941 8940590515.2264
-11.2537 28988461.6416
03.8278 1920365.7509
-22.5055 2156640.1883
21.8754 1483930898.0651
-37.8675 4276042.4252
-04.5613 5851265252.0337
41.8852 274618864.4961
-42.3630 167539547.4522
-34.5627 38093414.7182
-20.0348 41601.8485
51.9362 1444391796.5238
20.4904 5644515499.8677
23.5845 1362870716.8655
08.0262 6053587000.3462
-02.4029 1368276174.8766
30.6381 4938923635.7348
23.8793 4967152110.3466
-09.7911 5964663874.6533
05.5563 310631.9738
10.5172 899875357.2590
32.3575 3230466136.0755
24.1014 4079187316.9796
55.4413 1052458801.4418
-26.3015 1695338670.3844
16.6919 9637355255.4896
-12.6318 2195110001.2624
-02.4409 762141552.9996
-08.4750 1799087.6117
-14.2463 993733380.7159
-00.2897 1808319372.4881
-04.8053 25676948.0458
15.6016 85.4391
11.7331 20614917.8605
25.0183 88722249.3884
08.3641 311854153.9783
-08.3161 6770599.6389
-45.9203 1448104962.6256
-02.1312 512601632.1818
-01.4923 627056315.5056
-07.8776 161727292.1524
45.3725 947046335.0667
-21.3679 21408.7942
-06.6606 185056777.5958
-06.5935 76160770.6976
-21.0294 140027.7666
12.4280 51874563.6270
-20.3723 360305107.1493
-09.2076 10056520252.8080
03.6060 5825840.2705
-32.6762 3521229531.6150
-00.4076 8460561216.8541
39.1388 2642239371.6397
07.9207 2800898714.9722
-17.6875 3724458.1919
36.8724 6163795911.7634
-12.1019 4999852235.8094
-33.3612 3131452033.7581
-22.7525 5729445547.9333
14.4635 44944062.4846
-15.6558 2729037.5573
17.6778 67989109.2939
-09.3965 538728579.5128
-25.7366 1772147292.5646
08.4605 18260425.3575
17.8209 1295073507.8918
19.5309 2225163723.5602
36.9405 4674946242.0083
-02.8528 683581905.5569
-29.1070 8743330201.4363
-64.9487 404092071.6552
29.5214 3827468863.3508
23.7551 3596979.0219
-26.3483 809758146.4639
20.1106 5497068833.7467
24.5006 4065324447.7057
18.4355 4191581.4700
-22.6516 3688142048.7309
-09.7029 198572921.9224
16.6963 14627.6904
-04.8285 111075399.3764
01.2785 177706.6915
-42.0970 914215204.7248
-64.4069 377235470.2782
-00.8150 328362183.4569
-18.4512 609862737.0629
-37.5706 6907826611.5957
-11.4122 5584098550.3156
04.6234 419867328.6411
04.1904 535967858.5383
-06.6319 10990.7380
-22.6896 507.2661
43.2791 2302644010.5609
03.6062 20283680.7702
-22.7408 91.6756
-04.0384 282056747.2851
03.1106 80188290.9965
-21.9663 3157818460.1587
01.0110 667000380.1650
51.2918 74117615.0724
22.7629 11506.9259
01.6213 608185704.0399
-19.6497 1770930616.6464
-01.8091 36242949.3669
33.5791 3228873383.4259
06.4654 80123896.7304
28.6888 677616171.0647
-61.1454 536957434.1987
20.4415 596466306.1840
56.4372 86253366.2587
-51.4318 44686974.9837
-07.4252 95715985.9021
-59.5910 274529238.1767
-27.2172 3482681379.6783
12.3825 66206690.5334
-02.4069 36679523.1625
13.1704 15120321.8272
10.9352 26052906.3872
-01.9874 342072770.1586
30.8564 5521484619.4978
-09.9627 89886061.8230
-13.0078 10416.7582
29.8597 3909362153.2679
-05.0944 444493539.7829
-09.0607 38475053.7517
15.4716 10216313.7182
01.2609 112689308.4473
23.1604 1247030698.5238
-25.9363 4916538858.8057
-00.0885 2826439342.5479
-16.9623 10403928.4754
01.0876 10056877.2065
32.3196 4389822421.1667
01.7518 43545.7662
-38.1607 882304148.3091
13.6575 478070.0426
-49.8130 496762893.5099
37.9830 239644425.6012
26.1758 4411211785.4226
06.0940 112313681.2675
30.4831 1466650.3492
04.2864 1313479676.0807
-10.0122 740672821.5755
-36.1625 4679515850.0684
-07.0207 24856645.9520
13.6711 9443550.6821
23.5910 4880581720.6820
00.3090 61718693.9101
06.9047 195905798.1321
07.6742 95467519.8360
-05.0496 402270868.3252
-02.2178 19560.3781
-14.2507 9019845.0635
-33.1399 106675139.2056
04.0059 60679908.4245
27.2426 4243961346.8319
08.1393 12034172.8827
-37.7171 1528565978.0588
-36.2547 2676595224.0842
22.4142 1148946.0541
01.9337 9668186969.4463
-11.5942 70145076.8064
-06.8462 3104116091.6089
-01.4021 967096817.9735
-07.6244 1805047719.1451
63.6745 212643257.3894
20.2473 803072.7174
-00.0265 16506.4230
09.0537 22201013.9322
15.5673 7437007014.7086
-41.8761 8241604425.1940
08.9067 80491.4456
10.6614 7817584.5229
30.0848 3662956779.9496
13.5537 32650395.1211
29.8096 9216075021.3507
-32.9843 7011310062.2588
-31.3771 5267617653.7139
15.9166 10519068.2226
-12.0622 66249397.6359
05.9472 1639044140.7865
33.3756 1605709264.1094
05.1209 167934593.0979
42.0027 9695007874.1722
07.5644 986408131.2236
-00.1729 1158757071.9508
16.5955 2658098.7191
-05.1208 34676407.9199
00.5987 973865403.8397
-07.1921 523756363.1036
06.1517 3231589504.4016
31.0591 3494819392.3710
31.6098 3550265566.8475
-08.5565 34100124.4389
-28.4436 8638052139.1748
17.7298 844089832.1804
-02.0088 87773429.8870
-17.7647 2388678.2448
12.9584 719390489.5052
03.0723 255115034.0285
06.0925 224690076.5533
-28.8124 3401507664.6846
-04.2828 5075550047.1311
04.3101 2182132.1524
17.9845 2908980766.6492
-29.8646 4312307560.2520
36.7721 159745659.2497
13.2135 71.6218
-36.8202 7954236813.7928
-18.5702 2810898.7717
-33.5068 4587472017.4333
-12.0831 19928338.8242
21.3862 5228362483.1097
-06.6635 389474.3087
-03.9024 10.8067
00.1248 673172334.8105
-07.5523 13840915.9378
35.3174 8365937468.8103
-01.3637 181691040.6467
-14.9759 2843639998.8555
-64.3297 397496871.9462
-23.3482 4319839617.6494
45.1697 752730196.4328
-03.2786 858685556.6954
00.2522 60.8243
06.2250 5290361.7301
24.4185 80268.1115
36.2150 1078624668.5629
04.2526 516024.9279
-17.9376 53747.3370
-09.0084 75572053.9795
06.1333 465800680.6507
22.0508 5210656240.9699
-35.8291 6210153836.1438
-09.9658 7151500142.0899
-22.7421 1185516107.1872
-06.1010 5217455723.5883
-01.6578 15038187.0101
-37.7842 4439475518.1594
10.9741 2314532050.5003
11.2742 95050843.2199
-14.2068 5352406097.5512
11.7939 31432173.0459
-26.0612 3301178492.0421
00.7972 5764300657.4136
-33.5791 198579254.1570
-04.4856 296019708.5192
23.5934 61258263.5830
19.3762 2660.6117
11.5503 2300175418.9535
06.8743 2051786316.8253
16.7239 6083673794.7624
-20.0344 1385.7691
13.2012 1296930.4012
21.5828 4746827675.4335
16.4506 6809865060.6562
-07.7490 289055021.3606
47.2108 492224064.8560
-03.3348 2662337780.7173
29.5055 3451985238.7638
-27.6055 3774243289.3682
01.1728 3354632.4031
21.1716 1638122480.1353
19.6305 8316797216.1781
39.4846 2711680571.5191
-06.9050 5737226956.8421
-03.3298 140079.2333
31.7087 3402073172.5342
-17.0127 184.4799
60.0852 518431443.6702
06.5637 183186160.9899
-01.8395 214062.7378
31.6180 725180587.1305
17.3364 1060799252.7497
15.8771 444911709.7716
01.9259 1541350642.4845
-26.1423 4035454737.4567
09.4087 33371082.5527
26.3367 6849039355.1296
-03.1933 20959313.8734
-04.9567 118204832.6512
-01.6890 206648606.1292
-06.3422 104150570.1820
-15.9090 3533.3549
-52.8323 1297955988.1055
-14.4425 747424572.2654
12.5863 8660792005.9153
11.3392 35601060.8165
-09.7592 8362082200.1055
-41.7678 8116344367.5100
00.6727 138.5924
-35.5430 4212190279.0007
13.5056 8782477416.3100
15.1361 7216831706.0561
-12.0302 78072348.7571
-14.8117 93.5838
20.7517 9704461669.2180
39.1129 8174990121.5304
02.0271 30191.1705
-24.4740 4863375021.8502
-17.5105 4991.5503
-38.8801 1956290063.6563
10.5079 3126429.7322
-00.3331 47147.5262
08.7950 222473510.6080
-15.6697 884382759.2942
29.8014 3108418560.7998
18.7523 1467636812.5491
-06.0544 370952143.3195
15.1577 11145868.1219
-25.3559 1764404591.4475
-09.4950 144838862.0662
10.1772 187638868.9805
-10.2026 11602564.7553
-11.7808 75643241.2998
-09.3194 119013401.2642
-30.4195 8426699454.4858
29.1180 66043330.2530
06.9706 7709701330.6605
-00.4066 493063.1695
-06.9040 4882663.4946
27.8941 4839869810.0629
-00.6043 798199083.6677
-08.4064 20230078.6628
-26.7590 1815989518.2224
28.3694 3936561308.8119
06.5300 437169.6262
13.7196 609852.5378
-48.5751 71539578.9927
-15.7111 166681126.6414
11.8686 911225398.7002
-13.3713 10807.9381
-32.3293 2872018911.2783
-28.4236 9373278309.3096
-17.8933 4409544.6821
-39.4021 2090116529.1042
08.5935 2948746035.2323
-05.8033 9921795.6371
32.2566 3286446815.7042
52.1599 122116460.2462
14.7406 12116748.7376
-18.2772 1590165.7458
-02.0994 451256733.5142
46.6284 781627621.4604
-12.9482 86869474.1950
-13.5459 682269.8247
-40.8469 9730352437.8013
23.1413 105510.5474
22.9702 479.8846
10.1839 218136613.3940
15.1454 418766.4354
28.6626 1230953584.6064
-03.7869 3242464631.3937
-32.9883 3999408930.4241
-05.6703 82407729.5779
31.4057 3510866807.7725
-30.6895 5032899615.7162
-05.2514 10448435.4944
-12.1521 2646413871.7420
-05.3096 9544135841.2221
-05.5004 691826959.9825
14.3568 1687.4812
02.9361 5536758692.6682
-21.3056 4314827408.4904
-19.7468 15715100.0513
-00.4199 9212595601.0242
12.7842 2755844.2089
-05.0038 1504643036.6151
41.6335 7867087823.4406
-13.4089 9707045975.4117
10.0013 22037835.6018
-21.4589 186232896.0169
-24.8914 5001378707.1244
-01.8917 1277929395.9029
00.5110 631224657.7111
00.2600 1018445199.0515
-19.4571 711774.8776
-26.1677 1258805097.1399
-23.4176 4071963179.3232
18.8857 7209217.8499
-06.4561 462381204.3545
03.0435 8545122045.7103
-38.7856 7390267804.4862
55.5866 998344720.3201
-33.9060 7178695540.6883
-06.6474 55.6606
-01.4781 16.9463
33.4639 2716431349.8456
21.1027 44202.8115
-28.0787 1926923211.2622
27.0570 2196393883.7172
-21.6759 2995786319.5581
00.0266 39625.8471
-06.2046 3467913901.8437
-05.9745 498155902.0676
20.0351 6514914.3065
-18.7378 5444708971.7031
-04.4171 291215789.3761
13.9291 14825142.2377
-20.6225 146177.7696
-01.3365 236236931.5478
00.3745 1452906.8568
32.6124 29061738.3351
-07.0543 997315248.5281
-02.0360 74417277.8761
33.1027 4794377998.8481
-13.6167 12046969.6478
-42.4375 9201396394.7689
-37.0938 4684228066.8981
25.0472 9559020472.2136
07.1283 497777132.0050
18.6780 2503329.8072
-36.2707 3933752973.9811
-01.0089 842928509.8994
14.9178 6286817876.5972
-17.2060 26684.7033
10.8204 29027.4343
-08.4100 16507562.8053
16.4825 7811839699.7563
-13.7377 5407454098.4758
-40.4927 8879550211.6738
04.2621 1766.0062
-29.1436 3834492856.5806
-08.2442 121915817.5246
33.8652 4159750937.7470
-19.7644 5072549064.1038
25.7578 4518483797.4525
06.8722 23167194.6955
-05.0045 427672901.3601
-15.5784 3703542.2064
32.2951 3227832763.7146
-00.1110 110411.9500
-13.4162 1426384.6087
-22.5684 1728247224.6407
52.2009 1324179889.5048
-19.5084 85514.5606
-01.9539 532950446.5436
-08.5677 468870453.3998
35.3984 6762888905.9404
09.0386 266620996.5068
40.9932 8964654065.5217
14.7748 5086832433.6438
-10.5074 157760.9121
-10.8607 209506551.7939
36.6651 2785490779.3163
-38.7788 259791639.3567
-19.3174 15214493.2360
03.8188 680291259.1387
-09.1143 174598.0272
04.5352 63434004.3810
47.0762 382098597.1008
28.9397 1629950473.1509
28.5719 4109490855.9045
-20.6231 155.2495
-00.4449 787677830.4740
-38.5794 8271157952.3999
-02.7615 1649995847.8489
38.2794 7820487786.3106
54.4190 747814695.5459
06.1431 32795740.5006
-07.4073 2248267576.9984
-11.5756 1977969316.4401
-05.3280 411466906.8432
06.9928 8353519279.0887
-05.0389 4207303299.3592
02.1651 449336924.7794
-17.4211 5603363332.5491
00.4327 796641367.6919
13.6075 171134.1577
13.7007 459602.1931
01.9185 214744509.1865
-06.5102 10648607.8540
40.4507 188315199.3986
40.5446 8563682579.3236
-13.1491 441936465.3907
12.7833 208285.1487
19.3334 1620734140.5497
31.0713 2963216368.9230
-02.0851 1847272196.9623
21.4772 445853.6614
-01.0201 564703.5073
49.6564 631223558.4122
-00.4736 35580.6070
-60.5195 151547960.5598
19.3444 1632793.4226
-00.2018 478995972.2263
40.0831 6109387202.4387
-06.4070 4769840.1156
30.9214 3717594271.8212
32.2737 6066215955.4932
27.7098 2263973517.1795
09.8442 51365360.8705
20.0030 916153.2379
-09.2294 179547800.2368
02.3242 9439182296.3588
03.3681 694740463.4957
00.3581 869592984.6735
25.7371 4522357441.6049
11.3066 8135838690.3172
06.6157 124857865.1729
-01.5335 1110969.2858
07.7184 2239507182.2069
00.0150 2077630718.9607
36.8490 2906116229.6618
-09.2500 254318.6247
02.4707 898356908.9222
-00.4920 1446573924.9297
14.2696 12960230.1029
02.6808 8588692012.5986
-12.1289 21282171.5644
-11.2585 30693700.0284
-26.5307 3958991306.6915
20.6169 5906033733.9206
-28.3357 3937405242.0448
-09.9032 54138593.0723
26.2898 3828658201.5796
-05.8460 384132944.2637
-36.7794 8957185761.3975
04.4279 9164240385.3243
-32.3255 5358610417.4989
-09.4657 175911051.3007
-40.6148 9174944613.0586
-05.0739 28290924.3694
33.3456 3403659024.3907
47.1648 1644161619.0304
01.9112 643769546.6387
-55.0881 1046880549.7230
-40.0062 8351277852.1144
-04.3088 23739577.3088
06.2538 6656925725.4754
-11.4443 15293550.9769
22.8836 7960908172.8056
09.2924 8021.3538
-01.3124 113639804.4798
19.4465 1386164878.4595
11.7620 908751136.1171
-23.1280 9089784790.8855
35.7565 5475944438.6037
-16.7839 9395684677.7262
41.8400 8355525984.9034
-12.8383 789310490.3848
-10.6405 45440459.0557
01.2892 797646050.4319
-01.9384 296940595.7888
07.2358 140817122.5842
-36.8077 4839353033.8298
19.4440 182651.5878
-15.1856 5979113270.6075
29.7379 3658001838.8915
-04.4480 1057973148.1152
06.7154 6546036145.4553
-03.2217 321854568.2694
16.5757 6254110697.1510
41.4527 9400329436.7989
-21.4684 4715978631.5923
07.4820 68704.1489
18.8051 27608.3747
-06.1647 642120387.6553
36.0029 807441022.5373
11.9767 96210100.0760
34.5233 9502157446.8801
23.9472 144982262.3704
-47.6636 1402496868.3713
-11.0978 27529369.0878
-03.1512 8013598290.6065
00.5463 759667532.0795
36.4445 25163657.0389
03.3275 753235921.4723
-16.4392 4973520330.4270
-00.7176 512036369.5349
33.3112 3386564965.9253
30.0550 2894406550.6773
41.1355 8331806133.6264
-03.3483 1410611986.0983
06.2494 268878.1385
08.8155 763465.4951
17.9527 5383332512.6182
-49.2977 827490083.2916
00.0280 968027827.1799
63.5786 643320047.5675
18.0091 19374566.1859
33.9759 995752084.7193
-03.5171 79485027.4532
65.3199 187800070.6637
-19.6741 499911.1115
37.5481 84371894.1320
-15.5825 14807.7927
13.5504 3265585841.7561
-35.8523 5842036455.9774
09.0877 104567056.8889
26.8730 793787867.6507
-55.0198 48860650.8165
12.7131 36952952.4209
07.2807 51942411.9574
09.6497 1893542033.9753
-25.4120 1476010913.8446
01.9418 738265741.7529
29.2419 2592413986.8316
16.3745 1062502959.7743
50.3227 64443995.6766
00.8121 2669110601.7923
23.8754 1755830599.3484
-41.5051 8697546758.3201
-02.3056 8457538703.9596
56.1333 1070838398.2867
41.0035 2523361376.4765
02.9585 175354624.7756
00.8128 1279084800.6800
-03.1560 885062597.8694
10.3681 9280386.4406
-08.9978 1923148.1580
08.9889 1885325.7609
08.9558 70343483.4810
-51.2114 1119020979.8326
05.1529 7301957664.1981
-00.0366 184418060.9543
-10.7541 6648242218.8236
10.9304 2709942577.1523
31.0874 4110771249.2351
20.2599 7928013.2127
-09.7900 71152661.0460
14.8594 14735302.5207
05.5250 350505118.0806
06.7211 2196404764.2697
04.0748 514684.7452
-03.5129 318216056.1449
-16.6648 5535392143.5894
-02.0301 588796504.7268
14.8390 2727810172.5157
08.2958 136730968.2692
-11.0210 20419381.9952
-06.8593 581374459.1656
-36.2966 7128973943.4059
-26.5518 6728192890.8417
-01.3644 179181092.7594
36.4603 2759287276.2584
-01.8317 5514742944.2810
48.9318 37059807.4278
-41.1624 379919071.2063
-01.9508 254321108.0202
49.1353 1513871549.3323
04.2907 7284122872.1889
-13.2859 584011019.3468
07.4790 233767215.3366
37.5018 8741372127.5097
36.5928 596716913.6761
08.4157 506916942.6921
-07.0379 1889165996.0779
-55.3436 640644052.2634
-04.6368 683655512.1150
13.1546 7392551402.5806
02.8761 2358421617.8614
-01.0447 155669.3547
-10.6423 62465429.0288
05.9078 10055116840.5052
25.7846 4272670687.9122
-02.2271 54540802.5353
-37.1680 2560707321.9297
-12.1993 23959421.8144
-20.3588 2637796301.4023
-27.6707 3527521231.3875
-03.7676 30275.6475
02.9480 8015650396.4395
-25.0151 4942614700.9136
-11.7779 102747575.7813
-28.5552 3723336611.0122
-13.4337 7304605647.4839
33.9267 54499953.1083
03.7771 409886612.5451
-30.5849 3238698611.7060
-39.7944 8152600701.9735
-02.6187 253865001.7121
28.5065 2350005304.0668
43.3451 2321873492.2267
28.0204 2338537532.3286
15.3435 36674476.3442
36.4873 4467720376.5291
13.3696 184533.3798
05.5253 379255528.1362
02.4800 46771062.4991
18.5791 6492414717.0095
29.5829 3777174098.1019
-00.1066 44320.1589
-22.4520 6751097146.7380
09.8822 297996441.1441
49.4348 1753175788.9041
31.1759 2713863367.8225
55.8539 133686389.4319
-30.6554 761477271.6425
35.3390 4840622136.8770
-02.9136 652558115.9459
02.2658 3079378702.0009
40.4407 2165598172.7017
19.4545 1554802.7734
22.6411 676831.7431
09.2936 4113.1932
04.9447 2716987.5997
-03.0304 308136459.0094
06.8516 1288098.4710
19.0013 2157205.2780
01.7097 1251171157.8753
06.5520 546511812.2988
-06.3089 600444484.9803
19.9561 33410479.0838
-15.1351 264573.0612
46.4478 1725526207.9986
04.0156 226533526.2591
04.6130 306281317.6301
55.7434 433972520.0354
00.4364 827016050.3721
25.4714 7633392542.7010
-17.3816 7616734095.3307
-38.8051 6123104766.9163
-11.0894 15138379.4224
-21.5381 4856970865.6750
-27.1175 3400845386.1123
-23.3078 1496217479.3269
-02.3828 638253508.1865
-01.6001 440095531.0818
06.2164 284145949.9928
-04.3648 525489910.2511
-07.2222 201366371.7644
-40.6458 6898570901.6381
03.2192 5967310.0183
06.7681 94.2921
-01.8269 1571444590.2056
-00.5283 374936667.1769
41.1645 1127901002.1422
51.1671 127386011.9860
-06.5865 259600704.3561
-00.4149 38487.1807
-01.5695 9173507974.7365
-09.5679 2953776556.3510
00.2570 1189265918.5993
13.4662 11279229.0415
43.6758 1485022327.1362
-36.1540 7200769310.1173
-06.2914 8234648.5784
02.3087 152584746.2448
11.3521 48539.8181
-00.3543 1056466225.9592
14.2143 2821670447.3706
-34.4655 3347836216.0717
-13.5878 8053822.1278
01.1071 2255048079.7362
-20.7260 2476092634.5303
-02.4210 4989616783.8383
10.4089 11890985.1252
-13.3860 82059744.9295
09.9089 16724573.7989
-08.1758 6737858973.7394
04.5332 1658132570.0940
02.7141 346650427.1024
-04.4785 5950664929.9669
04.4834 6207853695.8491
-32.5501 3664965040.4286
-11.1599 103690940.3938
09.6439 6981327733.9562
14.0669 14902058.3198
09.8490 7322229034.4493
31.2466 3449159582.0015
02.7070 659392698.5695
-11.3571 25814867.5325
18.6236 2467421.0265
-32.1762 7818486900.0754
08.7448 137753954.5501
-11.7733 95465507.0661
-29.5482 245204957.6536
-11.6510 190738616.6873
29.1531 5548731120.4083
07.3806 542661158.7168
11.0225 43451905.5554
-39.5718 498856340.6910
-18.4647 17999141.9535
-35.1693 2718843623.8399
-10.5035 31472895.6043
-30.5652 2359553670.8464
31.3544 3418629170.0470
-59.8571 379252396.8322
-35.0914 5698213565.4962
34.6472 6849160485.2747
-21.5436 1038.9890
-19.6932 1081.8437
-39.2077 7862485930.3320
09.3030 958633843.5045
06.9390 189555729.3096
04.3770 55891.8018
-06.4512 607996351.0857
-14.8137 5619692733.8843
-12.7845 48342083.0809
12.1145 84818631.2828
-01.7282 396537141.2761
58.6585 980741170.5409
02.6797 8292049275.1669
-43.7949 9309516.4801
00.3668 48880811.0857
24.8465 4510079021.6230
06.6273 9676767511.9376
40.1153 7896687946.9687
-03.0866 7610158115.6878
-01.3964 38930636.0133
32.7054 4740961191.3736
-05.1326 168307988.9183
-04.8653 332606768.5826
-22.4446 802509.1466
-17.6848 307827116.0868
25.7401 7292653975.7761
37.0149 4586048930.3509
12.1675 6023381074.3124
-04.2486 13746030.0215
-02.1648 559450230.4382
09.9034 88410272.5030
03.6428 1721179696.8581
-11.7718 85896315.5104
-04.2659 34908028.1087
-31.1754 4083614902.0838
08.5163 391185268.2607
-13.0959 2500158.0963
31.3105 3461960547.8869
-36.5669 5181133982.8190
-00.3284 2920.0813
01.8848 11395860.7687
21.5268 4787.1253
10.0269 333765.0873
00.2340 716487804.1162
-38.3065 2525869140.6030
-00.0350 4957819.0284
-30.5993 4448848371.5509
00.6745 7075894047.5060
50.3964 1540868474.2580
23.6597 5061006670.4335
09.4017 142880316.9876
-11.4353 10146.8928
22.3178 9943267360.8628
-04.8546 369399194.2646
36.8666 6197619515.9861
-43.8813 1802389634.0253
24.6656 4719680302.2617
-33.1169 2197338458.9890
00.3327 32167.2826
-26.9514 6076612304.0340
-10.3075 305026882.0280
-18.8595 8895128.2627
-40.2045 2303987495.9376
-32.1522 5429366775.7929
-16.8018 5147647574.1704
-05.4583 1250286.9612
01.2338 173423470.5027
21.5825 67816464.1736
06.4180 4553734063.6614
00.9898 299189609.8102
-10.8978 17878312.5943
03.6863 1850799476.5996
31.3989 2383585732.6744
-13.2087 20226768.6581
20.6281 2663402096.5983
-18.4106 3325152452.7003
-01.0500 1036525977.8598
-15.5696 9989386.1097
-47.8524 1676585497.9605
55.7123 1134299769.4057
04.6616 131151082.4574
-01.1700 1313227482.1997
-28.4439 2094884.4159
-28.7095 8402778946.3283
-17.0115 1021140781.6271
53.1470 1156774317.1269
03.9775 1574218294.5321
-09.6430 100745423.6956
00.3140 253250420.6095
15.3984 7177818.4153
-06.8618 6654612.3707
04.2873 106773454.2896
-33.4688 2294883702.1651
-06.9692 3757249.3220
-46.9168 1315865454.8489
05.6718 415281845.7065
09.0718 277341317.1896
10.1675 13655800.0286
06.0338 2094580982.3148
-47.5755 1305914137.1947
-18.9165 21472206.8636
11.6609 65870330.1819
07.8351 3733842404.9906
-28.1358 3680350815.3396
40.2654 1945213196.1432
-13.1733 51317350.0790
-10.5486 6830096.9855
19.2996 3914456981.6375
29.3677 2668181892.4634
07.7927 8798019372.2690
-04.1133 9384802609.0141
-36.6654 4040415533.0157
40.8089 2320789739.4499
35.5404 2068957776.1699
14.2192 13163743.1903
-00.9984 1112053567.3644
-05.3359 146716751.1447
-00.8064 1431693040.9646
-00.1797 149709523.5046
02.5314 9571830213.7000
-01.6413 462760702.8954
-36.5906 7432684082.9992
44.1825 103602743.7858
-01.4879 3838253.5798
-12.1499 20889635.7313
59.3723 774283036.8294
13.0155 8699894.6431
-23.2313 7643552.9385
-02.8367 474081.8071
25.8792 5046311243.2196
-12.9552 1282765080.9584
-24.0425 26769988.2312
-16.7854 1181418082.0784
21.4585 5329838303.8089
61.7985 811686443.4603
-12.1375 49281237.2621
13.0582 402369.6612
15.2922 7348897863.1532
04.9191 115594806.7343
-06.2824 140923095.8608
17.0914 3478497.6491
20.2982 6052362.1455
11.1530 7003151672.6486
11.7163 140506998.0992
13.8459 11378.4199
06.3385 1687484.6178
19.4796 5624180364.4325
30.5176 1013257738.4622
13.8556 7337810086.9467
-51.5668 788488018.9970
14.2716 9400341850.6863
19.1271 16082.6979
-00.0182 1082403261.9187
11.7048 4966862278.9054
-30.1521 253599366.0119
-38.2524 2422141157.4361
08.6485 20774501.5320
-18.1625 237640459.4675
16.5902 4285830.8067
-13.9272 953772.8171
-00.2591 104913150.0637
-00.4433 1076310738.8170
15.3922 1107.7146
-11.4700 6750710.5667
05.7366 371656744.1882
-06.5679 231359338.4278
02.9062 5802743.5857
02.3064 517268814.7210
-06.6281 265542162.5259
-36.2194 8075293.0217
-26.5639 884522930.3338
-34.8111 3490872314.9172
27.5169 1423338540.3081
49.4864 1022111749.3931
-01.2875 459987960.3199
-03.0076 252110688.0532
01.4123 450954011.8100
08.2468 5871488.4629
13.7188 2883144982.1903
-27.2713 4097969643.5399
32.7412 1339981774.0966
26.3161 4412080417.2689
-07.5975 110289815.3662
-12.7815 1134057757.3467
-18.4858 2901555071.7303
31.0801 3768928159.5211
01.2847 2103760.1654
-05.4866 534818590.1189
00.7970 14144.8961
-41.8102 7958686518.2810
26.2342 632187917.9112
-33.3090 1150600.5962
18.3387 1508565.7298
-63.9008 139210037.3921
01.2184 2452.8651
32.7955 6244898800.9474
09.7532 884517467.7024
31.6539 2610266243.7631
01.2972 14329875.7097
-13.0635 11877028.8284
30.2177 5486714459.1573
28.0246 4043857260.7766
47.4753 42526145.1253
-00.8627 1237887.5301
-03.5956 242289108.2275
-00.2880 9466021652.3567
-10.4541 74309664.5123
27.7034 4210740781.8359
31.8594 4834671162.3410
10.8312 40.4946
12.4741 8904912.2841
18.8407 15474512.5279
-03.7790 328815496.7177
-07.5907 105909.2960
21.1922 644.0739
-08.4093 242605188.2712
-15.0476 6833018796.2389
03.3701 35633.8739
38.7504 8096508051.7256
18.5759 5516658925.9276
00.8869 195426358.2126
-08.5353 102158479.8185
-10.4018 2055.7019
-01.6422 477256801.6877
29.7482 6727989884.2555
35.9345 6433344830.7441
24.8526 1977576652.1210
-08.5158 228689078.3163
00.7842 778612038.4507
27.1859 847272048.3881
19.3313 178052.9459
14.0804 15993331.6489
34.2587 3310428151.6345
-37.0097 5963074057.6448
21.3675 29781757.3616
-24.7165 1595329218.5490
-51.2378 40826362.6912
-12.1504 19382.9268
12.8035 16424788.7021
57.3961 406943033.1465
14.7474 253523865.5923
07.3541 1260.1295
-16.2397 1015489870.7477
-11.2036 1175023.9951
34.5145 4575525190.6436
-16.6881 12769541.5118
-11.0736 84236368.0124
-51.1987 576428314.3865
31.0862 3398131320.7340
20.4418 6614261303.0989
-19.0851 921043.3693
31.7590 3562130262.3125
-06.4482 15459107.5270
00.9023 161289597.8099
11.5013 5989362436.6776
-49.8640 1383454634.9339
18.2173 3033776602.9199
-39.6181 750542301.5219
-34.0708 1756839240.7942
-29.6371 2546125069.4387
-41.1138 8531454290.0264
-19.3501 17885740.7008
-31.3554 3160462525.2658
00.6507 678327660.4298
-10.4865 16176892.0472
37.9656 6354186968.0495
00.9062 33.0212
21.5877 399249.8429
-06.4510 1757313984.6596
-26.6575 6166599033.3780
-06.9632 2617137346.4052
-08.4076 379792991.9525
-57.1303 960084947.5602
-14.6807 2416835.0699
01.1077 8076061491.5524
-28.3185 245269714.6153
-31.2899 3325265300.9600
03.3421 4441.9665
50.6940 324895914.2261
10.5612 10442440.4174
27.0945 917453178.0143
-07.0349 523322.5041
28.2514 5027339017.9833
-01.4724 9407176687.8972
