Raw 2D
0.428
0.423
0.426
0.4255
0.4505
0.4125
0.4335
0.442
0.4435
0.434
0.427
0.415
0.418
0.417
0.42
0.4215
0.423
0.446
0.4385
0.425
0.431
0.423
0.41
0.4195
0.434
0.4155
0.427
0.4215
0.407
0.422
Raw 10D
0.4811
0.4225
0.4233
0.4881
0.4264
0.3676
0.3636
0.4507
0.4756
0.4288
0.3952
0.4049
0.3692
0.4758
0.4885
0.5409
0.3935
0.4252
0.4001
0.4035
0.5152
0.4162
0.5067
0.4526
0.4649
0.5184
0.4379
0.4395
0.4409
0.5002
Raw 30D
0.17916666666666667
0.31233333333333335
0.2394
0.2633333333333333
0.21326666666666666
0.2155
0.2702333333333333
0.24043333333333333
0.18333333333333332
0.2678
0.2692
0.3027666666666667
0.17353333333333334
0.25106666666666666
0.20666666666666667
0.24383333333333335
0.1967
0.22386666666666666
0.2452
0.2111
0.29283333333333333
0.2215
0.2907
0.24446666666666667
0.2649666666666667
0.18986666666666666
0.2552333333333333
0.23113333333333333
0.37766666666666665
0.2805666666666667
