Fitness - Violation - Position
[-51.69839450805973, -53.751770226228714, 56.39757657745807, -35.99780987553554, 81.34955514540057, 69.60137454932101, -24.87275541426167, 78.83966043412883, 82.2942713475408, -87.77799511390023] - -316.1594172100341 - 1.823713870273192E10
[-90.65268809242313, 86.95743958975615, -99.30054595694047, 54.35303641204786, -37.289377502495945, 70.89499674002798, 60.50556291178091, -98.59846034448707, 28.540335190808975, -82.36982594233673] - -344.3722992873474 - 3.632547181426033E10
[-90.65268809242313, 86.95743958975615, -99.30054595694047, 54.35303641204786, -37.289377502495945, 70.89499674002798, 60.50556291178091, -98.59846034448707, 28.540335190808975, -82.36982594233673] - -344.3722992873474 - 3.632547181426033E10
[-90.65268809242313, 86.95743958975615, -99.30054595694047, 54.35303641204786, -37.289377502495945, 70.89499674002798, 60.50556291178091, -98.59846034448707, 28.540335190808975, -82.36982594233673] - -344.3722992873474 - 3.632547181426033E10
[-90.65268809242313, 86.95743958975615, -99.30054595694047, 54.35303641204786, -37.289377502495945, 70.89499674002798, 60.50556291178091, -98.59846034448707, 28.540335190808975, -82.36982594233673] - -344.3722992873474 - 3.632547181426033E10
[-90.65268809242313, 86.95743958975615, -99.30054595694047, 54.35303641204786, -37.289377502495945, 70.89499674002798, 60.50556291178091, -98.59846034448707, 28.540335190808975, -82.36982594233673] - -344.3722992873474 - 3.632547181426033E10
[-90.65268809242313, 86.95743958975615, -99.30054595694047, 54.35303641204786, -37.289377502495945, 70.89499674002798, 60.50556291178091, -98.59846034448707, 28.540335190808975, -82.36982594233673] - -344.3722992873474 - 3.632547181426033E10
[-90.65268809242313, 86.95743958975615, -99.30054595694047, 54.35303641204786, -37.289377502495945, 70.89499674002798, 60.50556291178091, -98.59846034448707, 28.540335190808975, -82.36982594233673] - -344.3722992873474 - 3.632547181426033E10
[-90.65268809242313, 86.95743958975615, -99.30054595694047, 54.35303641204786, -37.289377502495945, 70.89499674002798, 60.50556291178091, -98.59846034448707, 28.540335190808975, -82.36982594233673] - -344.3722992873474 - 3.632547181426033E10
[-90.65268809242313, 86.95743958975615, -99.30054595694047, 54.35303641204786, -37.289377502495945, 70.89499674002798, 60.50556291178091, -98.59846034448707, 28.540335190808975, -82.36982594233673] - -344.3722992873474 - 3.632547181426033E10
[85.9154637209801, 32.72045304813355, 8.042662802518883, 99.96950580794984, 83.267724130722, -0.25316055519304825, 13.99985191283821, -95.08722782580824, -38.25492207232303, 33.87145632350984] - -370.68371475787137 - 2.8733111964903076E10
[85.9154637209801, 32.72045304813355, 8.042662802518883, 99.96950580794984, 83.267724130722, -0.25316055519304825, 13.99985191283821, -95.08722782580824, -38.25492207232303, 33.87145632350984] - -370.68371475787137 - 2.8733111964903076E10
[85.9154637209801, 32.72045304813355, 8.042662802518883, 99.96950580794984, 83.267724130722, -0.25316055519304825, 13.99985191283821, -95.08722782580824, -38.25492207232303, 33.87145632350984] - -370.68371475787137 - 2.8733111964903076E10
[85.9154637209801, 32.72045304813355, 8.042662802518883, 99.96950580794984, 83.267724130722, -0.25316055519304825, 13.99985191283821, -95.08722782580824, -38.25492207232303, 33.87145632350984] - -370.68371475787137 - 2.8733111964903076E10
[85.9154637209801, 32.72045304813355, 8.042662802518883, 99.96950580794984, 83.267724130722, -0.25316055519304825, 13.99985191283821, -95.08722782580824, -38.25492207232303, 33.87145632350984] - -370.68371475787137 - 2.8733111964903076E10
[85.9154637209801, 32.72045304813355, 8.042662802518883, 99.96950580794984, 83.267724130722, -0.25316055519304825, 13.99985191283821, -95.08722782580824, -38.25492207232303, 33.87145632350984] - -370.68371475787137 - 2.8733111964903076E10
[85.9154637209801, 32.72045304813355, 8.042662802518883, 99.96950580794984, 83.267724130722, -0.25316055519304825, 13.99985191283821, -95.08722782580824, -38.25492207232303, 33.87145632350984] - -370.68371475787137 - 2.8733111964903076E10
[85.9154637209801, 32.72045304813355, 8.042662802518883, 99.96950580794984, 83.267724130722, -0.25316055519304825, 13.99985191283821, -95.08722782580824, -38.25492207232303, 33.87145632350984] - -370.68371475787137 - 2.8733111964903076E10
[65.745208587602, -16.406842815004552, -60.41096860796122, 52.25257810684539, 86.93350677492661, 47.67770391911907, -5.937736668961577, 89.9621820454015, 83.94072482804796, -17.405920422095406] - -400.5803083440881 - 2.2025193787024193E10
[65.745208587602, -16.406842815004552, -60.41096860796122, 52.25257810684539, 86.93350677492661, 47.67770391911907, -5.937736668961577, 89.9621820454015, 83.94072482804796, -17.405920422095406] - -400.5803083440881 - 2.2025193787024193E10
[65.745208587602, -16.406842815004552, -60.41096860796122, 52.25257810684539, 86.93350677492661, 47.67770391911907, -5.937736668961577, 89.9621820454015, 83.94072482804796, -17.405920422095406] - -400.5803083440881 - 2.2025193787024193E10
[65.745208587602, -16.406842815004552, -60.41096860796122, 52.25257810684539, 86.93350677492661, 47.67770391911907, -5.937736668961577, 89.9621820454015, 83.94072482804796, -17.405920422095406] - -400.5803083440881 - 2.2025193787024193E10
[65.745208587602, -16.406842815004552, -60.41096860796122, 52.25257810684539, 86.93350677492661, 47.67770391911907, -5.937736668961577, 89.9621820454015, 83.94072482804796, -17.405920422095406] - -400.5803083440881 - 2.2025193787024193E10
[65.745208587602, -16.406842815004552, -60.41096860796122, 52.25257810684539, 86.93350677492661, 47.67770391911907, -5.937736668961577, 89.9621820454015, 83.94072482804796, -17.405920422095406] - -400.5803083440881 - 2.2025193787024193E10
[65.745208587602, -16.406842815004552, -60.41096860796122, 52.25257810684539, 86.93350677492661, 47.67770391911907, -5.937736668961577, 89.9621820454015, 83.94072482804796, -17.405920422095406] - -400.5803083440881 - 2.2025193787024193E10
[65.745208587602, -16.406842815004552, -60.41096860796122, 52.25257810684539, 86.93350677492661, 47.67770391911907, -5.937736668961577, 89.9621820454015, 83.94072482804796, -17.405920422095406] - -400.5803083440881 - 2.2025193787024193E10
[65.745208587602, -16.406842815004552, -60.41096860796122, 52.25257810684539, 86.93350677492661, 47.67770391911907, -5.937736668961577, 89.9621820454015, 83.94072482804796, -17.405920422095406] - -400.5803083440881 - 2.2025193787024193E10
[65.745208587602, -16.406842815004552, -60.41096860796122, 52.25257810684539, 86.93350677492661, 47.67770391911907, -5.937736668961577, 89.9621820454015, 83.94072482804796, -17.405920422095406] - -400.5803083440881 - 2.2025193787024193E10
[65.745208587602, -16.406842815004552, -60.41096860796122, 52.25257810684539, 86.93350677492661, 47.67770391911907, -5.937736668961577, 89.9621820454015, 83.94072482804796, -17.405920422095406] - -400.5803083440881 - 2.2025193787024193E10
[65.745208587602, -16.406842815004552, -60.41096860796122, 52.25257810684539, 86.93350677492661, 47.67770391911907, -5.937736668961577, 89.9621820454015, 83.94072482804796, -17.405920422095406] - -400.5803083440881 - 2.2025193787024193E10
[65.745208587602, -16.406842815004552, -60.41096860796122, 52.25257810684539, 86.93350677492661, 47.67770391911907, -5.937736668961577, 89.9621820454015, 83.94072482804796, -17.405920422095406] - -400.5803083440881 - 2.2025193787024193E10
[65.745208587602, -16.406842815004552, -60.41096860796122, 52.25257810684539, 86.93350677492661, 47.67770391911907, -5.937736668961577, 89.9621820454015, 83.94072482804796, -17.405920422095406] - -400.5803083440881 - 2.2025193787024193E10
[65.745208587602, -16.406842815004552, -60.41096860796122, 52.25257810684539, 86.93350677492661, 47.67770391911907, -5.937736668961577, 89.9621820454015, 83.94072482804796, -17.405920422095406] - -400.5803083440881 - 2.2025193787024193E10
[65.745208587602, -16.406842815004552, -60.41096860796122, 52.25257810684539, 86.93350677492661, 47.67770391911907, -5.937736668961577, 89.9621820454015, 83.94072482804796, -17.405920422095406] - -400.5803083440881 - 2.2025193787024193E10
[65.745208587602, -16.406842815004552, -60.41096860796122, 52.25257810684539, 86.93350677492661, 47.67770391911907, -5.937736668961577, 89.9621820454015, 83.94072482804796, -17.405920422095406] - -400.5803083440881 - 2.2025193787024193E10
[65.745208587602, -16.406842815004552, -60.41096860796122, 52.25257810684539, 86.93350677492661, 47.67770391911907, -5.937736668961577, 89.9621820454015, 83.94072482804796, -17.405920422095406] - -400.5803083440881 - 2.2025193787024193E10
[65.745208587602, -16.406842815004552, -60.41096860796122, 52.25257810684539, 86.93350677492661, 47.67770391911907, -5.937736668961577, 89.9621820454015, 83.94072482804796, -17.405920422095406] - -400.5803083440881 - 2.2025193787024193E10
[65.745208587602, -16.406842815004552, -60.41096860796122, 52.25257810684539, 86.93350677492661, 47.67770391911907, -5.937736668961577, 89.9621820454015, 83.94072482804796, -17.405920422095406] - -400.5803083440881 - 2.2025193787024193E10
[65.745208587602, -16.406842815004552, -60.41096860796122, 52.25257810684539, 86.93350677492661, 47.67770391911907, -5.937736668961577, 89.9621820454015, 83.94072482804796, -17.405920422095406] - -400.5803083440881 - 2.2025193787024193E10
[65.745208587602, -16.406842815004552, -60.41096860796122, 52.25257810684539, 86.93350677492661, 47.67770391911907, -5.937736668961577, 89.9621820454015, 83.94072482804796, -17.405920422095406] - -400.5803083440881 - 2.2025193787024193E10
[65.745208587602, -16.406842815004552, -60.41096860796122, 52.25257810684539, 86.93350677492661, 47.67770391911907, -5.937736668961577, 89.9621820454015, 83.94072482804796, -17.405920422095406] - -400.5803083440881 - 2.2025193787024193E10
[65.745208587602, -16.406842815004552, -60.41096860796122, 52.25257810684539, 86.93350677492661, 47.67770391911907, -5.937736668961577, 89.9621820454015, 83.94072482804796, -17.405920422095406] - -400.5803083440881 - 2.2025193787024193E10
[65.745208587602, -16.406842815004552, -60.41096860796122, 52.25257810684539, 86.93350677492661, 47.67770391911907, -5.937736668961577, 89.9621820454015, 83.94072482804796, -17.405920422095406] - -400.5803083440881 - 2.2025193787024193E10
[89.09094338617206, -61.22169642001214, -40.01630311144908, -93.821904950658, 73.41036504772273, 98.38387317777605, -70.23392250502039, 94.18599703182906, -77.5713346350335, -67.17762667572777] - -509.6072993715893 - 4.210273915565769E10
[89.09094338617206, -61.22169642001214, -40.01630311144908, -93.821904950658, 73.41036504772273, 98.38387317777605, -70.23392250502039, 94.18599703182906, -77.5713346350335, -67.17762667572777] - -509.6072993715893 - 4.210273915565769E10
[89.09094338617206, -61.22169642001214, -40.01630311144908, -93.821904950658, 73.41036504772273, 98.38387317777605, -70.23392250502039, 94.18599703182906, -77.5713346350335, -67.17762667572777] - -509.6072993715893 - 4.210273915565769E10
[89.09094338617206, -61.22169642001214, -40.01630311144908, -93.821904950658, 73.41036504772273, 98.38387317777605, -70.23392250502039, 94.18599703182906, -77.5713346350335, -67.17762667572777] - -509.6072993715893 - 4.210273915565769E10
[89.09094338617206, -61.22169642001214, -40.01630311144908, -93.821904950658, 73.41036504772273, 98.38387317777605, -70.23392250502039, 94.18599703182906, -77.5713346350335, -67.17762667572777] - -509.6072993715893 - 4.210273915565769E10
[89.09094338617206, -61.22169642001214, -40.01630311144908, -93.821904950658, 73.41036504772273, 98.38387317777605, -70.23392250502039, 94.18599703182906, -77.5713346350335, -67.17762667572777] - -509.6072993715893 - 4.210273915565769E10
[89.09094338617206, -61.22169642001214, -40.01630311144908, -93.821904950658, 73.41036504772273, 98.38387317777605, -70.23392250502039, 94.18599703182906, -77.5713346350335, -67.17762667572777] - -509.6072993715893 - 4.210273915565769E10
[89.09094338617206, -61.22169642001214, -40.01630311144908, -93.821904950658, 73.41036504772273, 98.38387317777605, -70.23392250502039, 94.18599703182906, -77.5713346350335, -67.17762667572777] - -509.6072993715893 - 4.210273915565769E10
[89.09094338617206, -61.22169642001214, -40.01630311144908, -93.821904950658, 73.41036504772273, 98.38387317777605, -70.23392250502039, 94.18599703182906, -77.5713346350335, -67.17762667572777] - -509.6072993715893 - 4.210273915565769E10
[89.09094338617206, -61.22169642001214, -40.01630311144908, -93.821904950658, 73.41036504772273, 98.38387317777605, -70.23392250502039, 94.18599703182906, -77.5713346350335, -67.17762667572777] - -509.6072993715893 - 4.210273915565769E10
[89.09094338617206, -61.22169642001214, -40.01630311144908, -93.821904950658, 73.41036504772273, 98.38387317777605, -70.23392250502039, 94.18599703182906, -77.5713346350335, -67.17762667572777] - -509.6072993715893 - 4.210273915565769E10
[89.09094338617206, -61.22169642001214, -40.01630311144908, -93.821904950658, 73.41036504772273, 98.38387317777605, -70.23392250502039, 94.18599703182906, -77.5713346350335, -67.17762667572777] - -509.6072993715893 - 4.210273915565769E10
[89.09094338617206, -61.22169642001214, -40.01630311144908, -93.821904950658, 73.41036504772273, 98.38387317777605, -70.23392250502039, 94.18599703182906, -77.5713346350335, -67.17762667572777] - -509.6072993715893 - 4.210273915565769E10
[89.09094338617206, -61.22169642001214, -40.01630311144908, -93.821904950658, 73.41036504772273, 98.38387317777605, -70.23392250502039, 94.18599703182906, -77.5713346350335, -67.17762667572777] - -509.6072993715893 - 4.210273915565769E10
[89.09094338617206, -61.22169642001214, -40.01630311144908, -93.821904950658, 73.41036504772273, 98.38387317777605, -70.23392250502039, 94.18599703182906, -77.5713346350335, -67.17762667572777] - -509.6072993715893 - 4.210273915565769E10
[89.09094338617206, -61.22169642001214, -40.01630311144908, -93.821904950658, 73.41036504772273, 98.38387317777605, -70.23392250502039, 94.18599703182906, -77.5713346350335, -67.17762667572777] - -509.6072993715893 - 4.210273915565769E10
[89.09094338617206, -61.22169642001214, -40.01630311144908, -93.821904950658, 73.41036504772273, 98.38387317777605, -70.23392250502039, 94.18599703182906, -77.5713346350335, -67.17762667572777] - -509.6072993715893 - 4.210273915565769E10
[89.09094338617206, -61.22169642001214, -40.01630311144908, -93.821904950658, 73.41036504772273, 98.38387317777605, -70.23392250502039, 94.18599703182906, -77.5713346350335, -67.17762667572777] - -509.6072993715893 - 4.210273915565769E10
[89.09094338617206, -61.22169642001214, -40.01630311144908, -93.821904950658, 73.41036504772273, 98.38387317777605, -70.23392250502039, 94.18599703182906, -77.5713346350335, -67.17762667572777] - -509.6072993715893 - 4.210273915565769E10
[89.09094338617206, -61.22169642001214, -40.01630311144908, -93.821904950658, 73.41036504772273, 98.38387317777605, -70.23392250502039, 94.18599703182906, -77.5713346350335, -67.17762667572777] - -509.6072993715893 - 4.210273915565769E10
[89.09094338617206, -61.22169642001214, -40.01630311144908, -93.821904950658, 73.41036504772273, 98.38387317777605, -70.23392250502039, 94.18599703182906, -77.5713346350335, -67.17762667572777] - -509.6072993715893 - 4.210273915565769E10
[89.09094338617206, -61.22169642001214, -40.01630311144908, -93.821904950658, 73.41036504772273, 98.38387317777605, -70.23392250502039, 94.18599703182906, -77.5713346350335, -67.17762667572777] - -509.6072993715893 - 4.210273915565769E10
[89.09094338617206, -61.22169642001214, -40.01630311144908, -93.821904950658, 73.41036504772273, 98.38387317777605, -70.23392250502039, 94.18599703182906, -77.5713346350335, -67.17762667572777] - -509.6072993715893 - 4.210273915565769E10
[89.09094338617206, -61.22169642001214, -40.01630311144908, -93.821904950658, 73.41036504772273, 98.38387317777605, -70.23392250502039, 94.18599703182906, -77.5713346350335, -67.17762667572777] - -509.6072993715893 - 4.210273915565769E10
[89.09094338617206, -61.22169642001214, -40.01630311144908, -93.821904950658, 73.41036504772273, 98.38387317777605, -70.23392250502039, 94.18599703182906, -77.5713346350335, -67.17762667572777] - -509.6072993715893 - 4.210273915565769E10
[89.09094338617206, -61.22169642001214, -40.01630311144908, -93.821904950658, 73.41036504772273, 98.38387317777605, -70.23392250502039, 94.18599703182906, -77.5713346350335, -67.17762667572777] - -509.6072993715893 - 4.210273915565769E10
[89.09094338617206, -61.22169642001214, -40.01630311144908, -93.821904950658, 73.41036504772273, 98.38387317777605, -70.23392250502039, 94.18599703182906, -77.5713346350335, -67.17762667572777] - -509.6072993715893 - 4.210273915565769E10
[89.09094338617206, -61.22169642001214, -40.01630311144908, -93.821904950658, 73.41036504772273, 98.38387317777605, -70.23392250502039, 94.18599703182906, -77.5713346350335, -67.17762667572777] - -509.6072993715893 - 4.210273915565769E10
[89.09094338617206, -61.22169642001214, -40.01630311144908, -93.821904950658, 73.41036504772273, 98.38387317777605, -70.23392250502039, 94.18599703182906, -77.5713346350335, -67.17762667572777] - -509.6072993715893 - 4.210273915565769E10
[89.09094338617206, -61.22169642001214, -40.01630311144908, -93.821904950658, 73.41036504772273, 98.38387317777605, -70.23392250502039, 94.18599703182906, -77.5713346350335, -67.17762667572777] - -509.6072993715893 - 4.210273915565769E10
[89.09094338617206, -61.22169642001214, -40.01630311144908, -93.821904950658, 73.41036504772273, 98.38387317777605, -70.23392250502039, 94.18599703182906, -77.5713346350335, -67.17762667572777] - -509.6072993715893 - 4.210273915565769E10
[89.09094338617206, -61.22169642001214, -40.01630311144908, -93.821904950658, 73.41036504772273, 98.38387317777605, -70.23392250502039, 94.18599703182906, -77.5713346350335, -67.17762667572777] - -509.6072993715893 - 4.210273915565769E10
[89.09094338617206, -61.22169642001214, -40.01630311144908, -93.821904950658, 73.41036504772273, 98.38387317777605, -70.23392250502039, 94.18599703182906, -77.5713346350335, -67.17762667572777] - -509.6072993715893 - 4.210273915565769E10
[89.09094338617206, -61.22169642001214, -40.01630311144908, -93.821904950658, 73.41036504772273, 98.38387317777605, -70.23392250502039, 94.18599703182906, -77.5713346350335, -67.17762667572777] - -509.6072993715893 - 4.210273915565769E10
[89.09094338617206, -61.22169642001214, -40.01630311144908, -93.821904950658, 73.41036504772273, 98.38387317777605, -70.23392250502039, 94.18599703182906, -77.5713346350335, -67.17762667572777] - -509.6072993715893 - 4.210273915565769E10
[89.09094338617206, -61.22169642001214, -40.01630311144908, -93.821904950658, 73.41036504772273, 98.38387317777605, -70.23392250502039, 94.18599703182906, -77.5713346350335, -67.17762667572777] - -509.6072993715893 - 4.210273915565769E10
[89.09094338617206, -61.22169642001214, -40.01630311144908, -93.821904950658, 73.41036504772273, 98.38387317777605, -70.23392250502039, 94.18599703182906, -77.5713346350335, -67.17762667572777] - -509.6072993715893 - 4.210273915565769E10
[89.09094338617206, -61.22169642001214, -40.01630311144908, -93.821904950658, 73.41036504772273, 98.38387317777605, -70.23392250502039, 94.18599703182906, -77.5713346350335, -67.17762667572777] - -509.6072993715893 - 4.210273915565769E10
[89.09094338617206, -61.22169642001214, -40.01630311144908, -93.821904950658, 73.41036504772273, 98.38387317777605, -70.23392250502039, 94.18599703182906, -77.5713346350335, -67.17762667572777] - -509.6072993715893 - 4.210273915565769E10
[89.09094338617206, -61.22169642001214, -40.01630311144908, -93.821904950658, 73.41036504772273, 98.38387317777605, -70.23392250502039, 94.18599703182906, -77.5713346350335, -67.17762667572777] - -509.6072993715893 - 4.210273915565769E10
[89.09094338617206, -61.22169642001214, -40.01630311144908, -93.821904950658, 73.41036504772273, 98.38387317777605, -70.23392250502039, 94.18599703182906, -77.5713346350335, -67.17762667572777] - -509.6072993715893 - 4.210273915565769E10
[89.09094338617206, -61.22169642001214, -40.01630311144908, -93.821904950658, 73.41036504772273, 98.38387317777605, -70.23392250502039, 94.18599703182906, -77.5713346350335, -67.17762667572777] - -509.6072993715893 - 4.210273915565769E10
[89.09094338617206, -61.22169642001214, -40.01630311144908, -93.821904950658, 73.41036504772273, 98.38387317777605, -70.23392250502039, 94.18599703182906, -77.5713346350335, -67.17762667572777] - -509.6072993715893 - 4.210273915565769E10
[89.09094338617206, -61.22169642001214, -40.01630311144908, -93.821904950658, 73.41036504772273, 98.38387317777605, -70.23392250502039, 94.18599703182906, -77.5713346350335, -67.17762667572777] - -509.6072993715893 - 4.210273915565769E10
[89.09094338617206, -61.22169642001214, -40.01630311144908, -93.821904950658, 73.41036504772273, 98.38387317777605, -70.23392250502039, 94.18599703182906, -77.5713346350335, -67.17762667572777] - -509.6072993715893 - 4.210273915565769E10
[89.09094338617206, -61.22169642001214, -40.01630311144908, -93.821904950658, 73.41036504772273, 98.38387317777605, -70.23392250502039, 94.18599703182906, -77.5713346350335, -67.17762667572777] - -509.6072993715893 - 4.210273915565769E10
[89.09094338617206, -61.22169642001214, -40.01630311144908, -93.821904950658, 73.41036504772273, 98.38387317777605, -70.23392250502039, 94.18599703182906, -77.5713346350335, -67.17762667572777] - -509.6072993715893 - 4.210273915565769E10
[89.09094338617206, -61.22169642001214, -40.01630311144908, -93.821904950658, 73.41036504772273, 98.38387317777605, -70.23392250502039, 94.18599703182906, -77.5713346350335, -67.17762667572777] - -509.6072993715893 - 4.210273915565769E10
[89.09094338617206, -61.22169642001214, -40.01630311144908, -93.821904950658, 73.41036504772273, 98.38387317777605, -70.23392250502039, 94.18599703182906, -77.5713346350335, -67.17762667572777] - -509.6072993715893 - 4.210273915565769E10
[89.09094338617206, -61.22169642001214, -40.01630311144908, -93.821904950658, 73.41036504772273, 98.38387317777605, -70.23392250502039, 94.18599703182906, -77.5713346350335, -67.17762667572777] - -509.6072993715893 - 4.210273915565769E10
[89.09094338617206, -61.22169642001214, -40.01630311144908, -93.821904950658, 73.41036504772273, 98.38387317777605, -70.23392250502039, 94.18599703182906, -77.5713346350335, -67.17762667572777] - -509.6072993715893 - 4.210273915565769E10
[89.09094338617206, -61.22169642001214, -40.01630311144908, -93.821904950658, 73.41036504772273, 98.38387317777605, -70.23392250502039, 94.18599703182906, -77.5713346350335, -67.17762667572777] - -509.6072993715893 - 4.210273915565769E10
[89.09094338617206, -61.22169642001214, -40.01630311144908, -93.821904950658, 73.41036504772273, 98.38387317777605, -70.23392250502039, 94.18599703182906, -77.5713346350335, -67.17762667572777] - -509.6072993715893 - 4.210273915565769E10
[89.09094338617206, -61.22169642001214, -40.01630311144908, -93.821904950658, 73.41036504772273, 98.38387317777605, -70.23392250502039, 94.18599703182906, -77.5713346350335, -67.17762667572777] - -509.6072993715893 - 4.210273915565769E10
[89.09094338617206, -61.22169642001214, -40.01630311144908, -93.821904950658, 73.41036504772273, 98.38387317777605, -70.23392250502039, 94.18599703182906, -77.5713346350335, -67.17762667572777] - -509.6072993715893 - 4.210273915565769E10
[89.09094338617206, -61.22169642001214, -40.01630311144908, -93.821904950658, 73.41036504772273, 98.38387317777605, -70.23392250502039, 94.18599703182906, -77.5713346350335, -67.17762667572777] - -509.6072993715893 - 4.210273915565769E10
