Raw 15D
-59.97967388675774
-59.97975809450513
-59.98305827786691
-59.98527887519074
-59.97719449122132
-59.97180159351258
-59.9852610105503
-59.97963619857483
-59.98766668219814
-59.985518468418604
-59.98535511775683
-59.98559183295763
-59.980147694850295
-59.977412220763036
-59.985167411439065
-59.9819275281694
-59.97794474923144
-59.98192505423258
-59.98939957035848
-59.98060102231775
-59.986343218059744
-59.983364114277094
-59.979289615565946
-59.98000448464503
-59.97592550032417
-59.98556438795748
-59.978936768983715
-59.98458081412059
-59.97609900012542
-59.984482350468575
