Raw 2D
0.5280280280280281
0.5235235235235236
0.5125125125125125
0.5185185185185185
0.522022022022022
0.532032032032032
0.521021021021021
0.5195195195195195
0.5315315315315314
0.512012012012012
0.519019019019019
0.5375375375375375
0.5175175175175175
0.5
0.52002002002002
0.527027027027027
0.5230230230230231
0.5225225225225225
0.5180180180180181
0.544044044044044
0.526026026026026
0.5285285285285285
0.5305305305305306
0.5175175175175175
0.5155155155155156
0.52002002002002
0.5375375375375375
0.519019019019019
0.4984984984984985
0.5010010010010011
Raw 10D
0.47277277277277274
0.46976976976976975
0.46656656656656653
0.46486486486486484
0.4705705705705706
0.4625625625625626
0.46166166166166167
0.46676676676676676
0.467067067067067
0.4757757757757758
0.45985985985985983
0.46506506506506506
0.47157157157157154
0.46556556556556555
0.4739739739739739
0.4691691691691693
0.46676676676676665
0.47047047047047047
0.4563563563563563
0.47097097097097096
0.4625625625625626
0.45685685685685684
0.4664664664664665
0.47207207207207214
0.47337337337337343
0.4683683683683684
0.46476476476476475
0.4663663663663664
0.46176176176176187
0.4664664664664665
Raw 30D
0.4146813480146813
0.4071071071071072
0.4130130130130131
0.4117784451117784
0.40784117450784113
0.4162829496162829
0.4087087087087086
0.41001001001001
0.4183516850183517
0.41281281281281285
0.4112112112112112
0.4026693360026694
0.4131464798131466
0.4094427761094427
0.41431431431431437
0.4067400734067401
0.4083083083083083
0.408008008008008
0.4146146146146146
0.41221221221221216
0.40850850850850856
0.41074407741074404
0.4108441775108441
0.4151151151151151
0.41151151151151144
0.4172505839172506
0.41194527861194524
0.4141808475141807
0.4119452786119453
0.4105438772105438
