# FVC 5D Coordinates
00.1590 1022.4858
00.2598 1085.1392
00.4127 429.9025
00.2182 1428.1031
06.4507 10.3151
01.7906 1144.2976
00.2620 1005.9232
00.7203 1179.5581
00.5793 1265.1807
00.0657 814.4662
00.8948 759.9400
00.2773 780.0272
-01.5998 01.4393
00.5342 1004.8137
01.8339 1611.4010
01.1581 1276.4316
00.7530 1251.4743
-00.9980 492.2762
-00.2569 764.5821
05.8939 08.3029
01.2322 1453.3729
-00.5484 836.5240
02.7886 284.6203
00.2101 840.6950
-01.5830 67.2313
00.8914 1460.8306
06.8379 686.5520
00.0891 644.0134
-00.2841 1035.9348
00.5973 1404.7013
00.9310 1426.8911
-00.2430 634.2975
00.0654 1179.9444
01.2215 1277.0763
-01.1611 00.7517
00.0605 03.3083
01.0217 1243.5126
-01.7086 01.4714
01.1407 1275.1409
00.8523 1379.6630
00.3041 1208.4048
-00.0083 896.7608
00.3214 1198.8345
-01.2171 03.9775
-01.2701 00.3490
01.1136 1247.4966
-00.8577 506.2305
-00.2023 1100.9575
01.5583 1209.1663
00.0349 1176.2247
00.7045 866.2334
-00.8706 01.8851
00.5126 875.9758
-00.7253 726.5500
-01.6441 75.6689
-01.3037 00.2312
00.2239 767.7964
01.2136 1192.0610
-01.0873 79.8132
-00.8852 228.4989
-01.1790 01.7319
01.7044 1551.3293
00.4777 1138.4883
02.2231 717.1030
00.1715 307.5118
01.2129 1406.0212
00.4623 1248.1052
-01.6388 03.4582
01.3735 1494.2504
02.1391 1659.1937
-01.2424 471.8404
00.5791 961.9447
00.4466 1056.0139
01.0015 1021.2641
-01.0288 753.6854
-00.7203 879.1491
01.5761 1525.4509
00.3352 1207.1544
-00.1477 602.3846
01.3318 1248.7103
-00.6533 172.8102
-01.7936 01.7602
-00.2119 1077.8508
01.0305 1543.8479
-00.2421 804.0260
-00.2713 751.1245
00.5674 1112.0276
00.0811 974.8401
-00.4397 02.4474
-00.2439 01.0993
-00.8927 250.1555
-00.3671 792.0067
-00.3928 638.7402
00.5243 1074.6667
00.5197 02.9920
01.1657 1319.5689
-00.8450 141.3212
00.2573 650.6649
00.5349 964.9373
-00.0716 986.0027
-00.1771 1052.4169
00.5852 1370.6393
01.3821 1023.7899
00.4216 1083.6067
01.7580 1507.9294
00.5673 846.4061
00.2541 1407.6279
00.0680 02.1267
00.9080 1521.9309
-00.4150 522.2949
01.3539 1312.3076
-00.4545 599.3144
01.4813 1565.0313
22.4430 862.9483
00.4510 423.5044
00.7068 900.1516
-00.2172 04.0684
00.7704 1560.0454
00.4651 1302.7131
-01.9982 123.1516
00.1422 1044.8969
01.5946 1689.4587
-01.0316 285.4457
-00.3548 618.5347
00.6074 1043.4827
-00.8958 88.3561
02.5286 04.2937
00.3665 1379.6926
00.8329 1301.3587
00.5212 1248.1805
-00.8771 468.3524
-01.3784 182.1132
-01.5788 03.0127
-00.0340 485.9938
02.6682 532.2092
-01.6562 00.0772
00.4978 149.3172
-01.0044 02.1994
-00.7408 1059.0105
-01.0157 00.9292
00.5869 1372.5968
04.2534 06.8320
00.5493 786.3344
-02.2022 01.4132
-00.4195 01.7772
01.4762 1678.1854
-00.7185 03.3176
01.7267 1509.6150
01.1056 1108.9444
01.1101 1382.3156
-00.0068 921.3868
-01.2388 373.2240
-00.4693 00.3630
01.0660 1194.2913
01.9621 1623.1308
01.3573 1443.1169
-00.3550 916.8049
01.9571 1334.3566
-01.3169 00.3546
-01.0187 89.9739
-00.5452 195.4278
00.3372 1098.4050
00.1055 877.0516
01.2334 1453.1211
01.4539 1537.3485
00.3317 733.9768
-00.2553 697.5376
00.4097 1445.6198
10.3759 127.1932
00.7121 573.6089
-00.9085 00.8960
00.8651 931.3166
03.5235 1279.5985
01.0901 1453.1020
00.9950 1335.8379
00.5434 1334.1950
-00.3390 835.5346
-01.0787 707.2028
01.1616 1438.8019
-00.3718 135.6931
01.0015 1426.6830
01.9146 1279.1517
-00.4558 635.9798
-01.8104 00.5825
01.9591 1484.9765
00.7178 1302.1386
-00.8848 189.3958
-01.2333 724.8027
00.5533 1363.6061
00.6316 1507.8950
00.7671 992.4001
00.6799 1110.1684
02.9156 1355.9095
00.7701 899.8052
-01.6821 01.9022
-00.0075 569.5554
-00.0417 1037.8891
-00.0513 882.2346
00.9481 1188.4082
01.6232 1382.1877
00.0624 200.3566
01.9828 1669.3119
02.1854 1262.8683
21.6888 859.4536
01.3281 1085.1315
-01.3575 00.7274
00.2893 1066.4539
01.6794 1628.6516
00.0911 705.1244
-00.0185 87.8541
01.2232 1554.6252
-00.5570 04.0199
-02.0973 149.0891
02.3833 1392.6640
01.4602 1309.8968
-01.1217 124.7274
-00.6884 343.2342
-00.5532 351.9841
-01.1746 155.8849
-01.4099 412.4191
-00.6431 96.9706
-01.7637 01.1998
01.0725 1006.0122
01.6817 1297.0449
-00.4155 637.5857
04.5012 07.4049
-00.4704 716.9730
-00.3381 521.3931
01.3374 1266.3906
01.3631 1465.2392
01.8053 1263.1752
-01.6323 01.8280
01.8209 1378.9024
-00.2615 507.2153
00.4884 574.9778
01.2717 1413.7097
-00.6095 627.7089
01.0265 1080.4215
00.2729 1090.4690
01.1946 1536.8305
01.6854 1568.7806
01.6942 1443.3421
-00.0852 828.5444
00.9810 1058.0677
01.0394 1474.8924
00.3755 1441.3832
-01.0972 433.8457
-00.2106 1072.1046
-00.3532 246.0666
-00.4997 415.4616
-01.4324 00.0000
-01.7831 102.5672
-00.9100 191.7803
00.4700 1106.8688
-01.4366 131.3440
-00.1960 865.6222
-00.5331 176.6611
00.8385 1243.5558
-00.3781 141.2721
00.7371 1028.0598
-01.5702 01.6533
01.1811 1425.4153
-01.0042 403.9298
00.8522 661.4105
-00.6296 526.9792
00.1752 270.6410
01.4252 1485.6247
00.3365 892.8946
-02.1669 20.4399
-01.5176 298.9215
-01.1901 01.3426
01.6273 1533.8430
-01.6942 02.4683
-00.4473 462.1412
-00.9888 246.0130
-00.2238 897.3045
-01.3917 132.4862
00.6370 1166.2935
-00.0339 01.2680
00.6685 579.0470
-01.6654 15.5640
00.9363 1295.5922
00.9536 1185.6220
06.0747 08.5853
-00.2136 174.2547
-00.3372 491.9498
-00.0224 1192.4503
-00.6915 579.2099
00.4894 856.3162
-00.2120 736.4761
-01.1408 01.8954
-01.5432 01.2192
-01.1429 354.3604
-01.1482 01.4146
00.4387 687.0836
00.8973 1019.9344
00.0611 694.0013
-01.1169 104.4740
00.2623 1452.5217
04.6532 805.9439
-01.6931 01.6148
00.7279 843.6411
-00.9616 755.3530
07.7798 1253.0139
01.7786 1650.2960
00.2100 653.7255
-00.0960 557.8013
00.1763 1099.4898
01.4358 1574.7779
-01.2017 01.7203
01.0810 1051.4165
-00.8273 723.9406
-00.6531 769.2503
01.1529 1181.1938
01.2458 1421.3012
00.5578 1164.9286
00.8128 1356.3315
01.8581 1707.9401
01.3354 1348.2692
03.9953 05.4865
-01.3580 00.4677
00.4895 1079.8646
-00.9100 140.6538
-01.5607 01.3191
04.4719 994.6697
-01.1848 354.2777
-00.6986 515.3240
-00.8672 136.2957
00.4158 964.7798
-00.0355 993.7136
-00.5850 88.6272
01.0017 1360.2886
00.8823 1300.5531
-01.9338 01.4025
00.5609 1600.8268
-01.4103 03.4726
-00.6689 160.0265
00.1459 908.9047
-01.5981 02.6794
01.3177 1359.7444
02.3499 815.7392
01.9742 839.4925
-01.4155 403.7239
-01.5163 02.9025
-01.6703 02.2968
00.3268 1032.0848
00.3529 730.9461
00.4745 1215.5691
-01.3748 00.1449
-01.0189 680.6947
01.3222 1249.4900
01.2026 1633.5094
-02.1828 02.6793
00.0159 1143.7027
00.7704 1235.1578
-01.3735 03.3029
00.9183 1492.3764
-01.1894 628.5124
00.5510 1430.3887
00.6541 1209.8377
00.5353 1265.3256
00.6092 1038.8564
-00.4264 01.7065
-00.3460 1167.2634
01.1406 922.0184
01.6259 1324.9205
-00.7708 711.0419
00.2885 726.7802
02.7824 08.2080
00.3141 998.2010
-01.4922 02.0015
-00.0930 1093.7512
01.0583 1669.8284
00.0212 04.9017
01.2754 1586.8812
-00.0398 648.8890
-00.2512 926.2998
-00.5719 03.4196
-01.3124 02.5279
-00.5294 680.5760
00.5831 1240.4807
01.4169 1542.9831
-01.3358 95.4167
00.2395 954.2760
-00.9226 328.7872
-00.5021 216.1919
01.2213 1624.4425
01.9196 1316.1961
00.5322 846.9800
00.3369 948.1555
01.1199 04.0200
01.2974 1260.3110
00.4818 103.6100
-00.0063 1076.2839
-00.7863 02.8281
01.0584 1484.9196
-00.5300 407.4096
-01.0669 551.9407
-00.9170 287.1314
00.9652 1176.6135
01.7286 1711.1875
00.3274 1191.8923
00.4719 905.5767
-00.5526 348.6622
01.2270 1450.4976
-00.5580 849.9376
00.6763 04.3458
-00.7905 04.3877
-00.2087 339.9268
-02.2834 02.6600
-00.9667 670.1344
-00.3984 321.7752
01.2668 1264.6468
-00.5805 538.5753
00.5305 1239.3920
-01.3166 320.6143
09.5132 1130.2614
-01.1197 516.1661
-00.7963 783.1676
00.0257 926.9902
-01.7777 02.3376
01.9865 1622.2435
01.0297 1311.6015
00.3444 1196.0165
00.5329 570.7574
-00.7774 812.6862
-00.1635 713.4176
00.7634 900.8499
00.6015 1380.9807
-00.5766 01.1963
00.0791 04.8127
00.9192 1434.4571
-01.0382 00.5256
-01.0675 01.8634
00.2251 1195.1832
00.7182 1361.4732
-00.0617 472.0532
01.0335 1507.9100
01.1080 04.5524
00.0175 700.8921
00.2290 1289.9582
01.9865 1629.2378
06.9515 1120.3246
01.1559 1372.4045
-01.7490 01.1793
-01.5439 01.0195
-00.2380 991.3684
-01.2261 154.7601
00.9514 1245.1974
00.8118 1454.8272
00.1050 813.2869
10.2753 11.9753
-00.1289 743.6699
-00.6688 814.2231
-01.9375 01.2157
01.3689 1285.5801
-01.2176 490.8413
00.5324 548.7024
-01.3744 01.2125
00.9072 1169.6620
-00.4863 213.4338
-00.8979 371.7743
00.6323 1449.8744
00.3971 1063.3549
-02.0274 03.6020
00.7669 1291.5683
-00.5441 553.4036
02.7949 794.8712
-00.3205 650.4148
00.2204 1093.7055
-02.1952 03.2010
-00.5601 1101.9989
-00.6273 285.3496
-00.4797 109.3986
01.2399 1326.4647
-01.4123 146.0782
-00.7194 01.6980
01.2274 1190.7902
-02.0026 01.9372
00.0673 02.0169
00.3951 333.9471
-01.1569 01.0736
01.3122 911.1513
01.7389 1358.4231
-01.2482 00.5309
00.9901 1432.5191
01.9763 1636.1026
-00.0815 688.7209
00.7811 1078.4305
00.7808 1278.4428
-00.6062 809.8035
-02.0379 202.5602
-01.0571 00.6809
-00.3747 786.8346
01.4174 1462.4961
00.9045 05.8644
01.3784 1246.3773
01.5491 1206.2557
00.8325 1115.5402
-00.3959 904.6105
00.9365 696.4026
-00.0481 1169.8421
-00.0607 1255.7676
-00.6715 1000.1823
00.9634 620.1497
-00.0295 03.3430
-00.5726 1022.4925
01.0342 1215.6080
-01.2888 118.1407
00.3887 1123.7659
-01.8878 01.2630
-00.0822 01.5264
00.2862 1223.2412
05.4819 1352.7629
00.3532 1202.2500
00.0593 878.1329
-00.1099 913.4046
-00.4782 1033.8886
00.4148 1016.9735
00.2310 1305.0858
-01.8641 01.5243
00.4863 1347.0318
-00.3683 988.5150
01.0657 1267.0018
-01.5235 220.4464
-00.1846 769.1625
00.6100 857.7411
-00.2756 798.4959
-00.7581 01.8818
00.3152 1298.8985
-00.5008 717.1239
-00.3118 765.8502
00.3111 1298.6492
01.0718 1510.2521
-00.1266 987.9823
00.4602 921.2433
-00.2328 781.5560
01.2504 1390.5873
00.6791 802.1563
-01.4814 01.4831
01.4290 799.9300
-00.6475 537.5698
-01.1088 00.5382
-00.9645 223.0542
00.0214 1031.5122
01.2028 1139.4635
-01.6634 383.0212
-00.7171 773.5702
00.7460 1355.8430
-00.6078 450.7078
00.6325 1253.2048
-00.1372 1045.1565
00.6583 1015.3522
02.1125 1521.3581
-01.0928 187.8138
-01.3425 01.8112
01.6442 1430.1281
01.7659 1704.3745
00.7026 748.0684
03.6153 710.2071
-01.5759 01.0874
-00.1748 776.5929
00.5401 1434.2213
-01.7478 364.5416
00.3996 942.8044
01.4519 1368.2429
01.2528 1326.0928
00.4361 02.0481
-00.6502 488.7580
00.7632 1334.2893
01.1628 06.1326
01.4321 1361.4167
-01.2205 441.1701
00.0934 956.9977
-01.5709 01.3754
00.6290 1248.5832
01.1239 438.7537
00.3764 1159.6011
-01.1064 99.0876
01.2692 858.6762
01.8085 1677.8068
00.0782 04.4977
-01.8931 01.8294
00.3388 1227.8518
00.3002 989.3093
-00.8907 01.2145
-00.7454 103.6188
-00.5333 513.7099
00.7205 1372.8102
-01.6888 517.6381
00.5254 745.7751
00.5483 990.5642
-01.1091 265.7732
-00.1921 280.6751
00.0141 1042.8901
-00.2960 04.9313
01.4706 1375.6970
-00.0586 370.4886
01.0702 996.9924
00.3584 944.6417
-00.8657 02.4692
-01.1387 01.3168
00.2315 01.4622
00.9843 1086.4076
00.8065 644.1653
01.0240 1523.4067
01.5894 555.6471
-00.1456 669.0883
00.8479 1252.5910
00.8689 724.9601
-01.7104 142.0883
00.2376 999.5058
00.9622 1568.1772
00.7213 1039.9421
00.3747 1210.0998
-01.0664 456.5218
00.4949 791.0906
00.1352 963.3228
00.0771 1061.6908
00.9903 697.2495
01.1787 588.4248
01.3399 1058.3390
00.3761 1293.1468
27.6046 481.0042
00.9896 735.4644
01.0722 986.8857
01.1145 1432.7689
-00.6246 01.7225
-00.6120 556.8272
-00.1573 456.4105
-00.8515 791.7674
01.6761 1533.2150
00.8912 1148.0579
00.8422 1450.4141
-01.9937 147.6849
-00.6196 487.4048
-00.9045 01.4320
01.1519 1377.0515
01.9298 1554.4844
01.2694 1189.3530
-01.4925 04.0217
00.2561 1213.3024
-00.2593 128.3627
-00.2017 549.8576
02.2626 336.6675
-01.3507 00.6192
-00.7158 305.5805
01.5071 1208.4504
-00.1486 753.5516
01.0955 1040.0392
-00.2199 307.1845
07.6770 13.4335
-00.6356 852.7306
00.9553 1642.8846
-00.1583 744.4618
00.4843 1110.0993
00.4722 914.4524
00.8839 1357.1669
-01.5341 00.8849
-01.1569 166.9738
-00.1609 116.8861
00.9738 1437.9833
-00.1296 264.0642
00.9824 1458.0585
00.8040 960.5933
-00.3919 421.7908
-00.0920 169.1820
-01.3218 452.5495
01.1682 1399.7477
00.9322 941.6361
-00.5283 798.0969
02.4732 1120.1428
00.4349 998.7340
-00.3292 1161.6187
00.5977 1046.8716
-01.7885 01.7834
00.2492 1234.4949
-00.2810 1027.8075
-01.2124 150.4367
-00.6727 375.5081
00.3396 1002.5009
02.4853 1409.8478
01.0429 585.6944
00.0423 1057.0890
-00.6065 840.9785
00.1482 445.5352
00.0316 327.7340
-00.9351 892.5953
-00.7945 457.7919
00.9760 1253.2282
-00.9500 01.9681
-00.5561 459.7202
00.0086 1106.9291
01.3121 1273.1927
00.2612 1128.0790
01.4957 1574.5376
00.9951 968.3423
01.5802 1498.9852
-00.2112 1033.3662
-01.6323 306.7426
00.4330 78.5052
-00.4106 287.1936
-00.4510 785.8970
-01.3405 00.7181
-01.4600 541.0809
-00.1555 999.5167
00.0660 960.3784
00.9128 1238.8423
-00.6639 206.2656
01.1353 1538.7644
01.3379 1139.7416
01.0545 1574.0774
01.1185 1527.0600
00.2551 775.2906
00.6580 1165.8814
-01.8007 02.9806
-01.0995 02.0595
01.2228 1342.1074
01.6532 1460.6437
05.1916 1327.5698
-00.6140 802.7571
00.5789 1167.2269
00.1722 834.1520
01.2376 1268.8746
01.4232 1617.0077
01.2942 323.0901
-00.9934 00.8333
-00.2568 480.5324
-01.3079 132.0974
01.2496 06.9657
-01.1581 255.3726
00.8855 1483.8346
-00.9539 291.7635
00.8834 1280.1739
01.7548 1430.1405
00.8505 721.4377
-00.8955 499.7357
-00.4271 02.0809
00.9092 1387.6252
12.4460 495.1183
-00.4448 65.0356
-00.5195 798.0841
-00.8439 638.0359
00.2528 781.7308
02.0925 1519.2457
01.5808 1489.7217
00.9308 1045.1498
01.1284 1451.4793
-00.8697 03.3178
00.5410 1153.2863
-00.9042 349.8730
-00.5329 02.2573
-00.5535 960.5333
-00.8960 138.3349
-01.0216 53.2820
-00.4791 02.9872
00.7795 1132.6479
-01.0686 01.5875
01.0196 394.1476
-00.5164 00.8693
01.1833 1504.1212
00.2846 904.8008
-00.1519 1032.6492
01.3710 1620.2696
01.9445 1599.6262
00.6938 1178.6656
00.0365 263.3994
00.5852 1345.1782
01.3968 1568.3742
-00.8989 683.3909
-00.0780 1275.8695
02.0306 948.1699
-00.0944 706.3753
00.8374 1315.1061
00.4257 1180.7556
00.5940 976.6450
01.5704 1586.1486
-00.5843 726.4731
-00.9128 544.8913
-01.2508 497.7059
01.1831 1255.7485
-01.0843 21.8797
-01.1996 180.2545
19.2224 1026.5908
01.4408 1313.9708
00.0680 541.7238
00.7087 1391.9141
01.8856 1239.8679
01.1454 04.4402
01.4458 1573.1772
-01.5825 03.1176
00.3868 1064.5311
01.6579 1526.1894
07.7664 09.0203
00.5941 1490.6461
02.0733 1109.1691
01.0025 1503.1845
-00.2799 895.9555
01.3549 1589.0243
01.7756 1447.7763
00.1331 1118.0017
00.5281 1369.8563
00.0329 1210.0869
-00.7239 984.2638
00.1656 1196.3116
01.1466 762.2929
03.2863 178.0319
-00.2996 621.6405
-00.2857 467.8338
00.7033 1483.1576
-02.3794 02.5160
00.4992 1291.5208
01.1485 1614.2592
01.0946 1165.1999
00.3321 1348.0341
-00.7096 374.1645
01.4159 1568.4814
00.2133 1067.6260
00.1751 517.6428
03.3603 390.7422
07.9705 1209.4622
01.1915 1346.6234
-01.3272 256.0866
00.1123 1029.2773
01.2669 1636.3802
00.1772 620.0954
00.2990 158.7334
00.6967 1361.3442
07.0642 512.5590
00.5617 1225.7077
00.4885 1096.5685
-01.3932 31.0613
12.9103 1105.3909
-00.4759 93.5127
-00.0589 350.8037
00.9361 1413.0264
-00.9718 464.1813
01.2610 1328.1847
01.7405 1383.0598
-00.2143 05.2056
-01.2940 225.4931
00.1542 784.5888
00.5674 1498.2477
00.2391 589.2178
-00.6540 1007.5052
04.6810 1019.2685
-01.2028 289.6275
00.5651 304.9084
-00.0218 756.9823
00.0407 813.8748
-01.3788 03.1615
00.3954 870.4932
01.0465 1375.7761
00.6886 1455.0644
-00.2616 547.9225
-01.2866 124.4142
-01.5190 01.8914
00.6688 1124.4965
01.1233 1311.8636
-00.1528 950.7226
01.1301 1189.1008
01.2874 1268.6517
00.5099 1122.1649
01.3804 1624.9019
-00.2190 930.9683
03.2864 613.2508
01.3155 1290.3893
00.1846 1190.3100
-00.1493 1201.5383
00.4222 994.4094
00.8584 04.1516
00.9786 1369.1386
-00.0051 540.8483
-00.6557 344.1937
-01.4276 00.6462
-00.0501 552.3728
00.8521 804.3189
00.4582 981.6335
-00.2402 405.2358
-00.2958 566.8046
-00.1734 890.4982
00.3303 859.1986
00.4767 966.5940
00.4612 648.3173
01.6285 1339.4028
00.9381 1581.0186
00.2405 1292.6119
-00.6200 00.5919
-00.4944 544.0773
01.6539 1386.4721
13.1859 839.7854
00.1049 548.5440
-02.3673 03.6332
00.3736 638.7177
-01.2203 796.4518
-00.1338 00.8516
01.1253 06.0966
00.4613 1573.2617
00.8044 1453.5677
-02.0193 02.2372
00.5977 1253.7412
-00.2350 489.1332
-00.7781 01.9111
01.4756 1492.4086
-00.9839 470.4409
01.7176 1691.0754
-00.9817 567.7779
07.2893 302.2450
00.3853 03.9501
-00.5156 303.6467
-01.7588 01.7985
-00.1100 854.3340
01.2164 981.9589
-01.0218 02.1163
-00.0735 1033.3916
01.3419 1521.4292
00.5708 1260.7282
00.5295 741.0298
-00.8809 637.9175
-01.0628 70.9954
01.6241 1592.4046
-00.1063 1082.4031
00.9594 1444.8260
-00.1902 364.4829
-00.2384 640.8992
-00.6698 245.7601
01.7856 454.3825
00.7861 591.1923
00.6635 15.0596
00.2650 656.1636
00.8578 1378.9339
00.0778 443.5336
-00.8679 02.0043
21.0367 396.2021
03.1744 859.3867
00.8043 1144.0299
01.8411 1294.8365
00.6601 1416.0731
01.1983 1374.2247
01.4623 1568.5191
01.0883 867.8153
01.0443 578.2875
02.0583 1178.5664
00.3298 1061.3059
-00.6215 232.0473
-01.5469 01.9722
00.6662 1401.6597
01.6128 1513.2734
01.3686 919.7588
-01.0203 402.6409
-01.6067 02.3501
01.0694 1597.1773
02.0065 697.6590
01.8374 1589.1908
-00.7360 194.8130
-00.5484 544.7653
-01.6408 02.7108
-01.2185 166.6864
-00.0912 904.0898
01.0896 1554.8504
00.9601 1077.5672
-00.5165 617.7777
01.9826 1338.2596
01.2254 1576.5011
01.0283 1229.4263
-00.0789 1251.4756
02.1630 1584.6945
-00.2075 01.7373
-00.2449 678.1660
00.7196 1449.4675
01.3101 1225.7089
00.5924 919.9852
00.8235 950.6446
01.2494 1649.3341
-00.7341 233.9868
-01.6677 01.7248
00.7118 1190.9652
-00.5408 637.4227
01.9615 1550.3904
01.1528 759.1337
-01.1525 01.2648
01.7098 1270.0464
00.5724 521.5050
01.5297 1429.6276
00.9336 1236.3485
00.0775 966.4876
-00.3031 693.0828
00.4877 738.2674
00.6357 881.2404
00.5792 1243.2266
01.1410 1307.0225
-00.5013 346.2222
-00.1924 617.0138
01.8085 1691.7434
-00.4105 326.7258
04.0244 726.7545
-00.3008 1301.3168
01.6017 1517.6786
00.1556 965.1642
01.5875 1359.6538
00.1033 1063.0244
00.4185 1111.8926
-02.3562 02.6516
01.7912 182.3225
01.1142 1597.3036
00.0901 1314.1542
-00.2852 910.2132
00.3078 1068.2871
-00.6767 542.6212
-01.1918 354.7280
00.8960 1088.1799
00.4118 1233.2001
01.7881 614.6171
00.4838 1295.1877
00.6798 910.3492
-00.7891 01.0091
-00.8220 260.0988
00.3833 774.9528
-01.3585 00.2388
00.0798 838.0671
00.3907 1224.8455
-00.8225 746.1376
00.9647 1154.3352
-00.6173 632.0542
-00.9435 29.2765
-01.7639 03.6412
00.8740 1656.0214
00.8575 1264.3494
-00.3817 321.6012
-01.0855 03.4880
00.3241 1058.9777
-01.2842 00.1670
00.4350 906.9303
13.4269 1059.5091
-00.5773 681.8472
-02.1267 03.0339
-01.1460 488.6573
01.4209 1081.0245
-01.4844 01.8381
-00.8484 603.4776
01.6213 1497.0226
00.7342 04.7363
00.3435 763.4898
-00.3542 01.8565
-00.5249 556.6121
-00.5217 353.1023
-00.7549 546.3238
02.8095 605.1445
00.1290 772.4779
01.4147 903.5040
-00.3954 03.5338
-00.8239 485.4820
-00.3471 272.9066
00.3850 1092.3573
00.3292 1337.3769
00.6308 04.1664
-00.2739 808.2713
-00.0098 823.0108
01.3019 05.2487
01.1700 1483.8354
00.7977 1149.9883
00.6489 1363.6418
00.9683 1459.2419
01.2620 1167.0555
-00.5334 02.1501
00.1978 1328.7972
01.2240 1584.0247
-01.1517 04.1054
-00.1559 805.1393
-00.0193 1192.2508
00.4124 1063.5992
00.4845 1043.1183
05.9231 396.2454
-01.7510 00.9301
00.1274 972.9609
-01.2683 00.2634
00.7807 987.6405
-01.0814 01.5957
-02.1494 01.6058
-00.5413 688.6678
01.3877 1500.5412
01.2400 1628.9403
01.0263 1375.5585
00.2627 836.0407
-00.7432 524.5109
00.8410 1488.8859
-01.6502 00.8007
01.0018 600.4710
00.0162 1017.6706
01.0661 1434.4818
-00.1673 953.5076
00.7518 1422.0111
01.6650 1323.3311
-01.3826 00.0778
00.5770 1350.4262
-01.0984 244.2108
03.5192 04.8626
00.5506 1455.3050
-00.6063 261.5419
-01.2291 00.8798
-01.4753 287.4199
01.0001 1268.5230
00.6310 1162.2916
-01.4105 01.4052
01.0885 1033.1729
-00.2556 489.3118
-01.4327 557.8016
-01.2929 14.8692
-00.8721 673.5614
01.8334 1715.3224
01.0930 1191.2570
01.1493 1345.2316
00.3254 1213.1928
01.9312 1677.6615
02.8069 1280.5020
00.9959 1609.7015
01.5865 1673.1835
-00.2904 472.4201
00.1680 689.9633
01.0040 1606.6306
-00.0683 1258.7541
-01.8169 03.0140
00.7089 1142.9291
02.2591 954.2525
-00.9109 131.2055
00.0109 135.2473
-00.4390 679.5027
00.3101 1395.1465
01.2745 1404.7270
02.0660 888.2231
-00.2531 907.1751
11.9196 686.4258
00.1340 961.5884
-01.2370 01.5584
00.0322 454.9464
-01.2347 245.3470
00.3820 1158.5144
-01.0444 197.2514
00.1261 825.0072
-00.6046 207.5792
-00.9855 00.5870
00.5079 1052.6972
-00.2936 802.3203
-00.8443 383.1485
00.4415 975.2790
01.6244 1488.0037
-01.4549 198.6933
11.2557 685.3315
00.2430 923.8624
01.4369 422.7190
00.0354 761.9146
-00.9199 412.5934
-01.9535 66.1505
-01.3539 01.4750
-00.7047 159.5644
00.5393 1378.6680
-01.0309 794.9355
00.9889 962.2697
01.5292 1417.4837
-02.1610 03.7702
02.2320 1175.7348
00.8478 1376.3537
00.7661 1174.7459
01.0690 1476.9769
00.4954 1145.9775
01.2249 1466.5302
00.0325 627.8806
-00.3880 729.6263
-00.4875 974.0478
-00.7340 01.0851
01.6022 1303.0243
00.0389 874.4348
00.8668 794.8827
00.2236 998.7813
01.2952 1517.6572
-00.3000 684.4167
00.1454 809.6524
-00.5308 223.7239
-00.4670 65.9073
-01.7519 02.9596
-01.3424 279.5426
00.2679 1098.4727
01.5371 1650.6057
01.5928 1340.7921
-00.3498 186.5831
01.0831 1292.2321
-01.4139 00.4723
-00.0129 833.5815
00.2704 03.1177
-00.5637 902.7408
00.7444 1200.0641
-00.5486 16.8793
00.5610 1201.3623
00.2221 770.2263
-00.8864 544.3215
-00.1367 1017.1730
01.7550 1604.8412
00.5895 776.0366
01.9100 1363.7089
02.5519 1372.7260
00.1143 948.0917
00.7378 1238.7281
00.0024 879.2414
01.2976 1473.8576
-00.0467 755.4214
-00.6144 909.2449
-00.4486 508.2992
02.3124 06.4987
-00.7515 513.2276
00.6490 741.7485
02.8736 1148.0834
-01.3972 00.6758
02.0187 1317.9118
00.9021 1216.6686
00.8220 834.4671
00.6378 1205.8555
01.1522 1579.3248
00.2398 1216.1417
00.2860 1267.7821
00.3878 636.1528
-01.7781 01.7556
-01.4282 02.7639
01.1255 1187.1822
00.8574 576.6624
-00.3970 866.5002
-00.8639 01.2805
00.1604 511.0849
-01.6617 00.9556
-00.3803 781.6812
00.8546 1141.3854
-00.9036 00.5568
-01.6745 03.1765
00.2141 769.1035
00.4911 278.1707
-00.4532 01.3558
-00.6229 921.0707
00.5898 881.4384
-01.9447 01.1741
00.5408 1398.5489
00.2935 1434.4856
00.3723 943.2691
-01.1142 576.6488
-01.1412 01.0469
-00.6934 870.8563
-00.5764 436.8413
-00.5089 03.3909
-01.5171 02.2848
-00.6345 00.9711
-00.4595 631.2808
14.5204 989.7027
01.0423 1319.9855
-00.8639 288.8561
01.3617 1568.6231
00.3972 1416.0817
00.2475 945.0721
-00.5075 01.3133
00.4387 1122.1797
00.9064 640.7179
00.0077 970.2996
01.0936 783.9168
01.3202 1135.6266
00.5941 1127.7751
00.7340 1267.1547
01.3883 1625.2244
00.3073 856.2930
-00.7809 03.0949
01.0881 1468.8712
01.4162 1464.6635
00.9052 1142.2980
00.0564 819.6941
-00.5304 467.6847
00.7048 1350.9558
00.6441 580.9570
-00.4224 681.0193
00.5768 901.5817
00.8411 1566.7682
-00.8416 02.0787
01.9392 680.0145
-01.4067 00.4728
00.5368 983.7195
-00.2008 522.3098
00.3339 1099.1434
-02.3171 02.9432
-00.6264 01.8966
01.1835 1108.6992
00.7135 1025.0682
-01.5595 282.0509
-00.7769 02.1728
01.7922 1555.8356
00.4014 1155.5857
-01.4043 02.6862
00.8573 1432.1923
00.1635 277.3228
00.3403 878.3830
-00.4324 01.6209
01.5660 1467.1128
00.7954 1149.8594
01.0735 1385.2115
-00.1122 1359.3613
00.0716 945.5771
-01.8574 01.8125
01.6458 1713.1361
-01.2729 01.7517
01.3615 1444.9749
15.2411 18.3359
00.3555 1176.2759
00.5683 1130.7431
00.9668 1203.9276
-00.6814 882.1749
00.2101 1184.7997
-00.8884 155.5340
01.2159 1500.7604
01.3989 1501.1525
-00.4609 01.8124
19.0209 805.0319
00.1015 735.0847
00.0771 1211.7504
-00.4341 263.9331
-00.0675 741.5786
-00.0666 526.8698
00.4947 02.5501
00.9325 1290.4818
-00.2897 192.5614
-01.0485 223.4596
00.2947 933.0914
-01.3439 593.7444
-00.3935 388.1870
-00.7066 852.9822
01.1219 1384.1665
-00.9670 03.9560
00.9913 1248.8349
-00.3158 1038.7432
01.0498 1207.3859
-01.6194 04.2548
-00.6362 02.0498
00.1273 1040.4142
-00.9980 465.3356
-00.9177 04.5704
-00.0925 717.1963
-01.9991 02.4824
00.1878 01.9609
-01.0472 00.4798
-01.1079 329.3237
01.0106 1411.1538
01.4185 1504.5138
01.7464 1489.8835
-00.2958 00.9275
-00.5209 362.7971
-00.5096 976.2723
-00.1359 841.6446
00.5994 1075.8079
-01.1347 789.9798
00.6721 1367.5317
-00.6609 886.7353
01.0396 1007.9023
01.7851 1484.9456
-02.1589 189.8038
00.6693 1084.9466
00.0572 1316.8772
-00.1425 02.6500
01.5204 1515.6793
-00.3194 02.7347
01.6163 1613.5092
-00.3548 430.1640
01.4342 1513.9595
-01.6552 03.0239
00.6299 1308.6910
01.2785 1650.4745
01.7021 1445.5547
00.4894 1305.7864
00.6063 1040.2507
00.5417 1484.9341
00.8684 1242.4355
00.7690 557.9319
01.4960 1210.0522
01.5803 1044.1887
01.6748 1494.2400
00.2957 1020.8933
01.1942 1415.7490
-01.6148 01.1128
-00.1473 211.3211
-00.2876 57.8598
00.7220 1569.6279
01.9648 1462.8421
00.5317 929.1617
01.0754 1293.6756
-00.0908 936.6217
00.6303 1227.3428
00.2533 1214.8625
00.0679 1153.4108
-00.8935 24.0095
-00.2709 694.2113
-00.3422 697.1910
-00.3084 928.0843
-00.6753 788.5606
00.4158 1263.6004
-00.7539 01.9052
-00.4700 851.2932
-00.0158 887.2365
00.6706 482.3340
02.7834 884.2351
-00.0125 1231.3279
04.2800 472.9945
00.4475 917.2176
-02.4360 03.4076
-01.3421 201.3208
01.7649 1373.3485
01.9383 1357.1601
-00.0740 975.2623
01.3869 1628.9712
00.8820 04.7870
-00.0978 702.4189
-00.5716 666.9353
01.2231 1105.7876
-00.1834 1010.7072
00.6476 712.8089
00.4833 1018.7314
01.3027 1504.3562
01.4854 1433.4619
-00.6502 259.7782
01.2108 1408.7484
00.1645 982.2774
01.2143 1183.3331
00.5329 1210.3148
-01.5583 00.7260
-00.2489 576.1919
00.2286 1099.5855
-01.8708 01.7041
-00.1060 882.5712
00.3447 725.1210
00.8083 1154.0401
01.6902 673.2538
-00.8841 645.5427
03.7857 1246.0169
-01.1356 00.7850
-00.2890 869.5494
01.1133 1410.2857
-00.5849 538.9292
02.0153 05.7961
00.1799 1158.4252
00.7257 932.8664
-00.6079 901.0821
00.9319 1291.0440
-00.9126 93.0320
01.4270 1554.9339
00.4512 1152.3160
-00.1208 1216.3400
00.8143 1031.7719
-01.4620 01.0400
-00.4637 364.3489
-00.8041 961.4132
03.1686 1328.3558
01.4131 1264.7591
-00.5874 03.1115
-00.5207 1034.9188
-00.0649 1150.7847
00.4669 1193.6548
00.5208 1267.2031
-00.1264 807.0072
-00.8881 294.0295
01.2478 1326.7658
01.1701 1457.6863
01.1053 1326.7242
-01.3993 128.1734
-00.7998 02.1611
-01.2796 01.4404
01.0038 1528.0465
00.5417 1330.1064
00.2697 901.2290
00.4503 1322.1619
01.0670 301.3575
00.0094 876.4416
00.2739 1254.9544
-01.5973 00.5794
-00.0739 821.2911
01.5255 1573.0408
00.9647 527.2532
02.3828 1287.8099
-00.5092 03.1753
01.1233 723.2246
00.6003 1260.1100
-00.3319 1040.5834
01.0144 1164.6943
00.4115 867.3624
00.4128 1302.0970
-00.1350 484.7015
-01.4535 189.1436
00.6468 1239.4234
-00.3582 467.2682
01.2540 1272.7366
00.9595 1113.6097
-00.1794 758.0434
01.5368 1460.5690
00.0602 837.1105
00.4983 1293.8147
01.4517 1420.2325
-01.5575 00.7055
00.9173 1434.3814
-00.4471 63.3053
-00.9475 00.7635
01.8122 1337.8449
00.7815 1219.4890
00.5824 1387.8439
01.2571 1470.6275
00.0668 632.3670
01.9402 1596.4248
00.6664 1177.6019
-00.9254 00.9531
01.1688 1469.1399
01.6197 1717.1491
02.1944 1432.2272
00.3875 1212.4751
-00.5158 559.9649
-01.0657 364.3681
01.2776 1223.0188
00.4629 1209.1830
02.1273 1352.1275
-01.9949 02.9292
-00.6438 66.4063
00.2989 1228.0461
01.1277 1516.2165
01.2357 1326.1408
-01.1461 02.5198
-00.5655 772.6466
-00.5925 742.4576
01.0547 1368.3686
01.2900 1522.2952
-00.3243 179.1286
01.6647 1353.9691
-00.2518 1234.3352
-00.9868 02.2442
00.2379 762.2330
00.7754 1163.6235
01.3173 1271.6165
01.1333 1532.3115
00.8747 1542.8471
00.3424 1382.9592
-00.4730 01.7133
-01.1301 197.4958
01.2265 04.2186
-00.4967 00.9513
02.2918 1255.7356
01.3591 878.7040
-01.7527 01.6092
00.1815 908.5989
01.4308 1668.7731
00.8935 1091.0789
01.1544 1190.9742
00.2360 774.4346
-01.0183 700.8588
-01.0796 102.4066
-00.9942 03.5915
-00.7127 589.8278
-00.3700 130.4707
-01.8481 02.6385
-00.7895 219.5920
00.1310 386.1721
01.4066 1465.5476
01.0036 1385.4675
-00.5546 355.4932
00.5824 1287.2068
-00.0024 916.3509
01.9502 1325.0304
-00.6781 133.9574
01.3764 1434.9478
01.2246 1202.8455
05.5245 07.5824
02.0357 421.1032
03.1045 925.4610
-00.3861 04.1713
-00.1146 999.5495
00.3675 1124.3830
00.9242 1143.7931
-00.8130 650.7498
00.2169 1119.2064
00.5085 1155.2880
01.5205 1414.8900
00.3757 658.6920
01.3313 1568.0707
17.2343 18.4210
-01.3441 317.3908
01.4261 1586.6793
-01.4808 327.5254
00.6840 1334.6998
-00.8611 484.7379
-00.3054 1022.4835
-01.3942 280.8079
00.3428 1279.9804
02.0525 875.8084
-01.7411 176.2470
-00.1708 528.5320
-00.6945 758.2415
-00.1695 649.6287
00.1084 1167.1688
01.4549 03.2110
02.7308 1365.3355
00.3989 1063.3067
01.0063 901.2491
02.1387 1652.9345
00.0417 971.3958
-00.2631 185.6535
00.7109 1194.4318
01.0415 1320.5744
-01.0934 02.4193
01.6115 1611.1964
00.8020 376.4515
02.0639 1348.4343
00.1149 1200.1487
00.6095 1246.9447
01.0636 1501.0534
-01.5279 00.9015
-00.2180 999.4885
-01.9961 158.8226
04.2432 791.7532
00.2447 314.4401
-00.6754 579.2952
00.1735 1037.4404
00.9524 1454.4113
-00.7708 540.4673
01.5107 1385.0791
00.8612 1303.8050
01.7438 1544.1949
-01.5521 02.0954
06.3945 08.1704
-01.1100 02.3413
00.8378 1265.0348
00.6354 1462.5997
-01.6381 01.8450
00.8495 1036.8580
-00.6957 00.2829
-01.0455 12.0649
-00.9187 00.0654
00.4382 1216.2970
00.3301 660.7091
-00.1963 1217.1334
00.3521 1249.5977
00.8929 1063.3205
01.4353 1418.6832
01.3231 1237.6755
-01.3975 425.5931
01.0183 1198.0125
01.0445 1502.2735
00.1952 1246.3175
-00.7474 308.7342
-02.2415 01.3823
00.5145 1150.4344
01.5739 1284.8307
-01.2085 01.5617
01.6520 1697.9839
00.7856 1342.2622
00.8412 1200.9692
02.7527 05.2835
-00.8239 01.0661
-01.5054 01.7522
-00.2088 571.6112
-01.6479 01.2174
-00.1836 809.5766
-00.6112 03.9148
00.4387 1457.0120
-00.5264 862.8638
00.2975 597.9183
-00.4907 266.6020
-01.8940 247.6348
-00.1587 250.1024
-01.3892 00.4896
-00.7411 219.1653
27.6491 927.3190
-02.1591 03.0269
01.5520 1493.9384
-01.0933 02.7173
-00.6060 376.6166
-01.1729 02.1012
00.4877 1236.8543
-00.6361 1051.6871
-00.7143 479.9496
00.4177 679.8532
00.0621 748.5699
00.7085 1192.2838
01.1667 1506.8212
00.0700 1034.0760
-00.4514 495.8586
09.4077 13.0942
01.0284 1158.7083
00.7616 1061.5172
00.6159 904.7203
01.0891 1536.1975
00.6673 1152.5957
01.5595 1431.1772
01.4407 924.6136
00.9001 766.6082
-01.4938 02.4176
-01.5896 27.7152
-01.8639 01.2609
00.7182 930.2468
-00.0232 1145.0762
-01.2041 251.6216
00.3195 196.8227
-00.4344 918.7441
00.7193 1268.6610
-01.7693 04.1816
00.0076 830.6151
-00.5378 925.0268
00.7791 1339.3510
00.2984 1149.3381
00.8738 1356.6354
00.1689 474.8949
00.6951 1354.0418
01.2804 1132.0562
00.4092 730.8564
-00.3431 04.0699
00.4184 1294.5939
01.6094 1511.5000
-00.5039 63.0063
-00.0500 680.8212
-00.6955 356.8657
00.4827 890.3113
00.1422 1088.4588
00.4381 453.4809
-00.2426 1120.6373
00.0579 1245.6239
00.3622 1104.8843
00.8596 1419.6943
-00.1746 909.3383
00.8082 747.1320
00.9510 1254.6617
-00.7264 755.1406
-01.0707 259.7941
00.6037 1353.5043
01.7126 1573.5565
-01.0256 111.2258
-01.2675 281.7567
-00.2879 03.5001
-00.8761 498.8445
14.3282 812.0314
00.3955 759.4998
24.5666 962.6406
-00.2222 746.6293
-01.7505 01.0048
-01.6258 01.3556
-00.0868 483.5032
00.2999 935.5856
00.5075 583.2148
01.1088 1248.6060
01.0975 507.0884
01.8656 1381.7764
-00.2636 796.3662
01.0441 1457.5086
00.9686 1146.6755
-01.3843 00.1751
-01.1565 671.7337
-01.1713 03.3161
01.2037 1403.4533
01.4012 1477.8320
23.3860 422.2984
00.1267 1387.7054
00.8307 1099.6978
-00.6675 00.5361
-00.4452 692.5057
00.1167 1255.2919
-00.3951 761.9984
-01.0304 633.7250
00.4834 1351.8713
15.8995 563.0659
00.7104 1304.3491
01.7674 1550.5557
-01.0815 267.4415
-00.2899 106.2016
02.6959 1185.2720
-00.1774 670.7985
00.4897 1102.4802
-00.3449 624.6186
00.5427 03.3856
00.2190 377.0435
-00.2150 1230.4317
00.7220 1440.6104
00.9587 1380.1853
-00.9689 03.8596
-00.3244 881.9855
-00.7862 16.4334
00.9798 1358.8513
-00.1419 466.0796
00.5204 03.6212
01.5292 1357.7607
00.1869 1169.9983
-00.8674 01.2809
00.4189 963.5764
00.0987 1090.2205
01.0715 1250.5117
00.0243 998.5945
-01.0785 01.2049
00.9706 1369.5404
00.9831 1356.7120
01.9188 1436.1975
-00.0213 1036.7531
-00.9175 932.6159
00.3974 798.6921
00.3782 1000.1194
00.2726 968.9054
00.1483 1021.8202
-01.7647 03.1595
-00.9330 129.2510
00.8241 1042.3796
00.8987 1364.9741
-00.2183 384.2360
-00.6197 02.2504
00.5052 1427.2583
01.1075 1022.0441
00.7998 1218.7769
23.3684 28.8382
-00.5550 02.8043
00.6669 02.8254
-00.8988 739.3337
-00.5008 1032.4955
02.9052 1229.3928
00.8943 1316.8605
-00.4689 349.2854
-00.3577 663.7536
04.8478 792.7533
00.2346 05.0899
00.4133 1480.3621
01.5511 1451.4574
-00.5246 43.9638
03.8576 763.0618
01.6129 1562.1101
01.0468 1373.4566
00.0911 1364.6371
00.9285 1481.9503
01.1550 1472.1890
00.8850 1447.3076
-00.8606 109.1241
-00.9084 01.3174
01.0968 1628.3715
-01.6017 191.8941
-00.0473 821.0861
-01.1315 584.9717
02.0916 1650.7643
00.5149 1052.9458
00.1859 1239.1607
00.8728 1604.5404
01.2924 07.0275
-00.0031 308.1256
00.3648 378.9120
01.1401 1349.8400
00.3018 04.1914
-00.5552 03.8636
01.6600 1388.6404
05.7826 675.6956
-00.7483 583.0192
-00.4003 717.3294
-00.4091 724.1975
08.6669 593.7071
-00.9540 435.6687
-01.5748 337.3631
-00.7452 01.9874
00.6033 1286.4625
-00.9062 209.6463
-00.9270 484.5343
00.9727 1359.4718
-00.1628 488.3739
01.1723 1459.1248
00.0437 506.5239
00.6125 02.7226
00.1785 1324.7213
02.3368 05.6980
-01.2406 01.5784
01.2253 1333.3016
-00.4552 974.2434
-00.2735 1023.5287
01.4929 1404.2608
-00.5139 435.8787
01.3492 1390.1739
01.5184 1083.2888
07.2044 09.0686
01.1732 1520.3087
-01.3106 408.1146
-00.7731 01.1026
10.8250 35.3631
01.1150 1054.0991
-00.1405 840.6438
-00.7253 846.6280
-00.0516 816.0084
00.4210 1314.0758
01.3586 1517.6844
-01.1184 00.3577
01.5776 1408.8256
00.1032 1191.0484
-01.1386 02.4328
00.3321 969.6614
01.4028 1458.1394
01.5112 1598.4688
02.2138 1490.3331
-01.4474 00.0903
00.7414 1322.4311
-00.9970 398.3542
-01.6512 107.2643
-01.7434 04.4253
-00.5890 213.4478
-00.1540 308.3628
05.9323 204.5925
00.2652 1390.4138
00.1006 676.1330
00.6792 1312.6274
01.2436 1267.1128
02.3397 1201.5521
00.6273 1227.2971
00.8148 03.8239
-00.6930 587.2485
-01.1867 01.8987
03.9785 1180.2332
-00.0149 1037.1648
-00.0975 287.8932
-01.3924 00.1615
00.8281 478.4658
05.8791 1048.7960
-00.9336 02.2930
-00.4218 637.0506
00.1025 1449.2965
00.7425 1173.8206
00.8843 1533.6258
-00.3054 993.3373
04.6786 584.3521
-00.6945 01.0469
00.7360 1398.2033
00.8192 1357.6994
01.3504 1540.1632
00.2744 1228.6864
01.9799 06.3753
-00.6263 815.1090
-00.2110 662.4273
01.0361 1461.1252
01.0639 1472.4636
00.7490 1098.1636
01.2384 1573.7013
-00.5524 00.7078
00.3677 998.0616
00.1403 540.9398
-02.3217 02.4446
-01.1567 00.1564
-00.8138 18.7557
00.6226 1336.5225
-00.8171 649.0479
03.7584 06.0546
01.1500 1181.2590
01.4297 1592.6006
-00.2093 852.3233
-00.9434 204.2095
-01.1213 30.9789
00.1458 586.4008
00.6570 1295.1073
-01.7956 163.8230
-00.1400 772.6259
-00.2328 1050.0159
00.6534 1208.6734
-00.2320 683.8717
00.3734 1079.2369
01.3860 1212.0759
03.8323 969.6149
-01.5178 00.4778
-01.5942 00.8660
00.9187 1260.6667
-00.0051 1100.9542
01.6451 1485.1092
-00.0251 1248.6689
02.2164 1294.7298
-01.0238 629.6359
-00.3584 872.2044
00.6235 1063.7919
00.6926 1031.3349
08.0871 419.2302
-00.7522 898.0304
-00.1358 844.1060
-00.7785 00.8656
-01.6557 00.7054
01.1738 1483.0670
00.6735 1312.6349
-00.0943 705.8933
04.7659 1063.7132
06.4368 1128.5920
-00.6837 716.9487
00.0147 153.7834
-00.8436 135.5835
-01.2911 65.6758
00.2722 1197.4620
01.1898 1358.7221
01.2828 1342.2858
-00.6653 689.4988
-01.5445 00.8394
01.4818 1582.7920
-00.7593 474.2644
00.6960 1421.9699
-01.7489 363.2515
00.7676 1352.9051
-00.4631 836.4469
-01.1191 00.4083
01.5077 1396.1171
01.5317 1624.4932
01.2608 1187.4056
01.0661 632.8199
-00.4330 491.0900
-00.3773 02.3240
-00.8613 01.3364
00.0773 1124.4775
01.9236 1638.0899
00.5288 753.6023
-00.7437 404.3134
01.3536 1315.6219
01.2206 1278.0694
-00.2495 117.1876
-00.6786 1088.2107
01.6993 1119.9343
-01.2095 00.8960
00.8349 1045.1900
00.7145 1188.9956
-01.9533 01.0495
-00.2718 560.4520
01.3845 1143.5053
-01.6762 01.2128
00.1632 891.8102
-01.5728 00.8330
00.7775 1005.5230
00.7100 1456.0626
-00.4060 554.2700
-01.6531 01.5022
-01.8581 01.0176
01.5720 1349.0957
-01.6480 03.1739
-01.4859 623.6776
-00.0641 604.6623
-01.8992 01.1240
00.3830 1172.5324
00.5352 1120.8464
-00.0263 1034.2286
-00.8130 644.3947
01.6273 1667.9088
24.5287 1082.3228
01.4168 1493.5947
00.2747 1109.4878
01.4613 1140.8250
04.9309 1240.4832
-01.8199 01.9483
-00.4884 242.1359
01.0764 788.3928
00.7441 1323.5921
-00.9038 383.8675
-00.2329 02.6121
00.8948 1104.5131
-00.6453 708.8910
00.3053 1333.5361
-00.2667 02.0240
-00.4116 405.7340
-00.8124 132.4065
00.6296 363.8102
-00.3412 364.4549
02.7235 1271.6176
01.6464 1580.6674
02.0012 1485.0137
00.0778 889.6078
-00.2815 1114.6310
00.2329 876.4613
-00.2365 808.7335
00.6692 902.4846
02.1088 1646.9361
00.4080 738.7439
-00.4946 386.9469
01.3285 1277.9813
-00.6026 273.2330
01.1456 1330.8639
-00.2962 727.4491
00.1222 1133.1378
00.7231 1298.2009
00.2169 994.1850
-00.6084 79.1724
-01.8954 02.5222
-00.5293 820.2101
-00.9086 914.5429
00.5376 03.6320
01.3929 1394.9262
-01.5768 261.5441
00.3717 726.5569
00.0817 127.6227
01.3556 1321.2611
-00.3933 01.1286
00.1594 1134.6792
-00.1883 840.9622
03.2498 794.4603
-01.6408 03.1802
14.3516 414.7298
-00.7840 641.3134
00.3416 1246.4912
00.7191 779.9252
00.0636 1268.5833
-00.9257 406.6042
01.1464 1190.8330
-00.2202 965.4314
-02.1287 02.2654
-01.0664 612.8394
-00.4988 334.2586
00.8700 1209.6744
-00.5158 119.9895
00.8843 1423.1579
02.0960 1299.4543
-00.4830 291.3778
00.6445 1005.6758
-01.2121 01.8063
00.7366 1335.3456
00.9974 1356.4469
-01.3745 02.9329
-00.4194 01.5140
00.1234 1302.5399
-01.1887 432.0086
-02.0548 02.0946
-01.0857 02.7349
01.1286 1236.0223
-00.3942 01.6806
00.4105 1134.3814
-01.8071 01.0794
01.1267 1193.8732
00.3131 1245.2446
01.9605 689.7773
00.1922 1322.1036
00.7029 1456.7832
00.0036 902.0929
00.9337 1390.1838
00.2550 877.8443
-00.0295 913.8491
-01.0443 02.2468
12.3378 14.0752
01.3144 1480.2554
01.1660 1056.5471
-02.1964 85.2164
-01.3579 01.6057
-00.3358 184.4674
-00.4402 102.8248
-00.8738 536.1600
-01.2253 279.5317
-00.7043 816.2917
04.2127 1235.8417
01.7109 1719.0811
01.1262 1405.6319
-00.8273 236.9096
-01.6537 221.9575
-00.5432 492.1824
20.2650 761.0212
01.1535 1148.8551
01.1442 1483.8798
00.4638 04.9677
00.3950 1142.2874
-00.5495 974.8421
00.2487 1226.1356
01.5847 1348.6236
02.4053 1288.3490
-00.4530 447.7332
-01.4014 01.6874
-00.8362 881.7366
-00.9675 515.9374
05.4599 149.8418
-00.2678 828.6686
00.7361 1250.5595
01.2472 1673.5206
01.3602 996.2907
-00.5580 64.2286
-01.1389 02.3592
-00.2266 838.9286
-00.9480 02.6588
-01.1731 216.2787
-01.7480 01.3532
01.2973 1342.5713
00.4820 1201.9150
-01.3793 00.8003
-00.5111 01.9277
-00.8360 00.3465
-00.2565 245.5525
00.7650 1331.3488
-00.4658 627.2680
01.6175 1444.9538
-00.6324 516.7699
00.1108 958.5228
-00.8679 01.7697
-01.1004 192.6741
-00.2000 04.0058
-00.3566 392.6487
-01.7194 279.5885
-01.3029 125.0455
-00.8508 640.3907
00.9379 1243.8288
00.1890 1278.6850
00.4503 1053.1544
-01.2218 560.8327
-00.7701 898.1657
-01.3943 546.2902
-01.7222 211.7853
01.5885 1669.4331
02.1564 1001.6661
-00.6617 00.3206
-01.9399 378.1012
00.5218 1239.3291
-00.3680 600.3595
-00.5654 655.7226
00.1913 550.3407
-00.8586 660.8453
-00.4038 739.2980
-00.5127 715.6624
-01.9100 128.5575
01.7735 1536.2476
-00.5367 90.3921
18.7415 873.7352
-00.9577 904.0342
-00.8622 02.9886
00.2595 916.0239
01.8518 1560.3244
00.7707 1093.1860
01.1622 1357.0739
-00.1345 549.3576
01.3486 1466.7281
01.4773 1263.5345
02.1440 1687.2983
-01.8339 01.1504
-00.0697 807.0996
00.1538 671.5769
-00.6115 609.0267
01.1056 1331.2105
01.2280 1122.8296
00.4226 1305.9958
00.6979 1411.0542
-01.7360 02.2669
01.6564 1585.5010
00.8089 1470.5068
-00.4767 445.3320
00.1641 1050.8366
-00.7866 165.5533
-00.1772 1196.7683
-01.1649 175.0101
00.5731 1219.4431
00.0859 790.7388
-00.8747 600.9223
01.8869 1063.9283
-00.0282 889.6846
00.9392 1269.1646
-00.2043 727.7896
00.9121 1459.6106
00.1384 984.6507
00.6843 1265.9868
00.4424 1209.2714
-01.0302 484.2059
02.0906 1648.4641
00.0087 1265.0196
00.4514 454.8734
01.2867 658.9285
00.7999 1231.7480
00.0831 760.4787
00.9038 1533.1406
-02.1785 02.4921
-00.2530 227.8866
01.6434 1602.0303
00.5789 1193.8472
-00.9850 183.5437
-01.1111 67.3504
-01.2421 665.7927
-00.4110 869.2941
00.9083 916.5124
00.8265 1232.9945
01.3985 1272.6866
-01.3369 02.8514
-01.5531 108.1135
-00.6595 686.2052
-00.6840 349.2851
01.3061 1472.1813
00.3373 811.4675
01.1039 886.5102
01.2043 1330.5649
01.3543 1379.9121
00.0747 1049.9400
-00.8817 236.8974
01.6353 979.1430
-00.1135 703.6798
-01.6612 01.7160
-00.8101 698.0157
00.8890 1349.4827
00.6441 1475.3546
00.7901 1350.6104
-00.6641 445.0032
01.1427 1083.1741
-00.3144 1126.4664
00.6566 1236.9014
-00.2279 635.1615
00.5433 339.5473
-00.8882 756.6463
00.9526 1391.4817
-00.5682 00.9955
-01.1004 81.5558
01.1805 07.3489
00.7890 1199.0899
00.7352 701.6847
00.8845 1378.5675
-00.5767 542.4883
-00.7075 143.0712
00.7821 973.3777
-00.7202 532.4365
01.1935 1608.0120
-00.2332 886.8954
-00.8541 465.1864
04.5139 1204.1729
-00.0266 1081.2507
01.0583 1312.7435
01.1969 1389.9266
-01.1699 301.7300
-00.8655 311.5654
01.1861 1520.6514
-01.0835 225.4219
02.0043 1510.7066
-00.6795 929.7560
-01.4934 00.0849
01.6137 1535.2210
-00.7223 523.9123
-00.4019 1045.6608
-00.8891 580.9887
-00.9415 00.6713
00.8717 931.7701
01.0918 1597.1599
01.2562 1153.0315
-01.7521 409.6422
01.2766 27.2852
01.4545 1445.1137
00.8901 1490.2983
-00.3125 588.2038
00.2865 919.8372
-01.0078 539.2038
-00.6736 701.7953
-00.1876 841.3858
00.2845 140.9797
-00.4574 1244.0560
-01.4097 00.5603
02.9205 65.8454
00.4833 235.9415
-01.6918 01.4327
-01.1254 00.1820
00.7146 905.1230
00.6117 963.6503
-00.1527 878.8492
01.3437 1098.1911
-01.9718 03.4564
01.8523 1550.9583
01.1833 1532.4019
00.6158 1000.9717
09.8606 707.3409
-01.0932 00.3838
-01.3689 396.7246
-00.5639 431.2389
-01.5405 01.2609
-01.6131 341.1968
21.1938 1017.4518
-00.0049 530.6211
-01.3492 02.0184
00.3405 1011.0951
00.5933 466.1975
-01.1358 372.9912
00.3693 1358.5727
00.4638 1243.9972
-00.1377 925.3523
00.0563 1058.8593
00.3559 04.8144
01.8194 1208.0435
-00.2312 1238.4197
-01.1922 64.9869
-00.3064 754.1775
-00.7091 373.9616
00.5296 1221.4939
00.4363 1333.6089
-00.2838 996.0228
-00.3872 712.9194
01.4985 1438.0230
06.5967 09.0128
-00.2683 881.6046
12.3968 13.3758
00.6496 1347.9451
-00.7438 675.5517
-00.8736 324.7450
-02.0396 03.1299
-00.0166 38.6280
00.4356 712.6801
-01.8743 02.2467
-01.7974 01.2665
00.0381 870.4068
00.3648 1254.6941
01.2490 1358.7876
-01.9199 00.7212
00.6800 1193.9221
-00.2338 1271.5175
00.8979 1371.2226
-00.3619 18.4191
01.4185 1569.0557
00.3494 1183.8952
01.1015 1050.7354
-00.4861 338.5671
-02.1711 02.3007
02.0850 1334.9900
01.8991 792.5674
01.0055 1449.6484
-00.4623 565.6163
-01.7428 00.5661
-00.5227 411.8586
-00.0069 1339.1430
-00.8916 320.3486
00.6979 1321.0161
06.9271 1283.9303
01.1392 1438.5771
00.0958 960.8217
00.5889 1492.1055
00.3331 980.9020
01.3959 1585.6725
-02.1700 02.2899
-00.6319 69.7303
-01.2501 00.6345
00.0607 893.3780
00.3816 631.0519
01.3217 1300.2784
03.7674 179.0630
00.9126 1043.3088
-00.0542 1086.6017
00.4519 788.8877
29.9866 582.4817
01.2838 1428.4103
-00.4244 434.1981
00.3931 1286.1784
00.6566 1189.4232
-00.4105 693.2903
01.5029 1211.6804
00.1751 1261.6298
00.9361 1275.9419
-00.3093 505.1101
00.9798 1252.3930
-00.3640 936.2434
00.7176 1062.8150
00.6495 1306.4452
-00.6591 02.1579
-00.1116 956.0367
-00.0072 1124.3550
00.0721 1020.7573
-00.4139 317.1260
-00.7685 112.9162
-00.0560 708.4421
02.4306 1244.2851
00.9133 952.6991
00.8908 1459.9272
-00.1932 477.3938
00.2713 847.7808
00.5586 1443.2678
-01.0942 02.7052
01.2868 1676.5286
01.5800 1351.4379
00.2109 898.3532
00.9310 473.0022
00.3966 930.7327
01.3800 268.2316
-00.2177 05.2796
00.5989 1153.3036
01.4269 1327.3961
-01.5372 00.4081
02.3756 1021.4510
-01.6059 03.1304
-01.1633 01.3943
-01.1598 02.7942
-01.3345 01.6823
-00.2036 1224.1716
-00.3433 179.2767
-01.8512 02.4327
-01.0966 498.0700
-00.4268 768.0308
-00.8500 248.3972
00.7590 845.5717
01.5384 1559.3954
00.0036 562.9712
00.6241 785.6254
-00.6019 689.0555
00.7390 936.5754
00.1289 792.1124
-00.4925 973.7852
-00.4297 792.0263
00.3282 83.7789
-00.1042 02.3768
00.8076 821.2471
-00.3565 1144.1303
01.3896 1386.1401
-01.5586 206.7550
00.6040 1333.5887
-01.8845 01.1685
01.5020 1051.0949
00.8525 1151.6802
-01.2700 00.7655
01.3607 1486.9047
-01.0294 303.5134
01.1294 1535.4713
-00.8359 696.4245
-01.9107 126.8315
01.8578 603.6546
00.5827 1039.7603
00.6376 731.8598
01.0041 1045.7141
00.6556 885.3266
00.7760 1300.6966
-01.0279 591.9017
00.9952 1270.0785
00.8885 1284.3047
-00.6369 302.2597
-00.5002 273.9942
-00.9667 793.3076
00.1524 1047.2844
06.8472 564.2293
-00.5715 432.3962
01.6342 1243.8685
00.7605 1293.0822
-00.4115 802.8061
-00.1572 496.0459
-01.2154 00.2510
13.1768 826.2344
00.7441 970.3895
00.5043 939.3818
01.8373 1640.8688
-00.2860 1043.1473
-02.2736 02.0843
-00.9915 552.0757
00.5678 1423.0234
00.8289 1072.1696
00.2392 1147.2212
-00.6932 03.3625
-01.7391 00.1527
01.2660 1668.2521
00.0508 607.8407
-00.1763 1101.6016
-01.1871 219.4056
-00.4428 617.3415
-00.8265 365.0875
00.9127 1075.8360
-01.1430 82.2442
-00.2311 1145.7351
-00.6694 361.0618
-00.8236 462.2700
01.4050 1368.3673
00.3451 975.6956
00.1794 1035.9881
02.0832 1271.9117
01.5761 1338.9323
00.2868 372.1381
01.3463 684.9480
-00.2834 02.9675
-01.1664 00.2086
-00.2266 422.7333
00.4547 662.8939
01.1669 1377.0644
01.5051 1429.3140
-02.1237 01.9407
-02.1360 107.3267
00.6170 1377.9354
-00.6061 401.5316
-00.6971 874.6299
-01.8989 254.8577
-00.0712 470.4648
-00.9960 787.2205
00.8720 1010.4217
01.4814 1282.5431
03.3655 05.9913
-00.1845 575.3913
00.8525 1208.2397
-01.0333 01.6357
-00.9869 550.3209
01.0550 1226.2578
00.6024 1021.8802
01.8364 1465.6592
-01.5095 01.3715
-01.5566 02.8563
00.3422 1060.0876
00.5842 1167.4727
-00.1115 05.4812
-00.9446 01.3186
00.8199 887.8432
-00.2772 1050.6373
01.2414 1126.3179
00.8569 1530.1144
00.2018 858.2678
00.9715 1334.9004
01.7322 1149.5412
-01.1133 828.6086
00.4024 1289.3987
00.0059 770.6307
01.5672 1383.8672
00.1499 401.4880
00.0782 02.5979
-01.9608 53.1832
00.3899 1172.7175
-01.2482 50.7588
-01.2283 02.1864
00.2196 652.0303
00.4548 1322.7001
00.3300 760.6559
-00.2704 1060.7818
00.8270 1060.4748
00.1192 1032.8685
01.3886 1158.8827
00.8824 957.4893
-00.7788 776.1813
-00.9220 02.4275
01.4366 1077.9365
00.3860 779.3630
-00.3918 842.2445
00.1090 980.2326
00.7220 1315.3018
00.3418 1135.6794
00.8983 1460.9065
01.0351 884.1187
00.1650 993.6249
01.4786 1505.7016
00.3811 1147.7409
01.4862 1566.0202
-00.0662 1012.6231
-01.5245 63.7890
00.2657 603.4986
01.5356 891.4569
-01.0842 555.3187
01.3178 1402.9756
01.8166 1440.0919
-00.2608 854.0671
01.8199 1445.7860
00.1358 1064.4456
-01.2866 395.9391
00.2362 1338.2050
-01.3498 00.6404
00.8212 1449.1272
03.7630 333.8957
01.9535 1653.8031
01.5797 1432.9762
00.8343 1553.1237
00.3762 1045.5731
01.3359 1394.3781
-00.2219 1163.4556
-00.1035 183.7543
-00.8781 87.1930
-01.1833 00.5244
-00.4423 645.3944
01.6986 1281.6932
-00.3968 50.5705
00.8486 1129.4978
-00.7505 612.0252
-02.1035 03.4424
00.0784 01.7481
-01.5979 02.5775
01.1731 1415.0013
00.6852 1302.0146
-00.5839 17.7100
00.0910 722.7705
00.7790 1526.9306
06.5290 895.6355
00.7480 484.5260
-01.7989 02.4582
-00.4217 500.1768
-01.0351 00.7662
-00.0910 1106.3705
05.7997 1172.7729
-00.6286 471.0582
-01.4120 03.5765
04.2292 1254.6828
-01.2098 545.8109
00.0281 609.5818
-01.0228 02.3301
-00.4314 482.7955
-00.5053 1109.6476
00.9695 1275.0885
-00.7606 767.3202
-00.3712 203.5954
00.5775 783.8875
-01.3570 03.6575
-01.2014 466.7594
-00.5687 705.6814
00.6875 1479.1313
01.1518 1454.4204
-00.2654 554.4061
04.5149 06.8242
-00.2904 10.1152
01.1124 03.6056
00.1233 393.3527
00.1181 985.6846
01.4821 1240.6108
01.7236 1661.6111
01.7773 1689.7816
-00.1530 01.6910
-00.0548 628.0818
-00.0437 02.2307
01.2906 1511.9647
00.0280 816.3582
02.1518 1267.3862
-01.4024 01.2531
01.1937 1421.7291
-01.3635 00.1437
-01.1308 400.0303
-00.7559 243.3860
-00.7048 265.1429
-00.9170 01.6993
-01.3781 469.0882
02.7373 1213.5221
00.3801 1259.2848
-00.4535 295.2023
00.6876 1196.7458
-00.7114 277.1563
-00.9090 590.1234
00.5145 1310.0741
00.3749 1363.4301
01.6532 1686.6797
-00.1348 1077.2188
-00.0665 664.3203
00.5233 806.0720
-01.4950 02.5386
01.8995 1445.1680
00.5349 913.3526
-01.2555 03.1848
-01.6740 00.3211
-00.7900 468.8838
01.6933 855.1350
-00.0886 728.2369
-01.1829 00.9996
-01.0042 141.1859
00.8069 1430.0618
00.6091 1393.8937
-00.8799 02.4850
01.0004 1191.2068
-00.3907 1265.6634
00.2840 1037.3346
-01.8195 00.2486
-01.4704 00.2224
-00.6898 17.4722
-00.3983 308.3904
00.6982 1226.7945
00.6796 1473.8965
-00.4764 597.2372
-00.7812 170.1707
01.1872 864.0756
02.8155 1372.6474
-00.5438 588.8061
-00.6192 171.0209
00.4638 1000.4230
00.1944 867.4450
00.7409 775.1822
-01.2542 01.1635
-01.2301 403.2761
-01.1268 288.1420
-00.0724 1331.0264
00.3305 1131.2705
-01.2956 350.3092
00.5883 713.0989
01.9725 1581.8919
01.8333 881.5681
00.4210 1314.4558
00.0020 03.3471
05.4082 1112.7894
-00.7596 311.0870
-01.4294 01.0319
01.1038 1399.5455
-00.2295 1075.7230
-01.2471 248.2678
-00.3445 703.6419
-02.4050 114.7617
-01.1049 215.6871
-01.5531 00.7695
00.0388 1055.7109
00.5148 1103.8719
00.1162 1154.6411
-01.2797 230.1473
00.6032 1193.8028
01.2990 1616.1677
00.5780 1300.9639
00.8791 1284.5415
00.0944 976.2455
-00.5004 380.9779
00.0875 474.0003
00.1884 979.1728
01.0864 1211.1089
00.8881 1133.9742
00.9100 1270.3263
01.2101 251.1858
00.2607 838.4032
00.5758 1413.6781
03.0796 1041.4007
-00.2012 491.3554
-00.0465 1116.3698
00.7193 1306.8499
00.4485 1168.6464
17.4686 231.8369
-01.4774 368.3466
00.1454 882.2632
01.1200 1163.5978
05.9955 1243.8814
00.1258 641.6054
-01.8163 00.7109
00.1222 1037.2410
00.0275 781.8762
-00.4503 943.3273
01.8448 1496.3646
01.0984 1547.8509
-02.1949 02.8186
01.3556 1140.6193
01.8683 1269.7218
-00.2671 04.6690
00.7355 1223.6878
-01.2381 506.4875
01.3446 1052.3490
-00.2213 206.2082
00.0860 1355.6766
01.4072 1375.0032
-01.6978 01.5235
01.1687 930.5145
00.2599 1247.8189
00.3030 1077.7310
01.0882 1313.2650
-01.2855 390.1613
00.7225 1253.2771
00.2041 998.3557
00.5933 1028.4428
-01.6593 26.5445
01.0032 1348.1629
00.7644 1074.9157
-00.3505 1016.4830
-01.9080 00.8122
01.5645 1592.0842
00.6313 02.8114
-00.4276 993.1198
-00.8594 412.9892
01.1620 1399.2237
-00.5946 414.3314
00.8042 05.7848
02.2579 698.6899
-00.9018 492.8832
-00.4963 927.8976
01.0750 1146.7554
-01.2699 00.3738
-01.6578 358.3908
-00.9647 630.5224
-01.8092 01.3273
01.2696 1372.6475
-00.9302 00.4260
-00.3219 600.4687
01.0080 1152.0202
-00.4410 218.0191
-01.8475 20.6378
00.6479 1405.8347
-00.8290 568.0911
-00.8634 371.9331
-01.9785 01.1697
-01.1832 00.1206
-01.2811 02.9499
00.2274 963.0985
-01.6970 00.6212
00.0280 1135.4804
08.6602 605.9022
-01.2562 259.4430
-00.1937 770.5260
01.1762 1185.3867
00.3616 1006.2200
-00.0934 931.1722
-00.1875 920.6783
-00.2256 301.6157
-00.5638 763.1643
-00.2155 818.6216
-01.4441 107.6960
01.9857 1325.0169
-00.8011 210.5094
00.3565 762.4527
-01.2371 00.6536
00.5914 978.1827
01.2792 1495.2464
00.3566 866.0903
00.6578 911.7138
-00.3159 512.7013
01.1281 1381.8674
-00.2732 740.8531
00.9213 1523.8609
-00.9530 507.0480
22.2129 810.8090
01.6010 1451.3981
-01.9134 02.7680
-01.2219 03.2145
-00.7604 370.7946
-00.3373 1190.1088
-00.4734 1031.3279
01.0717 1060.5550
-00.9235 254.7874
00.6829 1163.4841
01.3895 1280.4556
00.9638 1320.2662
-00.5365 422.4741
01.1669 1427.4246
01.2644 1155.5456
-00.4397 776.4259
00.2329 194.8035
00.9805 1556.1253
00.4866 991.5774
01.0326 1424.1530
-01.1973 130.1963
-00.4176 310.1486
03.7018 1153.3835
-00.0082 870.2554
01.4237 1434.7112
05.7628 1065.0875
00.6473 1453.0046
-00.1037 1157.6050
-02.1043 02.0847
01.2682 1544.6821
01.3899 1368.5885
00.1599 404.7109
-00.0761 931.0950
00.8147 899.2841
01.3826 1492.7352
-01.1037 167.2296
-00.5980 389.3329
00.4303 1285.3100
-00.7763 316.4784
-00.8092 642.9989
-00.8923 328.8104
02.1485 1343.3479
-00.4830 03.0993
00.9524 996.8044
-01.3056 440.0313
05.5998 902.0571
02.1205 1635.7531
01.2557 1381.4228
01.5811 1670.8599
-00.8250 457.5687
01.7745 1214.1736
00.3930 1221.8769
-01.3352 00.9591
01.3741 1450.7564
01.1202 1524.5249
00.2783 1104.5149
00.1186 1128.6718
-00.0782 732.7109
00.5770 1103.2922
00.4256 1213.9365
00.7992 1413.4768
-00.7895 831.5499
-01.7096 336.6828
-01.5069 01.1826
01.1818 1362.6033
-00.6242 553.9956
01.5206 1370.9545
02.9551 1165.5393
00.2718 711.9394
00.2001 967.0958
00.0172 1224.1165
00.0623 765.8301
-01.1667 790.8869
-00.9140 256.7572
-00.7108 01.3858
-00.1265 863.5286
01.1288 1005.7411
00.0822 991.8537
00.5277 1307.8753
00.6329 1399.9506
01.2976 1604.6106
-00.5421 925.4323
-01.0449 107.4020
-00.6315 03.3110
-01.0333 01.3517
01.3845 881.6051
-00.0785 941.6763
00.5994 1178.2505
00.5084 1390.3875
-00.5835 446.2562
00.8746 922.6522
00.5043 1105.4944
00.4207 1385.5376
01.0154 1404.0260
00.3386 1331.9414
00.8873 1519.8683
01.0552 740.2985
00.3754 1308.0842
-00.1351 1047.5148
-00.5427 515.7340
-00.2698 347.6042
-01.5012 01.1045
-01.2101 02.3935
01.6960 1405.0622
-00.1515 1069.3130
-00.3218 936.2944
-00.6094 327.9176
01.2652 1387.6561
-00.2150 195.1112
00.2269 1175.6596
-02.0426 02.3358
-01.4402 282.0663
00.7737 1431.3833
02.9650 1139.1936
01.1706 1437.9299
00.3362 883.4943
04.9676 1116.2168
00.3110 843.7931
00.8108 1320.5290
-00.9962 285.1558
01.1166 1457.7345
00.5108 973.2018
01.0356 1366.2733
-00.3156 901.8022
00.8727 1237.7734
-00.3014 871.2919
00.7819 1397.1015
-00.4453 877.7897
04.1627 09.6498
-01.5421 388.9307
00.5877 1137.2170
-00.4047 614.8359
-01.8532 00.3156
00.8959 659.1465
01.6810 1287.5453
-00.7494 63.5024
00.4236 1506.8748
00.8091 1503.8766
-00.6361 338.4635
01.1213 1101.1053
00.5655 635.8300
-00.8036 201.8945
-00.8409 00.1445
-01.6476 00.0443
-00.8786 215.0834
-00.5497 591.8068
00.2635 1206.1797
-01.2451 24.4324
-00.3487 770.6893
-00.0957 627.6081
-01.1928 427.8265
-01.2904 260.3522
-00.9291 02.3617
-00.1397 867.1079
-00.4834 861.2378
00.9647 971.2112
-00.1731 535.4955
-00.6067 01.7037
-00.0348 315.5748
-01.6657 03.1048
06.7409 894.1776
00.1636 496.1181
00.3628 810.9964
01.1334 724.5168
01.2550 1463.8180
01.1999 1230.8219
-00.0583 932.9392
01.2662 1506.5624
-01.0132 01.1775
02.1590 194.8869
00.1794 1056.7888
-00.6000 788.9044
02.1558 1586.1159
00.7827 1393.9054
01.5447 1633.4662
00.5166 558.9412
00.7921 1179.4378
-00.0645 913.8442
02.3970 1310.9885
-00.7851 380.7978
-00.9326 298.5283
00.6652 1421.3474
00.2455 1091.8649
01.1809 1125.8007
-01.7250 02.2926
01.8894 1449.7812
-00.8350 01.2495
02.1128 1675.7333
-01.6599 02.1364
-01.1007 299.7362
01.6486 1577.6125
-00.6980 1065.2596
-00.4771 420.6045
-01.9589 03.3583
08.1920 1142.8857
01.5016 1589.3927
-00.0741 927.6387
-02.0627 374.8915
-00.6007 860.0442
-00.0331 872.5256
-00.5657 417.5146
00.4454 03.3228
-00.8205 00.2940
00.3816 970.8899
00.0350 332.5822
-01.4946 00.1996
01.0315 1621.8218
00.6041 794.8904
-00.6514 475.6040
01.4002 1495.8241
00.1031 833.8393
-01.1567 26.5701
-00.0560 1052.6291
01.5215 1483.2315
-00.4711 353.6280
-01.1519 443.1722
-01.2824 456.7182
07.7042 466.7663
00.5887 1575.7502
01.1861 1365.5756
00.6600 1126.3267
00.6091 550.0572
00.9955 1494.5542
-01.5313 64.2807
00.8008 1091.9312
00.8795 1131.2479
05.1149 296.6685
-00.0653 908.4951
-00.4485 118.9442
00.4846 1382.3685
-00.0630 03.5008
-00.2026 442.6342
01.0686 1542.4297
01.6755 1443.1902
00.2601 1320.3578
00.8904 1424.4970
-00.5122 610.0729
00.5002 814.6457
00.0050 354.2037
01.8611 913.3500
00.1831 1228.0963
00.5356 1131.5513
00.5111 1165.8290
01.9420 1029.1517
00.0660 1102.5357
01.6645 1213.3874
-00.3036 514.7061
-00.1543 134.5604
00.2211 809.1053
-01.6645 104.6819
-00.8723 01.6766
00.6363 1068.0468
01.8300 1685.4502
01.0930 1124.0397
00.1160 158.8431
00.8422 360.9726
-01.0200 01.6262
-00.6881 67.7322
00.9456 1011.9273
-00.2513 456.3619
01.4257 1369.5389
-00.8778 311.4645
00.5180 1463.6628
00.6630 04.7187
-01.8291 01.1950
-00.1283 41.3071
02.9767 1131.9565
-01.7013 01.8999
-01.1115 02.2879
01.5295 1093.7510
01.2410 1524.4495
-00.7395 407.3240
00.8720 973.1547
01.0412 1050.4904
-00.0544 242.5936
-00.1714 965.6212
00.3615 974.5588
00.4538 900.7975
01.0227 1372.7857
02.9791 04.8167
-01.6421 00.9242
-01.2711 216.1045
00.0830 1144.8497
-00.9463 02.4761
01.4512 1387.3406
-00.4685 947.5215
00.6752 390.7333
-00.8245 02.6162
04.6533 1293.7751
-00.6981 677.7507
-01.0243 03.2481
00.8246 1338.7017
-00.1044 851.5267
-01.0331 02.3083
-00.3035 901.8819
00.3975 1178.8854
01.5380 426.6261
-00.6872 219.7384
01.1580 1264.8548
00.1094 733.9185
00.7668 1313.9060
00.4174 02.5719
01.2812 1606.4032
21.7238 366.6443
01.6048 64.0248
-01.6666 01.7592
00.7922 1096.7799
00.0862 04.9857
-00.3842 1071.8931
00.3097 643.5182
01.2846 1214.1982
05.6535 07.7436
01.1179 1033.9103
01.0218 1431.5966
00.1516 1370.4048
-02.0124 01.4455
-00.6722 480.7938
-01.0300 598.8165
00.5464 1136.5841
-00.5687 791.8417
-01.4332 00.4508
-00.8822 236.4504
-00.9243 645.9892
00.7146 1339.1808
-00.1067 01.0373
-00.7193 32.0612
00.2083 1015.8677
01.1876 548.6940
-00.5786 588.5377
00.6846 1353.9994
01.3093 1627.1326
-00.1146 02.8020
-00.5987 01.9150
01.0938 1129.1230
01.5493 942.2484
01.2009 1568.6620
-01.0785 00.6573
01.1618 959.7737
00.0784 1186.5665
00.0427 691.4138
-01.6677 01.6662
01.0465 1163.3089
-00.1378 1160.2437
01.0317 1460.2229
00.0189 838.4859
00.9915 1260.2188
-00.9146 21.7245
00.2676 1035.4630
00.4417 398.0420
-02.0530 117.6962
-00.0915 338.5730
00.0731 622.5004
01.2633 1342.2060
01.0113 716.5827
01.0699 1612.3975
00.4449 440.8780
01.1022 609.8653
-00.3218 373.9593
08.2495 945.5899
-00.8807 02.8669
-01.2136 19.0913
00.9175 1146.9136
01.4317 1627.3808
-00.0533 1096.3753
-00.4717 790.1893
01.2998 1149.8598
01.2529 1606.9925
00.6617 1228.1691
01.7321 1483.5443
02.0443 1475.7804
-00.3746 1075.2696
00.6352 1201.1099
01.6100 1665.6594
00.5532 780.2408
00.9049 1388.5990
00.2625 1262.5315
00.1344 907.5164
-00.7617 71.0548
-01.2184 610.7538
-00.1022 371.1221
-00.1792 109.0589
-01.3391 120.5610
-00.8942 01.2715
00.3984 447.3524
-00.1132 588.0927
-00.0841 913.4492
-00.1299 1065.8926
-01.1909 533.2435
00.2508 191.1187
-00.9178 258.2378
01.3525 932.0727
-01.5488 00.6366
00.5982 1356.3130
-01.6007 00.4954
-00.3215 1087.1382
-01.3303 00.6941
01.3382 1455.3752
00.2247 1446.0545
00.2360 1012.3884
01.4245 982.3339
01.7629 1376.2525
-00.7215 632.7949
-01.0000 248.8188
-00.5147 829.6949
01.5072 198.5433
01.5013 1486.6819
-00.2195 925.0339
00.1160 965.1704
01.8139 1597.5362
01.2298 1482.5148
-00.8467 00.2875
-00.9338 01.4385
-01.2311 254.8676
00.1425 607.6681
00.9837 1378.2401
00.5413 842.0323
01.0424 1190.5780
01.4237 1479.0787
00.9537 1282.2744
-01.8307 01.2517
00.7336 1327.7412
00.6112 1356.6262
-00.6405 475.1590
01.9090 05.9145
-00.1874 742.1804
-00.2468 378.4401
00.7561 1469.0219
00.9549 1526.5071
00.3126 520.9614
-00.4404 576.2045
00.2334 1142.3846
-01.1792 00.5923
00.9504 1093.0943
00.0775 1148.4668
09.0804 455.0522
-01.3460 365.5466
00.4058 944.0900
-00.7221 682.3635
01.6150 1666.6243
-00.3293 650.4254
-01.0287 02.2752
00.5876 1343.0620
00.2944 307.2876
00.5639 810.1725
00.2783 1268.6069
-00.1371 717.0909
00.3797 1186.6748
-00.5335 764.2226
00.7580 1104.5403
-01.4399 02.9646
-01.3284 02.9009
00.9989 1437.5746
00.7533 1047.1480
06.0093 621.9541
-00.3448 589.4765
00.5661 870.4859
01.0160 1395.7470
-00.4972 821.2446
00.8984 1408.3707
00.6313 1359.0243
00.5894 1312.9259
-00.2902 432.8638
01.0445 1355.6355
-00.4377 1063.3239
01.0123 1331.9272
01.5635 1442.2728
01.1550 1136.4317
02.6088 1257.3301
-00.1002 04.3457
00.5275 1366.3471
-00.0488 1026.2527
-00.4872 997.6350
00.8009 1066.2580
00.8494 1413.7098
04.9348 10.7383
01.3504 1302.3023
01.1228 1146.7974
01.8698 1606.4204
-00.8800 00.3541
00.8537 1180.3168
-00.2240 593.2758
-00.0297 930.5736
-00.4448 1086.1087
00.1863 1254.7784
00.6882 1415.8734
01.6850 1559.8972
-00.2745 700.8579
-00.4502 290.7165
00.2377 1278.0013
01.5697 1420.5055
00.0563 535.3177
00.9938 1337.4359
00.8464 1440.7359
-00.7774 269.6782
07.8256 09.7785
00.7347 621.4867
02.5133 1438.0171
-00.0747 491.4442
-02.0573 03.5704
00.5001 1328.7207
01.3482 1402.7792
-00.5012 743.3341
-01.2940 01.5903
00.5803 873.3100
05.4725 06.7242
-01.0878 01.5920
-00.3796 03.1299
01.3239 1495.9989
01.9358 808.6424
-00.9808 02.4558
01.3296 1482.5702
00.0055 749.5358
-01.4027 01.7514
-00.1090 927.0497
-00.7443 502.0390
-00.1133 365.5179
-00.1298 619.2439
00.9436 1350.3948
-00.9109 487.0872
01.3843 1574.2274
-00.2969 899.8345
01.0062 1571.5253
-00.8300 310.4575
01.8289 486.0473
01.3720 1511.8330
-00.5662 23.4326
00.7811 1217.9912
-00.2193 643.8839
00.8245 1051.4757
00.8550 1567.8659
02.2429 88.1147
-00.6521 793.8777
-00.1344 1272.2166
00.9157 1333.1226
-01.3061 236.6526
00.6940 1384.3199
00.7909 1372.5734
-00.8185 13.3893
-01.4468 01.2156
00.3266 497.5113
00.3453 1183.3852
02.3012 1436.6610
-01.5156 43.3927
02.3034 1012.6715
00.5274 1278.1081
00.8448 1270.5892
01.4783 1645.7423
-00.9972 00.8587
01.9204 05.2919
-00.7927 277.3033
00.8593 1410.3207
00.4369 761.9935
-00.3867 191.8985
00.3566 722.1399
01.5614 1493.3383
-01.0577 00.1798
00.7113 1514.0203
-01.6416 03.7597
00.0046 849.4937
00.0639 288.3545
00.6064 818.9430
-00.9300 172.4471
00.7816 1217.1972
-00.0857 319.9466
00.4834 1266.9410
01.1818 1372.3618
-00.1462 1240.1269
-00.1214 833.5951
01.1455 1328.0788
-00.7874 503.5877
-00.5190 652.6292
00.5274 1271.8828
00.4537 1096.6984
00.0140 1224.4881
00.5933 781.7335
01.8385 497.2701
-00.2999 02.9525
03.9972 60.1554
-01.4678 01.1800
00.3621 1158.2825
-01.7105 148.2701
01.2248 1502.6153
00.8161 804.4953
03.8766 870.4989
00.6970 971.4499
01.0596 1305.5200
-02.0176 189.4199
00.2878 631.6394
00.4019 1037.8765
-01.0010 00.6789
01.2933 1588.7866
-01.2472 04.7753
01.3298 1545.0448
-00.7572 393.3889
-00.6583 440.0205
-00.6058 722.8243
-00.9050 527.6261
01.0667 1179.0107
04.3612 239.5175
01.6871 1362.0425
01.1211 1041.2112
-00.7569 446.9018
-00.4621 587.2425
01.4842 1482.4532
-00.0425 952.0503
01.2682 1605.0444
01.3238 1517.0755
00.4816 1279.7027
00.2605 1257.3760
00.3853 614.3950
01.8786 1316.0004
01.1128 1402.0238
-00.1638 1002.4563
-00.6245 629.1056
00.3391 02.7980
01.1766 1207.5272
-01.1967 03.2630
00.6819 1292.5530
-01.0656 662.5380
02.2544 1304.2559
-00.0740 87.6986
-00.2501 883.3855
00.8920 967.1425
01.5869 1579.4839
-00.3198 03.8005
01.1771 1141.7255
-01.7505 36.8329
-00.1051 1346.2714
00.2506 564.6579
-00.2533 181.6897
-01.9876 02.3663
-00.6805 1017.0682
00.1183 825.6677
03.9098 854.3966
00.6839 1233.5211
-00.3222 1142.1083
00.7932 1244.7717
00.0424 908.1502
-01.2627 139.0144
-00.0715 06.6112
00.1189 764.7021
-00.1150 861.6466
00.6144 655.9347
-00.7668 00.7001
00.3635 1301.9465
01.4013 1327.9748
-00.7964 794.2767
00.5938 1037.3639
-00.0643 1029.2329
02.6197 1015.7938
00.6971 492.5482
01.7051 1283.9746
-00.5891 446.7254
00.6175 962.7727
00.8558 1026.3835
-00.0866 1015.4538
00.7071 770.1705
00.4890 1066.1738
01.9093 1533.9987
00.5061 1118.9095
00.6044 1022.3383
00.9992 1484.9337
-00.8319 625.1640
01.1248 1493.3095
-00.6933 1006.0654
-00.5256 271.1933
00.4660 1336.4371
00.8580 1327.9298
-00.8914 00.6717
-01.1634 439.7416
-00.3653 988.0100
00.6915 962.7306
00.2775 1101.1386
-01.0021 374.8956
-00.2901 313.7247
04.9468 1099.7033
00.4289 854.0517
-00.7978 172.7449
-00.7224 510.8826
14.7444 394.7444
-00.6384 03.4951
02.0614 1322.3655
00.9283 1288.6110
00.6105 1538.3094
00.7106 831.7309
00.2142 961.5023
-01.0512 331.5481
-01.0504 124.0511
00.3233 927.1840
00.0773 645.7697
-00.7322 1002.9594
-00.2699 734.8765
00.0155 03.1341
-00.5696 04.6271
-01.6800 02.3288
-00.3466 766.7509
-00.2468 928.5915
00.6062 1248.0031
01.5769 1527.3317
00.3245 1047.3135
01.5880 1622.2347
01.4023 978.5732
-00.2074 615.6853
-00.9086 00.4751
02.0756 613.3443
00.7709 1456.7885
01.0138 1392.6552
-01.4197 00.3612
00.0976 802.8443
-01.5634 02.7581
01.8327 1579.6966
-01.3667 376.5073
00.8119 862.7751
-01.4662 01.9061
-01.4839 322.0554
00.6581 1148.7239
-00.5369 460.8848
-00.6046 336.2432
00.6164 687.5795
04.4941 1133.9241
00.1239 527.9654
00.0839 04.1804
-00.7224 263.2586
-00.2469 04.0758
-00.9707 182.6775
00.9948 1513.8525
14.1680 626.8872
-01.6756 01.2261
01.7994 1640.9455
-01.8673 47.2918
00.3192 1531.6301
-00.3722 803.6515
-00.2076 701.4647
-00.1168 78.6855
00.2399 179.3163
-00.3946 887.2219
-00.4573 767.5670
00.0844 917.0016
-02.0141 02.7512
-01.4500 02.1400
01.7396 1363.6613
00.6509 950.5578
05.3278 943.3693
-01.1480 02.3921
00.2763 1061.0085
-00.2769 413.5837
-00.7452 352.4667
00.0963 1272.2971
00.5193 1073.5344
-00.2277 1087.5294
-01.0764 184.3651
-00.1436 788.9863
-00.3719 867.1089
00.7356 427.4364
00.8474 1296.3905
00.5213 1274.4108
01.6015 846.7275
01.3386 1428.8628
00.1607 1289.1563
03.3008 1265.2588
01.5992 1297.9675
-00.4933 983.8677
-00.1006 429.3166
01.5059 1659.9422
-00.1718 00.9941
-00.1301 782.4960
-00.0956 02.1019
00.2224 1080.4128
01.5360 1505.6864
00.4313 976.1626
00.1742 693.1596
00.4667 1000.3742
-01.3878 97.7382
00.8857 1388.3223
00.5991 855.5138
01.4061 348.4330
02.2744 1379.3924
-00.7450 02.9090
00.3852 944.4837
00.8028 1441.1366
-00.6019 04.5734
-01.2825 03.0754
06.1559 848.6995
01.9216 1716.0848
01.5834 1593.1294
00.0656 1184.6704
-00.7448 413.9019
00.3353 681.7620
01.0599 1412.6674
-01.2592 97.4804
-01.3413 01.8182
01.2405 1113.6885
01.8621 1278.5176
01.8270 1666.2788
-00.1833 881.8063
01.6716 1412.2066
00.2286 1241.8421
-00.2757 871.5716
-01.2366 421.6859
-01.5529 114.5428
-02.0667 03.3797
01.6616 1384.4916
-01.1913 00.2569
-00.4075 1286.0072
-00.8415 484.5358
-00.7589 01.8076
-01.0457 751.2982
00.8473 1178.1560
01.8412 1548.1235
-00.2184 680.2085
00.5157 980.9828
00.8676 1146.0181
00.8249 1231.8407
01.2992 1511.1708
00.4429 1181.8366
00.4878 606.0358
-00.0399 598.0799
-01.8384 414.3916
-01.6479 320.8993
02.2902 944.6408
00.2823 1274.5972
-00.7132 523.2672
-00.8154 586.5308
00.0342 838.2344
01.1759 1223.5746
-00.0823 47.2912
-00.2065 668.1191
01.2700 1498.0945
00.8700 780.0843
-00.9670 02.6114
00.6235 1237.3465
-00.9867 132.1178
00.0132 859.1541
00.0349 663.5067
00.2153 627.0367
-01.5647 00.7001
00.5878 1407.4939
00.1809 488.5186
01.4236 1174.6245
-00.4141 1063.7339
-00.6633 369.6049
00.7529 1207.9742
01.0653 1265.2545
-00.0756 1082.6120
00.8046 1182.0235
-00.7462 515.5805
03.4508 1336.1305
-00.5572 775.2384
01.2807 1540.7029
00.6259 1484.8996
-00.0859 780.1945
01.9083 1657.4757
06.8838 1302.8794
00.1477 1294.2665
01.8856 1567.9456
01.1774 1679.0690
00.2490 760.7089
-00.3622 442.9249
01.6332 1439.5381
-02.0978 02.6524
-00.5076 02.7243
-00.1278 1016.6498
-01.4261 297.4444
01.0912 1333.8227
02.0417 1279.6488
-01.2618 58.1630
00.3340 528.5610
-00.3274 983.1124
00.6856 1054.2332
00.6361 891.4163
07.4893 1040.5430
01.2534 1477.2541
-01.4622 177.2070
-00.0059 1086.2631
01.7950 1218.3552
01.0649 1404.3113
-00.9590 274.1898
-00.0862 03.3722
00.1655 604.1178
00.7273 1006.0361
02.9937 1240.5975
-01.8215 02.1229
01.6252 1578.3886
02.2522 1746.0605
00.7088 1167.7745
00.5704 1386.0421
00.6682 1419.0039
-00.8252 296.2959
00.3047 1277.5537
-00.0556 1210.9454
-01.6584 164.5441
-00.1596 855.3452
00.5112 1050.9318
-00.6748 01.1442
00.4697 678.6763
01.9595 1648.9258
-01.5987 651.1641
-00.5957 05.0611
00.6179 928.5099
01.7773 713.9045
01.3311 1244.1200
-01.1095 472.4866
00.2547 1104.8631
01.7509 1446.4426
-01.4516 92.8180
01.2971 1141.7328
-00.6293 01.2295
00.5374 1437.0820
-00.6392 528.1665
00.4841 891.4705
00.1095 275.3472
-01.6602 61.7271
05.2381 1222.0441
-00.4604 1029.2680
00.5778 1498.4973
00.7225 896.4479
-01.3868 01.0528
00.9817 987.5270
08.2766 763.6469
01.2735 1498.4852
-00.1015 484.2816
00.0344 746.7451
-01.1470 02.9619
01.0218 1272.7624
-01.1730 01.4250
01.1942 1476.5424
-01.5049 84.7066
-01.5957 242.3021
00.0340 967.0565
01.6598 1584.1025
00.8200 866.5380
01.6272 1520.3385
00.7229 79.4524
-00.6950 612.7808
05.6648 442.0912
-01.3941 00.2754
01.0905 593.4488
00.7349 433.5183
01.0635 1277.2292
02.6516 927.6035
02.3759 281.9699
00.0985 936.5344
03.1940 391.8392
00.3005 954.2869
01.1677 1410.8792
00.6499 943.9469
-00.2996 893.2049
00.8588 974.4180
-00.8543 502.9766
01.4773 1628.1212
-01.3649 00.2753
01.2983 992.3900
-01.3344 39.3376
01.6165 1520.9350
-00.0664 837.4381
-00.6839 496.1444
00.3761 1243.9985
00.1454 384.6006
01.7272 1615.6483
-00.5119 524.3323
00.3285 455.4674
-01.1918 552.1141
01.6797 1461.0909
-00.1714 791.4109
-01.5862 00.8622
-01.4880 564.8603
00.8796 1587.9643
-01.5610 533.5567
-00.1655 437.4081
-00.1768 572.8509
-00.3740 1189.4478
-01.3473 96.5910
-00.6384 01.2747
-00.6676 593.1662
-00.8268 888.4351
-01.6400 00.5333
-01.2725 340.4378
00.8607 953.6708
00.5213 1001.7107
-00.9691 293.2711
00.9216 1264.6983
-00.9215 743.9522
-01.0997 02.1272
-00.3629 509.4109
-00.5800 02.0211
-00.0883 737.9097
00.7780 1574.4941
-00.2454 768.2081
00.1947 1014.1459
01.2799 25.7561
00.4743 1377.1603
00.1090 1257.7088
00.2661 1005.2740
-01.0212 02.3299
00.1831 564.3236
01.5915 1242.2939
-01.9285 41.3322
00.8891 1022.1078
-00.7586 02.5207
01.9734 1563.4328
03.7291 509.3903
00.3564 874.7448
20.2189 193.7942
-01.7078 01.1130
-01.1946 215.4182
00.2750 937.4336
01.1716 1286.9652
-00.7412 53.6048
-01.8481 01.9940
01.0830 972.9824
01.1685 1175.6222
00.0094 922.8624
00.3046 1033.7723
-00.8304 00.2279
-01.7641 01.6037
-00.5529 01.3487
-00.9009 819.5157
-00.0368 934.7548
00.5918 731.0310
02.6334 853.0043
00.1983 814.8829
01.1522 1673.3256
-02.1058 03.3763
-00.2640 783.2029
00.5204 670.5057
02.1481 850.3030
-00.7354 00.4722
00.9667 1371.1955
01.6468 1324.9600
00.8723 1402.3004
-01.8712 01.5115
01.6460 1556.5787
-00.8778 755.5392
-02.1258 74.8389
01.0428 1156.6964
00.6434 669.2852
-00.6109 259.6085
00.5039 1051.7550
03.7442 1167.4062
-00.0332 579.9449
00.3374 1070.7320
00.0481 304.6601
-00.8032 00.4433
-00.5331 547.0662
01.8315 1455.7713
-00.7121 131.0555
00.0748 934.1036
-00.7886 528.4009
-01.7782 01.8162
-01.5079 01.5509
00.5433 478.2029
-00.8013 791.3116
-00.1059 623.3555
00.2681 1394.7493
00.0934 1172.7891
01.1176 1257.9140
-00.9779 606.4008
01.0902 1525.5357
-00.3545 00.3726
-01.3530 01.1002
00.6405 1073.5487
-01.3793 193.8544
01.7361 1510.7986
00.0322 940.5441
00.4277 1261.3035
01.0208 1081.5638
-00.0936 02.4649
-00.8146 807.7293
00.1199 308.9326
00.2268 1144.2077
-00.9237 19.6540
01.6910 1316.4350
-00.8811 183.4645
-00.1683 01.7397
01.2248 05.8203
00.1777 1225.5173
-01.0001 74.5268
02.0674 1277.4671
-00.7782 00.7387
-00.3658 992.2898
-00.2224 577.5057
00.8964 1205.9220
00.6894 1456.5377
00.3845 808.0051
-00.2651 743.6067
-01.9910 03.0014
00.7427 1407.0867
-01.0822 721.4135
06.5594 11.5563
-00.2948 930.2627
01.0525 1318.5626
00.2223 1279.0981
15.2794 460.4875
-00.0412 835.8023
00.9948 1201.0955
00.0939 755.9298
00.5349 408.2432
00.2822 1178.1727
-02.2353 02.0286
11.6447 14.7240
-00.7879 832.1515
-01.6032 02.7140
00.5136 1510.9939
01.6333 1536.3093
-00.2772 03.5564
-01.2465 00.4954
00.2261 1162.0356
00.9449 1568.3382
00.3069 814.9582
01.4573 1560.3480
01.0667 1068.4712
00.0706 800.4047
00.7932 1386.9824
01.5758 1593.2124
00.0027 819.0868
-01.3191 02.9296
-00.7108 75.0008
01.0259 1005.5301
00.3809 1206.1289
-00.6366 748.5938
-00.4258 205.1275
00.1042 555.2434
-00.3985 838.1946
-00.3175 488.3405
00.0576 1134.1911
01.0073 1263.1884
01.3880 1377.8142
00.5068 1205.3787
-02.4462 03.6346
00.4016 1396.0837
-00.3281 821.9845
-00.2061 240.5768
00.0492 845.1144
00.8097 1300.0349
00.9366 1444.1447
-01.4518 608.8967
-01.7310 228.2291
01.0026 950.4501
17.3054 599.0170
00.1228 1188.7032
-01.1499 01.0575
00.4818 730.8768
-01.2449 03.0022
00.6358 1115.6451
-01.2613 625.6423
00.3904 908.2439
-00.7036 718.6428
01.9230 1409.3045
-00.1498 1136.8451
00.5362 1361.3262
00.1933 1207.1346
-00.8077 672.0430
00.5662 1219.9926
02.2428 1068.4522
26.0029 28.3731
00.8421 1441.6008
-00.2713 596.8516
-00.3249 600.9614
-00.2744 809.0943
01.5268 1256.8798
-00.6224 598.6256
-00.4559 01.9007
-01.1538 00.3163
-00.1947 1029.1117
02.2250 1248.6030
00.8386 806.4285
-01.8865 01.2090
-01.2398 132.9217
-01.5087 01.4176
-00.5438 1105.4971
00.6669 1282.9556
-00.6951 01.7312
-00.5532 519.6420
-02.3149 02.5250
-01.8720 00.2585
03.7207 793.1906
-00.8272 00.2403
-00.0371 1057.8153
-01.9430 02.6954
-01.1227 413.0665
-00.5957 182.6952
00.8700 1622.2006
01.5941 1579.5948
01.0983 1469.6448
00.8991 1496.4283
03.2894 512.0289
-00.5350 453.7218
-01.3929 00.2007
-00.0095 762.8489
-00.5043 873.0217
-01.5702 00.8656
-00.6906 91.4085
00.9058 1212.1939
01.0387 1280.7517
-00.2511 758.5261
-00.2689 671.3263
05.1080 08.3656
-01.1236 03.8797
00.8052 342.0948
-00.2259 811.6268
-00.2943 390.8115
-01.4014 16.8195
02.1638 1570.5687
01.5013 1369.1659
01.6200 1304.6046
-01.3310 292.4401
01.1728 1430.4713
01.6642 1607.3086
-01.5292 03.4817
-00.0901 713.1552
00.4552 880.4005
00.8603 1291.2406
01.5174 1427.7312
01.8074 1335.1958
-01.2477 522.8979
-01.5790 01.4920
03.5987 1373.7077
02.4973 1264.9388
00.3555 1095.2755
-00.4890 95.2800
01.2935 03.9738
00.9711 937.9629
01.7980 1157.9267
-01.5495 75.6513
-00.5650 725.8383
-01.4694 99.9567
00.3038 930.3112
-00.4230 1201.2561
-02.0526 01.9888
00.3435 938.4534
00.1316 1105.2685
00.0193 983.3445
-00.2669 927.5089
02.0784 1375.2666
00.8400 347.2654
00.8868 1275.2491
00.7492 1182.5390
-00.2135 1163.2794
-00.2399 1181.2775
-01.8790 00.3802
-01.6472 00.2000
-00.3781 545.9760
-01.0867 04.0674
01.5978 1544.8103
00.3064 1431.1810
-02.1862 03.9188
-00.0084 977.6862
02.1947 1295.5173
-00.3503 719.0852
09.6456 415.9346
-00.9859 290.3173
-01.3239 00.9299
00.0608 720.6958
02.0575 1352.6431
00.7869 1459.2986
-00.3969 958.7600
01.3881 1280.9755
-00.1594 580.0414
00.7445 475.7130
00.2864 1396.2712
-00.4146 85.7184
-00.5187 613.3847
01.1205 1410.3542
00.0886 836.4359
00.1649 1482.8346
01.6244 1622.7677
00.7463 1141.6112
02.7175 69.7052
00.8926 1156.3735
00.5727 480.8287
01.4863 1358.7781
01.5571 979.4989
-00.5665 04.5959
00.9835 1399.6049
-01.7091 02.7604
03.4049 1113.3558
-00.3789 540.6109
04.0157 743.8573
01.8589 1671.5893
-00.3328 03.7976
-00.1700 03.5614
-01.3339 01.6053
00.1128 1183.5508
00.6819 1612.2451
-01.2419 01.5657
-00.0940 1045.0315
00.9455 1154.8082
-00.2561 02.1028
00.3182 524.0004
00.0247 1003.5955
01.5448 1357.4425
01.2535 1487.0584
-01.6514 00.1069
-01.2092 01.8182
-01.7533 315.7619
01.3527 1345.7931
00.9646 1063.5859
01.5842 1594.0687
00.4711 971.5925
01.3110 1414.6518
01.0591 1200.4239
-01.7440 373.6632
00.5082 1022.1726
01.1501 1570.7518
-01.6261 00.7507
-01.4994 00.6107
01.1461 1042.4483
-01.9017 51.6426
-00.4896 1059.4355
02.2715 1207.6250
-01.0156 467.7151
07.8585 936.0001
00.6000 1055.0999
00.9901 1508.5387
01.5325 1453.8071
00.8545 1391.5622
01.5758 1433.2354
-01.7129 02.3345
00.5534 1338.3042
-00.7495 04.1592
01.0136 1411.5000
03.2924 652.1789
01.9264 1340.0305
-01.4780 03.6526
01.0908 04.7877
06.8759 13.2920
00.1689 967.8973
-01.2435 133.4220
00.2578 503.0334
01.1377 1345.5977
-01.0523 458.8692
00.6450 1046.7854
00.9958 1132.9228
02.2412 743.6582
-00.5974 845.9272
-02.3958 03.6559
01.3230 1386.2501
-00.7057 420.1136
00.6933 1239.0748
-00.8488 507.7175
-01.3054 02.5149
00.9324 1276.2960
-01.5372 02.2877
04.0246 1286.2390
00.7944 1221.3281
00.4874 997.2878
-00.7395 500.4013
-01.8463 02.2492
00.5228 1336.9511
01.0374 1633.4709
-01.3428 00.5610
00.9002 1186.4531
-00.9307 00.9978
00.8833 1198.7871
01.3479 1359.1812
00.8085 850.5339
00.9919 1274.8713
00.2972 648.8026
00.6541 1373.7937
02.0669 1040.3245
-00.0863 389.9356
00.2716 491.6087
-00.5010 521.5655
01.3152 1580.1940
01.2238 1272.0719
-00.4342 00.6432
05.5150 1187.5334
01.3766 1549.7761
01.7869 1250.1655
00.4090 1058.8683
-01.3175 01.1613
-00.0638 795.7680
00.8878 1322.1014
02.3298 1405.2880
-00.7796 783.6044
-00.9642 613.2526
-00.3570 363.8485
-00.3480 335.7687
-00.1781 1085.6647
-00.8284 151.3695
01.3332 1372.0542
00.1518 545.0225
02.5102 1211.2804
-00.9344 127.0904
00.6297 1152.6508
01.3119 1499.9913
-00.9069 494.4694
-00.3009 01.8019
-00.2379 601.6038
-01.4920 03.1316
02.6408 1058.5720
-00.6392 689.3251
01.2653 1239.3728
00.0384 204.0212
00.5840 168.1505
00.6468 1087.1051
01.2328 1356.6363
00.6808 1228.7696
00.3391 1014.9778
01.5741 1480.5123
01.2795 1532.4947
00.1794 849.4396
-01.3171 02.2979
01.2590 1629.4842
-01.7272 03.4582
-01.8846 01.1013
-00.9012 67.6581
-01.6949 00.9471
-00.5433 492.9441
01.8899 1590.0472
00.8761 1301.3357
-01.6946 81.3819
-01.1130 00.5799
00.0982 340.5891
00.7465 1234.8983
-01.1427 03.3346
-01.1104 02.5094
-00.8725 00.5702
-00.6514 776.2866
00.2907 587.1573
-00.8077 293.1599
-01.8372 119.8443
00.5066 1073.5054
00.1562 776.1575
01.8393 1478.8413
01.7348 1518.3917
-01.3517 32.7620
-00.5062 886.2971
00.3151 345.8438
00.0264 1118.4642
-00.0237 894.1194
00.9507 1255.6278
00.3119 876.0995
-00.2615 89.2320
01.7464 1542.6245
01.0801 1453.5581
-01.4333 466.4605
00.7590 1193.4506
01.3582 1428.8712
07.4744 406.7846
-01.0755 62.5704
-01.2202 01.1323
00.6135 964.7142
05.6376 07.1983
01.3020 1527.2123
-02.1544 81.8530
-01.0277 625.2436
00.5428 1246.7491
00.9330 1631.1041
-00.1630 663.9545
00.0302 963.4826
-01.2333 198.2238
02.2471 08.0984
-00.7195 524.5389
00.8911 1254.3089
02.1874 1526.3568
00.9345 1346.3773
-00.3968 596.4759
00.1504 892.2492
-00.2420 443.4072
00.5526 1031.9433
01.3631 1591.6178
00.9458 1219.9530
-00.2091 880.7274
-00.4206 02.3441
01.3052 1421.2350
-01.1634 00.4588
-00.7637 954.2037
00.4817 1199.6932
-00.3522 462.1798
-01.5647 03.3342
-01.6253 02.9112
01.8489 1558.0139
00.4788 1306.3763
00.5656 509.6677
02.1464 1603.5120
00.6669 976.9865
00.0949 509.9969
01.3012 1237.5325
00.0016 1009.9313
00.4598 1473.5217
-00.4661 02.0762
-01.1154 632.3189
00.1517 01.8200
-01.5114 282.3163
00.4365 925.9583
00.1283 845.2203
00.7751 1398.6487
-00.0858 402.3989
-01.1582 182.9951
-00.7198 02.1046
00.8838 1458.0960
01.3453 1477.7056
00.3214 919.6030
00.9212 1229.1292
04.8259 07.6211
00.5326 772.5527
00.9066 1157.4724
00.5310 847.8696
-00.7983 644.2741
00.7861 1378.2973
-00.1472 920.1173
01.8664 1018.0400
01.0823 1006.8441
-00.8840 02.9678
00.5079 980.2059
-00.7760 07.6644
-00.0950 918.2648
00.7566 1392.4047
-00.2812 257.1043
01.3364 1470.0923
01.7356 1492.4345
-00.1498 01.8744
00.0997 02.4994
-00.8584 683.7991
01.9957 1201.7335
-01.1043 183.2125
02.0530 1605.9895
-00.5272 00.3488
-00.2181 827.5435
00.0105 1135.7719
01.1291 1220.4492
-01.0805 02.7243
01.5798 1500.5763
00.4741 972.3456
-00.7308 03.8125
00.1283 905.4972
-01.0019 383.6586
00.7675 1238.7161
00.5401 1370.9050
01.9504 1523.2547
01.2851 1374.7166
-01.3842 00.9866
-01.0905 187.8080
01.5700 1612.2729
10.3007 12.6239
00.2384 969.3841
-00.5516 609.6161
-01.0446 01.7604
-00.6764 207.2839
-01.2597 01.6429
00.2364 715.8763
-00.3635 02.2097
09.7586 13.9807
01.8741 1347.9103
-01.3085 280.2257
00.3844 994.0312
01.0754 1290.2976
-00.2251 717.3391
-00.3154 378.3420
01.3824 1423.6870
00.1876 897.9443
00.2677 1287.4281
-01.4409 431.9846
01.8661 1096.5523
01.4245 1331.7939
-00.9813 02.3001
00.4348 991.0121
00.3849 520.0169
00.3021 1340.4045
01.0503 1082.8908
00.4075 1278.9582
00.7368 1241.2419
01.7600 1541.3865
00.4724 948.6299
-01.2229 00.7858
-00.2316 128.1757
-00.4517 77.4273
00.5915 1344.2691
07.8987 11.0251
-00.8091 536.3667
01.1792 1325.2221
-01.0956 02.6747
00.1386 1317.8224
-00.9180 01.4872
-01.1146 01.2195
-01.0612 274.7779
00.2667 1138.1125
00.1962 751.9111
02.2890 1404.3566
-01.4231 02.1155
-00.0543 750.0520
-01.3492 105.6856
00.7389 663.8126
00.8130 1070.3748
-00.4978 366.0185
00.9548 1297.8928
-01.0883 423.2355
-00.9135 01.9483
01.4276 1569.2293
01.0246 981.1469
01.2569 1198.5945
00.5106 906.3596
01.2432 1398.3888
00.2877 1000.7065
-00.5349 02.0503
01.2696 1420.2903
-00.3227 363.0301
00.2972 772.1972
-01.6171 02.5450
-00.8040 746.3243
03.3276 05.4828
-00.8678 68.8091
00.1997 984.0559
-01.2180 383.5272
01.0732 1127.2281
01.3184 1546.6603
01.0088 1516.4148
00.7990 842.3856
01.5184 1370.7251
01.1676 1325.2846
-00.9614 03.7636
01.5673 1186.4543
-02.2395 01.9136
00.7782 1423.1525
00.2162 1248.8196
00.0244 861.3300
00.9979 1216.7398
01.0042 1161.8028
00.7522 679.0549
01.7714 1584.7799
00.5767 731.0517
02.4803 965.8728
00.1633 919.6208
-00.1951 589.2856
02.0824 1412.7543
00.3453 1393.9352
-01.1242 00.4068
-00.8034 96.2019
00.6112 1100.3738
01.9320 1322.2107
-01.8430 01.7628
-00.5689 01.6177
-01.5543 01.8797
-00.1989 424.6236
06.4873 10.3141
-00.9981 443.9936
00.7751 843.0156
-00.7851 288.7220
-01.5687 138.3798
02.2362 1073.2469
-01.4544 01.2403
-00.2877 1039.2663
01.9434 1597.9936
01.1319 1472.7031
00.0297 860.3291
00.5566 1358.3195
01.7773 674.8261
00.6817 924.5527
00.2826 1488.2451
02.3744 1362.8283
01.2245 1036.7873
00.2175 861.9726
-00.8859 797.3492
-00.4405 723.8213
-01.8901 02.7055
-00.4092 628.0261
02.0049 846.1626
-00.5126 02.7780
-00.0795 734.7277
00.7104 1195.0410
01.5659 1388.2233
00.1026 526.4110
01.0809 1350.0505
00.4051 02.9044
-00.6801 03.5956
-00.7846 416.6414
01.7196 1466.9720
01.6328 1599.6909
01.5432 04.7574
12.1420 939.4862
00.1893 1343.0857
-01.6921 108.0806
00.0660 00.9739
-00.0794 1008.4864
-01.2252 236.5043
-01.2892 532.1030
-00.6336 352.1865
01.8951 31.0066
01.1834 1353.8874
-00.6242 947.1893
01.4959 1468.0128
00.6542 1255.3646
00.9098 1391.1955
01.0317 1462.1735
01.9977 1574.8143
00.7442 1292.5751
01.3673 1486.7531
00.8791 1144.0965
00.2944 882.3401
-01.3559 329.3242
-00.1147 868.8079
01.4927 1255.8114
-01.1163 37.3419
00.7206 1328.9119
00.0505 652.0382
-01.8588 02.1218
-00.4960 02.9769
-00.2118 596.3628
01.3944 1391.9191
-00.2231 939.2385
11.0308 864.7582
33.0819 13136.2487
00.3195 1271.1227
00.3527 768.8161
00.1086 01.7881
03.1466 04.4729
01.1753 1258.3811
00.3585 814.3844
00.6875 1213.2824
-01.1161 02.1844
-00.5332 882.5398
-00.2186 935.9671
-00.6788 404.7413
01.1619 1067.4069
-00.1170 05.0635
01.2794 842.1222
00.4571 550.5042
01.4980 1416.2108
04.0911 06.1691
00.3262 1075.6026
01.3705 1569.7550
00.1078 971.5698
00.9387 1340.2331
00.2113 866.0123
-00.4440 814.1976
00.9907 1351.9721
00.3994 868.7560
01.6695 1713.0801
-00.0456 1300.1516
-01.2251 00.9704
00.9452 1198.3282
04.7804 07.9344
00.0808 1317.4046
00.5828 1260.3656
00.6114 1259.0242
-00.6012 808.7525
-01.1359 01.1980
-00.3997 146.5497
-01.7106 125.0674
00.4271 1062.0826
01.1611 1323.8545
-01.2111 00.3685
-00.5779 00.5674
01.9237 1287.6563
01.0581 1483.8586
00.9702 1069.6146
-00.9103 489.6148
00.7637 1342.8902
01.3441 365.0078
-00.0898 869.1132
01.4334 1259.0254
00.8966 1096.4309
03.5093 584.2756
00.7863 1590.5777
-00.4803 643.4127
-00.0295 1164.6356
01.0538 1410.5961
-01.6230 00.5709
-00.8778 49.0376
-01.2554 02.7958
01.5893 1263.2618
-00.2820 720.4360
00.5233 879.1817
01.0663 1257.2127
01.9526 1021.7692
-01.1779 641.8347
-00.2114 620.1903
-00.5871 541.2231
-00.1861 795.1757
-01.6519 00.6528
-00.2833 790.1574
00.8398 1356.2576
-00.5944 791.8494
-00.2350 1012.6102
-00.9744 205.9714
00.5982 1153.1026
00.5688 829.1392
-01.2326 00.3225
01.0315 1311.7466
00.7435 1393.2538
01.2281 1140.8206
00.0413 932.9328
-01.3203 00.9195
-01.9541 02.7412
00.1411 1138.8360
00.2639 727.2075
02.3733 1453.4707
-00.7954 00.2500
27.8036 28.1965
-00.0845 1178.9655
00.4457 1297.3630
01.9565 1008.2756
-01.4766 335.1165
-00.8208 02.8883
-00.6925 634.3834
-00.9918 01.7485
-00.4314 485.8998
03.5633 1011.4449
00.1886 23.3374
00.7943 1525.1893
-00.2989 01.0151
00.1603 1015.2723
-01.3526 02.4129
00.9981 1395.9365
01.7224 1149.7721
-01.5765 03.4053
00.1613 806.3714
01.1503 1376.0900
-00.3418 391.8154
-00.2308 433.5143
-00.5901 494.5974
00.9779 1449.8316
-00.1275 362.0540
-01.2658 257.8925
-02.2279 03.4932
-01.5866 01.1810
27.4806 773.2962
00.5423 1383.8092
01.1619 1206.8109
-00.1992 755.7415
-00.6947 354.8572
00.6338 1023.8432
-00.3053 1009.7334
-01.4460 02.8745
-00.0114 1237.9017
01.3505 1624.5930
00.9443 1369.0368
01.0415 1290.6614
-00.5851 318.7567
00.4606 590.7200
00.6495 1255.4756
00.3254 45.8797
00.2784 03.1465
01.2076 1049.1000
-00.2376 03.7447
01.5667 1454.9293
-01.4188 222.7537
-01.0790 567.4108
-01.5914 158.7839
05.0648 1268.6990
01.1202 1294.3343
00.1281 794.2663
00.5530 1213.6166
-01.0473 02.8078
-00.7471 239.2838
00.9012 1360.2060
-00.9775 103.1222
02.0639 1039.9110
01.9882 1567.6216
00.5988 1192.4546
01.1768 1379.8425
00.3568 1160.2635
04.2681 1311.7081
00.9145 938.1954
00.7958 1448.0516
02.9788 1261.8218
00.9400 1217.9025
00.1895 889.2294
00.6287 969.8311
00.9175 1301.3826
-01.1651 03.1313
-01.0411 01.8890
01.3397 1494.0398
-01.8550 136.9322
00.4718 966.2001
01.1948 1206.6760
-00.2206 479.3039
01.2143 1371.4817
02.0053 1558.2441
01.2346 1479.0024
00.0594 861.1781
-00.2643 1247.3425
-00.4018 864.1838
01.5423 06.7570
00.4163 363.5061
-00.5747 572.7415
-01.6651 41.4698
01.8325 1286.5973
-00.4274 63.0566
08.0939 1103.7251
-00.8234 695.6212
01.4496 1462.6414
00.3941 03.1041
00.5349 890.5298
-00.1932 619.4038
01.4690 1447.8897
-00.7146 741.1596
01.3103 1185.8616
01.5220 1419.5722
-01.2114 01.2775
01.9776 1568.6601
00.9419 309.6731
01.3537 890.1372
-01.2632 00.3659
00.8627 1275.5910
00.2770 800.9522
-00.8542 295.3990
-00.5882 07.6239
00.8751 1267.6764
00.7840 1345.5418
00.2973 424.4370
00.9070 1424.3588
00.3029 1017.9270
00.5803 947.2454
-01.7848 02.4171
00.2695 860.5767
01.3609 03.3146
-00.2845 1147.6195
-00.2725 00.9533
00.4425 1147.6428
-00.6247 419.8460
00.5820 1094.1693
-01.2808 02.8802
01.9892 1729.5025
-00.9208 690.5167
-00.7010 260.3939
01.8641 1589.2322
-01.4955 01.0953
01.2378 1521.5827
00.7080 1446.8864
01.0853 1590.8614
00.7395 819.8631
00.5335 1117.4197
01.0896 1357.2219
00.6546 1043.4877
00.7700 1166.0143
-00.6478 689.0790
01.1035 1406.3801
01.4739 1494.4361
-00.7763 430.1983
-00.9517 02.9081
-00.4458 528.2743
01.0052 1417.9185
01.2546 1330.4863
-00.3918 820.9183
-00.8507 01.5390
00.7052 1365.1507
-01.9615 08.5264
02.8910 394.8035
-01.5216 00.2898
00.7207 1351.2872
-00.9810 369.2407
01.1265 1489.2141
00.6218 1503.3613
12.6076 770.6184
01.4031 1293.5743
-00.3796 1169.1763
00.5960 1263.8560
00.5528 1325.0351
-00.6396 675.3416
03.5868 843.1740
00.4646 1261.3763
00.4100 1378.9571
01.8533 1359.2124
-01.7551 01.3848
-01.0708 364.1399
-00.2048 916.7722
01.0660 1506.6435
-00.2205 981.5157
-00.0967 1005.1724
01.8471 543.0571
00.2602 1120.8913
00.9572 1445.3358
-01.5194 01.0528
00.4903 1338.2767
00.3010 1354.9344
07.1298 509.5180
07.2579 09.9700
-00.5567 883.4034
01.3132 1137.7891
01.8070 1570.8133
-00.2662 1127.1407
01.0330 1426.7029
-00.5905 03.5280
01.2427 1533.2649
00.7609 1250.9869
-00.8469 00.2287
00.8429 1077.4497
-00.7492 353.5664
-00.7064 03.0529
01.2733 892.3441
01.4776 1405.0944
-00.2516 552.8046
28.7252 1014.0250
00.6353 965.8653
-00.1094 02.8062
00.4445 1098.9151
-00.4931 911.6511
00.6996 1070.7298
-00.7904 635.2443
22.3869 833.4233
00.2964 859.0787
10.6743 374.7940
01.3986 1613.9763
-00.5312 687.3376
-00.0368 459.6246
-01.1008 00.8032
00.5157 697.2770
01.6580 1703.4999
-00.0593 876.1344
00.1444 903.5994
-01.0867 03.0096
01.3667 1686.3606
-00.4540 823.1216
01.8265 1637.7262
01.4931 1675.1670
-00.6261 877.7528
00.3599 802.8389
00.7982 954.7323
-00.3078 09.2661
01.1883 1567.2753
02.0067 1633.4591
-01.4865 94.0307
00.6807 05.2326
01.0476 1486.0945
01.2876 1420.0741
04.8704 1327.1406
00.1608 1115.6081
00.2116 471.9230
-00.1453 02.9109
01.9616 1153.3830
01.6193 1470.2016
-00.2886 924.5026
-01.9999 03.5720
-01.2300 517.1632
-00.5494 383.6522
05.9220 1064.3877
-00.8793 02.6740
01.5169 1610.1317
-01.0921 01.2625
00.3518 1281.9584
-01.6491 58.7985
-01.4086 135.2698
00.0408 797.9350
01.5288 1284.2578
-00.8121 01.2615
-01.6014 00.7490
01.1705 1425.2209
00.6062 1409.4042
-00.0617 972.2981
-00.0890 724.8251
-00.3634 543.1861
-01.1330 526.0769
-01.1678 584.3477
-00.2072 922.3281
-00.7034 415.1485
20.9213 871.5063
00.2196 814.9182
-01.0713 23.4363
00.0830 802.5723
01.8626 1460.6811
01.2076 1319.3484
01.0769 1083.5961
00.5623 1083.1524
00.9252 1364.3968
01.8676 1409.1427
01.3210 993.6443
-01.8018 294.1698
-00.0115 930.5029
-00.7687 00.7792
01.3239 1392.8490
01.5833 1492.8222
00.8568 1187.3498
00.8930 1072.3364
-00.3576 830.1741
-01.3287 127.9210
-01.4388 385.9646
01.3119 1470.3988
00.1084 744.4699
00.6479 1233.7488
-00.8752 01.6883
01.3355 1216.4970
00.7652 1093.8764
00.7624 1470.0554
01.5779 762.4149
00.5357 926.7833
00.9187 1241.0382
00.9651 1157.4768
-00.2749 1060.2632
00.7644 1556.0542
01.2256 1292.5810
00.2995 455.3507
-01.5212 507.5446
00.0779 02.4095
00.8178 845.8876
00.1984 1139.7193
-01.5739 01.7546
01.0624 1078.8006
-00.8167 367.9842
00.5030 1201.4401
-01.9083 01.0582
01.6571 1446.1615
01.2907 1037.6848
-00.7996 01.1468
-00.6331 34.0618
01.0000 950.9609
03.1623 1227.5409
00.0424 02.2241
01.2479 524.7092
00.6659 1097.2583
01.1097 1455.5418
00.1636 929.8803
00.4146 1226.9051
01.5746 1410.4088
-00.8452 03.3655
11.7409 19.3596
00.7079 1322.1299
00.8822 1506.9917
00.0933 545.8431
01.2715 1555.8638
00.8575 1510.6000
-00.5218 135.5219
00.5281 1414.0452
03.2784 81.6381
02.9875 194.2551
00.5642 573.7730
00.8693 1421.7726
-01.6405 00.9136
00.4997 264.2901
-00.8176 00.7154
01.1877 1482.3649
00.4464 1027.0359
-00.0761 902.1630
01.8381 1515.4459
01.8394 1375.3635
