Raw 5D
-2.2858798640305307
-2.1727098582800046
-2.2795607426582993
-2.3796589880287997
-2.4685141965158155
-2.276280606726143
-2.2530626611439994
-2.2746123226559027
-2.305361112380728
-2.068025310418824
-2.0216529699556856
-2.465113680105646
-2.4229690856241746
-2.081553244216704
-2.285494319643389
-2.2220985038006416
-2.3576700267121793
-2.320784748185296
-2.1872274511119403
-2.314436714153552
-2.084296856003942
-2.1594523487227297
-2.1337391738561124
-2.317170093537549
-2.29326175888904
-2.3774229567051948
-2.3908095745997477
-2.1574607322171375
-2.292000981973967
-2.1746947634138456
