Raw 20D
0.01796796796796797
0.01781781781781782
0.019319319319319322
0.017967967967967964
0.01896896896896897
0.01886886886886887
0.01821821821821822
0.01846846846846847
0.01801801801801801
0.01786786786786787
0.018618618618618618
0.018318318318318323
0.018318318318318323
0.01956956956956957
0.01931931931931932
0.019369369369369373
0.019169169169169168
0.017267267267267274
0.018218218218218223
0.01761761761761762
0.01826826826826827
0.020270270270270275
0.017967967967967964
0.017767767767767766
0.017467467467467468
0.017067067067067072
0.018418418418418424
0.01736736736736737
0.02002002002002002
0.01936936936936937
