-28.999381255843236 -31.766901349909148
-52.100961934636175 343.898538231993
-0.9831757679080972 739.5689316655444
-19.72369715136579 168.60469284106563
-9.142501703705411 568.1419845463588
-50.841066205777665 308.5066561863631
-45.27172906986586 114.57241606642788
-31.510873143515038 -64.44609069450155
-54.60050002620902 418.2506876733953
-42.94815172918425 59.964288013600594
-47.938178141423016 212.14008483105508
-30.592607715655333 -272.4672014058843
-53.60724788120637 347.31634650204774
-6.7137094147980125 580.8300269941337
-34.390104868900906 -228.78159814091134
-22.128465306895713 191.65926332712584
-39.81374527306429 -20.57893168952802
-11.274141184816102 498.0811351407003
-28.14679188774392 71.59479675462234
-41.81012131519648 -14.656432857944253
-19.156732941629443 144.94756668119737
-27.854580344796062 -20.636389451628816
-9.193340997777783 432.2819434729397
-29.979237709926036 -18.292807093097508
-9.775032475428606 485.9396294592335
-19.657452580711062 104.9497817719542
-42.13233004737079 6.580769111812934
-2.8328601294900366 850.7230149952156
-42.34594280126386 63.61843946055728
-58.819759826331655 623.5465943397273
-47.93622746820546 239.44831377202757
-16.588953041742116 163.55675625247352
-20.46289570324215 170.8684631963103
-28.180415363718133 4.644197414820269
-9.500131057746747 376.92591116151675
-1.8750452730507927 890.1690878540106
-27.31701237808515 -182.81635557853608
-27.9226342566646 -19.945589847306337
-19.545329103989708 161.61894831683037
-23.42800960051022 29.668371567094482
-5.038163559009641 715.19539880109
-34.0967897756919 -148.52335665544348
-41.166871915666 34.59943081042374
-43.21266993850405 87.12204496359553
-33.991727129728694 -138.48425856826577
-45.7006878304423 125.24045839545988
-2.264641163100947 869.4185070637731
-26.59918031298094 115.23782525489784
-54.682131993599505 464.5647332458723
-48.94741874676049 250.44388232687086
-24.187087447100925 1.5158968509033173
-44.906221958847915 61.553039963328786
-22.283390247434433 39.28759847341142
-6.633658088904159 560.0071206226127
-29.69209457661427 -1.4260722358486788
-46.764464247191455 122.55086882135507
-12.561301585455613 394.69754790171015
-36.402285190799745 -134.35051657721323
-21.324965429556116 78.7827217699741
-41.1846137047065 27.67284104450499
-17.78770236990708 206.11324160290684
-24.608234958232348 -65.06371446003092
-31.376061393234764 -24.34516777641028
-34.56038462250931 30.00470090569158
-48.14989088873352 183.232527049476
-22.748078807415002 47.5698406556707
-33.90465939880775 -149.8894524233213
-50.03839752758098 147.0726103890986
-48.61140430464839 188.3035072762944
-22.907218499132142 108.65601404680882
-35.64488472516166 -30.365176255762094
-24.124574940897364 -35.23938458279096
-35.867750771643834 -49.195329323955804
-40.36781010624827 15.510166206141236
-48.04482427994282 210.18742921181283
-42.174173234993084 0.8586507058779205
-17.175693845255285 237.18180989015187
-7.833305892480441 803.1103359568252
-38.60476963687911 8.666641548897815
-56.13742048556953 510.5041278849178
-32.08069784835974 -134.73285556082902
-1.1303000261622032 974.502025784402
-35.23659120521796 -118.69109605028214
-18.406437359731093 170.50043558521543
-8.553968140794654 515.481610571869
-25.28083398267322 18.249327640614183
-51.03192489922698 369.2172484808993
-43.50044931433422 94.81024259884703
-31.900951654095127 -108.84620656522735
-22.120071419149923 83.80349447470917
-46.146561365439304 205.66045394833517
-27.222863495052472 5.35467163522452
-29.270229461982964 -74.82138108962033
-48.89803499582478 235.19339850224648
-50.092845192007964 144.84536098883345
-26.027201571336015 22.238554018077778
-30.403133723100915 -85.04722087181747
-39.61084416218348 -2.573967903228123
-31.62312081778292 -203.47199693583246
-27.539302849718347 -44.6920370602805
