-35.19202523453838 -31.766901349909148
-42.0372659916755 46.81139605426696
-35.59202533469484 -47.25186263226678
-35.825455701375034 -25.100165247101472
-35.78540828206718 -29.628770584981293
-42.40735756593659 56.3552053545764
-27.83704450387355 -19.225217832176888
-49.49946414545989 234.64285237845004
-42.988744940034685 68.54690779791643
-42.94815172918425 59.964288013600594
-20.780008026437336 104.71534343816403
-55.20232715678415 455.8832300244204
-44.0818555482605 81.5358295026099
-54.3901482675449 423.08703577439326
-37.51580962937693 -21.324032895312953
-51.29467487434803 308.6331106142529
-39.86378026733175 10.19562524130751
-38.952959847554254 8.54299660497179
-21.94869770367144 71.59479675462234
-37.83700869069069 -14.656432857944253
-19.156732941629443 144.94756668119737
-27.854580344796062 -20.636389451628816
-22.409327821948494 87.15620185013843
-41.27252141260664 32.137176873792754
-9.775032475428606 485.9396294592335
-39.50021902742387 6.068252565913269
-46.72090699138511 154.26388198226064
-49.82396150993868 251.3397523483403
-41.06544049773879 26.244012729548057
-41.52553524792328 41.09718227160424
-23.254756359676307 40.87622297343181
-25.727339937525564 17.478530150499438
-41.23924347885406 29.516402726938153
-49.38739227451259 244.44906987197444
-45.247980213766695 118.23624710723792
-29.321236762595007 -28.367656847060474
-41.31975706430223 29.740458719899664
-27.9226342566646 -19.945589847306337
-25.605733163621075 -1.6233007353579012
-33.58670224256731 -40.492165503629124
-34.54554469639145 -35.99194472564404
-44.8297848009594 103.5452222693537
-41.166871915666 34.59943081042374
-55.15561797569442 460.87690015381577
-48.16742536724019 200.71591986312174
-45.7006878304423 125.24045839545988
-50.96840301460745 288.51580836258535
-45.035014917168866 115.23782525489784
-22.835479279584582 67.76112813949518
-48.94741874676049 250.44388232687086
-37.77852838642044 -11.011215628224662
-22.39651460822726 61.553039963328786
-40.90678311885073 24.71113061730128
-54.02528330871607 410.4487214256804
-23.378840437875592 45.65062911157189
-46.764464247191455 122.55086882135507
-48.2484107660796 217.01649682464478
-22.552543104878783 63.408142699631114
-42.62700425782448 57.20597052393747
-41.1846137047065 27.67284104450499
-37.01204231082009 -16.08054892340585
-42.66296449952232 58.01514686586621
-28.407466722950737 -24.34516777641028
-23.33137201400251 48.26730407766681
-49.58209035146929 236.62597903664283
-54.20605690269962 421.4095499102818
-47.6715950038068 181.47129443278965
-42.97458142441766 68.40763120185294
-48.387253302371214 188.3035072762944
-40.20255769422947 11.54391288975566
-35.64488472516166 -30.365176255762094
-35.52389355839522 -35.23938458279096
-33.10545529148946 -49.195329323955804
-28.547990279856258 -23.608762105629477
-48.04482427994282 210.18742921181283
-31.38892995261909 -56.22937174627491
-22.401572325747175 69.98554346834536
-29.73438542909341 -27.924207355357552
-25.74803177595292 8.666641548897815
-56.13742048556953 510.5041278849178
-53.879945238540984 417.7527911621087
-41.298417657963334 33.14081162621822
-19.621363136218434 134.3030446860537
-18.406437359731093 170.50043558521543
-43.64659106144618 77.57087171163984
-26.306809472012603 3.7192023782399453
-28.203681370475643 -18.472778505744735
-44.46252133282774 94.81024259884703
-50.01315534077621 260.93846606065875
-22.120071419149923 83.80349447470917
-33.96827162227896 -32.40517877670885
-26.814952297073955 5.35467163522452
-44.56012707429744 99.05574541215074
-34.38329601415206 -44.34039471058917
-39.61645972916944 10.44344844184863
-40.39746953146221 22.238554018077778
-33.34545474433082 -42.864765268063834
-40.055753112945226 12.144978780570767
-52.64829645343018 350.49391889141594
-39.303504604235414 13.54453165072858
