# FVC 3D Coordinates
835.6035 93.0753
980.7054 00.0000
693.4610 137.0721
611.9386 176.4649
844.5105 71.7425
870.2401 61.2520
753.0032 120.1589
780.0306 99.6234
664.7217 147.7080
708.5915 124.4214
698.1760 151.3076
978.1745 00.0000
875.9312 59.1828
689.6145 139.5755
897.9282 44.5477
932.0150 26.7661
808.1593 86.6818
920.4738 33.7003
680.7114 134.2261
935.9621 21.6910
686.1463 131.5418
698.4621 138.3062
880.1048 45.9269
744.8615 116.8009
816.9825 74.1866
629.9903 168.2124
915.0512 43.2179
793.2983 108.8643
873.4147 65.6018
951.1595 15.3762
823.9091 83.1870
891.9214 50.4703
862.0641 63.1320
699.4905 136.7204
893.9493 56.8567
804.4297 90.5325
890.4945 48.2604
904.1962 47.9507
760.7886 110.5379
539.0425 201.1300
988.9900 00.0000
842.5310 88.3864
940.0515 25.0971
893.4127 45.9965
961.7203 08.1766
921.4717 32.2554
732.3187 111.3042
909.0949 41.7599
735.2792 116.7399
805.0809 86.2044
715.9910 131.4273
904.5070 43.7410
769.7101 107.1916
956.8285 10.1494
830.0713 74.2170
884.1849 52.4608
860.1009 71.9451
853.2405 62.9692
796.4248 91.7952
765.5633 108.2443
927.2317 29.5986
951.6481 11.6196
734.3847 114.8795
987.9441 00.0000
817.5939 106.4333
904.3934 36.5560
892.1823 47.8115
741.4921 109.6212
821.4995 82.1496
860.0770 65.4135
939.3779 19.4690
990.3462 00.0000
900.6953 48.9189
846.4465 77.7529
868.0338 59.6929
852.5200 71.6496
924.0922 31.5349
864.3036 61.8007
960.4958 07.6437
838.0502 75.7336
616.2210 164.4342
837.3800 75.0742
699.5790 136.5744
821.6801 84.4320
946.4624 14.1247
732.6809 121.6834
932.3770 31.6616
681.9377 141.8739
781.6683 101.5366
787.9324 105.9219
978.5791 00.0000
898.7821 48.6693
853.3679 57.1016
851.1673 85.7663
722.9111 128.5998
904.6623 41.7921
901.6075 53.7562
694.0297 131.5764
924.6133 36.6597
951.1829 11.2983
882.4657 54.7978
943.7122 18.0370
829.2877 90.4359
707.8256 127.9520
919.8853 33.9243
835.7408 79.0889
833.5280 71.3492
881.2426 55.4979
873.7519 53.9520
899.6289 51.1253
831.7696 80.0907
767.9199 106.3634
888.5858 51.1426
905.9312 38.9038
890.9808 42.3790
590.2732 176.4183
931.3139 24.4732
849.3249 66.7251
736.0443 123.5960
937.4775 23.4571
617.4984 171.3147
718.4890 130.0015
853.0259 71.5838
843.5946 78.6181
779.7930 102.0653
912.3326 40.2868
828.4923 75.8735
597.2885 175.8275
857.5786 69.9565
971.1016 04.4116
803.1765 92.6203
954.3477 12.8470
541.5242 197.3953
879.3626 54.2922
773.1283 104.5005
681.7477 160.7684
756.3665 121.6469
842.8360 79.8371
891.9151 48.5720
906.0173 36.5347
552.9922 194.5047
877.1101 51.8301
900.3881 37.4584
837.4212 76.5243
813.4159 83.1586
746.9158 104.9476
817.5920 83.3531
817.0553 97.8357
857.0512 74.7131
859.6409 60.6481
697.4277 128.1500
691.7543 134.8166
627.2717 157.9511
734.3386 113.2475
776.0401 112.1153
830.6726 78.7238
882.2906 51.6383
902.0369 51.5667
922.9903 40.3796
816.9927 82.5028
796.1237 101.8321
863.9125 61.9320
718.6860 132.5562
893.2299 44.7952
906.5616 51.8093
886.7389 47.7092
828.1291 71.9945
715.3911 149.2600
831.5128 76.0210
688.1221 140.8514
834.0801 88.4491
941.7760 23.1059
787.8233 117.8435
912.0412 36.9773
865.4488 59.4991
943.3823 16.4507
817.5660 83.7097
892.0751 49.2663
665.6735 154.4439
530.7755 207.4790
672.0445 145.4876
942.2631 17.3611
915.3071 31.4243
923.6161 29.1903
813.2760 84.1382
868.6588 57.8671
865.8176 56.9038
841.0788 71.0223
625.0707 171.8326
731.6411 118.3861
869.5184 59.2174
930.2702 22.8302
836.0302 81.0138
881.1200 49.8576
800.4768 100.4880
900.8938 46.5211
826.0045 76.1340
995.8094 00.0000
888.5537 49.5005
839.3210 92.0556
733.5941 116.2985
736.8734 122.3447
863.7690 62.3079
988.7201 00.0000
468.9394 229.5170
872.2215 59.9024
714.5818 131.2916
773.1665 104.7161
986.3660 00.0000
805.1908 95.8467
762.8190 108.6001
862.5615 67.1426
786.3950 97.9940
688.7576 149.5837
682.7166 139.8706
876.1378 56.1403
811.1258 90.6797
946.8111 09.5253
644.4161 156.3198
852.7303 73.8851
967.1951 00.1651
790.9593 94.4968
935.5353 17.6052
739.1655 125.9029
910.6141 31.6297
712.9687 133.7926
895.0233 50.2884
579.2436 189.9117
753.2318 108.9835
918.1096 32.9183
803.6431 79.7468
825.5730 83.4086
816.6931 91.9684
988.3780 00.0000
826.3485 90.1052
867.6024 69.1068
960.8573 04.3156
886.3991 51.1915
903.8323 44.9156
920.4059 30.5301
842.4378 73.6548
910.6986 41.0416
816.6275 83.9475
777.1627 110.2865
897.1097 45.3874
806.0861 87.1966
788.9733 115.4916
844.7692 70.5690
970.7485 01.0004
874.8508 55.8132
517.1735 204.0454
870.6156 72.0716
814.7969 75.9661
681.0408 140.4937
764.3263 111.8984
876.7328 60.3258
923.3962 30.6412
648.0753 152.9350
925.8055 30.1532
805.1879 97.1643
527.6785 209.1786
958.2103 06.6614
926.9376 26.5139
709.8177 139.1640
976.7479 00.0000
661.2380 150.1512
897.3534 47.6341
923.9977 28.7924
588.1008 180.8777
825.6243 77.6569
772.8616 109.3499
857.0099 65.4268
812.9643 83.9646
591.3076 183.7486
615.7849 164.1379
920.0243 37.1347
834.8366 78.5363
897.7098 48.5763
961.0455 02.7560
911.5780 35.6744
935.9788 24.6574
601.3770 172.2472
813.4158 86.5704
600.9035 182.4110
840.6521 88.0952
858.2500 69.7895
647.4376 164.2717
932.3619 23.5166
679.9916 142.1865
654.8600 149.8001
695.7794 131.2397
864.7198 57.3652
956.6970 02.6637
801.4640 91.3986
930.2921 32.3541
883.0806 55.7619
579.1649 187.4002
674.9709 144.5226
893.4594 47.7779
839.0352 73.5188
696.8939 136.2445
735.9118 127.6946
706.8695 135.4144
568.4553 185.8588
754.9302 110.3430
873.0756 58.8302
703.5356 131.1167
986.0176 00.0000
869.9601 64.1865
867.8782 59.4332
877.3987 60.6943
850.0012 67.9810
857.8019 57.0962
822.3066 85.0056
838.3687 76.9032
974.9262 00.0000
881.7166 50.7791
927.7135 27.7568
832.9381 79.8460
668.6957 153.3068
815.4185 89.9492
814.1950 88.5867
680.5388 147.0241
844.7183 71.0368
837.4713 70.7829
905.3255 39.5681
869.7382 59.0246
891.9836 45.1888
946.3474 16.0673
827.9859 78.0651
569.0629 188.6457
809.0436 91.6414
667.1195 154.3638
740.1545 137.1114
741.7615 132.1575
897.0595 45.2524
827.7475 76.1324
640.8114 162.2670
573.7200 181.2606
908.3219 35.5972
832.6577 79.7335
904.5000 51.1453
970.8835 00.0000
961.3436 00.7418
863.3124 62.0204
880.2017 61.0623
521.3718 203.5385
725.5595 120.6743
751.5342 116.2411
675.8862 138.3146
864.2712 58.1106
516.3585 210.6677
690.5716 147.0525
733.7986 124.4146
924.4822 38.2591
829.8078 76.5915
864.2941 62.3883
692.2160 141.5815
902.7544 41.2397
910.1985 43.1651
883.8616 56.1704
892.4539 54.8155
745.8185 107.0494
857.2450 81.1089
926.1923 23.9354
907.6017 40.0522
927.3736 24.3620
862.4266 71.9830
881.6956 57.2533
582.3113 178.8136
827.9830 78.1002
673.4782 142.0244
683.8602 151.9265
937.0785 21.4464
830.0704 79.7847
971.3186 03.4828
784.1586 101.6881
656.2509 145.7271
628.7270 156.2465
943.8356 12.9935
676.6082 147.7886
963.6675 03.6604
653.8897 151.4009
891.0381 62.8115
796.4615 94.6406
897.1534 43.5800
891.6378 52.9496
936.1624 20.1213
934.7336 21.0159
794.8817 87.0389
873.2555 56.8266
806.6509 89.3177
909.1108 41.3763
873.3240 61.1004
858.4410 63.1973
733.9871 119.1855
950.0616 13.4131
825.6380 80.7154
855.0003 65.9154
765.1288 121.0791
831.7756 75.8108
690.7342 141.6406
738.7646 119.0313
924.9045 33.6962
863.6434 59.7293
638.5222 165.8410
925.0033 38.7244
908.6367 41.0722
797.9662 92.4666
900.4445 41.4310
881.9925 52.2234
479.2312 225.2312
925.3637 28.8415
753.5811 114.0070
886.9883 50.3077
800.4696 86.2805
896.8451 46.2186
930.6882 23.9999
859.9524 63.0670
695.3322 128.5365
884.0805 48.3223
870.8089 56.3355
989.7147 00.0000
808.6388 89.4780
666.3401 153.7171
930.2095 27.8322
809.4851 86.6019
605.4170 175.2087
963.1692 05.3669
987.2436 00.0000
790.2659 94.7408
859.5459 63.3704
569.1562 186.7165
758.1062 112.8684
749.1800 110.0641
881.5210 65.3199
895.4504 44.9948
844.1623 80.0684
853.4831 63.3925
875.4616 51.0596
666.3778 153.0414
986.0576 00.0000
921.4303 30.0279
955.6456 08.2161
941.5102 18.0831
549.2434 195.3044
654.4455 147.0506
871.1737 68.6235
853.8306 61.0812
548.1357 199.2737
868.9073 57.6771
858.8491 61.9635
788.1455 91.6658
916.8126 28.6266
914.3708 34.9375
854.5783 71.4379
857.6510 67.6246
907.6888 37.8779
674.1758 145.7807
964.8316 01.9156
870.9201 75.4082
919.3877 32.1852
717.0053 130.4120
917.8840 36.8882
824.1389 81.2096
830.0197 77.9414
914.3962 39.7587
718.6012 129.3057
683.0819 153.8766
862.3540 61.5169
899.1816 44.5650
808.8226 97.9690
670.3961 152.7548
972.9090 00.0000
873.2311 59.9494
878.6930 55.9064
664.2987 161.6216
760.7148 113.0567
690.8675 137.9971
870.0628 59.0970
834.8198 70.1794
790.9338 104.3511
852.5404 66.9208
906.3118 37.1328
477.1658 225.2867
682.9321 148.6993
870.9778 57.2125
702.2017 139.8445
881.9723 51.5528
743.1426 111.9357
962.0222 06.0810
988.3013 00.0000
960.9995 04.4334
833.8231 72.6692
666.9917 169.2030
958.5432 03.4909
945.1156 18.5996
961.4767 07.6502
816.5651 82.6502
896.6235 43.6975
788.6089 108.9695
732.0260 124.8468
776.9957 107.2743
593.2229 176.1223
608.8244 178.1938
889.7144 41.9646
900.9437 44.5921
936.1166 25.2690
929.9995 23.7359
806.8684 90.6652
911.0476 40.4754
970.0228 05.0178
612.3103 168.9667
710.2927 141.2458
763.4136 108.4094
536.5967 205.9355
727.8328 142.8364
785.6245 111.1558
861.1069 65.5435
684.4192 145.8642
816.0921 79.2637
879.5830 55.1325
920.5493 30.2723
827.8418 94.0865
776.7367 118.0538
824.5639 70.8414
762.7858 116.6879
836.1220 75.6396
990.0699 00.0000
853.8894 58.4525
888.4648 47.1278
795.7400 96.3528
891.0297 54.0356
635.5539 162.7035
902.2653 46.6729
923.6722 28.8444
947.1362 15.5333
668.6785 138.3728
671.4617 147.8924
615.9526 175.0720
832.7292 71.8931
928.3275 21.5676
978.0725 00.0000
962.2532 03.9033
850.9673 85.2223
891.0857 46.6634
732.0896 140.9749
792.4370 94.6773
932.8852 28.3179
854.8154 80.2409
929.6964 25.4146
886.2615 51.7236
838.5110 75.1330
775.1037 94.2065
716.7716 118.6186
909.3527 48.3886
875.7679 58.9324
876.6933 53.8772
733.1577 126.1828
769.4634 97.4575
892.4724 46.8262
980.2255 00.0000
781.1462 111.6646
744.9318 118.2749
777.0463 105.7164
729.6479 136.3579
887.0971 48.4866
753.0497 112.3655
943.8133 17.2331
859.8930 56.8916
810.8086 81.0220
909.1854 37.4845
850.1310 86.0673
630.0245 163.0261
691.9031 139.6600
801.6451 92.4399
766.9704 117.4175
877.1916 63.8052
901.9420 37.1496
804.6678 83.9132
687.3180 140.8901
819.6436 85.2104
942.9868 16.3001
770.3702 110.3028
926.3536 29.9743
912.8456 35.8944
891.8111 57.2732
786.5047 87.0265
544.8341 192.0445
935.3099 22.1412
753.8878 110.0810
963.7818 04.8664
890.9654 44.2152
836.0675 76.4890
741.0958 121.5925
830.0824 75.0022
940.9541 16.7619
843.9328 75.1886
762.2096 110.6496
763.2225 105.4258
714.2446 133.6324
971.8406 00.0000
878.4406 51.1277
651.9464 159.6869
626.3040 172.0761
764.5192 134.8602
832.1257 74.8169
608.5488 177.4973
888.2296 55.6203
741.3097 125.5370
835.4596 73.9879
826.3351 80.1696
970.3135 04.8252
937.4442 25.9912
898.6517 55.4605
902.7879 40.6854
872.3071 58.8525
828.8063 77.8458
885.6393 47.8123
775.4354 99.4143
653.3919 159.6673
770.6034 111.3555
741.0492 118.5863
626.9839 164.2888
884.0335 56.0146
907.4903 35.7380
866.9717 68.3951
836.3227 80.3951
639.8085 160.4693
926.1954 25.7439
900.3257 41.0696
604.6178 175.1253
993.1563 00.0000
673.0467 140.7741
880.1571 53.4558
890.9136 63.0762
903.2281 39.8233
853.3867 70.1019
998.5564 00.0000
761.6994 109.6741
819.4670 80.4851
753.2880 113.5510
932.2293 23.5151
589.0118 179.5449
807.6379 80.6012
905.1717 39.3379
879.6853 54.9674
687.8464 139.2884
947.9532 17.9543
772.8779 95.0775
924.2387 27.0582
897.0493 47.1144
774.4194 109.1465
853.9971 68.7963
742.1288 117.7949
721.1668 128.6431
887.0426 44.6248
860.6060 67.9626
911.0800 41.0146
897.2219 47.3459
886.6256 46.6559
768.7264 125.9453
675.1140 138.5833
910.3121 32.3107
659.0863 150.6680
860.0193 62.9444
768.0638 108.6626
711.0982 130.7591
838.6601 76.0245
889.3672 49.4404
780.5257 97.8646
905.7707 51.9047
857.4522 73.0987
850.5234 63.9438
915.1452 37.6922
874.8860 57.7887
744.1774 118.7142
780.5080 101.4792
579.4289 186.5631
810.4136 79.9154
875.6579 55.7850
960.1608 10.4499
717.2240 140.0037
864.8702 70.6680
778.4002 95.7862
660.0397 150.3866
655.0242 152.9019
852.4917 58.6886
765.9500 107.5737
791.8991 82.9561
537.7578 205.9070
770.8353 104.4459
967.7989 00.0000
869.5336 54.9656
937.2688 20.3620
987.7605 00.0000
546.6113 193.4791
693.7222 148.0072
974.8316 00.0000
560.8350 194.7992
882.6790 52.3068
903.5943 50.9840
879.5399 52.0206
619.1191 167.8789
925.6407 28.1345
774.5563 102.0894
886.1458 51.0160
874.1480 62.2128
891.4090 44.0091
688.5380 136.0425
531.2560 207.5874
879.3939 53.5631
804.0342 83.0957
583.0735 190.2639
828.6443 91.7102
749.5939 113.8042
740.5162 126.8635
744.5914 115.4492
806.4813 86.5723
921.3081 26.9979
943.0480 17.4355
843.5784 75.4487
748.9589 112.1968
861.2696 60.3154
738.1305 121.2861
914.2215 38.6615
682.8788 146.3093
817.0871 80.8525
719.7000 128.2047
787.4494 93.8945
681.5402 148.6932
818.9445 91.6852
871.7358 52.3667
939.0133 22.5078
828.8998 79.9580
964.1151 06.2356
769.4573 106.1354
761.9198 114.3501
757.4622 108.4823
778.2761 103.4921
824.9633 72.1466
910.3931 37.5689
911.1792 44.9466
968.2549 03.3478
830.3020 78.2226
704.0847 132.7828
841.6775 73.4802
779.7938 98.9474
602.9211 178.4852
795.1816 89.9801
804.6391 84.1454
610.6767 178.9258
981.6547 00.0000
800.1350 97.1215
892.6198 47.3547
929.8125 25.1831
561.9507 193.6167
866.9060 61.3882
825.2725 82.1592
909.5945 33.3267
855.5822 68.5301
826.2054 81.0468
807.0670 93.3125
831.2880 77.9212
725.4705 135.3250
717.6794 130.4464
788.0255 85.8810
826.5189 83.1153
710.8618 133.4196
875.8758 60.8529
915.7409 30.9217
647.6440 153.9554
707.2849 148.8910
787.6971 95.8403
840.7939 73.4651
919.1352 36.9385
985.4316 00.0000
559.8913 187.5455
838.2910 84.5285
838.3465 88.9646
833.7826 77.6950
917.2286 44.6290
967.7450 05.5990
981.1148 00.0000
899.1055 43.1827
793.9335 95.7524
891.9989 44.3200
751.2041 121.5956
815.2487 85.0328
853.6267 78.1984
850.4132 68.6679
851.2745 73.1936
897.7664 44.5305
898.9787 43.5030
735.9864 110.4957
761.5086 104.2644
848.7897 78.3858
813.2554 85.6099
737.9064 116.3857
904.6974 51.5393
796.5038 90.3273
703.4358 129.3283
938.0024 20.0410
867.6576 60.1660
691.2518 137.9327
704.6493 144.6301
855.2244 58.0405
929.8098 32.9055
770.6770 106.3564
880.1360 61.2671
859.4001 74.0141
869.0720 60.6538
740.2296 120.5114
924.9778 32.6122
769.5989 107.0092
941.9860 16.8329
960.4700 09.3266
836.1875 84.8704
789.5398 93.5426
689.6400 137.7068
573.9566 187.3829
604.8561 179.7672
667.6464 145.3634
975.7676 00.0000
778.7461 104.7689
737.5605 132.8938
680.3878 160.9166
833.2051 76.6052
788.2893 99.1116
745.6416 107.4259
851.2451 80.8354
674.0031 146.9954
971.1173 00.0000
840.2014 64.9573
737.2556 140.7164
766.2183 110.0316
635.2762 169.0632
884.0674 54.3712
631.8781 156.9013
872.0257 56.0267
922.6922 31.7530
925.5543 23.6876
705.9043 136.5143
712.5352 124.5430
829.8843 83.2845
675.7469 149.5501
813.4341 88.0783
836.6715 75.2475
794.2970 86.0717
641.5943 160.7724
815.7339 86.2688
978.7812 00.0000
668.5890 152.8991
764.9465 102.6007
578.6867 182.1517
818.9775 88.2145
796.3502 97.2986
755.4311 106.1386
921.2827 27.4618
725.1820 123.8827
844.8080 79.6207
737.6769 132.9631
659.5041 155.9131
854.3820 70.2475
800.0835 88.8827
894.6898 55.3929
802.1023 107.2690
922.7149 31.9464
846.4059 70.3658
964.4307 02.6746
738.7429 127.7658
930.2296 34.9227
929.3680 31.0148
756.9541 112.4237
844.5192 83.7060
895.8393 54.3819
872.1141 56.9270
623.5483 171.0094
790.6524 100.7350
672.5904 155.4315
921.4638 32.1928
789.2086 98.3967
761.5383 110.8029
628.7165 166.8607
777.0024 96.7863
746.5994 117.5390
819.6011 84.1147
890.3926 50.1708
772.0833 106.0930
820.6633 82.2675
673.9290 144.2050
878.6229 58.5734
982.7675 00.0000
800.4098 91.5662
942.9995 22.4970
870.2423 60.6682
704.2913 130.4357
498.6243 219.6464
951.0897 14.1503
869.1931 69.7788
898.1592 50.7433
692.9501 142.1711
786.3205 99.4285
800.6708 99.6603
935.5791 24.2222
944.6898 15.5430
919.8416 32.6432
625.8374 167.3660
714.4982 133.3253
631.4296 165.9135
914.2770 38.9611
921.6542 27.4637
826.9018 81.0122
741.9740 121.3391
965.6642 02.9391
819.0525 80.6258
908.7203 34.8015
820.2493 85.3537
928.3045 26.3411
799.0487 96.5708
766.8299 96.5013
878.3891 54.8833
800.4474 81.2169
733.2927 129.3621
874.8505 62.3078
834.4487 89.5368
841.3156 68.9300
720.2052 132.5936
754.8334 106.8093
736.5878 118.8169
915.9882 34.1570
671.0911 143.4343
704.9936 135.8999
817.3129 84.4049
814.7072 103.2815
880.3460 50.2986
768.7882 106.8882
963.4374 07.9332
636.2860 162.8521
891.6173 46.7763
674.3548 147.3802
856.3216 64.3014
777.0192 104.9217
863.5906 70.0124
775.8280 99.4774
805.0786 93.3283
807.5301 76.6805
735.9172 121.2305
972.5933 00.0000
910.5568 41.5046
956.0862 05.4290
896.9160 41.0377
530.9369 201.1673
906.7714 38.3767
711.7537 129.6587
768.0870 103.4053
759.1985 112.0547
869.4607 59.7585
685.7470 149.8353
619.5461 165.5753
729.8687 137.9472
770.0426 100.8115
863.6825 73.2414
870.3435 58.1281
723.0805 128.0503
557.9900 189.9701
902.4809 42.7006
884.8806 54.2886
971.0834 00.0000
849.9868 68.5028
602.3316 180.8161
942.8412 26.3350
851.0966 69.3171
945.2142 19.5158
720.2501 128.1882
822.5817 89.0010
860.9400 57.6302
895.6962 48.8691
884.9235 62.4021
859.3011 63.9114
838.4061 74.8922
714.4191 131.9385
610.8295 172.4133
598.3793 180.1045
785.1388 88.4041
770.1285 108.1559
837.3466 77.1555
924.7694 24.3370
807.6717 88.8785
718.0401 126.3001
942.5067 22.8980
927.4747 26.5726
776.9584 121.8452
622.6907 173.9982
859.9052 54.9159
831.0716 80.1419
783.8392 102.3634
561.2752 197.2345
793.9676 98.2506
777.0704 104.1864
930.8329 30.6885
822.8270 87.7593
969.2974 03.8758
881.9617 55.0322
620.7061 175.2611
813.5817 86.8854
950.1104 11.9123
922.1148 29.5338
766.7089 105.4355
944.3894 11.5505
835.4493 97.8431
639.9966 156.2869
846.6380 66.1912
845.0663 67.5580
698.6561 125.9381
913.3211 36.5332
821.5765 91.6340
803.3495 91.9353
967.6845 04.9866
708.8159 125.5863
837.8218 73.8000
807.8430 88.4165
752.2412 110.0029
785.8224 96.4668
969.8797 02.1721
810.3149 80.7390
786.5167 97.5343
774.4031 106.8142
847.2228 74.0553
961.2403 04.2197
628.4319 161.3825
862.7904 70.4355
639.7114 165.1526
737.0485 122.2415
958.0387 03.4630
948.4252 09.0852
924.5752 27.7001
967.9921 03.3093
763.5157 107.8810
858.5301 63.9996
563.7771 189.5134
966.2242 05.3125
862.0382 62.7289
762.7823 109.9499
828.0831 89.9032
837.4240 87.0812
881.0349 50.1702
822.9125 82.3993
674.6283 150.0798
633.1501 169.6550
988.4801 00.0000
995.5128 00.0000
872.4489 54.5264
877.0037 54.7580
674.3052 143.1750
721.5121 121.0735
902.8913 47.0822
944.6557 18.2385
718.9766 128.9190
707.4217 136.2027
868.0537 62.8647
790.4016 96.9568
700.0624 137.6180
747.0519 117.9633
843.7084 70.6681
656.0635 148.0914
936.5962 20.2887
822.3406 79.3190
613.3207 167.1993
951.1784 08.4493
751.2740 111.5532
799.0250 90.9405
882.2305 45.5565
830.4140 81.9326
794.6334 101.0515
814.6161 85.3870
712.3519 132.3396
821.6247 97.8962
901.3369 41.5907
607.8112 166.0643
823.4956 85.6544
807.5803 91.0767
856.7161 55.8959
936.5580 18.8637
815.0541 79.1272
833.3057 74.5638
876.0375 52.0200
892.1257 51.4729
911.6409 37.1745
677.6576 145.3487
752.1567 123.8486
891.0601 59.8973
818.9799 82.7214
931.7552 28.9503
708.4287 129.6142
736.7243 127.0224
838.7904 78.1545
772.2497 107.7070
543.4362 201.2903
675.0245 150.0993
696.0247 141.0517
816.9130 79.7499
957.5026 04.7293
821.8289 98.3834
827.6518 79.4898
761.6794 108.6493
589.4127 184.8778
896.6689 49.3054
850.1630 80.7921
672.4441 152.0884
929.2926 19.6898
922.3853 26.0445
890.7720 46.0752
596.4951 183.0195
809.1560 96.9442
762.3487 101.8627
991.5185 00.0000
959.1730 11.1264
839.6533 71.3487
978.3478 00.0000
925.8942 27.9683
873.7607 54.6374
829.2020 81.5167
943.8920 24.5987
813.6372 86.0691
829.7190 78.6038
887.4746 49.1689
660.9926 158.6870
699.0514 136.8508
836.1790 88.1345
960.4806 04.5403
635.0494 165.9296
971.1743 03.7939
845.8743 70.2876
902.7754 42.1416
840.8540 67.6167
509.7457 212.2426
943.6368 15.2283
949.1310 16.0915
822.6751 82.7474
572.3239 194.2625
784.0505 114.9351
624.9724 181.3787
956.6713 10.0159
534.2448 202.7593
756.9949 124.4044
932.1967 24.5128
767.1068 102.2153
768.7639 109.3595
911.3015 38.9890
962.7519 00.7764
645.9299 156.1289
554.1903 192.5023
498.3931 219.6024
859.7798 65.8579
775.6897 113.2762
898.7299 42.4575
802.2675 89.1257
746.8632 120.9126
644.0683 158.3573
696.3168 127.1886
758.5542 110.2972
838.2161 77.8843
876.5110 56.3511
729.1497 122.9873
823.0010 87.0421
724.4489 136.0502
658.2171 152.4215
797.7386 90.6402
916.0201 29.4411
812.6706 83.3992
770.0590 106.3407
913.6824 32.0012
775.5293 107.5477
903.5091 36.7715
951.7143 11.1838
794.4202 89.3224
857.8919 63.6552
934.5199 20.7889
952.9807 10.7356
868.9029 73.4273
764.6432 109.4710
834.5391 72.8350
790.5160 95.9200
810.7412 87.9166
804.7814 96.5176
713.7929 132.6633
888.5491 47.7636
910.3182 34.8590
937.7935 21.5487
833.0069 74.3318
889.9303 47.6524
752.0557 115.4790
768.4969 113.0499
780.0454 102.3642
925.7387 22.5808
777.5738 102.4902
810.1259 104.3264
803.2023 89.5857
715.3611 136.3478
768.8770 107.3397
732.9129 124.0779
984.4347 00.0000
858.4335 66.7751
949.1852 12.6512
892.3574 45.2846
718.4616 128.2348
930.6950 25.3229
892.8982 46.0787
712.0847 132.0385
914.6702 35.8914
920.4460 29.8577
886.1926 54.2256
835.3669 76.4931
816.6813 84.9336
942.0426 21.0060
581.3163 185.0417
794.1978 102.7926
865.1563 66.7360
944.2202 25.1827
763.0160 111.5265
939.6460 27.4680
769.6855 109.0198
550.2272 194.8502
851.0228 67.6306
627.8087 169.9769
890.9492 43.6052
856.6323 70.6147
921.6078 27.1777
643.5738 162.8682
710.3967 128.4785
839.8322 68.3776
844.7094 65.5056
847.3515 76.7237
911.9040 30.2009
832.3211 74.0226
799.7963 93.2483
939.0757 20.1166
830.8003 83.6671
619.8447 161.0992
646.8252 161.6214
697.4412 127.7078
865.0937 66.4821
896.3785 43.5307
774.7336 125.0694
906.1749 46.7127
698.7684 126.6429
865.5561 59.7071
790.3949 100.9602
897.2942 44.4055
946.2559 15.0450
771.3795 117.8944
952.7632 06.0500
966.5314 04.8661
927.8283 33.1763
958.6610 12.1221
668.2666 150.5267
817.5224 78.7334
939.9478 19.7651
856.7855 73.8635
918.8833 43.4273
750.5943 117.4183
929.4219 26.3170
785.2598 100.5295
964.8540 02.8617
773.9508 103.3269
573.3563 182.0535
712.6056 131.5631
921.0483 31.0102
752.2864 105.4109
820.6408 81.9545
868.5468 52.6197
756.5353 114.0184
917.2433 32.4206
960.9641 09.8770
799.4649 102.0527
855.3056 64.1748
988.8352 00.0000
575.9139 187.0288
795.5153 103.5356
828.8670 76.8189
896.3497 49.9931
861.1279 62.3307
667.5605 143.0681
773.7726 101.5081
910.9993 36.3245
958.8551 10.6467
779.8691 98.1923
567.0742 190.3753
899.6745 40.3963
932.5828 24.0001
913.9525 34.1405
748.6796 127.5987
975.7300 00.0000
817.5921 83.8463
804.8223 96.7091
844.6089 70.2492
959.6801 03.2501
910.9461 48.7261
720.6584 135.2247
584.0360 188.7529
950.9222 09.0970
798.4855 87.1349
813.4648 101.0630
683.7400 138.2829
803.2937 88.5785
661.1442 148.8076
808.6114 96.5372
977.9865 00.0000
990.7657 00.0000
846.3878 81.1622
869.8698 55.8112
727.5243 115.9487
761.7864 131.6485
941.8645 22.8349
687.9599 144.5519
739.1461 120.3053
750.4598 115.3794
856.8805 63.1201
920.2975 38.0362
613.6733 169.4829
890.0382 43.8712
846.7359 69.6997
620.1394 173.2573
867.0420 59.0969
906.5933 40.8743
832.5933 79.3565
903.1045 47.3550
897.5121 39.2241
892.7336 45.0697
882.1169 59.2171
625.8425 164.5949
899.3328 55.8113
573.1605 179.6021
904.5902 34.4662
883.1949 49.5514
754.0144 116.5968
843.4824 72.1294
745.9315 119.6022
927.4326 26.5551
696.6870 140.7843
861.8578 71.0952
895.4981 55.0384
841.5690 81.9793
804.2491 90.4290
755.9000 113.6509
957.4648 06.2932
822.3383 88.5393
622.7320 168.3178
795.6872 82.8529
829.8868 80.9919
884.4862 50.6900
914.7149 31.7156
788.5371 90.3390
988.4795 00.0000
929.1269 27.9582
979.0733 00.0000
932.7913 30.2602
975.2481 00.0000
724.7969 127.4806
965.3550 06.7755
925.8613 25.1456
780.1631 102.1853
983.2219 00.0000
953.7149 12.9759
926.6183 28.9732
729.2583 135.5669
810.8417 92.8923
982.6997 00.0000
818.7808 83.6553
763.8067 108.4950
797.8338 105.5524
723.2603 115.8773
908.7863 36.7609
725.1544 130.8520
882.9169 52.8648
917.9820 35.1708
863.3557 68.3974
965.5451 04.4324
853.2215 64.9944
796.6862 98.2344
941.0906 21.7421
707.5626 129.8105
839.3779 73.7817
956.7365 08.7155
913.2993 39.1179
978.0866 00.0000
809.2262 101.4044
763.9426 109.3280
770.3369 109.8842
826.8884 79.8071
995.2649 00.0000
882.3384 55.2960
904.8941 37.7632
840.7786 74.2625
837.9599 65.2060
731.8238 122.0729
782.6454 102.1388
870.4009 60.2865
850.1659 63.4176
865.1274 59.4737
866.4462 73.5139
873.7533 55.8895
730.3953 124.4855
898.3342 40.7739
607.3475 166.1281
914.2537 36.4540
865.7392 60.6536
747.3005 115.1184
715.3534 131.7242
891.0983 42.1465
813.7403 81.5072
796.1277 99.4928
641.0457 158.4371
946.7057 13.9543
626.6446 166.0210
760.5541 107.2641
757.3895 113.1551
656.4575 149.5611
640.0843 165.5763
745.1450 117.4349
941.9547 17.4302
864.4513 82.0244
903.6926 39.6417
806.7647 97.4258
777.9565 120.2916
852.7188 79.4452
963.8220 03.9249
847.2775 70.8855
708.8857 144.3453
818.7791 87.7202
784.2472 96.6649
873.5302 59.0784
586.2065 186.6292
717.7882 124.1623
560.0333 197.5730
818.2334 83.3683
905.5365 43.9067
573.3851 191.4683
795.5828 105.8773
779.0997 108.2316
968.5309 04.7926
633.5312 161.6547
899.6236 42.6098
970.9381 00.0000
765.2507 115.6959
753.9975 119.5500
867.1640 62.3058
820.2081 78.9906
850.8593 71.0502
850.0130 67.1770
897.5071 44.3053
817.2942 79.8902
761.5238 104.7614
950.6892 09.6523
720.7411 127.5158
863.1015 62.7756
797.5217 94.3750
970.7143 00.7900
831.9444 89.5853
983.9067 00.0000
924.5308 27.1031
914.3768 32.0153
809.0295 81.4733
857.2027 68.8778
770.2891 109.5746
686.1551 143.4115
729.1022 115.3424
897.6314 44.2388
877.6224 58.4102
932.8484 25.1551
703.5584 136.9047
870.9559 69.2600
783.3083 99.1452
987.4217 00.0000
891.9945 51.3638
926.0110 29.9926
776.6046 112.1557
734.2194 145.4512
936.8076 17.2298
830.0733 81.9286
792.1586 94.8694
813.6297 83.2080
874.1537 51.8203
919.3672 41.5583
740.3843 123.6425
898.9459 48.3947
769.9217 102.3031
893.5483 46.7852
805.8478 104.3364
917.6677 30.5689
736.3752 111.4613
703.9023 133.8042
550.8373 197.4041
952.6270 12.8246
612.1741 167.7889
926.5496 27.4229
865.3392 61.2322
955.7035 11.5553
906.9383 41.7966
681.2519 143.3222
919.5885 32.7809
851.4596 66.9142
885.8417 48.9148
863.1391 67.0899
884.1095 57.9527
727.4183 123.4216
883.6600 61.1426
689.1376 133.9587
809.7033 93.4189
976.6590 00.0000
728.9446 117.7064
873.4138 65.0488
862.5842 64.5883
904.7420 35.8161
826.0351 92.0321
963.5487 03.2119
940.5040 18.1476
939.4826 22.6939
652.4077 151.0915
659.5834 152.8751
746.9192 111.5709
656.2021 149.0540
952.7750 13.5765
966.1122 02.2144
937.5068 23.5293
961.8685 08.1933
658.7866 151.8032
923.7939 28.0664
757.7514 110.9381
544.8145 202.2302
722.6011 127.8104
992.1939 00.0000
903.1312 45.7558
678.0551 135.8578
822.3801 82.2211
843.0120 73.2104
752.0646 105.8199
886.5274 51.7013
773.5851 101.1482
912.2127 32.6778
876.3787 56.2498
703.2829 124.5121
909.6174 33.4528
839.3979 71.8853
955.0726 10.7045
932.3838 25.4562
784.4822 102.8482
913.7275 34.8885
863.9525 53.2933
836.9771 75.0709
698.5898 135.8079
964.4620 02.7720
764.9056 107.3666
754.9352 122.5209
832.0770 76.0818
936.0780 21.5015
823.8383 85.9396
904.7416 43.0008
948.5456 13.6136
826.0315 80.8046
987.0135 00.0000
817.3723 85.6716
770.2805 105.8239
812.9376 95.7642
806.0190 87.7277
966.2995 03.1288
835.9991 74.1862
631.6500 165.6749
975.3114 00.0000
680.3957 140.6349
790.4342 92.2979
891.7565 40.6278
711.7594 137.8697
846.3256 76.5987
827.3123 78.8540
907.1950 38.3340
732.8492 122.9275
849.4762 75.8812
764.2443 102.3573
805.1602 89.6401
821.2523 84.8304
855.8508 62.2352
957.9274 11.5094
814.4201 76.1901
691.1385 148.5217
940.7045 17.1195
877.2602 53.3305
687.6843 139.8440
754.1138 131.5372
911.7996 31.1812
775.8958 111.5953
584.5006 179.5627
894.0404 58.7189
861.2062 62.1413
744.0569 121.8124
873.7001 52.6096
744.5034 118.3664
991.9748 00.0000
765.1693 114.7983
775.3234 103.8760
660.3328 151.3002
747.0082 124.3188
710.5141 135.6013
901.4848 45.0208
767.2837 107.2356
496.8394 215.7013
804.2715 90.8623
812.6071 91.2178
927.9511 30.5109
923.5888 30.9594
889.4660 47.5473
962.9322 08.0025
793.6168 84.2181
893.9696 49.4245
853.1445 68.0614
773.1374 112.2565
928.1690 25.2584
811.4812 79.2506
788.6319 98.8244
578.2224 187.4234
832.9747 75.2760
839.2033 72.6542
877.5556 59.8277
890.8099 47.3250
662.8340 159.6695
914.9062 33.4288
806.1079 95.9281
740.5179 110.4609
931.9825 25.3876
792.8231 103.3840
735.4487 132.8306
838.6860 74.9406
901.8871 41.5894
915.4100 34.0000
908.8718 37.6001
812.8327 83.2464
960.1202 06.1143
900.5852 38.8753
790.2483 90.3405
888.8991 47.0216
621.5724 162.2036
659.2779 144.3146
960.2852 01.3248
879.7566 71.6679
642.3697 155.6575
801.2290 99.8736
928.0587 26.6759
848.0363 68.3583
664.6612 143.2768
865.3001 81.0437
668.2422 152.5728
963.6190 02.8732
602.1654 168.5435
865.3946 58.6528
654.9909 157.9305
833.8925 93.0645
732.0019 124.1743
611.4071 167.9139
632.9289 162.0861
858.5943 70.2799
875.0502 56.4982
851.3283 71.8578
705.2194 136.8632
836.9132 75.0990
883.0129 63.2930
929.3909 32.0215
873.0401 59.6301
907.2472 38.9895
931.9891 20.5911
775.1986 106.2293
923.4861 27.3673
666.2180 145.8731
561.8963 185.1143
778.3712 107.9810
804.9818 86.5462
691.6860 132.3041
993.2043 00.0000
588.2827 185.4478
821.3455 74.6749
824.7191 87.4649
702.1538 134.2926
572.0717 190.1877
855.8115 65.9820
912.0001 35.4670
589.9353 177.9746
968.8642 00.0000
681.6728 142.8962
798.3756 99.5227
819.8262 75.0844
837.1889 78.2103
912.5279 34.6780
842.8115 69.4945
844.1546 66.6703
909.1280 34.8652
867.5241 65.4356
827.3739 77.9878
926.1137 30.1782
792.2807 91.0701
974.3512 01.2075
924.9799 33.0618
795.8159 94.6430
767.8302 114.0566
868.7127 57.7460
765.9742 108.1519
977.2492 00.9606
815.7532 75.9118
876.1511 58.6420
724.1784 131.8247
682.6029 146.2098
748.8068 115.8131
829.1158 76.7931
829.3274 81.3143
833.2749 67.3333
797.9519 86.7124
923.4299 25.3621
874.7816 54.5096
815.4419 93.7533
983.6853 00.0000
808.5578 88.6486
885.8406 52.5815
730.6507 121.7632
756.7369 108.5009
681.7811 158.2648
698.6130 134.5359
695.6494 139.5620
912.3957 44.6973
745.7532 119.2858
932.3576 26.5664
848.5836 61.0180
835.5703 72.3403
809.2626 81.3776
608.3355 178.6970
947.6088 13.0748
866.3272 62.3573
734.1954 128.5301
765.1220 103.5101
883.0258 57.4610
714.5020 133.5333
781.3794 101.7939
680.3941 152.3686
814.5261 89.2167
795.2381 93.6892
822.0320 82.6534
792.1382 84.7722
695.2263 140.8886
841.4537 72.9349
932.7755 23.3869
902.5759 45.7741
715.1072 139.7931
890.1970 44.2034
940.1958 27.6600
728.5138 123.5393
610.4616 172.1358
443.1029 236.8495
760.6069 104.5962
919.4933 31.1508
794.9040 86.2905
888.3354 57.7084
865.9424 56.5228
929.1483 26.8050
738.7931 117.0812
907.0395 39.1358
739.6944 120.6834
781.4785 107.7249
823.8438 82.3535
944.0681 17.4505
721.1215 132.0866
978.0455 00.0000
639.8399 159.7759
988.3336 00.0000
685.2918 140.4353
839.7758 83.9922
926.2167 28.6586
841.2006 84.7390
742.6525 120.7668
850.5905 78.0698
975.2768 01.8387
685.1153 145.8916
919.0284 32.0073
882.6862 53.9672
719.1442 126.1086
757.4673 109.9244
738.8065 126.9870
661.2016 155.2147
770.0887 122.4600
735.1467 121.8287
692.4439 141.6627
845.5143 71.6387
697.4264 138.8453
851.3787 63.9978
884.5979 46.2445
866.1979 74.2388
923.6950 25.0807
731.2101 134.3060
661.0591 149.2742
720.9387 129.3961
844.0467 67.6963
840.0813 70.0758
712.2061 135.1398
596.1415 175.6608
867.8189 55.7017
909.5326 38.4274
898.2170 45.7190
732.1627 136.5617
621.3389 165.5745
816.4002 102.6225
901.9651 42.7397
902.8862 40.7876
734.4491 113.9597
935.6743 21.4683
948.4176 09.7882
770.3110 123.5694
727.7982 118.7249
847.5856 68.0151
902.7205 37.1703
970.4095 04.4675
705.0667 146.3945
840.0022 75.3706
725.6785 134.8655
649.5846 155.1287
935.4996 21.8149
956.6652 09.0300
774.9429 104.8666
652.0555 156.9295
793.3431 92.7443
637.3353 154.0814
656.9223 149.1853
805.7727 78.5658
966.2355 00.0000
846.4559 63.3751
651.6443 148.3485
892.0714 45.8213
801.0362 94.8897
910.5042 34.7282
684.2813 139.4440
709.0761 135.8739
807.1496 90.3224
659.2421 150.0778
787.1276 105.7403
570.6554 192.0222
695.5250 134.7502
828.0867 79.5803
842.8795 80.0120
863.1399 57.5145
862.1993 58.6150
932.6118 17.9306
879.3481 51.4323
911.1442 37.0965
789.2075 97.9255
860.2209 63.1955
770.9396 108.7282
986.1311 00.0000
851.5765 71.3183
792.6441 105.6900
769.7008 103.7375
735.6773 122.5473
700.9452 133.7291
979.2165 00.0000
603.3809 178.8364
864.6968 57.5687
784.1778 100.6226
883.5541 51.7786
669.1065 145.9057
930.6943 25.1496
706.5365 134.8004
904.0550 48.3904
828.8064 87.5620
684.2130 144.0991
870.7206 63.0118
872.9585 56.9276
958.9318 07.9357
843.6914 81.9616
813.9025 84.3633
790.6595 94.4295
766.8613 108.7934
886.5273 49.7568
902.1034 43.4968
754.4029 113.0802
865.5899 63.5427
673.6950 146.0483
786.3627 99.2985
845.8120 70.7300
838.5071 71.0460
691.9589 138.8052
679.2572 135.5062
779.5193 102.2776
830.1559 70.7015
634.0304 167.3926
600.8150 184.0702
700.5400 148.6331
867.9434 62.0314
852.1015 67.5938
654.8047 156.0839
873.2205 49.9987
905.6659 42.0998
857.7598 69.3265
975.0359 00.0000
849.9693 82.2084
792.7654 89.4744
822.9058 79.9895
759.0756 110.7755
979.7744 00.0000
922.4627 36.5675
934.0421 27.9889
980.7325 00.0000
925.0111 30.6275
906.7473 38.5841
884.6593 59.5512
903.3508 37.5808
887.1544 59.9132
941.5994 18.3733
744.5014 108.2275
997.6692 00.0000
883.9305 65.4377
760.9120 114.1701
749.1218 118.2759
730.5001 143.8163
970.0659 02.7380
922.8939 29.5548
894.4945 47.7218
782.3948 93.4110
802.7823 87.0104
823.4529 94.7774
771.1560 102.4452
825.2751 74.0141
899.2773 44.6024
922.9794 33.4683
811.1563 85.4557
755.8745 105.1294
878.8618 49.2639
718.6914 127.7865
772.2243 105.2395
828.6557 74.4537
770.6727 108.5235
802.3959 88.5803
864.1769 61.4464
858.0155 68.1209
833.4218 82.0382
723.5380 137.6177
848.2288 73.7332
646.4097 164.7880
940.3218 22.6437
768.9126 105.8971
613.3034 173.4883
864.7969 57.2253
937.3665 27.9550
791.5354 93.7672
891.5439 45.4942
871.8990 59.9565
717.8242 131.1429
758.9007 109.2395
853.9245 64.5466
930.2747 25.1628
926.5162 26.1406
987.9410 00.0000
647.6795 155.9725
725.3340 129.0959
838.1805 70.5563
980.6650 00.0000
520.5045 207.0788
927.6594 30.3397
725.3070 128.9879
908.9169 35.3273
969.8033 00.0000
820.8090 85.0864
914.9325 41.2974
781.9198 92.3680
753.0115 114.9674
545.3758 195.8134
541.6142 202.1765
937.2670 28.9970
834.8534 87.0698
903.9757 40.8202
908.0140 45.7465
942.1290 17.3439
854.4375 63.5941
563.9802 191.7321
970.7757 00.2283
911.9703 34.0284
780.6754 127.0493
881.4188 50.6188
860.5116 62.5308
634.7599 157.9472
759.7115 111.3326
869.3696 54.7727
708.1546 140.2324
973.2465 02.2507
891.5852 50.3600
805.9956 80.1429
903.4570 42.7823
958.5938 02.7905
781.5844 113.6108
804.2777 91.2747
977.8454 00.0000
735.5370 115.8415
819.8611 103.8640
847.0147 72.3912
914.5696 30.1405
944.4746 15.9800
876.6065 64.6620
855.1579 66.8889
966.6837 03.2372
829.4344 81.4106
877.9030 68.0225
675.0396 163.3288
870.5536 62.0919
861.5819 57.0256
934.3565 28.4474
917.8269 32.3201
694.5438 138.3408
804.8331 86.0132
849.3741 65.4698
905.5196 36.4218
629.4150 163.9668
785.8146 99.5722
916.9462 41.7391
774.3880 129.2803
854.4946 64.2315
648.8949 165.2840
677.3820 136.7663
794.5340 117.7210
524.1586 201.8315
937.9756 23.4021
830.2807 78.9346
894.5498 43.0995
813.9662 87.5450
815.3196 108.1184
776.8222 113.4967
800.6669 112.2497
957.8129 03.9459
567.6106 191.0409
819.3887 80.6004
804.0095 100.1847
825.8195 77.1908
987.3424 00.0000
740.8840 126.3415
847.5102 70.7269
861.9183 62.8219
753.3838 112.3680
925.8574 26.8024
622.6624 159.4428
817.6849 84.0510
880.3547 66.7391
731.3105 125.1087
744.8091 118.4163
792.9739 92.4019
809.9519 78.4818
789.4447 91.8837
765.0304 107.9597
662.0679 143.9106
714.0566 143.9438
711.2478 141.3779
798.6339 91.1581
820.1521 85.3370
776.5935 95.6629
766.6534 110.5187
852.6641 67.4755
778.4091 97.1467
814.2842 87.7881
843.2664 72.3219
948.7843 12.0321
793.7175 99.1436
779.0026 102.7491
847.1413 67.1256
827.0572 71.8555
923.8652 36.3433
822.2476 90.6223
704.1934 136.5805
746.1741 130.9797
696.4265 129.5039
651.3017 155.7201
809.2008 97.6850
776.2970 104.9912
753.7325 110.1047
834.1103 70.9963
759.7195 118.6936
694.2002 139.1779
735.1524 126.6729
675.6915 137.0835
991.7121 00.0000
810.1316 97.6294
802.2651 91.4930
942.0245 11.9748
834.5079 69.0585
941.7385 15.2180
857.0795 74.5210
898.7205 47.4637
884.5749 54.5107
665.4249 146.4107
711.1914 128.8421
795.0665 104.4788
899.7586 41.7470
963.1849 03.3173
901.4415 42.0942
872.6134 55.8754
970.3310 03.3752
607.0706 169.1472
832.4429 80.3314
977.3387 00.0000
956.8751 05.2375
750.3649 113.3081
884.9069 51.2645
869.3589 50.0832
704.7046 134.9409
833.6606 73.8080
843.4100 74.1909
890.2695 55.3066
800.7230 105.2485
643.4839 154.2720
507.9755 211.8800
851.6476 64.3433
757.6974 109.0605
753.1061 115.6158
481.3495 225.7271
816.8917 91.4412
898.1828 42.4908
933.3963 25.1816
798.0967 93.8077
820.3614 90.5033
819.5645 81.4761
936.8148 20.6035
832.4727 77.4429
898.8092 42.8952
666.2215 157.6471
774.5820 122.9345
899.1921 41.7771
649.3077 147.0860
935.7381 27.2905
777.4296 103.7351
756.6107 113.5254
674.4348 149.5407
893.4904 56.3554
994.5531 00.0000
778.7550 114.1040
868.5329 60.7730
808.1913 95.3780
729.7222 125.3522
823.9779 77.5149
845.4528 71.6313
789.3613 110.8858
837.6101 69.8956
910.3137 41.1618
932.7875 24.4065
914.5615 35.7069
790.6468 97.1057
834.9082 79.9117
850.2203 68.5419
610.5002 166.6422
873.9008 51.6207
978.7514 00.0000
826.6981 77.9749
713.0156 128.0827
883.3514 55.3725
802.7536 91.2867
743.5660 116.1081
944.3419 15.1696
769.5144 98.4806
824.0160 79.7884
947.1714 15.1078
864.6382 61.9674
846.9034 75.5462
811.5339 82.3733
601.9982 181.7720
970.4996 03.5689
795.2287 92.1631
745.2612 118.8030
922.4417 29.8514
777.0201 115.8882
826.0235 80.7718
895.1526 51.4690
750.2692 113.6211
808.8458 82.7460
618.4059 183.5183
795.8764 94.7018
701.5073 132.2826
928.2784 23.5392
909.3971 38.8341
899.5184 38.8033
744.9152 128.7681
886.6312 47.7393
913.7259 35.8921
940.3658 18.8515
907.9848 32.0562
899.6936 46.5238
816.6409 82.8848
893.1952 42.2014
933.7422 24.3060
652.8440 160.2933
680.7412 146.0272
691.5190 137.4424
890.2491 49.1348
935.1057 24.6912
908.2930 44.9416
746.3194 111.0871
935.5274 21.9132
922.1325 31.3263
853.8041 65.2505
658.0327 154.7965
921.0445 29.2096
781.8801 96.8392
911.3925 33.8065
837.5363 87.6495
934.9841 19.9632
872.9923 71.0372
819.2818 84.5024
819.1043 94.2649
885.5976 54.5007
789.0252 91.5661
941.0694 22.0089
930.6533 30.3864
863.1700 59.7136
849.2996 63.0834
949.7945 17.6091
680.3006 149.1763
804.5352 102.5581
937.2947 25.1358
794.8060 95.5374
675.3679 140.2896
839.8972 73.5543
801.8890 93.0298
847.6854 83.4031
703.6373 131.6138
846.6796 72.6058
854.6860 70.8853
705.4408 137.2946
749.9998 119.0317
886.7942 66.4608
792.7928 90.6046
603.7763 170.8560
919.8466 39.7255
962.0319 08.9385
800.9377 90.6982
888.2920 63.6777
857.6050 66.3157
912.5909 36.9302
847.7558 71.6748
666.6913 148.5423
757.5972 129.1318
812.3319 83.6332
915.6866 31.5852
859.9240 60.4764
991.1127 00.0000
791.0766 93.6571
984.8026 00.0000
602.3004 181.9082
690.4408 140.0713
659.8881 152.7872
810.4033 81.4365
827.4966 81.6834
756.3619 107.1372
913.7395 36.4289
976.9802 00.0000
800.9792 102.5778
786.6755 98.8454
857.3315 72.2602
704.0623 133.2721
915.0547 32.2026
788.8023 100.8753
555.2548 190.5296
967.9074 03.6587
952.2402 11.0752
683.5668 136.7910
876.3139 54.8571
891.0499 49.0010
713.9236 125.9778
793.6094 103.3585
890.2605 46.6872
786.2996 98.8054
847.1596 71.8887
876.9537 47.1015
884.6987 45.9543
915.2440 35.2408
715.8469 135.2700
706.7423 122.0679
435.2618 241.1410
691.6568 142.5752
851.6542 76.4070
772.2218 102.5759
822.2187 99.9722
878.0428 52.0006
863.2180 69.3451
807.7023 92.0464
908.7439 38.4354
830.0647 80.7659
822.5706 89.9743
840.2806 79.4188
848.8068 67.8482
691.5294 138.4677
874.3702 67.5862
881.5264 52.4024
877.4605 45.8668
844.4719 71.9083
853.1071 65.4482
738.8938 123.4806
852.0815 70.8413
897.9084 50.1542
708.7095 141.6388
858.9903 61.9879
847.0908 73.0900
723.1859 131.6101
878.3985 53.0412
966.4997 07.2291
660.9948 156.8189
757.8693 111.9014
954.9227 12.2654
972.5791 00.0000
896.7705 44.1735
850.1249 70.5324
667.7667 151.0386
964.4264 01.0269
910.2347 34.6301
801.6602 91.7956
899.3764 40.6763
731.3961 121.4439
888.3872 46.7885
959.3382 05.0942
774.0588 112.6775
772.5380 104.1045
870.8903 61.1204
682.6249 140.6282
689.2419 137.8303
859.5298 63.6467
746.6229 111.5601
809.3099 91.8314
896.3443 42.7897
698.3227 135.9884
808.8496 90.1791
837.6056 72.8831
938.5942 18.9849
950.9226 07.9931
708.3508 135.7694
758.1347 105.5253
743.1139 120.0382
667.3582 156.3231
770.6084 102.2548
887.1708 48.2103
908.9777 37.9944
733.9815 119.1705
901.7962 41.4983
747.5735 113.8467
960.9132 06.4114
775.1139 107.4012
630.5130 163.0542
931.7753 25.2841
925.7787 24.7757
825.5140 91.2875
899.0633 45.3296
982.8677 00.0000
849.1869 77.8214
781.0512 95.0892
843.9616 69.5295
694.3301 140.8948
803.1548 85.2072
765.9207 99.7750
775.2693 103.5514
835.5279 80.9418
748.9749 127.8139
948.4357 09.2914
923.6783 33.0379
842.0074 80.3949
623.5421 168.7297
814.3241 86.2921
977.7869 00.0000
914.8848 33.2386
896.0380 56.0851
947.3574 14.8333
798.6437 92.4351
740.8032 116.9872
729.4504 124.7210
872.9792 52.4881
918.0274 30.4150
897.6514 50.7704
857.2156 62.1843
882.1757 52.4635
680.6731 149.2417
692.9230 153.0052
941.7221 17.8703
905.9132 41.2952
782.7847 111.0327
851.9323 68.2983
806.1927 94.4687
709.6628 132.4452
937.3827 17.7084
834.6110 81.8693
907.8588 36.6252
625.9550 168.5421
749.0527 117.7152
961.6208 02.8460
900.0194 43.1810
934.0361 22.1435
856.7463 74.0318
899.7598 43.6496
628.9336 165.1719
910.1416 43.5470
888.7170 56.6587
743.3406 127.8262
989.0816 00.0000
828.0559 85.2634
760.5813 111.4424
741.5752 128.5235
720.7360 128.6087
918.1460 38.3618
771.6704 105.8392
818.2975 106.6694
938.7109 22.7176
720.9837 146.2385
693.3167 153.5503
776.4602 94.6750
659.4455 157.0472
854.2655 65.4652
920.7101 32.3653
596.5584 178.1076
586.4792 187.5498
706.3050 140.8770
824.5143 79.1438
947.5850 15.4075
942.3810 13.4747
770.8410 116.6729
750.8827 114.3533
864.7224 62.6061
903.9568 42.8956
618.4889 173.2515
910.0540 36.1448
723.8523 124.9534
797.9044 112.3186
677.2853 155.5198
978.1113 00.0000
772.1691 105.6659
849.3468 70.8905
947.4639 11.9767
946.4529 16.0262
770.0335 104.8746
885.6430 48.1561
770.4794 116.3216
871.9374 57.4610
802.8383 100.4093
851.3142 68.2675
848.1646 70.5417
858.7080 65.0983
716.6767 124.6929
973.8704 00.0000
626.6341 158.0554
826.6076 78.5980
913.5380 35.2189
826.0642 69.3995
766.3262 106.1224
907.3023 33.6595
836.7492 78.1135
776.0897 104.1616
758.9964 116.4983
565.9241 187.1004
879.0124 53.2584
860.8421 60.2448
861.3623 62.4867
815.4898 82.0459
968.0081 00.3688
790.6038 111.9874
975.7074 00.0000
915.8508 38.3799
742.4941 127.3989
840.1290 71.1058
914.9230 38.5554
901.2319 43.5951
910.0862 39.8930
872.1057 60.0740
844.2387 71.6888
820.2468 92.7898
867.7932 79.2143
661.8450 154.1187
543.3049 200.1683
910.9416 33.4632
758.3975 110.7155
832.6060 95.3320
654.3478 145.4629
948.3262 18.6560
900.7332 42.5818
841.2135 65.4515
749.1030 113.4026
807.1908 89.5015
668.5068 151.8909
672.8005 150.4431
762.6016 109.4020
816.1016 106.0018
905.7577 44.7740
886.8068 52.0861
789.3528 98.7973
829.4158 74.4195
887.4235 60.0233
840.3361 72.8081
849.3380 78.2932
911.9034 40.5638
824.6025 75.8741
966.0796 04.7689
909.1901 40.3313
847.1757 70.6414
990.9400 00.0000
694.6546 129.5486
706.0441 126.7080
863.0986 61.2889
857.0747 60.8108
771.6099 103.0471
696.1679 133.3975
813.0402 86.6774
869.5155 56.4909
697.3244 141.1795
983.2792 00.0000
812.3282 88.3930
819.0023 84.2339
889.2874 49.5151
795.7500 92.2606
861.8769 71.2677
997.7437 00.0000
498.3702 217.0488
905.3144 39.6306
421.7365 245.3052
774.0321 100.6726
802.4753 92.6592
856.9882 73.3071
905.0184 35.2717
955.5368 05.4946
741.2041 134.5570
899.3294 46.3824
967.2906 04.5652
939.8657 18.7412
940.3198 23.0632
810.4778 86.0675
781.0762 100.4511
886.7771 47.1769
866.2468 70.8815
781.2132 101.5377
799.7033 95.2310
792.4573 94.2055
865.2798 70.9262
985.8439 00.0000
948.8829 12.4804
836.1743 77.9058
874.2505 58.3338
922.1928 25.1548
809.3092 95.1254
694.6134 141.9825
762.8374 120.2337
851.1737 63.6673
715.8910 125.8311
732.5219 122.8773
865.3929 55.0313
769.5422 106.5523
851.5365 63.6757
622.2352 166.2367
880.9442 54.0525
801.4967 94.3058
657.3311 154.8130
703.7188 128.4727
947.5866 15.0260
602.7086 168.3344
896.7763 46.5445
790.3094 115.7575
759.1807 112.0908
519.7143 207.0915
738.8657 121.1812
760.1688 119.9442
922.1808 31.2674
797.0768 95.6447
629.8433 174.5116
823.4170 80.5685
944.8989 17.6356
838.6638 77.8821
739.2357 121.4675
680.7907 150.1186
813.9872 97.0589
921.4207 33.8110
822.1094 71.0903
749.5712 113.5633
844.9839 64.2936
936.2113 17.8171
811.7856 95.1093
804.3927 90.7279
873.8524 60.7956
750.8342 114.2949
605.1685 170.2246
918.0928 33.8825
942.4207 21.1233
904.7628 36.3957
679.8109 153.9518
942.5531 20.8174
839.1651 73.2429
739.5967 120.7018
847.3967 71.3202
851.0492 62.1318
899.5718 43.5309
968.1123 03.8052
850.0539 69.3515
643.5464 162.7602
830.3468 95.1906
895.7365 50.4179
742.6902 115.7168
838.4611 76.7029
816.9915 96.9644
631.8633 170.1246
852.4809 66.2109
621.8003 166.9140
817.3381 89.9639
916.4731 36.1001
810.2106 94.0976
852.2527 65.2040
781.3609 91.7468
892.0432 57.6630
744.7330 118.9095
882.0475 65.5734
696.4816 134.2945
760.8758 111.9444
696.2361 139.2355
712.5742 133.6643
749.2978 130.9231
928.4075 25.8824
843.4506 71.6330
504.8913 216.7734
969.3606 00.2851
795.1284 92.1837
796.2612 108.8499
867.2358 62.1287
937.0746 26.4047
691.4199 138.2174
776.6588 103.7211
905.1186 39.6832
854.4150 65.0956
794.3997 97.3286
779.9550 100.8642
982.1980 00.0000
876.0072 66.2741
822.6349 87.5814
856.7083 66.5567
787.7052 117.3276
750.9613 120.0353
554.4038 196.4073
968.4439 00.0000
805.3128 94.3646
707.1186 134.2552
968.4378 04.7316
908.6556 33.6392
800.3575 92.7097
846.9985 71.4046
848.2321 68.4299
886.3012 54.3495
895.8533 49.1535
722.5495 138.8518
865.3450 58.6381
798.1398 90.7875
805.8725 84.1075
839.2439 66.9660
838.3718 67.0932
860.4036 61.5905
904.2604 44.7213
882.0892 46.0490
837.6020 77.5419
867.1994 56.9643
727.8431 125.9884
830.2194 77.9893
793.1249 92.5890
897.8598 48.4321
925.5075 30.8382
936.9458 21.5700
627.7531 168.8913
892.8634 42.2936
796.0106 86.1985
793.7371 99.1388
788.3114 89.5870
583.5393 186.6265
752.7913 108.0252
626.8300 159.2573
792.9629 96.3731
906.1160 46.2853
860.6390 65.3935
775.2481 113.3037
569.3508 182.5751
666.9893 148.9548
724.1592 124.7238
724.8818 128.7711
838.2615 69.5012
870.9571 56.6252
798.7450 102.6216
960.4891 11.0496
973.5758 00.0000
745.1276 118.0140
852.9413 63.6214
929.8910 23.7583
879.7695 57.2401
945.0623 15.7097
639.6369 155.2753
914.0045 31.8411
970.6368 05.0181
650.8047 150.9671
813.4151 81.3549
893.2331 49.6257
818.5678 92.5874
812.3839 87.1077
857.2997 66.6302
977.2150 00.0000
805.0365 88.7407
758.4513 111.1921
697.1697 140.5092
940.1280 17.2677
977.9552 00.0000
705.6573 124.0278
902.2849 42.6869
752.9215 102.2462
841.7979 67.6538
794.5165 91.6890
853.9438 72.1471
851.8198 73.5409
587.6553 177.0234
856.2605 60.4400
845.4929 71.2685
961.8075 03.6652
798.9949 97.1846
876.5604 60.9570
992.5697 00.0000
929.2677 27.6245
776.7861 108.0450
877.3696 53.8682
887.4047 47.8237
704.0839 128.1138
786.5923 99.4077
782.7327 95.3248
852.1073 85.4216
488.8098 222.8793
974.4372 00.0000
830.3431 75.9391
743.8324 118.3936
723.3078 135.1633
663.9706 149.0595
885.5005 53.0931
875.2031 56.4825
734.5044 121.5684
923.8468 28.1483
921.9161 40.4496
768.8721 112.8372
944.2085 17.3403
960.0499 05.0352
854.0006 73.6428
868.7302 61.8455
978.1012 00.0000
665.1774 155.3327
732.6024 128.6242
783.1292 102.6150
876.3506 60.1929
649.4361 158.4538
909.6355 44.8740
863.6352 59.5858
866.8889 57.1941
922.8153 30.2863
779.6660 101.5815
976.7825 00.0000
676.0864 136.1661
818.0202 83.5659
788.5847 88.3826
720.4131 137.6466
885.5124 49.7219
852.2731 75.6747
929.9600 27.1952
626.3995 168.4218
601.0471 169.1348
858.3532 66.2531
697.2655 140.0147
792.6219 96.2278
864.9377 58.4130
938.7637 20.4469
627.0195 172.8717
951.6071 13.7338
555.7569 196.4682
858.2403 58.2605
924.1179 30.5878
930.7653 25.6374
811.0008 86.3226
642.2133 156.4706
812.2866 85.6224
953.3104 04.7126
824.9075 100.5846
705.1658 130.2102
934.1378 25.0431
866.8910 60.8936
612.1112 172.1587
608.5472 173.9716
809.0722 81.8521
794.0432 93.4628
843.8140 71.2036
813.0669 86.6230
839.2341 72.0981
888.0738 53.3243
802.0969 102.4458
808.1733 82.5514
885.2644 50.7392
867.1754 55.9922
980.1064 00.0000
724.7716 125.3316
731.0000 123.3396
941.1371 17.5674
695.1881 137.4578
780.3221 101.2844
856.4332 64.4749
648.6036 163.2391
982.1613 00.0000
891.6414 47.4488
934.2117 27.7923
669.4188 160.5863
637.9099 167.2562
712.6972 129.5898
787.0318 90.0468
839.2693 89.5119
553.4666 188.4962
924.2947 27.7621
798.3661 100.7672
865.8712 55.4063
809.9385 80.9044
905.5867 39.9155
818.0308 84.2836
987.2863 00.0000
938.7973 19.7226
811.7826 86.7530
977.4897 00.0000
968.0492 00.0000
841.9407 73.1526
768.0968 95.7720
927.9349 25.1601
978.1031 00.2793
759.8663 115.1473
738.4392 107.4795
978.7351 00.0000
838.4520 73.4015
699.6047 136.9782
782.2145 101.9821
974.2333 00.0000
577.7867 178.6542
930.0088 26.1891
727.5779 125.6981
788.1238 97.7374
682.1908 145.5550
957.4578 07.9854
878.8457 62.1628
937.1567 18.3839
834.6593 75.7161
589.9406 174.2616
905.6590 36.8208
563.8452 195.4002
929.3331 27.9369
900.8486 42.3127
808.6308 94.6707
916.3699 38.2645
913.8840 37.9990
909.6709 43.6756
849.9450 61.9465
741.1934 112.1625
753.5542 103.8747
636.8095 164.3152
767.6002 118.5845
746.9646 118.7251
895.6926 46.4989
828.9029 77.6363
715.7523 131.3200
746.2774 128.0504
955.3482 08.6353
885.8253 51.1194
799.6476 94.2851
772.1823 112.8662
657.2491 161.3310
910.5171 35.3222
867.3840 57.4941
703.5015 143.2073
899.9416 38.5183
891.4532 63.4734
971.8412 00.0000
912.3863 34.5154
750.2467 119.6144
708.6672 127.3580
752.4674 107.0706
689.6256 143.1169
908.3019 36.7890
788.5405 93.1844
987.6202 00.0000
865.2068 60.4293
888.0760 50.6971
940.0110 19.9072
679.8832 148.8123
878.4607 65.5688
875.4007 53.7308
963.6075 04.8732
871.2640 62.9317
993.9441 00.0000
880.0033 48.9614
818.7049 80.8476
730.2520 134.4694
883.6693 47.3037
886.4954 57.2759
758.0494 114.8608
737.3851 115.3746
923.0927 27.6840
979.5065 00.0000
886.4251 48.7312
781.0634 92.6747
852.3604 64.2179
812.4823 86.0426
879.0421 49.7393
909.8490 37.8081
895.5788 44.8162
734.2413 109.4713
930.2412 35.2509
929.9205 22.8048
762.5081 110.9768
789.3384 98.0342
946.8264 15.2566
776.1512 90.5337
822.0557 79.9840
908.9616 32.8238
769.8178 112.2130
962.2053 05.7820
925.0770 37.5080
633.7705 156.9634
837.5967 69.6873
678.8891 147.2377
772.9627 97.7612
789.4052 96.0058
754.6446 114.1230
901.4464 50.0782
966.0292 06.8648
683.7055 148.6107
970.6875 04.4079
672.8554 147.4133
723.5677 122.6023
798.9966 93.2634
874.2907 62.2608
652.0925 156.3723
899.2542 49.3671
955.2830 08.9421
911.6219 39.1462
611.4113 174.3129
940.4757 20.0432
759.6671 112.0401
914.5755 38.5669
739.3444 116.0080
705.3046 132.3097
797.9277 93.7326
619.1800 169.7547
681.7598 158.7918
994.1532 00.0000
931.9802 23.7453
743.6862 125.8118
772.1934 92.8665
803.0870 91.3677
766.1391 107.8771
809.6338 89.7468
536.5629 198.0803
840.6165 75.2084
713.6298 125.0285
806.1234 86.0135
746.2745 120.1310
780.6033 119.4384
664.5843 158.6717
819.1754 86.0267
860.5664 68.1657
730.8967 112.1184
878.5827 48.1423
724.0146 113.3670
724.0883 127.1833
909.4292 38.3947
988.5926 00.0000
875.2528 61.7532
991.8123 00.0000
879.6507 60.0431
963.2918 06.4521
832.6788 80.3339
764.1127 107.3524
752.9931 128.2737
801.2988 89.8513
944.9541 15.7893
887.6282 46.9096
801.5237 88.1274
922.3596 38.3085
941.5984 16.7018
889.0182 49.3017
795.7824 102.8779
581.9493 190.8294
958.8185 03.5035
849.1902 65.5937
793.8104 95.6934
854.9748 56.9012
728.6647 126.0396
967.5979 00.7712
921.5398 30.7896
850.7940 80.9810
922.5907 24.3683
912.5846 37.2585
679.4549 141.9639
724.5583 124.2931
939.4446 19.8804
665.6046 152.5340
992.5577 00.0000
760.6629 117.8141
912.7254 41.1294
784.8597 91.6603
891.4527 47.7832
