# FVC 3D Coordinates
787.3004 99.3148
930.3954 24.7894
873.6816 54.1133
701.9203 135.2309
821.9774 82.4402
745.3840 122.0381
680.1967 136.3756
959.6605 08.7414
960.3233 10.2197
917.9427 35.1736
718.6146 130.3720
843.8477 74.1307
669.6220 146.6350
620.9064 172.7283
894.9548 40.1058
849.0601 69.4730
748.2338 116.8534
883.4739 53.3146
933.7644 26.9503
974.1721 00.0000
808.3500 89.2379
784.5400 116.7350
762.1264 120.5928
939.8202 22.7413
891.2503 53.5642
761.7911 107.6867
757.1370 113.9287
907.7373 38.6451
689.9205 140.9512
741.4694 124.5013
687.4434 146.0230
772.9646 106.2939
871.0503 51.0983
900.5299 43.2717
815.1909 87.3283
887.5617 46.6439
849.4159 71.2268
747.7567 116.9716
836.9281 71.4144
904.1402 35.4802
971.6166 00.0000
696.1840 146.4772
885.6607 49.1307
717.8300 119.1417
799.2779 88.1214
858.7815 58.1548
682.7047 144.7289
877.8484 57.5722
794.2439 99.6952
895.3027 44.6859
956.5445 05.7639
865.7975 63.8215
755.3029 108.3822
809.2387 85.7772
921.7850 30.7161
786.7428 85.5518
752.0774 112.6788
562.9463 191.7040
860.5582 64.6846
980.3981 00.0000
755.9653 102.0016
885.5974 44.6449
925.6134 28.0025
751.1654 132.2165
984.0835 00.0000
663.1606 154.8213
890.0995 46.8295
910.6195 49.5133
772.7442 113.9161
934.6975 25.8597
912.6890 44.3557
736.3176 120.1416
801.6940 95.3090
741.8220 118.3844
931.0889 24.2525
788.7665 97.3151
809.7862 102.4148
712.2629 133.0816
720.7712 131.9137
877.2608 52.1771
561.3495 190.7569
883.2760 57.5872
677.5526 138.9145
966.0461 01.4114
769.4978 105.7557
669.4808 142.0612
658.9033 151.4258
940.9094 18.1294
998.6493 00.0000
896.8743 45.9536
960.0392 08.5708
906.8482 38.4860
831.5027 86.8758
676.6472 149.4734
533.1401 207.7164
924.5062 34.0187
816.0401 88.4794
818.4966 86.5942
907.3281 37.8610
956.8475 10.0488
632.8191 162.6720
831.0550 79.3245
936.1320 19.6241
898.1727 42.6527
726.3857 120.2898
793.2213 94.8162
856.8642 65.3520
829.7004 94.3825
617.8724 170.3601
723.2587 124.2040
727.6986 141.6288
756.2774 113.5236
883.0250 51.8890
776.3507 92.9790
638.2931 154.9094
655.1785 153.4429
804.3678 97.9250
894.9472 42.6300
797.6212 100.8169
889.6278 47.7161
827.9515 80.0539
649.2649 153.5597
841.9131 72.4628
965.7862 04.7616
870.0885 61.9205
772.1323 102.9875
810.1849 89.4749
637.1128 156.0287
832.4721 90.1606
887.6763 48.6669
891.2883 48.2440
816.9779 88.7543
670.5041 164.3005
632.6524 163.3503
819.0075 84.7443
847.5268 80.6013
913.5085 35.0064
730.5059 122.3577
792.6392 88.2699
954.5403 11.0066
916.9296 42.9022
685.6868 138.1039
739.3500 108.7086
962.7732 03.3610
748.0369 115.5684
726.0397 114.5341
874.4264 56.9079
709.5587 130.0804
826.4876 77.8703
906.2997 47.7075
898.5141 42.1393
821.6747 81.6536
952.8697 13.6375
787.4943 102.4878
699.2771 138.9813
794.2473 88.7319
852.4743 77.6501
822.6283 78.7319
790.7762 95.7416
739.5850 114.3413
783.2371 110.4225
835.8305 74.3527
735.1453 141.5788
950.3833 11.1908
852.6033 73.2533
779.5242 100.5683
683.3688 147.5042
745.6300 122.9042
955.6081 10.2719
713.7682 133.3918
818.5560 98.5668
834.2707 77.6101
740.6785 124.6185
677.7573 160.6393
937.1303 14.8222
755.9001 109.5712
897.5008 44.3626
773.3852 104.0500
722.0237 129.5360
842.2185 64.5171
890.6343 44.9051
837.8404 91.1763
942.7665 17.7019
740.1375 128.2981
941.8917 16.4235
807.8494 88.7052
944.0984 12.7470
719.4469 124.7425
931.0102 22.4025
853.2738 69.6384
787.9077 98.2603
879.3717 50.1573
792.6989 97.6851
672.2702 161.9829
964.5433 05.0169
652.5968 154.8889
760.1851 111.4470
692.7169 134.0006
890.4007 46.0671
956.0491 10.1933
719.1558 126.5731
741.2487 118.3184
889.2880 49.0414
752.0657 112.8883
646.7658 154.5455
788.0619 99.1664
947.3005 15.6827
917.9301 31.2169
877.7053 55.2261
758.7670 107.7827
635.5279 167.1553
882.4414 50.9538
815.9771 85.7069
949.6033 16.0409
800.1854 109.6191
965.7561 04.9406
828.1677 80.2119
735.1828 119.9382
757.7926 108.1847
904.6948 41.6035
629.1792 165.4588
893.6151 51.1379
934.4378 26.4710
910.3337 50.3567
621.4877 172.0818
831.7199 83.0674
871.3600 53.7435
979.7261 00.0000
735.6752 127.5001
711.1310 119.8510
791.2514 97.3864
484.0947 218.3507
945.7374 17.6255
864.7462 65.1404
866.9789 62.1940
814.2053 102.0472
782.1166 102.4426
599.0253 177.7909
756.9387 112.5287
970.3327 01.7463
813.2766 87.2324
808.3474 81.4758
872.0301 57.8690
767.6882 101.0981
819.4828 87.6564
888.3594 50.0393
706.9109 132.8090
595.2298 175.6049
934.0670 31.3892
732.7433 124.2066
667.9664 143.8752
675.2912 149.1212
774.3347 103.6040
841.0046 75.2025
844.2034 71.9708
828.4244 76.0185
667.2466 145.2216
665.8399 154.1847
956.4026 11.6329
940.3968 17.1206
667.4467 164.7483
770.2060 105.2438
665.8191 155.1915
482.9369 221.9362
804.0622 101.8834
952.0920 09.1451
795.7209 99.6728
806.5146 89.4896
887.8021 42.0506
894.8643 49.1892
821.4306 82.3557
723.8515 124.4081
836.8248 86.2436
864.6038 62.1621
880.3391 52.8920
721.0186 116.5301
868.7036 56.5722
762.5260 107.7736
766.9529 109.3370
731.6771 123.9424
942.4334 24.1180
751.3142 114.9025
840.3119 68.3171
700.7255 132.4793
746.1970 128.9474
598.4525 177.0973
487.1475 222.4760
686.0142 148.0447
790.9754 83.7983
954.2600 11.8161
943.0182 16.1008
969.1753 00.1346
842.3527 76.9261
730.4203 118.5140
761.4110 115.7784
862.7861 69.4232
661.8500 156.5451
820.1986 82.4201
914.5259 37.5187
981.3300 00.0000
898.0372 38.3884
899.1043 53.1832
858.2473 63.9828
902.0654 40.4326
763.2882 108.8504
925.0438 29.3106
752.8102 112.6467
838.9458 68.6668
754.2338 113.0904
773.8156 103.7944
861.7495 59.5370
928.3310 26.4419
771.2922 123.3463
667.2626 150.7174
755.5623 111.0203
855.4975 65.5457
899.1892 41.8871
706.0912 131.3596
851.9545 70.9188
807.8247 81.1357
765.3732 128.6514
904.2976 41.8875
808.4034 87.6773
868.4332 60.1068
923.6935 30.2864
911.4310 39.5372
843.1679 77.3339
835.1339 95.4805
753.7869 128.8269
763.9828 119.0699
946.7052 14.9521
836.3996 75.7158
790.9432 99.3093
841.8522 69.5893
925.1567 32.1762
864.4428 69.9092
945.1407 15.9287
673.7366 162.0710
601.2302 168.5373
836.5993 80.0364
584.9157 187.5099
812.2003 85.7918
738.3156 125.1806
756.3471 114.4847
714.1930 138.5930
843.3885 78.8320
853.2588 72.1728
649.5104 164.5575
886.9706 41.6276
879.2095 57.2978
918.5064 29.4159
750.1795 135.2991
867.8707 63.5192
837.2444 66.8432
731.6351 122.0757
848.6758 66.1952
534.7477 203.0202
668.6927 141.4658
812.8249 108.1035
841.3598 75.6432
688.0810 136.8070
798.2809 91.2229
725.6615 118.6990
948.6459 13.5050
658.5536 152.7349
730.4253 122.0907
605.6462 167.0444
815.6533 79.7931
800.5187 96.6268
703.9622 129.8195
782.0923 100.9407
902.3539 42.1264
598.1777 179.6553
792.5213 88.4123
761.7811 109.7753
863.7654 61.2017
798.6667 93.8786
833.8976 73.6481
846.8702 72.9143
804.3192 81.4840
821.2960 81.3570
660.0123 154.7012
682.9536 140.1286
867.1326 57.5804
704.8032 145.5490
793.6040 95.6471
660.4209 144.9807
940.0386 19.4682
926.8465 29.2570
957.6809 02.1951
787.2533 98.4141
765.7739 108.0808
751.0031 105.8140
902.1779 39.2088
959.8082 03.5133
660.4005 158.8526
776.4642 111.9765
896.5592 39.5538
871.8635 72.2072
777.6959 98.4115
761.4084 113.0812
792.8120 90.4768
625.5491 171.5114
779.1203 103.2057
895.3224 49.2549
981.1991 00.0000
977.8864 00.0000
758.2137 112.1536
905.3324 42.3355
845.9925 66.6854
707.4518 126.4884
716.2177 142.3847
882.4563 43.9093
509.9879 213.8154
879.0586 70.2364
977.1451 00.0000
854.8072 62.9771
955.3836 11.7559
960.1705 11.8821
645.2632 163.6212
917.7609 35.9291
712.5121 131.8661
854.2542 57.7949
674.2958 141.1464
893.6233 49.5040
816.6531 87.1230
698.2186 142.5843
773.2344 107.0282
806.2065 87.4824
865.1320 57.7835
933.7822 22.9989
908.9105 49.0925
909.3782 29.5549
882.3049 65.6122
843.0760 85.9474
882.0622 57.2766
812.5728 77.3691
913.4628 34.9300
964.7098 06.7599
884.9202 52.7887
657.9629 152.3883
746.0912 118.0227
879.9802 59.7707
884.5580 68.7595
820.4386 99.0269
849.2319 71.8075
846.0274 69.2049
789.9237 104.4690
872.7873 63.1109
856.2111 64.3714
921.6501 29.6695
850.9064 58.1188
816.5242 80.6693
928.1455 25.9521
626.0246 175.9184
885.8656 47.4484
770.3122 121.8458
748.9496 116.2949
877.6168 54.5591
672.0982 152.4842
896.1306 42.5688
848.0517 69.7628
840.6677 80.1436
798.2868 92.4972
943.9874 16.4371
744.8951 120.4925
757.5042 109.1571
834.9701 78.2488
937.1539 20.5509
832.9269 70.2897
743.4527 134.3831
655.6349 151.3873
882.3039 52.0829
892.4228 50.2452
832.1349 86.2980
852.6341 66.5479
917.9783 32.7718
952.1838 11.5194
712.8336 126.9309
746.1669 112.4333
837.2340 80.3319
819.7891 94.9109
682.2192 137.2726
939.8680 20.0660
943.8438 11.1677
734.9172 133.9205
932.4163 19.4157
948.9074 12.8370
777.2870 93.0577
723.0689 123.4361
823.6583 76.2680
911.9573 44.2463
805.5391 86.4525
870.3342 64.0688
776.0857 119.2915
733.4569 117.0134
719.0570 133.0694
559.0304 193.4379
711.5471 131.6567
933.7657 22.7988
721.6935 124.3005
880.9028 47.7185
692.4289 140.7547
849.3975 63.8468
799.8125 97.6112
840.4231 74.3260
880.7288 53.4344
984.1495 00.0000
976.3145 00.0000
930.5847 31.3357
857.9527 77.2408
910.3722 36.2136
595.4983 175.3896
569.6863 188.4114
979.3068 00.0000
736.8830 117.7174
787.7935 98.5751
881.7538 58.4809
772.2954 108.5534
896.1097 50.0841
921.7292 30.3068
867.5927 66.2346
856.6341 66.6337
744.7292 132.1605
978.8623 00.0000
738.8483 110.8381
927.3832 25.3014
755.1586 111.6104
793.3208 100.7047
894.8751 44.5926
880.8967 65.8735
798.9810 92.7853
567.6936 192.9655
901.3300 38.3395
864.4342 59.5025
799.2517 90.9869
883.9070 51.7956
938.3822 18.2860
644.1180 152.2127
768.7951 128.8373
869.1826 58.9790
827.6290 79.0747
957.4688 06.0313
603.5992 167.8175
800.2677 85.1370
854.4655 70.3966
909.4551 34.7239
771.7302 113.3712
910.8979 36.7132
731.9974 124.3722
871.0207 57.8657
930.6505 18.6308
901.8922 46.2437
897.7814 43.6100
695.3886 145.6330
882.3840 50.3207
578.8660 183.4545
857.7183 69.2904
890.9033 48.8608
826.7190 83.7999
729.6034 124.6231
705.1850 137.2004
740.7822 124.3804
624.7533 162.9893
753.1322 124.7051
936.1206 24.8976
564.5981 188.5947
770.4551 96.3351
939.8492 17.0559
766.7224 124.6714
945.9134 12.4033
872.8348 59.6774
915.2218 32.6968
827.3276 80.2729
972.9534 00.5004
916.3779 30.6975
831.9142 81.0114
771.7833 118.9527
945.8268 17.7523
994.8923 00.0000
864.0903 55.4361
638.9739 161.6991
660.6216 148.5248
750.2111 123.0652
802.5498 90.4089
702.9297 129.0733
796.4464 93.0083
737.1085 122.3159
669.5885 138.4754
903.3813 38.3706
948.5653 11.6762
876.8855 64.8316
651.7158 153.7535
673.9928 146.5043
805.4105 92.2008
800.2403 91.9986
792.9633 105.4960
713.0198 132.8423
845.0190 74.9047
958.1313 10.4298
756.7235 116.8285
793.1129 92.3609
710.3748 131.4551
842.6864 71.9659
971.8891 01.8512
923.6508 30.9048
836.0625 73.7423
821.1873 82.2170
801.4743 91.5968
828.2204 70.9445
908.2264 45.4562
753.8762 106.9053
735.3840 118.6399
772.2044 95.1915
798.3781 98.7687
950.4458 12.2863
863.8361 53.9759
869.2160 65.2915
597.2181 176.4259
653.3393 159.6666
868.8955 72.4048
701.6193 139.8737
995.5753 00.0000
556.6844 193.8414
727.7391 144.7444
973.3054 02.7064
923.4827 28.2405
669.4818 148.9314
682.0195 141.7511
897.7312 41.4986
747.9894 110.9230
818.5414 85.6082
985.9524 00.0000
905.3183 36.5764
696.7649 138.6076
884.6279 45.2924
890.6833 47.4595
917.1325 31.0227
848.8172 69.5289
687.5020 143.6744
930.5507 24.7999
722.0143 135.2821
910.9017 36.4119
971.9051 02.6310
735.9618 122.0215
940.6875 14.7348
754.5097 131.4759
840.1094 83.7271
757.9912 112.4832
873.0261 57.5879
861.1175 65.4457
811.3456 89.5266
855.3171 63.4857
804.7503 103.9337
850.1838 65.6392
844.9767 61.3670
694.4251 132.7159
970.9464 02.4556
724.8943 130.1916
614.8914 175.8112
706.7224 133.4321
878.9239 53.3753
800.3737 94.8850
855.3337 65.9000
913.4615 36.2948
864.8695 59.0837
839.7873 77.6574
672.8899 143.6392
642.0552 158.6937
947.0098 14.6977
711.0993 130.2653
992.2649 00.0000
914.9714 34.3863
805.0091 97.4106
975.1706 00.7254
905.0804 39.0961
850.7827 68.6677
928.8857 35.2346
980.7999 00.0000
891.5933 60.9037
951.5806 15.1988
815.4916 85.0859
925.4784 29.8807
923.1643 25.7748
806.5256 91.6819
788.4130 96.1932
772.6494 114.5816
926.1093 29.0070
690.9318 140.6219
800.7940 101.3827
926.7960 24.9603
729.9511 124.5365
860.4187 79.9899
909.9250 39.6509
876.7816 60.6382
847.3428 70.0226
893.9017 48.3081
605.0867 180.0440
864.1195 59.2833
779.0837 106.9885
979.5335 00.0000
870.6186 60.7669
779.6319 115.6178
706.2851 137.0459
815.8840 86.4844
745.7930 113.8838
786.4952 99.0015
945.3447 23.7049
768.5791 111.1136
731.5643 124.1870
950.1358 13.6344
759.4923 109.3783
709.9353 135.2121
975.7860 01.6596
713.1304 127.6857
836.9479 92.6882
775.5106 108.7389
776.9772 115.2782
952.5687 10.5286
803.2438 86.3336
775.8624 118.1134
886.4748 45.1596
863.1114 68.6810
920.2286 27.8469
670.4808 138.0320
758.6880 110.6939
587.2721 178.3728
717.1609 126.6194
884.1530 51.9570
964.0045 04.4810
713.1440 131.6588
747.0718 121.4782
942.0369 17.5216
915.8258 40.0997
785.0438 98.9611
890.1155 43.9074
933.8121 30.1662
951.0198 11.2189
944.8351 13.1752
911.4239 36.2012
852.3868 69.1282
931.7799 24.6540
941.8425 18.8321
709.2034 133.9613
502.3426 210.8190
746.6684 116.8130
798.8665 95.5293
754.4081 103.9584
546.4648 194.5434
931.0430 23.1414
741.9647 116.9621
795.2004 87.9332
883.8612 50.5419
847.8061 84.8765
799.1445 91.7494
759.1825 122.1377
742.5472 119.2847
920.7164 33.9343
966.9342 05.9860
968.6505 00.0000
904.3357 39.0146
886.7157 54.4701
580.9234 181.6331
835.3739 72.3241
645.6720 163.4753
784.0940 111.1600
824.4744 72.9248
718.6569 125.2649
668.6961 138.5069
891.0864 51.8802
752.7350 113.4970
883.5874 62.9047
495.3735 214.3792
630.3866 168.6537
777.4904 104.2260
872.6545 71.4031
909.0779 38.2264
752.6868 110.3848
757.4414 121.6256
799.1024 94.1355
884.7162 46.9274
628.2189 158.7509
802.1812 89.5403
920.3534 37.1599
678.9358 138.1070
825.9878 77.8819
838.2302 73.7965
804.4273 89.5733
859.8850 58.4943
829.9446 79.3683
899.7147 42.6980
711.8978 141.8585
945.2736 14.7763
758.9318 107.2911
796.4958 93.6941
804.7964 90.2624
910.2286 34.1551
842.5860 72.1224
950.2849 16.1062
770.8849 97.3910
932.3735 20.0137
950.6200 17.9632
878.4300 64.0006
844.4208 68.4434
764.2901 109.8867
963.6831 02.0466
594.0615 180.1200
702.7113 143.7337
979.2596 00.0000
786.3947 87.3062
846.0756 66.9015
935.4640 20.1742
576.6505 189.7569
833.9234 78.6093
912.0712 45.3170
879.9733 53.4534
879.5861 56.0314
858.6809 82.0417
937.1497 21.3107
743.8715 119.4450
824.8693 81.1692
820.9934 79.9411
757.3122 117.7668
866.6959 57.3238
800.8777 102.1336
853.0987 58.3474
813.8754 85.6111
950.4257 11.8396
943.5680 16.6337
812.0972 89.6132
781.9271 107.7552
924.1345 38.2459
850.6692 65.6868
844.5665 71.2423
769.1106 103.5648
842.7575 70.1594
739.5416 118.9902
823.7727 81.8152
905.9494 33.5629
858.6218 65.8820
673.9343 164.9513
828.1038 82.5951
755.3769 115.4672
782.7714 112.3851
609.5210 173.9764
756.9435 110.7057
753.9635 112.9764
831.2369 77.6661
933.4475 23.7556
754.4136 114.0945
975.7544 00.0000
891.8907 44.0729
814.2123 87.0979
781.3307 103.4350
986.2321 00.0000
859.6499 65.7749
498.2240 219.1809
763.7118 108.1392
706.6878 130.3060
822.8213 96.3806
612.5530 170.2135
820.5165 73.7067
896.8534 46.0159
793.4463 95.5973
759.5182 111.1277
895.4481 54.0254
755.6461 115.2730
813.4679 88.9418
555.5587 190.7524
903.2256 44.6533
729.9270 123.5179
528.1459 206.9591
601.0143 175.3074
911.6845 33.8326
895.7151 42.4786
602.8401 180.9527
836.1992 88.6656
887.9890 61.5468
769.2065 107.2196
953.0953 12.1841
811.5885 87.6387
865.8515 66.1151
669.4140 145.2496
643.5467 160.6202
702.4236 128.4320
772.0936 104.4002
642.3843 150.1176
874.8978 65.6444
834.8346 81.7635
895.9126 49.3908
808.6860 88.1421
654.0800 161.6402
889.4760 49.0310
829.9346 76.2030
586.9178 178.6408
886.2070 61.8368
688.7552 141.1840
966.7352 04.2377
971.8449 00.8412
928.5641 31.1792
936.9508 20.9597
747.7132 121.9324
878.1862 55.2400
606.9188 177.0671
799.4658 94.9786
768.2143 106.9320
831.2952 83.3668
895.5921 55.8420
832.1239 75.0028
900.9051 43.5271
672.3164 141.9680
745.5583 122.3951
921.4163 25.8044
900.7538 42.1934
717.4300 124.2760
921.6943 34.9182
939.2824 20.0161
857.7102 66.8585
811.1067 95.4441
749.6392 133.0074
787.3818 100.2268
817.0231 83.2228
915.7074 34.7549
945.7709 15.0241
599.0462 176.3682
652.4890 146.4435
543.5848 192.9762
776.8906 108.0059
929.3869 24.5238
802.2797 99.4185
946.8300 14.3321
875.9417 54.0591
676.0415 146.0681
626.3862 169.7879
747.7073 115.4868
933.4742 30.3690
963.1395 04.6707
904.3602 40.6822
864.8127 58.2591
803.7442 85.4966
916.2543 34.7022
837.1036 75.1134
789.1854 88.9486
890.5229 54.7567
971.5792 00.0000
846.8420 75.0166
973.7451 00.0000
793.6797 113.9787
887.6441 58.4155
857.7269 60.8353
520.0299 204.2872
867.5337 61.3252
672.9280 161.0900
594.2568 186.5832
647.7741 150.6631
723.4613 132.7307
879.5787 64.9713
822.4065 98.0979
797.7752 98.3387
753.1038 113.5152
614.9208 168.8985
730.6402 125.2136
888.2693 54.1688
772.2059 113.9727
825.7786 82.7811
835.4181 78.1144
808.0653 88.9225
837.1538 93.7520
991.3717 00.0000
835.6235 75.2019
610.7839 182.1106
894.8135 60.7508
947.6373 21.0709
974.9389 00.0000
923.7833 29.8998
907.1810 38.3260
704.3852 132.9767
782.2782 100.1550
796.0751 84.0748
800.8299 105.2577
909.1958 33.7695
862.1066 64.4584
844.6692 70.3014
833.5475 77.5564
825.7417 83.4096
872.8283 57.9312
866.8497 67.8901
880.2652 50.1884
898.9231 43.6019
674.0406 135.8248
898.5462 39.8399
809.2158 89.3776
779.5759 102.5619
769.9763 105.4792
959.3335 10.1422
870.5561 56.7674
861.3405 54.9973
841.5323 83.1640
833.8592 68.4504
935.4695 17.6498
861.8045 67.5463
860.9093 72.5363
791.2095 97.2909
964.0927 06.4601
851.8507 66.3816
749.7537 126.7420
933.0765 29.0876
884.4398 58.3534
674.2529 150.2731
964.5474 00.0447
599.7713 173.5136
764.7334 102.8582
736.6694 127.9174
858.6654 61.1014
966.7450 05.9479
624.7981 168.0219
778.7996 103.6215
811.5475 83.7879
821.7033 85.6122
860.6519 56.4097
841.8806 77.1411
910.4266 31.5779
839.0826 66.8923
959.3032 07.8288
918.0244 28.8932
905.5822 47.6405
883.0366 60.4637
920.8386 28.1330
692.0796 134.7421
779.9537 101.1283
880.8012 61.2602
823.2045 80.3747
642.8907 165.2006
713.0893 120.7190
855.3105 66.0336
850.7914 68.0973
943.1150 17.5888
966.2073 04.1817
637.1556 162.6582
505.3706 213.8252
914.2087 41.1198
566.1823 193.6844
789.1965 102.9352
734.7357 119.5653
925.2789 29.1687
930.7909 33.8885
934.5485 17.9342
599.5787 173.8293
893.5139 43.2389
953.2319 09.0823
523.7790 203.4567
712.9497 131.8900
785.9737 98.9876
701.0162 145.3222
741.4051 118.5300
720.0474 129.2464
882.7956 58.3853
690.0642 134.4946
639.7476 168.8998
982.9557 00.0000
761.3273 114.4044
953.2515 08.8091
862.5265 80.1231
951.2259 10.9337
897.9290 44.3749
672.8155 157.2619
760.0612 112.5379
778.7879 107.2546
806.5497 88.9912
923.1998 28.1451
877.0342 50.5507
822.2435 93.2072
643.9729 172.3031
866.7592 61.2706
803.2144 102.0946
933.1831 18.9458
826.1173 76.1721
619.3199 174.0516
850.2079 68.1387
907.4564 43.8378
809.7660 86.3006
791.2590 97.1643
890.4322 48.5178
623.3902 172.4364
905.0840 52.5006
869.2478 60.9004
750.2480 123.5658
835.2350 72.7663
751.3158 126.2191
965.9900 04.9492
811.7937 86.0476
903.9732 46.6903
878.0342 70.9018
778.4993 102.2872
845.4841 84.6016
846.1404 67.4118
628.9492 172.6267
847.2723 74.3675
907.4669 39.0601
673.9348 144.1636
742.8597 113.1198
794.7396 95.7080
744.1931 119.1379
818.2550 85.7672
934.2710 23.6166
837.6162 78.8021
720.1772 127.3168
849.2563 76.8240
838.7937 73.5311
905.3231 44.4003
883.9732 51.1845
781.9204 112.8703
864.2866 79.5578
945.9270 19.6302
678.1312 138.9648
873.4171 56.9558
614.5868 164.8361
866.3571 58.5961
908.7911 37.4366
549.7473 190.9171
686.6943 143.5371
763.6635 99.3051
715.3729 131.4952
954.7336 10.8945
713.2897 129.8240
684.1266 149.9461
862.9273 60.8622
639.5745 165.5234
688.8305 146.2099
737.7352 117.5244
842.1218 73.8992
739.8873 120.9033
865.5180 68.6578
814.6133 77.3681
692.9364 135.8098
725.3883 121.5967
900.9069 42.0860
624.3996 163.2779
931.7839 22.8726
911.2578 48.9640
760.4995 110.3040
779.5973 99.9044
712.7667 131.9094
961.4916 06.6622
850.9640 66.4963
897.3283 49.1461
864.5104 71.4785
888.9336 54.5118
830.3498 78.7699
710.0144 128.0999
869.2444 55.5448
775.9279 103.0595
761.0476 117.2707
862.5561 73.3019
880.7458 54.5763
748.5246 119.6549
849.0403 73.6299
770.0413 95.8096
742.3945 112.7874
833.1424 80.5177
816.9558 86.7843
773.6071 104.8670
854.3468 86.3939
796.5194 94.0459
875.1976 56.2920
728.6243 125.7436
743.2537 113.6541
707.2880 131.8531
951.2031 14.1378
843.7657 72.8094
739.6499 114.3231
769.3085 108.1500
830.0235 75.7173
974.3129 00.8221
699.9479 140.0853
878.2069 51.2920
836.7097 74.8516
836.1496 75.6248
730.0102 124.3075
914.9935 34.7233
846.8276 70.5988
909.2695 37.1387
699.6897 126.9090
900.7058 39.0589
657.6889 161.1245
716.8051 117.7195
826.7888 79.7323
761.7729 110.4716
866.7679 56.8901
871.9689 56.6582
737.8140 116.9755
802.2870 96.5865
930.5045 34.4850
802.5967 95.4137
672.5409 141.5514
839.3365 79.2230
797.8134 83.1028
947.6306 22.0496
817.5938 88.8572
971.7924 00.0000
611.5595 180.1254
759.1630 110.7760
734.2372 127.6642
784.7250 86.4469
804.8361 83.9758
803.9627 85.3683
861.7803 62.3309
641.7902 150.9674
850.2533 71.7574
775.1176 102.8088
789.8198 98.7182
796.7067 93.5505
786.8426 98.3323
696.4725 146.6654
743.7187 136.6042
898.9729 43.0242
796.2183 90.1952
844.2843 91.4354
864.5249 61.7057
808.9361 91.0639
860.0774 63.5154
761.3557 109.0732
877.8387 53.4099
664.2950 152.4144
800.5287 94.0545
880.5643 55.0762
896.4058 44.8121
906.5229 31.5183
599.3164 173.2625
781.6676 103.2733
912.8852 36.9889
967.5273 01.5403
644.2652 162.4291
794.5122 114.7483
727.6727 125.1294
623.5164 168.9226
668.7940 158.8455
753.1991 108.6499
578.3151 184.7950
755.6726 116.8995
857.3412 65.1140
740.3829 112.2765
775.2846 99.5022
708.7678 134.3935
963.4865 01.9476
739.2865 120.7193
675.9899 149.6390
708.6761 147.6490
888.7008 45.2163
782.6246 100.6325
709.3165 124.6632
727.3238 125.3337
755.2173 111.8340
915.5739 33.6505
694.6385 127.5678
892.2850 47.0515
712.0414 129.7059
681.3165 143.0958
645.2272 163.2329
922.4234 33.2880
909.2683 51.0981
830.6045 66.9919
884.2094 53.6450
986.2910 00.0000
952.0333 12.3398
685.5177 152.2315
767.9728 114.0734
914.1855 34.4641
740.9866 119.4838
888.4091 59.2208
636.3878 165.6905
797.2511 115.2238
732.9589 117.7820
825.6513 86.4866
626.3502 161.9256
781.0308 101.4248
877.1486 68.3861
928.0031 26.3809
654.8217 144.5230
873.4236 55.4772
892.5416 47.2823
859.5884 68.9574
920.2492 32.7045
857.8912 65.8394
697.1910 139.9019
738.6647 110.5483
835.6117 76.1124
826.8306 83.5033
863.6268 62.9017
770.5971 99.9770
965.7694 04.9902
749.7075 107.5899
741.0756 118.1984
642.2099 165.2642
968.3106 01.8529
592.1597 178.0561
805.8922 91.1040
933.1949 23.8972
982.5546 00.0000
685.2180 145.1223
887.9820 45.9064
873.8602 59.7031
750.6345 103.3729
986.4537 00.0000
858.2189 63.0747
753.3164 114.6508
583.0272 179.3001
945.9551 10.9872
737.4391 112.9106
707.4952 150.8870
886.8978 49.6148
924.4820 26.6565
622.5461 174.8082
594.2473 182.5695
753.0163 105.5981
819.9444 82.0179
803.8279 97.4729
808.2764 90.8598
807.9867 91.1634
661.5053 157.5312
798.9917 101.6741
911.4188 36.0196
845.9279 61.5681
759.1365 109.7874
884.3229 51.4113
666.6871 159.6110
965.8721 00.0000
794.5652 95.0610
628.2589 158.0108
912.3322 42.8983
898.9959 43.2631
627.4888 175.9714
864.2801 65.7659
922.0630 31.4154
719.8740 130.0352
768.1438 114.6449
646.0903 158.6146
941.1099 17.7714
555.2842 199.1380
716.8426 138.7078
765.2746 108.8975
854.6293 69.5853
926.9083 33.9663
734.4421 117.3880
718.2671 125.5735
863.6377 57.1584
947.9207 14.5465
955.0457 09.2401
908.3773 34.2305
774.5425 98.9275
807.9870 84.6731
477.8398 221.1624
818.0631 101.7223
740.0838 109.4260
681.3198 147.5296
899.0138 56.2367
879.9921 60.3030
859.6604 70.0677
820.2496 86.5424
932.7464 22.3676
778.3460 94.6114
650.0707 147.5842
750.0656 117.9340
539.2552 203.4756
970.5420 01.4341
781.9345 99.1400
888.0884 49.1284
814.9353 82.8897
984.3815 00.0000
866.2439 59.9953
751.6541 104.6857
957.9079 07.6572
894.9978 43.4713
692.2076 132.9940
795.2130 83.5143
924.5708 28.2840
852.0343 75.9372
924.6206 35.4540
895.3662 57.8037
901.4657 48.7357
800.8615 81.0593
806.3105 104.4288
543.1344 204.0155
849.6809 80.4666
795.4284 94.7642
884.7754 48.9336
756.3335 119.8367
862.2305 67.2777
814.5594 87.2224
955.3385 09.2635
953.8218 09.7418
925.9850 28.4799
767.8968 103.0408
791.2677 91.5541
970.7938 01.8678
871.3803 56.3250
863.4742 69.0150
988.2054 00.0000
737.1421 121.8442
972.9658 00.0000
937.6108 21.6091
846.5305 69.1561
984.9513 00.0000
740.1308 120.0202
964.0985 04.3152
884.9025 52.9240
795.1828 94.1930
869.0090 53.7026
881.0022 51.3216
739.8218 115.2505
863.6894 62.7267
871.1459 62.4153
849.4659 63.3056
751.2918 118.6976
919.0243 39.9325
779.9899 98.4918
735.9137 121.6299
788.4815 97.8764
997.3340 00.0000
796.3880 93.8453
723.6184 130.8081
884.4225 50.8810
921.4698 29.6538
751.3212 106.3460
793.2807 91.5079
691.4200 137.9556
748.5730 121.1338
664.5895 145.9456
798.3379 85.8269
695.1193 135.0219
871.8192 61.1927
864.7525 54.5636
891.7179 47.1393
759.6439 108.3965
644.0021 158.9652
721.3784 131.4800
858.8314 63.4385
870.3122 58.0825
897.3617 50.0126
957.1881 07.3935
830.2920 101.7239
778.5060 109.8330
734.3423 122.5159
937.0754 22.1634
652.5219 159.0504
695.3908 147.2623
588.6713 176.1654
788.2643 94.4212
903.0594 40.7681
779.0667 98.2905
862.4308 65.8656
779.0910 116.3718
799.1885 103.3913
776.9174 105.1169
950.6527 16.3768
802.7233 102.4519
586.0228 187.5111
703.7383 142.9414
967.8763 03.2243
855.7917 62.2154
814.0656 101.5073
657.2530 159.6279
945.7975 18.9698
775.0904 105.6179
934.1826 19.9736
950.3613 17.6949
994.1272 00.0000
882.7069 60.3886
927.0739 28.2770
798.4786 102.0096
729.1714 126.8438
706.7579 127.0972
804.4194 92.3506
902.2910 53.2053
714.8406 120.0555
717.2567 127.3599
697.3537 133.3352
553.2926 191.6104
728.3070 127.2834
857.2031 65.4434
830.7491 76.7387
862.3286 60.5290
900.2263 41.2007
928.1511 26.1724
939.0873 25.6766
877.2133 54.5882
615.9089 161.7397
676.5327 159.7392
811.8728 88.3516
813.0202 86.4771
839.4659 74.0211
758.5943 112.0506
825.0850 75.7404
730.5177 123.1476
940.9667 20.3973
891.0184 44.6558
784.8529 100.0522
905.5666 40.2586
781.8492 110.0999
682.9458 140.7444
850.6184 71.1210
948.1636 14.5669
633.6350 160.2168
827.1245 79.3975
981.6325 00.0000
696.7466 129.1569
760.0147 116.7882
987.2032 00.0000
812.6905 88.9807
772.2143 106.2421
601.2964 170.1120
882.5406 51.7468
767.6936 123.0264
861.8090 62.9874
927.3925 25.2349
802.8576 89.9578
864.7858 54.6445
502.4219 213.7395
785.6901 99.6493
903.7998 46.5289
618.1878 166.9744
761.4823 109.9432
759.9306 108.9600
542.6293 196.0569
604.5603 170.3693
578.7811 191.0865
643.1007 165.1203
725.7106 115.7029
687.7198 136.3060
952.2248 06.4592
931.6205 21.5618
545.8250 191.1339
894.0963 42.9513
957.2166 12.6184
611.0215 173.1653
862.0838 69.2085
781.1001 103.6415
892.8296 49.6759
473.7254 226.9668
929.7957 24.1977
769.5682 104.5967
828.1665 80.3527
657.3000 144.8436
777.6916 110.5931
838.2060 74.4075
879.9607 52.3545
938.5416 25.7021
919.8978 33.6546
929.5682 24.4410
956.8706 11.2455
918.4586 32.2636
741.3887 120.0055
724.4986 115.9558
843.9968 77.3353
704.4532 132.3515
885.9724 49.4389
726.7118 143.2673
809.1777 92.7899
787.6630 94.1765
643.1517 156.4853
800.7557 90.2062
810.9837 92.7773
803.2672 92.0700
661.7900 146.4489
748.3501 120.0246
944.9415 14.5673
659.9451 157.2865
895.6130 47.2836
812.9291 85.8770
524.4938 209.8817
705.5390 136.1118
946.7634 14.6859
809.5539 88.3439
864.4742 62.3223
837.7627 74.1860
688.8477 142.9696
840.3843 70.4801
879.8365 62.0144
585.3013 182.0912
720.8681 119.9167
725.6467 121.4645
809.6231 78.0917
807.7549 90.6643
739.7456 128.4717
832.4529 93.5925
856.7360 66.5738
610.7485 182.0246
850.4211 70.8120
940.0899 25.7024
886.8601 44.8336
967.9879 03.8909
705.3091 134.4145
938.9112 20.2674
903.2322 40.9714
759.8852 109.3090
640.2161 151.6332
893.8762 44.9775
741.2055 118.1237
830.4662 79.3074
734.0843 116.4894
913.9822 34.6574
767.6490 106.4041
861.3942 60.2155
732.1285 123.1933
731.5349 120.1298
616.1862 166.6995
943.8646 25.2908
980.2710 00.0000
915.8213 26.4198
601.6465 178.9780
864.1338 58.5127
885.6297 57.0098
897.5289 43.9782
857.1702 74.3195
915.8340 38.9570
696.0938 134.7924
843.7183 85.2651
983.9425 00.0000
693.2637 144.2890
648.1446 149.3618
757.1630 105.9588
904.5158 40.8397
966.3055 04.6370
781.7533 99.0951
941.7332 17.6619
659.5039 154.7968
907.2829 41.6849
825.0125 80.1006
802.3118 100.5949
909.1462 37.5375
815.9943 80.3639
698.3191 146.8184
851.8078 67.0488
807.3962 90.2467
477.1188 223.5371
818.0088 84.2823
911.6259 34.6706
745.2791 114.1158
846.6603 75.8734
926.6195 27.5147
809.1957 84.3752
840.0225 88.1306
933.8123 22.6841
701.3170 135.8870
740.5385 120.2738
759.0115 112.7427
949.7875 18.2897
479.7985 226.1515
621.2740 170.6543
790.0177 99.7203
768.2810 108.4753
948.8196 16.3500
863.0311 59.8035
841.6913 72.1057
455.1180 235.1177
787.8402 106.5015
801.0394 90.6688
879.7284 49.2378
831.3450 74.8210
908.3070 37.5346
627.3454 171.0173
965.0416 00.0608
738.4086 121.6693
922.3702 27.5668
693.6397 140.0608
922.4034 26.7956
723.5883 128.7846
913.8610 38.6098
734.6823 113.0735
849.3913 65.3193
926.3448 24.5090
883.0334 54.4869
825.6894 79.3461
879.7624 50.7485
756.6759 110.2850
776.2470 103.6237
773.1505 110.9462
734.7655 118.6951
916.3236 27.1876
730.4943 123.3913
904.6124 47.2654
869.1192 58.6684
875.6823 61.6846
848.9221 62.3380
895.2878 50.8550
931.6443 23.3944
801.0356 94.0488
749.5226 129.8155
746.7514 119.1043
872.8849 53.1355
894.6573 45.4105
819.2629 92.0206
765.9652 117.8698
897.2108 44.7190
817.8046 80.1997
644.6713 164.0456
835.1261 74.1264
852.2938 68.3647
878.4251 54.0151
839.9283 78.4665
513.0634 210.5403
691.9545 144.9951
817.5520 95.2755
907.4097 50.0634
880.9782 61.2757
801.5578 88.1174
787.2555 110.6313
911.2111 36.2231
878.8298 48.0144
751.4891 112.9727
585.5385 177.5139
767.3111 117.3336
874.6052 54.0411
909.7313 43.8913
629.5306 171.1893
669.3007 153.5078
778.5565 96.8361
867.4948 59.7427
765.5867 99.8824
659.6979 152.4069
880.7371 53.8951
781.1881 101.2500
876.9234 54.7259
741.8339 126.4437
739.6129 125.2933
894.7705 48.7604
996.9312 00.0000
681.9783 138.5018
556.3740 198.5353
824.5209 83.0190
827.7259 92.2346
705.3883 137.4690
762.9393 110.7919
720.5192 129.6868
640.1092 159.0813
844.5195 81.8870
726.5117 132.9397
886.6911 50.3676
933.7999 23.2585
892.4723 54.6234
570.9268 186.8782
816.9176 82.1577
709.4163 129.3332
848.8064 69.5098
802.5203 96.9986
817.0945 96.2534
850.4634 66.9379
893.4627 43.7320
867.8708 58.0830
795.4265 93.2123
777.4588 102.8151
867.2337 56.9620
568.1780 190.1259
813.9751 86.1016
697.9194 141.8667
911.6491 36.1945
827.6428 96.8183
846.4457 76.5135
799.2732 82.6596
757.4810 110.3079
795.2955 110.6075
893.9582 50.4153
891.2046 43.1531
942.8180 13.9150
588.4920 183.5363
711.4840 132.5344
746.7784 125.1432
560.8366 190.3921
769.4944 109.5443
839.3025 77.3535
814.6923 81.8735
906.9437 46.0919
903.7882 37.3878
986.7222 00.0000
872.0451 66.3228
742.9903 125.7417
808.5072 91.3464
914.0140 31.6543
771.9179 113.8830
837.4586 82.3700
862.8093 55.0076
671.2754 138.8592
894.2850 54.9095
990.0804 00.0000
699.4488 158.4171
858.3294 82.7900
854.5466 71.3176
801.2898 103.6775
628.7589 167.6590
920.7971 31.0867
974.3588 01.0478
929.7970 24.0029
978.8770 00.0000
786.3039 101.0341
827.5460 68.4865
851.0241 69.7032
848.1356 68.3650
628.5576 165.3210
750.8333 119.5168
992.2485 00.0000
991.4851 00.0000
615.3238 173.3309
855.9469 81.1172
884.3604 47.7718
838.9445 71.7514
864.1309 60.9538
975.7951 00.8924
948.4507 12.6987
528.1101 199.8330
892.3269 45.7082
755.1838 112.6636
763.6807 109.8963
747.5358 123.8918
830.5988 75.4351
925.3620 27.3329
840.1119 69.1521
829.7714 97.9559
749.3938 112.6627
722.7908 122.5679
609.0086 180.5894
691.0722 137.7463
790.9069 88.0809
781.4754 99.8633
883.8085 47.6504
861.4418 74.4671
865.8916 63.4626
750.0878 118.2703
750.6206 115.7776
921.3039 30.1744
825.2123 85.2542
935.3850 23.0348
868.8461 55.6262
851.6668 68.7081
898.1490 42.1237
691.3064 147.7473
880.5816 53.4577
775.3386 102.7306
735.6584 116.2817
717.7507 128.2527
601.5372 182.2368
781.0513 101.1814
707.1256 134.7932
931.1906 25.8244
987.6152 00.0000
783.8519 100.1643
752.2058 118.4596
771.6177 106.0570
759.5439 106.7834
685.2108 142.2797
664.1192 146.5520
855.8168 71.4077
842.9045 73.5913
830.3980 76.6510
671.4259 139.0704
984.6454 00.0000
733.0481 125.9588
875.6526 49.6751
902.6984 41.0124
735.1564 125.8328
743.2351 121.4131
675.4180 149.3738
889.5808 47.6038
569.6240 193.6484
746.6691 111.2944
785.5103 107.4363
882.9947 54.1392
848.2165 69.1472
671.0389 145.4493
713.0331 124.7167
959.2727 04.2430
640.3347 153.6849
867.3093 66.6414
873.7562 55.4038
661.7472 145.5261
806.3253 97.2548
902.1164 42.8404
878.9631 52.2126
926.9766 27.8665
847.7772 77.9814
858.9373 67.8437
804.4776 81.6499
874.9325 53.2171
892.5186 45.6346
654.3662 153.8784
625.2024 158.2281
922.8145 30.6892
709.4237 133.2927
770.4817 101.7932
878.7708 55.9485
793.7448 98.9077
922.6391 23.5909
842.0416 79.1667
792.0773 100.4625
784.2614 91.6127
783.5226 109.2954
704.5072 136.7974
887.8968 53.8054
599.7906 173.1318
775.7074 99.7794
924.2010 33.1358
726.1286 131.5848
947.3567 16.3354
828.3754 78.5091
905.2717 40.1894
974.8935 00.9190
723.3477 126.3116
788.0736 97.8330
843.6973 71.2372
700.7404 138.8066
783.6628 100.7134
688.0643 139.3889
903.1331 39.8632
701.1828 132.1171
837.4641 74.4379
913.2244 37.3730
811.1332 94.6413
654.8997 149.7436
634.7076 169.3934
879.3840 51.9281
800.4668 92.4706
972.0451 01.1164
769.3949 123.7311
546.2273 191.8798
783.9855 96.9712
844.7004 71.0342
921.9613 29.0782
624.2057 162.2787
833.0970 76.3912
779.3024 100.2133
813.2809 86.3573
840.1921 72.5822
966.7530 06.6982
882.2990 51.9516
820.8472 86.4171
987.3904 00.0000
770.0458 105.6836
757.9664 113.0455
912.9038 40.4970
744.4486 111.0414
823.8430 85.3665
733.5703 115.8592
866.5748 61.9350
793.4982 115.8701
955.2111 07.0612
846.1509 68.8506
843.7267 69.5196
845.7745 63.5011
787.9446 92.8528
923.8410 30.5171
746.1434 123.5177
929.1883 28.1428
884.6967 53.5807
696.1399 141.7134
839.5217 68.4156
558.3054 196.6900
921.1437 28.4471
822.7207 92.4636
804.6906 88.4168
729.4119 140.2066
688.8268 134.5432
830.4098 95.1030
718.5045 134.6694
648.1066 156.2821
865.2129 76.3875
791.6595 95.3932
996.4287 00.0000
883.0836 46.9985
706.0099 132.2037
796.4871 93.9856
813.1936 84.7986
813.7779 81.3494
755.1722 113.5938
949.3898 13.1555
647.3433 154.5535
725.9348 131.9792
753.4548 118.8082
812.3721 79.4055
880.9777 51.9742
866.3567 60.2637
884.2708 46.2494
751.1571 124.1930
929.9421 26.1853
783.5022 99.0451
897.7162 49.0480
675.3296 151.2052
766.2510 121.8085
990.4103 00.0000
875.0891 53.9591
837.2375 82.0551
653.5875 159.5953
812.3208 82.6268
935.1214 22.8602
953.6134 08.2774
935.3812 22.4633
662.8740 147.5780
894.4375 44.6105
730.0614 122.8494
708.5428 125.8545
766.0605 113.9259
962.7775 06.0765
567.2175 191.6109
780.9957 100.7156
865.4080 60.4171
651.7602 155.3204
964.3305 00.8895
838.2140 69.5075
998.0306 00.0000
762.9028 96.7644
808.5751 92.1077
828.2674 80.1352
880.9684 60.2242
974.8014 00.4659
659.6847 149.4666
852.1137 68.5614
861.1539 58.7267
810.7605 97.6192
927.5945 26.0746
632.3560 163.2074
691.8689 142.6672
814.9466 85.7762
799.1288 102.6095
852.1251 63.5925
991.9615 00.0000
658.9509 149.2626
874.1513 50.9698
811.2211 95.9026
596.2998 181.5624
753.1157 112.4627
752.5239 109.5290
864.8140 56.2610
821.3206 77.2134
803.1942 88.7414
945.1634 17.6305
938.5740 23.5098
658.7657 149.7349
762.5583 113.7325
807.4727 82.1805
652.6923 151.1035
704.3780 138.4719
841.2243 77.1729
732.9138 122.7617
808.0115 92.7183
919.1621 35.3582
866.7883 59.0805
888.0410 46.3828
898.8147 46.1749
728.4634 134.5134
957.8607 11.4156
841.4436 77.4185
930.5112 25.9042
677.3668 147.2067
873.3373 57.4435
767.6080 106.5939
976.4405 00.0000
732.3390 122.9974
826.7836 77.0075
723.8167 128.3663
826.2125 73.4846
682.8139 141.8595
905.0889 37.3580
884.6258 55.7098
958.9395 06.2857
714.7851 121.1936
851.0269 81.8784
667.3614 150.8639
745.6119 114.3642
672.1993 147.7616
768.3230 121.7947
634.9739 167.2767
809.9443 90.3754
913.0642 36.8603
896.9529 53.6187
889.9164 53.9671
866.8373 65.5772
772.7896 107.9398
805.8638 105.2193
884.4800 63.2424
960.6678 07.0102
923.4890 28.8546
910.8782 33.9801
948.0496 13.0534
886.9719 52.2475
983.2264 00.0000
825.2489 85.0657
689.4062 143.9190
778.1968 103.5494
911.4098 35.4652
866.6510 56.7647
939.6828 18.7659
867.0983 67.3407
730.6899 123.5841
784.4386 93.5951
789.9012 96.6263
717.6214 128.3892
648.4693 157.8339
917.2202 36.9306
885.0301 48.3265
829.0012 78.8227
824.4270 80.4950
945.5871 14.6225
855.0537 66.2023
921.0059 24.8305
577.1745 179.5529
812.7652 85.7405
789.2294 88.1835
819.0804 83.9558
879.5781 68.9863
748.7749 109.0907
775.4001 99.7177
734.2994 122.9407
852.5853 63.9737
703.6272 134.2071
569.2821 192.9114
732.1980 127.0544
675.7599 146.3536
818.4219 88.0154
730.1401 123.0090
657.2262 155.6531
723.1851 118.7430
956.8215 08.2131
943.8681 24.9243
933.3194 24.9740
830.5006 74.2128
824.2295 81.8140
863.5298 64.0841
734.3381 133.0449
905.1560 38.3062
820.2695 86.2068
954.5100 05.4684
989.3077 00.0000
840.6703 74.4986
938.3390 28.3461
873.6763 57.4403
717.3269 130.2941
938.7018 18.8495
871.1604 66.6203
819.6548 82.9642
740.8309 133.5116
831.9581 80.6257
832.5128 78.9245
943.0141 20.5366
703.3555 136.8273
869.5751 55.0213
821.1658 82.7676
669.2551 139.1849
806.3689 91.4352
701.5655 128.1118
683.1134 139.3515
596.3082 185.5608
810.6945 88.9025
846.7384 69.6544
834.8387 94.0765
779.1723 104.7626
893.0808 46.8953
828.0391 99.6283
849.4550 69.1098
597.2093 180.8874
757.6585 116.4627
655.0293 146.3922
875.0279 54.8693
964.5864 07.1478
670.9429 155.8329
849.1576 84.2043
734.7896 122.5874
774.3413 103.3338
848.9852 65.6656
889.2026 50.5587
872.8246 53.0540
994.3953 00.0000
940.0423 21.7456
995.0263 00.0000
700.9412 136.6344
804.0918 102.4228
763.5004 107.8833
525.0367 207.3864
966.9617 05.0463
864.0274 52.1765
610.6638 174.8212
828.4054 68.3240
971.6143 04.3814
903.3046 41.0489
771.6245 101.0520
773.7410 103.3480
870.5853 59.5718
963.5282 00.3430
775.2666 104.4347
763.7995 123.7606
718.9501 131.1685
920.9743 32.7698
793.3876 95.8416
812.1241 94.2521
877.7015 69.2020
766.3474 105.8844
895.4046 42.1083
844.6446 74.5537
817.5983 82.5719
795.8802 88.6842
720.1329 147.6011
754.0819 112.5566
990.8261 00.0000
838.6214 72.7145
742.7657 119.4827
793.1527 97.2784
863.4614 57.1523
953.8392 12.8925
781.6124 104.2645
910.5876 41.3531
813.1095 89.5644
871.1461 55.8138
845.2808 75.8526
695.4296 129.0243
835.2665 76.4920
849.2523 78.9558
627.8912 171.5667
636.1526 158.6748
903.1154 43.7617
843.7803 72.0602
879.1619 51.7436
850.6304 72.8700
949.6580 11.7211
945.1127 23.3747
847.7713 70.5887
801.2448 92.7563
802.1370 112.6012
921.9289 33.0988
914.2758 28.6761
864.6514 61.9559
582.0808 183.0989
913.5030 47.6564
707.1469 135.2554
868.2649 60.9249
661.3219 151.1189
841.1944 73.0052
804.6824 86.9713
647.0109 162.5692
534.1761 200.6886
852.4761 70.4005
852.7532 71.2331
673.5978 146.3703
701.4242 133.4761
879.8692 46.5306
800.4192 103.4453
595.8137 180.0881
895.5310 43.4795
787.4645 97.2769
722.9663 127.7637
837.9246 76.7931
793.9821 93.8021
762.2486 106.2321
911.4699 44.3254
958.1166 10.2969
897.7721 35.8903
588.2600 184.3481
835.9839 74.2810
805.6091 84.4686
689.2717 142.5832
740.8929 110.3523
863.8026 57.7550
691.7037 142.4333
826.4765 100.1528
987.8981 00.0000
996.9764 00.0000
899.4529 43.0012
856.5158 67.3308
827.1331 74.7513
616.7117 166.2145
923.6331 28.4101
766.9655 105.9314
823.1163 83.6818
893.5030 44.2157
826.0618 81.2743
611.6437 173.3465
760.9151 110.9247
753.6630 108.6409
829.6541 78.4058
901.1222 48.2298
965.4575 06.2613
703.0749 135.7654
585.7992 179.9852
871.0398 73.7390
648.2357 160.9915
986.1917 00.0000
776.7093 100.9338
731.2461 121.4817
950.9124 17.8323
879.5917 51.5895
826.0828 77.5484
840.2100 79.7280
937.7979 19.6208
743.5351 118.7498
639.0452 166.1989
680.1943 143.8910
818.5785 84.3420
901.1250 44.5796
894.6745 50.8970
646.5864 152.3395
847.4170 77.1619
910.6006 34.8693
757.5642 117.6959
778.4409 117.6520
728.6691 115.3979
861.1936 66.2955
923.1699 39.8688
510.1193 213.3500
872.2884 61.9657
584.0032 178.2454
885.1938 53.4070
599.3955 180.8955
886.6631 52.4670
922.0448 34.3815
891.5562 49.9219
628.6031 160.0640
697.5907 134.9036
876.5883 58.8039
858.6817 61.1072
931.0114 26.9644
601.6588 181.0618
632.0694 167.5900
568.4040 195.0530
831.2257 66.8204
908.3730 39.8743
777.8268 111.2196
758.3592 110.0401
914.4993 31.5057
835.0990 74.9026
742.7664 123.3608
771.8173 104.5018
849.5000 66.9129
902.0954 37.5800
994.3879 00.0000
827.9327 84.5893
913.2321 36.8663
894.8727 44.7281
941.6401 26.8432
778.8407 104.3716
811.2304 84.9630
915.8045 35.1629
870.4433 62.2833
701.5739 140.7458
875.6252 56.7802
871.3757 59.5687
642.2812 160.5591
942.1561 12.1927
894.6865 46.1471
707.1759 132.1069
924.9548 38.4734
835.6896 75.8098
939.4890 14.6485
909.8536 38.2819
824.3635 82.0097
759.0685 123.5022
749.4986 112.7076
910.7163 34.9262
867.3015 66.7690
781.3221 101.9377
749.6707 112.2303
821.8627 82.7699
797.4233 91.7892
835.8320 93.9406
787.9447 99.8935
939.2093 20.3941
634.0326 165.2041
945.6719 15.8692
975.0716 02.3008
720.6121 129.3410
909.8105 32.9736
980.5706 00.0000
723.7449 122.2473
928.3580 26.2633
835.3801 64.9777
731.3530 125.0546
907.0839 34.8670
759.0259 111.5735
665.2948 160.4809
947.5687 18.6814
734.5415 115.4280
918.4606 38.1766
960.6922 09.3183
624.1577 168.0865
569.8495 189.8563
897.2273 50.4239
879.2764 67.1886
794.4780 95.0181
607.5920 168.1823
718.6703 130.0265
818.5608 85.9377
906.9577 38.8230
776.8436 111.2323
706.0741 133.6630
806.3272 87.1170
787.4130 98.6882
828.2263 79.5265
874.6545 58.4027
945.3304 15.6852
919.0871 34.1946
809.2941 99.8680
748.7184 111.1103
615.9784 175.5445
450.1919 235.7917
885.0518 51.2154
754.3375 111.0654
807.9949 83.0666
957.7027 06.4678
930.0763 21.8080
835.5573 78.9143
834.4336 80.4303
821.0711 87.0233
837.3092 70.0190
860.6345 62.1149
924.8499 25.0673
963.9632 06.6502
700.6743 138.2659
799.4635 104.1964
784.3979 91.2277
882.6236 51.9251
632.0020 155.9526
805.1404 93.8069
740.0130 115.5525
881.4874 51.0474
547.2880 192.6228
612.8506 175.6443
825.4087 80.0093
869.9281 54.0121
889.1236 44.1907
820.3780 82.5867
722.8486 147.3512
674.6862 144.4040
949.4247 13.0032
819.2456 82.2905
807.5840 88.0673
571.4047 188.8360
723.8941 148.0650
914.9377 28.1941
748.7638 116.5354
869.0244 68.9888
878.4010 52.5740
610.0859 173.0380
906.1941 38.4241
713.2607 123.1703
840.4931 84.8985
591.5320 183.3867
736.4618 116.8525
902.3354 41.7505
959.5746 02.5164
865.4816 59.6174
781.5105 102.7582
814.9717 96.1404
639.8243 158.3233
625.2783 171.5619
898.1320 38.3162
870.0161 61.1197
818.5814 91.1232
922.2442 40.1093
916.1405 42.6404
906.0647 46.5877
853.8871 68.2160
727.1333 121.5335
541.0315 196.5027
767.4323 118.6081
907.7091 34.0075
765.5019 109.7915
921.2943 28.6896
770.3342 114.2881
743.5247 115.4392
659.4319 158.1654
679.4691 145.0011
785.6441 96.6073
934.3995 25.9049
976.3424 00.0000
679.2245 139.5243
686.4221 159.6685
947.0598 14.6141
927.0709 25.8604
891.1651 40.8643
951.8367 12.2547
781.3018 109.9315
958.8808 06.6185
987.8749 00.0000
715.2087 121.8693
750.0006 111.5629
643.9931 166.7420
758.6224 107.4875
879.8245 55.8835
903.6351 45.9115
743.7133 118.6034
818.6448 89.5810
768.7713 101.0601
851.0778 67.9934
770.4338 113.3787
767.3487 98.5977
881.7334 52.0494
592.0634 179.9774
916.0597 36.1701
795.8974 107.1718
826.1105 72.0877
810.5108 86.4229
701.4738 130.3774
817.1550 84.8574
693.9437 127.9123
662.0686 157.0016
883.3067 43.6258
861.7062 64.6968
891.2636 51.1312
746.3082 117.6389
581.8549 182.9135
919.4338 33.4470
898.1869 38.3876
858.1484 61.4892
580.0752 184.9842
921.2938 30.4411
820.2285 87.9531
763.7989 106.1689
712.1139 143.8740
726.4030 126.9571
700.8785 140.3230
779.4698 102.5052
824.8183 79.4865
903.0745 52.5176
842.7383 85.0842
736.8849 129.7002
762.4489 106.7906
919.0144 34.1087
889.9796 49.6074
600.4513 172.4622
742.2237 118.7601
670.4834 144.9355
944.3428 18.5114
737.9673 120.4529
797.8331 82.4327
803.0681 93.8251
577.8547 183.5082
713.2683 150.7039
946.9504 14.8294
885.7600 60.7267
950.9850 13.8428
748.0980 129.1732
673.7891 150.3475
602.4453 170.6894
672.9358 151.2330
725.2611 122.4362
748.2678 107.8549
950.2087 18.0494
836.4290 74.0025
869.7616 73.8919
705.8740 124.5541
604.6440 182.3232
820.1578 83.0184
824.1951 105.2045
857.9614 61.1712
927.8900 29.8743
922.9932 28.0921
985.0406 00.0000
872.3716 57.7869
962.0072 07.0923
961.2173 04.9800
970.6236 00.0000
847.6742 74.6148
730.7414 119.4019
732.1780 121.3056
737.9498 125.9247
819.0468 87.9176
773.8051 113.4999
791.7404 97.2708
638.1251 165.3494
573.5176 190.6095
940.1107 22.4597
920.9114 35.4003
884.9359 51.1127
777.2324 123.8193
788.8202 88.4127
944.7216 12.7870
876.7501 62.7164
740.0254 123.6613
842.2336 67.4937
761.2084 120.2153
811.8755 91.6884
907.1118 37.4318
864.6543 68.7245
582.5771 183.9832
585.9383 178.5168
901.5812 36.9466
796.3668 91.6925
795.0566 109.9794
875.2774 61.4727
860.7675 69.1273
799.1612 94.9083
834.3628 73.7566
888.0514 51.6732
926.5392 27.8319
910.3562 39.8818
896.6133 42.1370
956.9662 06.0152
937.0327 26.2225
838.1471 75.2864
828.9117 70.2256
856.9100 69.5780
934.3044 26.2146
671.3468 148.2848
906.8996 43.9780
737.4347 115.8889
870.6447 57.8012
850.7278 66.1281
996.7936 00.0000
532.2608 203.5790
846.8510 73.5862
879.9317 50.8946
727.2089 114.0622
891.1494 44.9473
925.0667 34.6335
835.6186 70.0173
949.3772 17.9195
822.8843 82.4307
723.7544 146.6949
599.0168 183.3460
826.1880 71.0154
902.0392 46.2863
872.7168 56.7751
849.3937 72.2257
952.0489 12.6183
745.4875 116.9926
840.5032 63.4544
886.8654 44.3114
700.7208 140.3644
748.6607 113.4906
879.2354 54.4631
891.9957 58.0713
823.6860 81.7239
692.4646 136.2858
991.7645 00.0000
922.7060 30.3756
836.5569 74.3510
692.4082 153.9512
994.2919 00.0000
730.0010 121.7086
921.3182 25.9435
695.2437 139.3862
971.6471 04.1364
954.6964 07.1586
799.6734 83.8454
691.5198 140.0818
727.0071 125.9904
739.1323 114.7378
791.8369 103.9568
782.2933 119.8912
568.7635 191.3494
833.4413 76.6342
695.3026 140.9609
664.7660 154.9958
871.7953 65.2397
756.8022 107.4614
703.8711 139.5489
874.5022 65.2072
862.7827 60.0200
757.0992 105.2757
771.6803 105.9501
776.4197 110.5013
792.7857 97.0955
900.1473 50.1433
953.3275 12.0506
813.2450 81.6063
869.3801 67.7639
862.6851 74.7085
703.0731 133.2795
783.6560 98.8694
938.3987 16.5712
830.0637 77.6013
803.2096 89.6050
763.5637 108.7987
768.9832 125.8881
735.9062 116.9606
965.3481 02.7240
875.9864 56.6584
725.0995 137.1650
948.5227 12.0437
731.2282 120.0484
783.5832 101.6074
699.3731 140.7515
673.7124 169.3312
930.8872 28.6009
982.8740 00.0000
913.7861 32.2859
747.2999 121.2822
883.4909 51.6454
903.0906 52.9426
879.9564 53.3961
743.6128 117.8775
680.3313 147.5841
776.1301 105.2459
619.3466 174.0173
932.0084 26.4843
853.8525 69.5997
821.0419 86.8916
842.6148 78.3097
779.4548 96.5190
793.2680 97.2417
566.4117 184.6371
877.0247 55.7934
883.9270 53.7478
701.8789 132.8918
723.3207 127.2872
741.5214 139.0884
818.4793 83.5026
707.8707 133.2924
717.7309 128.2712
813.1274 83.8187
901.7684 40.9037
755.0594 110.5149
654.1998 146.8452
905.3599 39.7502
851.3938 64.7517
684.5021 144.8969
881.6698 56.8236
958.0822 10.2731
712.8672 118.6276
769.6162 108.9780
965.5388 04.7666
897.4961 44.3338
759.0124 122.6448
492.0746 217.7437
712.8185 128.3998
789.7906 94.6841
813.5665 88.9509
816.6621 97.5026
940.6615 15.7105
619.3601 162.7410
880.8675 51.5434
774.6348 116.3898
795.8049 85.4985
651.4552 158.6641
742.7217 123.1121
867.2423 66.1626
967.7864 02.5111
818.2029 73.9228
817.4341 79.9991
872.0344 56.3578
750.6669 115.9709
863.9910 66.5395
967.3688 06.3162
849.9548 64.4906
781.5053 101.6939
930.0458 26.7618
989.6071 00.0000
670.4703 148.0394
819.1833 88.5258
865.8561 59.9233
801.9035 92.6630
706.0975 127.2209
585.3682 182.1655
820.9053 80.8334
823.7128 89.4611
743.9466 120.1652
791.7825 93.8910
774.1062 101.7119
835.9273 76.4276
866.8303 66.0983
704.9515 127.4291
864.7908 72.2503
936.7487 20.8257
853.5633 61.3642
649.0151 162.1773
768.1393 129.5078
850.4615 68.7049
882.6174 52.3583
873.3482 62.0072
810.3347 90.4853
913.6326 44.0304
867.0064 62.4948
867.4839 56.0213
989.3766 00.0000
673.3557 138.7996
775.9833 103.0931
858.4056 69.9926
918.0329 38.5439
589.5703 175.2035
934.2975 26.5089
713.2822 131.9993
784.1041 89.1021
800.5021 93.2053
893.5437 56.4689
838.9862 63.9984
911.4494 35.0305
539.9492 202.3055
666.4637 145.4773
904.7675 35.7303
902.6119 40.6278
941.6856 15.9695
884.4135 58.8854
831.0080 73.2073
902.2013 43.3001
585.5819 187.4467
982.9328 00.0000
938.2730 26.8372
760.5883 108.4098
699.9182 152.3213
958.6822 01.6112
867.2431 57.6845
672.2164 149.0845
703.2036 141.5532
791.9525 93.9758
906.3008 39.7208
873.7001 70.3091
908.8264 35.1505
865.3246 57.4033
837.2933 77.4030
774.7219 108.5625
945.3772 12.2574
916.8387 41.1502
878.7551 58.8132
921.7814 28.9758
772.2684 100.6352
704.8615 135.5426
741.4849 117.9711
845.2460 77.1436
847.0332 70.5573
918.9093 35.5097
622.2052 170.4170
848.6860 77.2624
817.9705 82.9356
848.3957 68.1679
784.7826 109.3508
723.5224 127.0030
903.4986 44.0353
897.8127 44.0930
962.3428 02.7151
526.4575 208.0749
905.7088 42.8667
838.5634 77.3463
778.8126 115.9628
959.6202 06.1457
869.8209 59.2297
697.7737 143.9972
632.5342 168.1119
799.0667 92.0134
739.8348 121.4755
889.5870 48.5790
871.4430 56.9086
905.4843 41.2056
956.4361 09.7260
930.4787 25.9692
975.4500 00.2162
901.8842 41.8110
950.1135 10.0044
940.2395 18.9897
630.9426 169.0067
892.9907 44.3948
799.7411 96.2121
501.0235 212.6662
689.7794 139.7736
862.7276 62.4242
845.7348 68.9111
612.3477 172.9671
864.9371 59.5946
897.9490 44.5242
910.0954 34.2447
987.9966 00.0000
931.2522 27.9811
809.3347 88.4836
669.6180 146.4356
943.4099 16.9327
608.3929 168.9267
832.4452 77.8563
795.2639 95.3816
987.6664 00.0000
856.6734 65.9264
688.7005 143.6238
871.7990 59.7788
797.1331 102.6042
714.2656 152.3575
939.2408 19.7111
922.2593 28.1454
649.0703 157.9389
848.9998 62.7078
930.4458 35.1985
912.0854 29.0059
879.4121 67.1049
820.3223 80.0725
785.1302 105.5556
868.8888 59.0555
878.7104 55.0506
803.7417 88.7195
926.5822 28.9409
824.6888 78.6438
873.7675 62.2988
695.5822 140.5098
851.6863 80.3107
711.7435 132.5923
804.6032 86.5710
784.2980 100.0074
975.2393 00.0000
706.8997 145.3663
857.8953 62.9081
707.2750 135.9802
969.5426 00.0000
865.0714 60.4812
751.5765 113.9611
838.0735 76.6480
766.3639 112.0434
923.7019 28.4975
870.3841 59.7492
862.4317 62.9476
949.3028 12.6341
716.2537 129.3129
824.3150 79.9912
881.6965 47.8462
652.0007 157.3447
755.1569 108.6508
942.8837 23.8171
869.0611 60.9584
880.1266 50.8670
803.7099 79.2131
891.1543 47.5242
930.7685 34.1848
963.0496 06.3078
992.0308 00.0000
950.8948 12.0506
881.0815 53.7008
894.2844 45.3982
842.2007 72.1149
697.0828 146.2239
548.4579 200.0557
818.9188 81.5709
692.6119 136.1764
825.4577 68.9610
899.0732 50.4367
939.1251 20.6580
942.2384 17.6862
750.2968 111.9424
929.4322 25.5068
807.1884 86.8198
931.4897 25.3447
915.0310 36.0928
804.5989 86.3036
729.4945 127.5030
741.5616 119.9505
956.7590 11.5122
888.4546 50.2633
834.0681 88.9232
905.3222 39.3858
852.0250 66.2760
869.9135 60.2823
840.1293 73.7165
766.5951 112.7240
880.1008 54.8132
664.1257 157.4851
779.8481 98.6483
581.6252 188.6381
706.4916 133.8434
698.1557 147.9698
895.8051 55.2589
950.7036 11.3358
576.3260 180.9600
845.8637 70.9948
926.1028 34.4993
822.8911 82.1948
862.6627 59.2763
603.8541 177.4358
913.1117 40.5783
932.0537 32.5977
781.4128 102.6302
876.6221 55.4875
892.5206 46.3886
835.5186 75.3957
947.9872 15.9417
726.2095 114.3404
884.4458 49.0955
657.9327 157.7861
592.4564 185.2873
909.9757 49.2117
971.6485 01.2258
833.1146 80.8964
720.3509 148.2694
798.5815 98.9804
824.4942 87.3550
598.4153 178.1044
856.5369 74.8890
854.8231 66.7207
824.6295 81.1056
748.8912 115.9305
756.7176 131.0599
853.4714 69.5378
971.8912 00.7732
878.6420 52.3099
835.3358 90.6804
822.8169 79.2383
859.8020 62.0933
820.5304 83.6218
840.3547 78.6065
841.1846 74.1566
728.7523 132.5283
747.2984 116.4561
855.0783 69.0431
702.6688 136.7635
960.3896 07.1161
807.0126 82.9751
807.9530 90.1584
808.5759 89.7765
772.6359 114.3863
708.5131 136.2530
798.1814 93.8211
826.5108 77.2386
