Raw 3D
961.7153086650095
961.7153365969446
961.7151826373264
961.7151817765005
961.7151927535631
961.7154060484246
961.7151903015185
961.715228418635
961.7152192021667
961.7152346472878
961.7155424347765
961.7152646835651
961.7151387345867
961.7152014004217
961.7153033900902
961.715156086555
961.7151176265702
961.715110107683
961.7151490010674
961.71527837375
961.715178274158
961.7153037844997
961.7150882075296
961.7154753980795
961.7152598908931
961.7151846536044
961.7151082003849
961.7151800202357
961.7152195396586
961.7152481352683
