Fitness : Violation : Position : Miscellaneous
4.60633587301112E12 : 0.0 : [-82.24987225198089, -221.130999487593, -93.59861875743705, -482.03713775015865, 210.77459847366006, 58.26745486340502, -102.11411544173131, 123.23200530903536, -299.5198603598468, 512.2008265186132] : 0.0
2.139919877072098E12 : 0.0 : [-100.47023861957953, 27.79480914965825, -231.65398583808042, 87.50525938386937, -31.210503694750514, 67.85082300243431, -53.58180161984106, 303.6420509221489, 270.80125298705, 187.3082587198611] : 0.0
1.0042623927263872E12 : 0.0 : [133.70443482039144, 17.796021126559992, -8.33780092988178, 174.86941136403385, 89.67447310305016, 247.6863594840089, 17.283391098872812, 45.318817808067934, -20.968272695383007, 32.55737246460979] : 0.0
4.532017468928776E12 : 0.0 : [-128.109354592393, -291.908089985935, -235.16669769862108, 309.0568042263132, 87.57212099838932, -96.66518838774775, 217.81359303462492, -362.89986636215053, 241.15777916719082, 157.17443561276838] : 0.0
2.339299015750251E12 : 0.0 : [318.50575701710346, -189.96728245064338, -78.87763848704151, -188.0091275990775, 211.6734742627006, -213.27354132654904, 182.07047144539354, 141.54255551379433, -217.5155223814986, -474.9990213415782] : 0.0
3.051383607975076E12 : 0.0 : [80.63416643337916, -167.59166411001127, -20.725459889600444, 74.07426887963601, 64.46406037941136, 104.1763261350344, -411.8863463316953, 49.36088326116169, -294.0022456331715, -85.6688400107846] : 0.0
1.5943953756489653E12 : 0.0 : [-64.50992962710673, 288.695646930114, -262.8130770305709, -189.53515867724346, -64.16753119534178, 59.80238843534856, -122.27567916952306, 140.98675972535173, -206.3459330311363, -174.80430787793972] : 0.0
1.2925982058823777E12 : 0.0 : [-236.71145522356127, 122.13252417786089, -67.59135616748813, 54.02614073223526, 253.25453284619584, -214.68331903618457, 188.6822537141129, -78.06826294079383, 151.15975513555054, 279.9457497413489] : 0.0
1.9549545708436565E12 : 0.0 : [94.83062614504377, -202.92650941637675, 191.55081756066517, -114.46742322731932, 286.09211534468363, -41.03023727869544, -278.60488374593905, 105.50702409740967, 78.35436870765025, 85.65390506264089] : 0.0
3.6488205860620615E12 : 0.0 : [-225.52397718271857, 70.60760978427754, 70.84087002150693, -104.67921566403734, -272.7067982729219, 36.62000250902298, 236.4265796591865, 387.5396872327367, -247.7358667172751, -62.11667869148009] : 0.0
5.854456939837137E11 : 0.0 : [233.95667686809065, -127.7114041189082, -122.73256648655786, 90.04401692044166, -20.79166152351803, -20.25424740950689, 1.508182645068473, -50.387022855874534, 94.60483807941819, -157.8059241876306] : 0.0
2.1853802185187366E12 : 0.0 : [63.816169338349454, -40.77802481654078, -109.56580123056665, 134.33101197914635, 284.37150827433607, -287.9778465929671, -174.9312775180573, -296.797314441703, -16.782096655251095, 485.19447774769856] : 0.0
2.3575375367027637E12 : 0.0 : [-87.66873920798628, -153.03341647073165, -128.30713062072198, 316.44473743409617, 141.9898055418803, -42.42580488962915, 233.09492256861836, 105.64038950638076, -257.06256213151613, 474.7107424068787] : 0.0
2.598326017767405E12 : 0.0 : [-57.07921404434262, -274.5968994215785, -389.40778004895697, 191.88729798078217, -20.60106465291612, -294.80353603597615, -118.46163924938912, 194.07790461895615, -51.83115392594664, -454.2720584634518] : 0.0
6.148698635440751E11 : 0.0 : [-176.3388500149705, -31.844891256876906, -252.05432048077049, 47.74644295543902, -64.1538886869534, 107.96256288299412, -236.61948195544468, -184.0443001286318, -8.577855739731838, 21.13062544616332] : 0.0
2.0644235869613738E12 : 0.0 : [-181.79730064358213, -374.0461619786953, 123.02947578522594, -25.113613235203843, -14.676791608591884, 130.76357191867288, 138.9419471243015, 128.79790884986178, 224.1044817687095, -244.89383430880912] : 0.0
3.521162728081202E12 : 0.0 : [177.49101614390202, -396.9226539403107, 19.49590655935043, 88.27124597451774, -214.07125622489764, -47.1087737617691, -258.5719035537074, 287.4813175158037, -292.4992403605145, -225.32878168083212] : 0.0
2.42640845013821E12 : 0.0 : [-93.34626241229559, 21.00840144210548, 249.16343253571512, -63.642208678773386, 211.7476579494309, 66.75739144481034, -34.56859610346865, 319.7828024986296, 127.70948306517329, 256.40160123067994] : 0.0
2.3333449143445273E12 : 0.0 : [94.33793801166323, 196.26124457287634, 237.93813352822525, 24.47618549365461, -324.25982286784347, -29.926822731137634, -264.8480139367245, -215.538567119236, 15.140002147519056, -451.1143472894944] : 0.0
2.3460737760519463E12 : 0.0 : [60.43779936691283, -266.1911880311765, -316.45400826300306, -57.37735891474432, -226.85818960840137, 72.37625190095488, 211.5248415243812, -64.37812405489584, 281.1307663846207, -415.63761098257055] : 0.0
1.3808527208151282E12 : 0.0 : [-110.51775626727328, 232.5640272093658, -176.59919705303588, -234.63511273686572, -250.1460050154806, -138.9153648777571, 238.84603560592075, -103.19592499482258, 13.793098274184104, 282.76865777475706] : 0.0
1.715537939766711E12 : 0.0 : [28.53626265238313, 154.38626991977722, 37.282878914107414, -214.82095547662894, 16.096228584658263, -226.96038173201134, -267.69092705293383, 293.1812062150398, -196.88707406988976, 100.56640095342891] : 0.0
2.831290549088714E12 : 0.0 : [-247.4410276707772, -206.14449579773634, -190.90861099375948, -229.09688879106045, -146.9031481396163, -357.29956789871056, 22.17373414412225, 326.31278452901483, 76.15901641287871, -133.05787032744183] : 0.0
2.3389344847024463E12 : 0.0 : [119.24957200627819, 72.09122942620024, -83.58008805697216, -26.263408871983984, -280.5669641606901, 113.13968038666894, 58.36584575924803, -368.8922826169892, -255.8094121797243, -203.90074503887547] : 0.0
2.3549677191236665E12 : 0.0 : [-45.05723578302215, -68.06405116026448, 262.0657600820066, -143.84408425653885, -186.59971434956282, -138.87216740285703, 310.5779162149953, -14.665156048946756, -273.7626386819114, 462.49574219090016] : 0.0
1.8310444057788872E12 : 0.0 : [-87.66236734463155, -275.5555539227431, 203.00310384801014, -284.0946728775898, -90.79747725023157, -243.8371888899357, -160.35245650968338, 257.0186110838381, -186.05459781738256, -291.787903688718] : 0.0
3.565551245143622E11 : 0.0 : [91.2873007807998, 129.1668468766738, -162.28424379879345, -76.1689556348574, -151.42011279825908, 133.7643072394956, -197.49704821448756, -63.86123461889849, -68.03078725982539, -194.9175111270859] : 0.0
2.4926237514056514E12 : 0.0 : [128.91463921679343, -150.85745304492633, -73.82846103982536, 271.6449607765412, -256.45971117253237, -154.75236617500207, 272.8757506289269, -274.8228029975884, 15.048476183380075, 806.5659497928357] : 0.0
3.3037575126600864E12 : 0.0 : [289.36396646238256, -201.50447746313955, 14.271026401139807, -39.8894537231177, 36.21385208891388, 217.93796566230833, 336.483609824032, 204.60257276586702, -163.50079977285338, 86.10416059105279] : 0.0
3.295413828045854E12 : 0.0 : [-405.7159133007966, -278.3020031028612, -23.670701690668892, 215.30008567336117, -213.7194583056418, -133.71597962757485, -266.4761016753996, 132.47959448047158, -85.66478179585874, 25.183037824225494] : 0.0
