Fitness : Violation : Position : Miscellaneous
0.0034969099261297288 : 0.0 : [-1.4217881349046277, -1.4036670608416018, -1.4083558906365723, 1.4155953607711735, 1.4215079975958103] : 0.0
0.0035037396030454804 : 0.0 : [-1.4025256533582926, -1.4296885470860428, -1.3977019705757265, 1.4290911800008184, 1.411637642894858] : 0.0
0.003505696995920775 : 0.0 : [-1.4081203717813695, -1.4219311031699455, -1.4006850164004978, -1.4152493331056217, -1.4243454058882365] : 0.0
0.0034973821599207644 : 0.0 : [-1.3986553428830593, -1.4186964892054732, -1.4122909841911093, -1.4242195026728317, -1.4170597424382478] : 0.0
0.003499146264293641 : 0.0 : [-1.4180681701392635, -1.4296531288301861, -1.4008285904836333, 1.4137768477580797, 1.4085008171208189] : 0.0
0.003501561631045279 : 0.0 : [-1.420710010119811, -1.4037593889118882, -1.4281750503630235, -1.4191641692514452, -1.3988964404383062] : 0.0
0.0035015466210570243 : 0.0 : [-1.4087322045644357, -1.4035004108072642, -1.406903820459143, 1.422636276014138, 1.4288900551575723] : 0.0
0.003502670662263248 : 0.0 : [-1.419048144899664, -1.433503178370283, -1.4096219185221859, 1.4100059267438414, 1.3984729282027022] : 0.0
0.00349801995636307 : 0.0 : [-1.4129402407440663, -1.4209837368873683, -1.4115205120920975, 1.407335056518643, 1.4180053667816344] : 0.0
0.0035267954804546783 : 0.0 : [-1.4060325002960885, -1.4230625790562033, -1.4200691234104732, 1.3859568993440492, 1.434060051549641] : 0.0
0.0035171713471469205 : 0.0 : [-1.4103128633923212, -1.3960170111679049, -1.447105063404798, -1.3992401507647787, -1.4172860005158394] : 0.0
0.0034964209900571874 : 0.0 : [-1.4243880355605676, -1.4048502300941854, -1.4162318273871457, 1.4200744803696828, 1.4054220620777718] : 0.0
0.0035044137595828103 : 0.0 : [-1.3954659066721087, -1.4088287598994431, -1.436713521127995, 1.4143913197704405, 1.4152006514766484] : 0.0
0.003509255479110132 : 0.0 : [-1.4134017733730937, -1.4143253190261573, -1.4281183732802853, -1.4154377733834174, -1.3988115706985] : 0.0
0.0035033704259141204 : 0.0 : [-1.4248244537386712, -1.415874253363442, -1.418061603770264, -1.3872285654615748, -1.4247180517252795] : 0.0
0.003500719698872841 : 0.0 : [-1.4110264809137874, -1.4106224365155813, -1.4241883147868455, 1.4165519049795123, 1.4082195396296586] : 0.0
0.003506193951098137 : 0.0 : [-1.4395452504276218, -1.4158509870172225, -1.4172517821868373, 1.3984330095032342, 1.3994734380322251] : 0.0
0.0035179647235791026 : 0.0 : [-1.4157028420197915, -1.4034594718624378, -1.437863486429243, 1.4286601080176564, 1.3842677667350753] : 0.0
0.003501006670641768 : 0.0 : [-1.414575956148072, -1.424196449905168, -1.4066086633791115, -1.4164687819059305, -1.4087484991502042] : 0.0
0.0035292857571628438 : 0.0 : [-1.42629819079557, -1.3886274406410934, -1.3973975346479364, 1.4198458934502756, 1.436925869203654] : 0.0
0.0035092343927754003 : 0.0 : [-1.428947094090753, -1.3936581766766454, -1.3930893418733188, -1.4207735362644076, -1.4340139232454634] : 0.0
0.0034987904180390737 : 0.0 : [-1.4152716553549123, -1.4071614274054038, -1.4151423201545101, 1.4320540796766599, 1.4012489340221568] : 0.0
0.0035067388901745492 : 0.0 : [-1.4329046800718799, -1.3997377742046708, -1.4313820712321896, 1.3979623378366044, 1.4085401785733085] : 0.0
0.0035576417596464376 : 0.0 : [-1.4417228791237182, -1.3653596132550336, -1.3921350854776835, 1.4371940437422894, 1.4316935750018658] : 0.0
0.003518828645292918 : 0.0 : [-1.4168985339055549, -1.3981076977628708, -1.391764005410266, -1.4453594725096157, -1.4177476414788908] : 0.0
0.003517594708197234 : 0.0 : [-1.4211613873949147, -1.403149056980049, -1.4345235075413836, 1.416951218485335, 1.393917172138356] : 0.0
0.003502619391974699 : 0.0 : [-1.405918324208558, -1.4168058645895174, -1.4255749852663713, -1.4215287794073042, -1.400742805989231] : 0.0
0.0035219080558280356 : 0.0 : [-1.423988868392137, -1.4370100667668602, -1.3863816705693128, 1.3871971428299243, 1.4353742090234802] : 0.0
0.003505374826644086 : 0.0 : [-1.431992852126456, -1.4169118272605585, -1.425844930820102, -1.3954479647114615, -1.4003756107433718] : 0.0
0.0035041175820804587 : 0.0 : [-1.3973647053493603, -1.4097512787751034, -1.4163173762299226, 1.4316599663627332, 1.4154319079736981] : 0.0
