Fitness : Violation : Position : Miscellaneous
5.653061017260116 : 0.0 : [-1.4601246280982736, 47.55707004109918, -30.361548674666672, -7.70073094581012, -21.68770592217355, -17.813907358912633, 5.478993306307631, 19.163207626889065, -35.9520449803862, -17.593196953597708] : 0.0
4.797267348144888 : 0.0 : [-1.5522598490080735, 47.370215071421704, -30.68079534649458, -8.167863171525411, -22.475506216851755, -18.815931272836963, 4.2811677060713365, 17.73816149289683, -37.94128567633519, -21.7227261987777] : 0.0
5.631633393672014 : 0.0 : [-1.615239591847519, 47.244626795987244, -30.87537416260613, -8.417871611201003, -22.664831569131067, -18.860977172175502, 4.287739469914762, 17.730311136666543, -37.95885023906351, -21.73501615064204] : 0.0
5.648012793696048 : 0.0 : [-1.6044872812546878, 47.262655316854264, -30.874580822110158, -8.416874752360208, -22.66420336166884, -18.866291883705077, 4.265036140518465, 17.728193983600583, -37.95490221846407, -21.73283386655896] : 0.0
5.359793192365286 : 0.0 : [-1.595912719440837, 47.27630185158395, -30.81937546707894, -8.345370280704424, -22.607091575934056, -18.86054302617972, 4.282976845517754, 17.72893475355562, -37.94575596347863, -21.729203829704062] : 0.0
4.69709670874163 : 0.0 : [-1.5456628380307138, 47.36037061497523, -30.694163877569146, -8.183831903611694, -22.473091892480994, -18.794087048721323, 4.280080513298499, 17.721129880164618, -37.95020979665687, -21.72175718505841] : 0.0
4.768462560815266 : 0.0 : [-1.5520795732773878, 47.35386771512466, -30.706702648078526, -8.198222340722666, -22.49128993956812, -18.80725905763063, 4.288720565233072, 17.71131345994838, -37.945133246584376, -21.720929799660603] : 0.0
5.4552626446725005 : 0.0 : [-1.5951479869023433, 47.27397421818588, -30.8433823763321, -8.37647230509123, -22.637062252117893, -18.847101611138235, 4.28193065085334, 17.72569666474738, -37.938693472898564, -21.727692081146984] : 0.0
5.127117363091724 : 0.0 : [-1.5699074188219706, 47.32879267062928, -30.75748924581217, -8.280591343625838, -22.564324552938764, -18.848645685116445, 4.296050629689367, 17.723709382980115, -37.95489752808636, -21.711310706948275] : 0.0
5.170217936960443 : 0.0 : [-1.580960628822666, 47.304388723078375, -30.79013801069394, -8.29621521405014, -22.580010811340912, -18.850230239234957, 4.282758165340249, 17.72598871403336, -37.9451553263284, -21.73379593162055] : 0.0
5.063963646369077 : 0.0 : [-1.5675017592274105, 47.320485707599175, -30.76364778139569, -8.272815960358681, -22.56415378867284, -18.84521539487553, 4.290380300600626, 17.72656486099652, -37.95053585523891, -21.72809150980621] : 0.0
5.040155818945832 : 0.0 : [-1.570910576433612, 47.320914344123764, -30.75417852466975, -8.268389178518557, -22.55333698683628, -18.829438821534787, 4.284344546805386, 17.718259683053347, -37.95250078529223, -21.73021831974414] : 0.0
4.43632687738239 : 0.0 : [-1.5337359557474137, 47.390369763401516, -30.64660058811362, -8.073878690730991, -22.367681848270028, -18.72232113679176, 4.31480801916934, 17.72661075838448, -37.96333071867225, -21.724003446514736] : 0.0
4.640346174725096 : 0.0 : [-1.5494834301559863, 47.36174930130326, -30.671094033101095, -8.131933332295034, -22.424070937462105, -18.78459540060101, 4.29294092128973, 17.717731067117334, -37.942113902005616, -21.72703264029537] : 0.0
4.298260949341601 : 0.0 : [-1.531178723895982, 47.39803278086326, -30.6434294443513, -8.097481400160747, -22.37253529439881, -18.732201346218247, 4.310382132352526, 17.72699923448092, -37.94296166343959, -21.716078660382156] : 0.0
4.492768770690585 : 0.0 : [-1.5364754028610697, 47.393709990320936, -30.645713208419878, -8.10672172479434, -22.411244376054714, -18.766213599267097, 4.293792719297966, 17.715955821078904, -37.94151752353102, -21.73141354913309] : 0.0
5.586368769053396 : 0.0 : [-1.6036836029106203, 47.249772611135626, -30.872797631718853, -8.403587569227073, -22.65605890923173, -18.869965624246447, 4.28921033970707, 17.713118290549374, -37.95267789316837, -21.72902615936384] : 0.0
4.575487827713795 : 0.0 : [-1.535470970021755, 47.386893752258416, -30.669634738944175, -8.148595305143864, -22.42611238138798, -18.787456845981286, 4.27586648448041, 17.72847694029372, -37.9481418604607, -21.733890330874218] : 0.0
5.73829743629975 : 0.0 : [-1.5945695545062208, 47.2866508138878, -30.84550613398102, -8.404611727595507, -22.662892242360222, -18.886145737286736, 4.271302309075516, 17.732630685589424, -37.94432298997471, -21.736878151120024] : 0.0
5.476159579793208 : 0.0 : [-1.5957884290911548, 47.267484267866195, -30.85353476329449, -8.387083187503256, -22.63860480313035, -18.861521716204386, 4.276882278891881, 17.724152274226526, -37.9546734753078, -21.733344314787722] : 0.0
4.9257441250426695 : 0.0 : [-1.5554751166859728, 47.338395830108034, -30.740094850977453, -8.240850941682693, -22.529555058446363, -18.834785271878907, 4.281992853342589, 17.725291433986154, -37.94459613892108, -21.728467292947805] : 0.0
5.010898359974349 : 0.0 : [-1.5698742202891225, 47.32688229063973, -30.748423672788157, -8.24151790932299, -22.536493874566936, -18.84037451923397, 4.278598116295619, 17.728558177782574, -37.94485373283172, -21.739506913811415] : 0.0
5.353332529761672 : 0.0 : [-1.5848030990377642, 47.28622738296159, -30.82055505394458, -8.348233465981842, -22.619315229638765, -18.865584458163497, 4.281600264972951, 17.721962036725753, -37.94427327531427, -21.73654786411438] : 0.0
5.130717411339412 : 0.0 : [-1.5739835534534472, 47.31277545736796, -30.767392044402325, -8.285465617528198, -22.573264742502865, -18.845432687845992, 4.284340026028838, 17.72082042283352, -37.946085991942724, -21.718984356791065] : 0.0
4.518772251017791 : 0.0 : [-1.5422246788695748, 47.37544257489014, -30.669551783907412, -8.125854696899705, -22.418517020724973, -18.77639230202981, 4.2988960353791175, 17.729668675791466, -37.94612468562138, -21.726439762708306] : 0.0
5.05364378126231 : 0.0 : [-1.5526757903510409, 47.34153608845705, -30.723568710991056, -8.245112370079344, -22.539610907914636, -18.847233856073945, 4.286963920974268, 17.726293112556462, -37.948996849139476, -21.719166878224826] : 0.0
4.9028194697513845 : 0.0 : [-1.5596758129211863, 47.33689558972238, -30.73231613667802, -8.223912550233676, -22.519025492417306, -18.83020908183149, 4.294478789502024, 17.725596388120096, -37.947480327386764, -21.722219117417772] : 0.0
4.7648387338511595 : 0.0 : [-1.5553780196259808, 47.355370516636455, -30.710887705009068, -8.20242417552723, -22.488381102786406, -18.813028181567585, 4.280839365693617, 17.719110041564495, -37.94448715328189, -21.722631728710972] : 0.0
5.5471539924750335 : 0.0 : [-1.60490909281754, 47.2599133258852, -30.869242149567285, -8.403688766149337, -22.649292077427525, -18.870475702352284, 4.293614828077654, 17.72117083851458, -37.95446402070726, -21.727753681332146] : 0.0
5.021289242701745 : 0.0 : [-1.5702694009428098, 47.32433908524392, -30.763785320609436, -8.270742520184498, -22.54271877784434, -18.839239015904838, 4.285737875095501, 17.721893595649686, -37.94651344714586, -21.728737936046347] : 0.0
