Fitness : Violation : Position : Miscellaneous
0.05670867023109227 : 0.32020410054458226 : [-2.7787102056834483, 4.9317859593464135, -0.4350819495300149, 0.8138005012913297, 0.5462086452406227, 0.9879749677944516, 0.7758116089020999, 0.31218060637505946, 0.170062937786924, -0.5990459501365857] : 0.0
0.003539663327108422 : 0.03258505470058172 : [0.3734913806025215, 0.3993018985587481, -0.37450867847687375, 1.0286168736575885, 0.2313642458637709, 0.3961959086645645, 0.9924988668297408, 0.17269425945252784, 0.6926596231506559, -0.3811707113467803] : 0.0
0.014462875754395976 : 3.4558449590993163 : [3.507070740783101, 4.921010068306153, -0.44661815354815726, 1.102131040704108, 0.36771259684714674, 0.4043092328295799, 1.0052870949704202, 0.09443823345352609, 0.7552455968327766, -0.28789153953165747] : 0.0
0.02254413747113404 : 0.14353936559419703 : [0.4282736784136132, 0.5622972804677699, -0.36085308982087483, 1.1743941497926593, 0.49764069046874326, 0.6013803210488717, 0.9745229711888181, 0.4648961918410439, 0.8074604251871036, -0.615288030221269] : 0.0
0.02043463550877256 : 0.4950702101150245 : [3.428377907172705, -3.9855354619541252, -0.41610261782077357, 0.862826567533876, 0.34408893358016907, 0.31190861201321524, 1.0176540980606998, 0.3030253166988235, 0.7793376950982911, -0.6665401453095137] : 0.0
0.01723133784632036 : 0.02802514963875998 : [0.33961262468835596, 0.43896739736023227, -0.509555273253046, 0.8154845274083977, 0.32343274195025784, 0.28484579806168414, 1.2109592526267634, 0.45233440178416867, 0.8799898746645296, -0.49857342846158864] : 0.0
0.029248938809905867 : 0.022217404613544003 : [0.3810662775357061, 0.4432682268403466, -0.4020129065137733, 0.6252138840604309, 0.5955289325148163, 0.4526561520839632, 1.2610290815984593, 0.31828894370815125, 0.5263791901701065, -0.3439655058738599] : 0.0
0.024381987719070075 : 0.023550482862474076 : [0.42497918110104105, 0.45400185947585237, -0.6627537805164092, 1.1927781649433866, 0.4081426980795695, 0.5685571985078308, 1.1670714148127572, 0.43470994867844437, 0.49375895086734056, -0.5419265054348699] : 0.0
0.002469038604870244 : 0.02953695359752108 : [0.36735471257109165, 0.41121201026462456, -0.485031391491316, 0.9523061510842858, 0.3269816830283362, 0.3637144450870768, 0.9703175742632699, 0.3443901688337894, 0.6912981947560939, -0.4450857879517548] : 0.0
0.024472609176256266 : 3.9704684514550825 : [0.3512964139817232, 4.879973427587986, 4.909081628093784, 0.9802743333968544, 0.28224460342163793, 0.5786191937769963, 1.0978193200448436, 0.37087758449256386, 0.42640481932987195, -0.021467412138477804] : 0.0
0.0553080000870424 : 0.18841303454927616 : [0.3992750378401936, 4.967452683835415, -5.964025025650741, 1.1066224522297807, 0.6730284419853374, 0.09384645827980098, 1.2340310073681695, 0.503850476611005, 0.9291912132767227, -0.1896404166632002] : 0.0
0.02527334102401224 : 0.24686294205832304 : [0.35073489544317127, -3.989064738783119, -0.43348663272236143, 1.0151257285660695, 7.219411414047804, 0.4714644240282795, 1.1628027151740068, 0.25606888596249366, 0.620478086801417, -0.6446580038613129] : 0.0
0.03278565378033449 : 0.16792122194323283 : [0.40796248341669106, 0.23469858795762732, -0.5607933009114676, 0.8913045286138864, 0.28080683543830476, 0.7621604777050587, 0.889020603910672, -0.04736023376226317, 0.5925571959739564, -0.5664968733182345] : 0.0
0.04029794908115192 : 1.7668645485900516 : [6.6342707154423515, 0.19461837500459822, -0.2613534772226248, 1.0671052791303939, 0.5040745453505135, 0.20352749564752082, 0.9729515649285344, 0.3452321703435861, 0.5029040733854386, -0.5563750357848316] : 0.0
9.341387231054377E-5 : 0.0017539943098884747 : [0.3717146079476926, 0.430222847309089, -0.41798110879551176, 0.992117587499725, 0.33248322970130484, 0.4615094212406012, 1.0050307118895443, 0.2932112471753804, 0.6454290859721025, -0.3715341086986062] : 0.0
0.01390617734754962 : 0.13258971807062755 : [0.3850840977327368, 0.28798118461294386, -0.41502326078775464, 0.9978932308218985, 0.19321342195139196, 0.40150348438444666, 0.6854642929848731, 0.2970322464785802, 0.6387566254650041, -0.3368809109390591] : 0.0
0.008280141125528329 : 0.057323828006161315 : [0.3589697450388274, 0.41914932842830055, -0.5520281259773032, 1.0172324859184239, 0.4428544436631814, 0.36830521600108923, 0.9121751772089575, 0.14828109510078338, 0.5243485640381134, -0.2581431922938018] : 0.0
0.02859299102689694 : 0.5468390652263865 : [3.52361260006196, -3.9434893545794885, -0.402647370231205, 1.0131842879035535, 0.017485087885906136, 0.47428899297659033, 1.129950885148061, 0.09597648482760768, 0.293328527567398, -0.4160694878486012] : 0.0
0.009704002461045635 : 0.01300515453553834 : [0.40952969840455866, 0.3653634717232045, -0.4902210654044946, 1.0921309979318912, 0.3066734541549918, 0.25251008333643554, 1.106838536659012, 0.3852038963933649, 0.5659228680604016, -0.30007926145998526] : 0.0
0.04172342978379362 : 0.2052219422876867 : [-2.749860455045755, 0.3822889113135275, -0.6261827293445985, 1.0334122589699302, 7.4078157350601135, 0.6004594792926892, 1.2011419808273411, 0.6851794160040937, 0.364628759336257, -0.21891364577913427] : 0.0
0.014155935125996 : 0.153656410964859 : [0.375131896495668, 0.5807974811552254, -0.4450033289591941, 1.0503379257802075, 0.3660065182173544, 0.7098266802843222, 1.0207574305198952, 0.3854809058402602, 0.8219681032361781, -0.36688550473308434] : 0.0
2.9506798241363263E-4 : 8.738150639555392E-4 : [0.36749981737655646, 0.436446787044452, -0.43343880864012224, 0.9519468376032509, 0.33301914576792013, 0.448707423846162, 0.9999705875186768, 0.3041683345232973, 0.6217596233528695, -0.31593717991755366] : 0.0
0.019656534087997835 : 3.5021079853364654 : [-2.7582933221524235, -4.022288170036276, -0.29615860694513374, 0.8847641371816959, 0.34496693404542933, 0.6313870808341651, 1.007148311414154, 0.06313350583370932, 0.43041584525863064, -0.3877434389140504] : 0.0
0.025058676772032218 : 0.5062345013175069 : [-2.7333373495061175, 4.828456498303069, -0.33104166859244644, 1.0967284437573204, 0.30278943823655347, 0.6334542782183671, 0.7477462742064409, 0.4023351588271542, 0.9471237655140858, -0.24549598623321556] : 0.0
4.7156801668057913E-4 : 0.008159357970325482 : [0.357928823528367, 0.4249802166227912, -0.39419052621037565, 1.0126852540874958, 0.34752076282060257, 0.4544527165605997, 0.9970094322608969, 0.282705324365225, 0.6160784986690916, -0.31245559124380073] : 0.0
0.0073580528358272446 : 0.010523430127390546 : [0.307567744406704, 0.3918979141948581, -0.522467953187507, 0.9549858864948207, 0.38079509316205384, 0.5941040440394245, 0.9262621833010884, 0.4079533665231344, 0.5048861287178676, -0.3369162797638235] : 0.0
0.017766348975409074 : 0.4571401226163866 : [-2.7343258352265587, 4.79620361613978, -0.40531030418839065, 1.1842419792531498, 0.46861633327956775, 0.5726176515225642, 0.9712988063162046, 0.2602214906631288, 0.6511411805839087, -0.37176225062223944] : 0.0
0.04017816329100932 : 0.3296445526884483 : [3.4667803177883005, -3.9864364260713625, -0.580299666810453, 1.1086219509266892, 0.038925488768835836, 0.46666845515890054, 1.3685298534632064, 0.2556226701187113, 0.9293365172188446, -0.5755526143163971] : 0.0
0.017937734905169256 : 3.5354804116503686 : [3.529642734257945, 4.9723069383188845, -0.40345148827660804, 1.1282498487161354, 0.34415896291943954, 0.6713783083789959, 0.9986438782017899, 0.38747878051641715, 0.49799368261401405, -0.3651222896836216] : 0.0
0.05013790111760119 : 0.34684617177524524 : [-2.977788322768151, 0.4355387902035437, 5.0865316667620775, 0.7568901702111539, 0.25368601660394186, 0.7549904655964521, 0.8011872317216727, 0.417800340701247, 0.504970942159864, -0.2148338791547747] : 0.0
