Fitness : Violation : Position : Miscellaneous
20.54537558771626 : 1.066820992084832 : [3.1981344807038083, 5.927786338293011, 1.7409177070747324, 4.6682195128148845, 7.213063437232849, 5.952657975145787, 2.3987925475062335, 5.285963973985227, 3.298294370786386, 3.7077452996135376, 5.165655231363683, 4.131388191239601, 4.7595599351860205, 0.9163208490142452, 0.40123897057601, -0.3869929611848647, 2.0795508147868094, 1.2581702715827392, -2.611434804571874, -0.2399610748536372, 0.1273064809331651, -0.6792479058390444, 0.5910329545938688, 4.962674064270961, 1.567546635227448, 2.447044258604632, 1.2842234912763422, 1.8584111294779635, -0.5748888292153638, 1.6070891257478572] : 0.0
242.85985314812677 : 1.0176332729484987 : [4.463866351316334, 11.062833936384594, 2.8092139070109132, 7.780820146487574, 11.520943477397111, 11.128119216498895, 5.3900711212698145, 6.642558240352361, 6.3626100367109855, 8.014886022758931, 6.539737402233099, 5.049177049348925, 3.460116129794292, -2.1807829099149227, -1.149038761841703, 1.5861316386945892, 1.086746962141667, -1.161839799770826, -0.8115460194586994, 3.747098496208137, 3.6074089828832787, 4.053631051721746, 5.181415194046, 5.6743020595012545, 2.1675090775769696, 9.969916437608111, 8.467673147071395, 4.709604145511614, -1.0841609831994328, 2.5549248371077073] : 0.0
16.10623708888786 : 1.1241371216466434 : [-2.391836524947905, -0.8999905232828835, -2.2190935430181566, -0.06299349742342075, 2.317755288561462, 0.3085751169453974, -1.964435805406865, 0.18168710622690298, -1.8544445094499324, -1.3079042503359966, -0.7350755591598237, -1.017850810295748, 0.1748144066985694, -3.8899978337422048, -2.8544566133509237, -3.1481930232771824, -0.542309654698915, -0.14923037291894603, -4.699536970587815, -2.7684082790103703, -3.7818011574349657, -4.700341005764969, -3.6613646498752175, 0.3427265121974683, -1.1445584581128627, -0.2129394939669622, -1.6952861898220206, -0.42796963552501666, -0.30000899065475173, 3.348420718396093] : 0.0
31.652091959580183 : 1.8679402740060234 : [2.6839154794882125, 2.975274418663494, 2.7072208969551887, 3.604528534416837, 6.349341140925534, 4.187271929260615, 3.779762051891245, 5.768387690071677, 5.277076632486404, 5.593473438450158, 7.803801559342475, 5.364208239715041, 6.365132722503894, 4.5855454071184045, 5.08635873831513, 4.305650012570817, 6.574853942778008, 6.954609107097911, 2.575685073643916, 4.638581490057527, 5.930793078371764, 5.433452235176081, 5.958666916527341, 7.753482295998461, 3.597892843216549, 6.10718090803179, 5.251467210177437, 3.7855293010162896, 2.6009592813711016, 5.241719234005769] : 0.0
33.904904947993856 : 0.3052479655646207 : [-7.027967192199111, -4.474649016542004, -5.334774826897998, -2.306261089501335, 1.3435266664981314, -1.0292837999047406, -1.5566827175082043, 2.5854636183180784, 1.3864115435102733, 3.780673253565771, 3.194609040518121, 1.795870729896248, 1.816645779047305, -1.766689690161055, 0.2031551014544144, -1.6416213404969577, 1.9089995893689797, 0.9883575939628626, -0.6942438910536255, 0.5304861642708143, 1.3018183388682938, -0.05397882635934814, 0.6079905509569035, 3.7702174999098528, 2.469979121358426, 3.956860700481081, 2.6131907700919377, 2.5932067523510023, -0.13734409940500436, 3.772540529070358] : 0.0
60.889402674391604 : 0.07140755251293736 : [0.987847096454983, 3.6869636847943474, 2.2704768729340508, 5.040757427688618, 4.274240270953483, 2.3695581170818043, 0.03997474920575628, 4.037384810173314, 2.8756810314279506, 2.5528527557934444, 3.2028901559747576, 2.1201470891534075, 1.0327013138514705, -0.17830972574000692, 0.9387500154947708, -2.1833760988225492, -0.6963961892834338, -0.9463037417600284, -3.5924229918675783, -0.7519776668849991, -1.4392337692138282, -3.2407566061049713, -2.874441277289918, -1.4357527968889916, -5.94813928944806, -3.888212884275344, -5.5403292292652075, -5.161865941068753, -1.6917776621749079, -0.1545318201449417] : 0.0
39.52261608457987 : 0.10940345749218815 : [-6.026691429656044, -5.663458321703089, -5.299232203318784, -3.775584621365839, -2.2908170649191915, -4.036615561788915, -7.395291715817194, -3.6512397625329522, -3.2925214283790227, -2.208377278222121, -0.6562025293684186, -1.3546601630523796, -0.1637981293150088, -1.7679368259990358, -1.1678272926134041, 0.014477866000458306, 2.7005426665384977, 4.057467927937061, 0.638399724645554, 0.689011298860231, 2.405858270260183, 3.135545376557564, 3.8252502425483894, 3.913721320365699, 2.292832831858592, 2.311662297668219, 2.2404297233006973, 1.7853385135744064, 2.269214700969629, 5.049675606914028] : 0.0
97.94568896863677 : 1.8492698783140846 : [-4.24768141372194, 0.9552038184144551, -0.061984541459602305, 1.800116131653825, 0.2986951952929191, -4.466921293005875, -7.6437986902498505, -2.6265990701901214, -4.301136546733778, -5.466123130669517, -3.5402431422600045, -5.424048902553056, -3.227579399779186, -4.139717091948844, -6.239022608051828, -6.188403957581032, -2.4462326470926836, -2.6801010617060608, -4.428954864881126, -2.5031490559725587, -1.211461588077602, -0.8060979900726046, 2.622530589340773, 5.222807147349933, 0.5379164685866415, -2.3433922120166364, -2.576387003243579, -1.7511852660254261, -1.5300962278408967, -1.3483210623813] : 0.0
138.4467104441511 : 0.7557561717454738 : [1.6388158891042401, 5.9210096821894584, 5.621685834244509, 6.203038963830341, 9.751196421994683, 6.056248474607466, 3.011207401263894, 7.387226730804922, 6.10104954519846, 4.714538735072603, 6.480171504143776, 6.789802636220081, 4.52820370505694, 1.15105918033632, 4.047134984871626, 4.067502978585415, 4.398750092736775, 5.086095154461131, -0.8509384426435989, -4.4007064524266, -3.4849248433354867, -5.048373425725421, -2.2067742803389834, -0.7014052434452938, 0.2157487095776267, -1.2294243703535395, -3.3230600727542274, 1.1226129000961713, 0.1366243936986553, -0.15805300766002262] : 0.0
15.756422851641107 : 1.988490387709452 : [-2.7549339911945445, -0.7705594281672132, -2.989187228734922, -1.3018209403008774, 1.036053387046155, -0.9870314365472594, -2.657708086662594, 0.8884736920515044, -0.15502150783954194, 0.5010317201099908, 1.3235049365489475, 0.968093842363333, 1.3502024665040917, -2.519121179305193, -2.2057353643944166, -4.213757826055648, -2.288196222868506, -2.6941955868955145, -6.8066281925108765, -4.097647602167039, -3.7146883903427557, -4.690808814595005, -5.521494425234954, -3.400197822554351, -5.979253859634817, -4.1934193517252725, -4.473666630836225, -4.094743450051784, -4.910965525644206, -3.1078579017364842] : 0.0
30.073592423886893 : 0.8497765992333292 : [-0.647347351783029, 2.796306839262114, 0.7171372501661849, 1.6088292033028597, 1.8965207908094888, -0.42763740821846863, -2.043506091767309, 1.5753644773275206, -0.7364181035047188, -0.008580867438146678, 0.036513398980521306, -0.06318195996885745, 1.9488331321534227, 0.02471291130463321, 0.29404265640350635, -0.2905506714904518, 0.604333196279645, 1.5532504141484287, -2.4272651646212307, -2.4241233803877407, -4.087835985132301, -3.7916009693314, -4.058176272196361, -1.2841151812701697, -4.263150334290301, -4.494513391804434, -6.824690027869931, -6.548445120120004, -7.4003128015783775, -3.811808043488463] : 0.0
44.445829167646366 : 0.43677255117154173 : [0.6583491347202339, 3.0474557632181067, -0.9274439805315278, 1.6334090353279533, 2.369333614992935, 0.35702059180187007, -2.180122328182701, -0.4075105572658084, -2.0050273307006865, -0.026705689460879478, -0.34705187147286876, -1.7643492495804591, 0.8615603747018419, -1.55052262875784, 0.2641741621157295, -0.39998492183424617, 1.8065185895224607, 0.9921396602537447, -3.3053179855801336, -4.067731006660254, -3.0299251903601796, -4.70616878737699, -5.432923965807655, -2.8300585617550356, -6.135863627315598, -7.452577873415684, -10.022728088433915, -11.73592046773949, -12.80989158858031, -7.134863325670458] : 0.0
16.259961202251358 : 1.2786031462364336 : [-0.5028972973573234, 0.3748106125312223, -2.9008308564184233, 0.45059035720471274, 2.842082363089328, 1.4254291604615057, -0.1618012514806655, 2.8612052903604095, 1.512810503864868, 2.7148809990768097, 4.463169823369521, 3.01035791640771, 5.122238995709893, 2.529321417159382, 3.6427907380430478, 3.7044915366148237, 4.959192556834207, 4.389132830840557, 2.2848478744061906, 4.686158401340367, 3.8292970701067386, 3.097073361257981, 2.658742508103269, 5.568147334172496, 3.530328172345875, 4.873010246292187, 2.5850298541857932, 2.1846196910271596, 1.6113318580556628, 2.970868998453091] : 0.0
17.195877321390018 : 0.20613406206450655 : [10.012830191456038, 12.389422581398199, 10.591849643690178, 13.50951333809364, 15.914957358342502, 13.63143533986602, 10.161267461669464, 11.798742267053385, 9.323279078457382, 9.55924707982333, 9.294357373467335, 6.061126007718207, 6.675019900517564, 3.5616086822574706, 4.463712334536806, 3.04912956376986, 4.292524772248308, 2.9170322805764277, -0.7165067864253001, 0.6146368368334709, 1.3424122994746046, 0.14984120335284803, 0.5894924421000666, 3.083464570342432, 0.8409762541579784, 0.8668052826687309, -0.8402659879093525, -0.6458235051880175, -0.8911220345005806, 2.44129571108787] : 0.0
26.83823430871077 : 1.4434943782071197 : [-7.086576101693209, -4.860663014458202, -7.550289777095652, -5.52109938858312, -2.532820753782101, -5.562795820910635, -8.226995923762246, -5.592622683855671, -6.4024701106028, -5.763180251958897, -3.939193558064976, -5.690279046166351, -3.1833174600738934, -4.745065215517383, -3.522351502350903, -4.194675937943244, -1.1137458696265057, 0.7220062667309879, -1.8213354646796724, 1.5605271075982317, 3.2365758517257004, 3.1900761297758784, 5.053297972682328, 8.912065306887992, 7.750469122280096, 10.22662237694218, 9.749861501755635, 10.88145453137308, 9.179381799861046, 12.501261438419263] : 0.0
5.470786520438024 : 0.2505047073368861 : [-4.501109442333943, -2.8586512554515027, -4.784325614342007, -1.8855530231885411, 0.3336463772487964, -1.1509159422774018, -4.184515913997837, -1.3991518793872537, -1.5074544451517333, -0.14438448592105801, 0.7410508751315206, -0.35013636506957163, 0.8712392731813898, -1.915059927405422, -1.2996513748239886, -1.2206561977682842, 1.2274508453544, 1.9280271797256496, -1.280095865801851, 0.7891641351056276, 1.1865761894866027, 1.6171878892090374, 2.3063555056494534, 5.181332026701167, 3.3625166183233084, 4.834181652229281, 4.018005643455786, 4.130247885818614, 2.807825274993641, 5.687322538103441] : 0.0
21.954690079064555 : 1.6672676499208632 : [3.1802233424059256, 5.3431279268302685, 2.203000374171635, 4.794694124528073, 6.760575805769298, 5.27401036801345, 3.6223393763457565, 6.672907446665709, 4.959880421194556, 5.507760675716925, 7.040715431933375, 4.804032419313717, 5.815931163609173, 3.744356748683563, 4.514452869921461, 4.409354164489409, 5.792176029271469, 7.134611497884217, 2.7877031184504464, 5.086177126273871, 4.203890482442052, 3.128228554253801, 3.0301190071071114, 5.8688378889855795, 4.570694313162871, 3.850574581668095, 0.2730132181157816, 0.8562240772806269, -0.7910037782180317, 2.285510537209855] : 0.0
28.409160960826938 : 0.11091991759035778 : [4.802147629274394, 7.466368412330403, 4.257812099367474, 7.671252234585987, 7.4821008320532645, 6.528370196278451, 4.742478723821677, 7.222264397867087, 4.765181633951836, 4.470312518938337, 3.8004291558864054, 0.7229898580102584, 1.283756310345906, -2.504372079190534, -2.3010460351399162, -3.4205598582456362, -1.3877419538889408, -2.21256652053375, -5.026096627756459, -2.719343213628843, -2.9304163690227907, -3.001915596623351, -2.9015669799679746, 0.6808192116419006, -2.7776567895256377, -1.5870731974646537, -1.7249908336210718, -0.45246715835071427, -1.1439614790384558, -0.08659067129028086] : 0.0
38.26465836989224 : 0.22324212191936613 : [-6.311422368866298, -2.873694301405174, -5.684458971818292, -1.6217307538070473, 0.3590895859909762, -0.06838785499152333, -3.1184247597897308, -0.5178832912153091, -1.1872828240968012, 1.1939578309015855, 3.915206728202551, 3.1267313996436092, 5.050837969254068, 2.7239232631340142, 3.431416839676466, 2.5528544331892125, 2.78650979216001, 3.411276651091632, 0.39022631376002803, 3.1659463557482237, 3.0014205213977316, 0.2680705564255417, -0.8635517323683326, 1.2593799176693499, -1.3885677847290625, 0.5086291533202991, 1.2213951499628684, -1.0035104737023222, -2.7761774054379686, -0.5280062427595528] : 0.0
120.26685438105189 : 2.1245074229443546 : [-6.593272874945201, -7.008845341731681, -11.58461899546964, -5.267085954118473, -1.756600518783845, -1.8789354786864136, -6.0143044939110935, -2.8628664567453246, -5.218869008057351, -7.107661768133607, -4.1550436206325525, -7.181505079679275, -3.7381730239237863, -4.126242707467204, -7.01148120762403, -6.020187446615797, -4.415056844069161, -3.5280138803736736, -7.414403589009736, -3.657725111656359, -3.3858135725687593, -5.500176418041789, -3.761499946102456, -0.009499240887630211, 1.1260693706373177, 2.945069471308428, 4.044443802183425, 2.570351730151814, 5.059333105390472, 5.897631438608631] : 0.0
77.95162109026127 : 1.0341476286643687 : [9.604154883058731, 12.044327399915442, 8.772844181044018, 12.18878697738162, 11.976620397015497, 6.992370498399042, 3.932577064276208, 5.778858321745862, 1.9482610676444123, 3.193721356861061, 2.6224718311940913, 1.4880241683110835, 0.16262555712727522, -1.6401656902513593, 0.8097705718869452, -1.4234583183000966, 0.6634129733262322, -2.141153114525018, -3.6934524851462402, -2.537450976714456, -2.0392924657487006, -4.446826397585797, -5.1266566691295825, -1.8060708705187147, -5.17661293088398, -5.971499462642719, -7.238101672523351, -5.847983760264407, -5.640565729853748, 0.5570565986397762] : 0.0
49.768869834691756 : 0.3160961179508688 : [-7.393591564728345, -2.8695906036573535, -4.408316436934935, -1.143478466589117, 1.1897972472654752, -1.985320075989634, -4.985667947255785, -1.797486870217997, -3.50837919322335, -1.0025921037207188, 2.44602159611036, 1.633179706436215, 3.8747820022895203, 1.3045744569506392, 1.7044260777349693, 1.0450431018986508, 3.302314637602627, 4.444416771392261, 1.0288333545088895, 0.968811231366605, 2.214165339915442, -2.5075642422042437, -1.0808115851412405, 1.03441605728968, -1.6135785765101525, 0.49765546690458196, -0.019102047609858674, -1.6439898567508922, -3.7798982085093153, -2.2310990692100274] : 0.0
16.050328276654387 : 1.2212587363744434 : [-8.357329625804521, -7.1394607178805956, -10.20548512397188, -8.671337526210834, -7.191253787538284, -9.33544764344995, -11.109077446467893, -8.57126378562113, -8.616132841023436, -7.824916532931917, -6.439909604843043, -6.847686766217666, -5.223974734639741, -6.516652803611915, -4.801732578177663, -4.649171887055738, -1.3730251641326952, -1.2853525262973466, -2.9933606009718536, -1.0235149003144128, 0.050560913154944875, 0.22467101990286237, 0.5016411087638122, 3.315989435398155, 0.4643226152365171, 1.9164438156449806, 1.1583741996093107, 1.173463807029118, 0.15517772808997632, 2.512828076453231] : 0.0
53.438726023433034 : 1.1836618818460802 : [-2.0723963630680444, 0.42713894307600264, -1.554860735150045, -0.007054781248700515, 0.7760972855190023, -1.159431390750354, -2.1560492051097633, -0.4878014999556206, -0.869749025743362, -1.1257465812868754, -0.2331894803765664, -3.431648196273345, -2.6354136482843726, -5.526388896980579, -7.1480297260507095, -3.39140845927356, -1.19376656398821, 0.5105128171460136, -4.202185329003759, -1.2534053840655202, -0.9521496960650204, 0.1610957479087114, 0.8228270373433835, 2.14381925720036, -1.1449822469719755, 1.1806972628953623, -1.782186650933839, -1.7776471076955684, -4.21004705413804, -1.1428602000210373] : 0.0
93.27162911734828 : 2.3362326909680657 : [-5.036135146747944, -4.677923093169656, -6.147573392716241, -2.298795922731928, -3.2529606398871196, -1.6976310535536334, -5.499603048867633, -4.644704754849897, -5.706268537888246, -8.805932349207978, -7.851615367153894, -9.710264724444766, -5.864064428697409, -10.130385445585656, -11.324532920901406, -10.603311152485848, -6.195485059093257, -4.547637825893188, -7.613822670728764, -7.292922226074591, -6.252063185495636, -3.404385319390333, -4.083248033734781, 1.1664466328603482, 0.2045111468603975, 1.0236633811611364, -0.8773698505843077, -1.8055178717059084, -2.7954491544021898, -0.73064484794866] : 0.0
17.39513627959687 : 1.6221233104563926 : [3.2296447546759417, 6.1915740317442705, 4.404606975859924, 7.341251836004521, 10.498273536183497, 7.854331907195892, 4.999502581929578, 8.467253450918326, 7.107789432476726, 7.646527284130187, 7.7832999824367235, 6.851516377079875, 7.118654410517832, 3.5473122944447706, 3.9898988839029252, 2.9821333217930324, 5.473932697183407, 3.828745957952543, 0.21530863749465645, 2.7365577555481266, 2.66651852975193, 2.4450837926741777, 2.547441522236725, 5.097332883677044, 2.8666422821134425, 4.4757888626734985, 3.7587539032356565, 3.369958523041185, 1.1665627781191188, 5.916041153846684] : 0.0
24.307371407880005 : 0.8222894387825803 : [-10.525853735906253, -9.810417671378893, -10.243207350313149, -8.1730750907667, -5.989259053959774, -7.193779905844533, -9.49687027321931, -4.977874332478814, -4.282956174673845, -3.538577083783693, -2.1925451520839743, -1.8634491313359092, -1.3421519960019184, -4.3024443124807155, -3.192051549600032, -2.6610365611694053, 1.0962874491621402, 1.3759989641764983, -2.504687276759162, -0.6488178726041626, -0.5176456633667046, -0.7539865036191872, 0.04290261165110487, 2.975318482884915, 1.3873160173549992, 3.647194235603027, 2.25802992946364, 3.282238004257112, 1.749013996998965, 3.5481929082364614] : 0.0
41.42085740479819 : 0.19503399195969748 : [5.17678620738183, 7.246401246125572, 5.21573811591621, 6.034340983952378, 8.211839947641431, 3.6355712800525097, 0.6806507073303787, 2.385868976519646, 1.431372720722743, 0.9429934837439575, 2.0717011832370935, -0.10107305663722932, 0.1885413692240714, -4.080559309763857, -3.1599864271380875, -1.2889054277250291, 0.7997036731837173, -0.57162793352818, -4.147611862112771, -3.0404353942348843, -3.7426884960093973, -4.468909622689896, -3.2919105960331656, -0.5045101092119615, -3.2469408502020767, -0.2769548063646148, -3.52213366287568, -1.108792473851405, -2.054665749773718, 1.8209455705670965] : 0.0
48.64187300055422 : 1.6122490833668606 : [3.11598022539452, 6.928490360187586, 4.7900972039494905, 6.959217530451925, 9.655924439701641, 7.864785024611068, 5.347324772793809, 8.418301387059469, 6.1881891867962455, 5.267331951494288, 8.137141888010515, 5.5255053575161615, 5.802491902218768, -0.48958233168230847, 0.932165200509057, 2.6871329827900947, 2.8429006622904724, 4.213166571153352, 0.2749439771097266, 1.7421805335067793, 1.9154375408110091, 2.2466789164595324, 4.582531654418153, 7.2410696417438665, 4.381820307780546, 5.030258413144529, 3.379138579709424, 5.326819065745337, 4.903763816653903, 6.006162005231368] : 0.0
35.465085101383714 : 0.8223969453358656 : [-1.5095990992790438, 0.2658416493335376, -1.8493438728207292, 2.7449510882744432, 3.9867323743845122, 0.5125681577413423, -1.1545896311068686, 1.1212795770679427, -0.19176563812724273, -0.5042562997253386, 1.1062869790549605, -0.00349572476583887, 2.563932683293484, 1.0160180292286858, 1.315708223110029, 1.7119228533652449, 4.050063827970069, 4.958660062565671, 3.922326099654754, 5.7731807745625545, 5.755067279359004, 6.442493965072943, 6.667536670827193, 11.823139523082165, 8.334175066617522, 10.682066887770162, 9.160238658534764, 9.662502872381726, 7.531331598222681, 8.157287659798502] : 0.0
