Fitness : Violation : Position : Miscellaneous
-4.623372327055118 : 12.362008329258574 : [-4.957407929505194, -5.040747018601612, -5.119511931597971, -5.016960499404913, -4.843511188690885, -4.9629099476020375, -5.10418752718405, -4.504719744603632, -4.658094302573631, -4.812979679530048, -5.053485054116663, -5.083125965058356, -5.11115449862879, -4.9582138001864555, -4.941851146658735, -4.823325913549275, -5.0434037488449555, -5.12, -5.011384078672816, -4.4648137586716805, -5.026078711103519, -4.814737939609379, -5.07470357933353, -4.962370869957169, -4.948358916216073, -4.64500242498152, -4.998558877256192, -5.073317968227943, -4.908204915368044, -4.7964023632410555] : 0.0
-4.623372327055118 : 12.025418914109471 : [-4.888524398866405, -4.884986568242907, -5.115530760383626, -4.970341517780941, -4.872433236426318, -4.989388825388605, -5.092625138534617, -4.532554311526662, -4.340916875931177, -4.803180560459562, -5.0617627103709, -4.992615821138619, -5.082317318824439, -4.65746677863708, -4.832754786209863, -4.901751024636259, -5.029989654050806, -5.12, -5.003920416690415, -4.253138225726145, -5.079383173808682, -4.960764623016262, -5.07441719118928, -4.550747316969426, -4.929279677310975, -4.76886954943121, -4.948159300393437, -5.076278577114681, -5.001565157062334, -4.583401936745488] : 0.0
-4.623372327055118 : 12.305070196063978 : [-5.010159374694414, -4.759764278267436, -5.118617425308231, -5.006832860522479, -5.056273309205684, -4.904892473145237, -5.114399500652225, -4.575023183054858, -4.17167870969191, -4.741439496755248, -5.045680554274602, -5.088965772464094, -5.090669160737555, -4.604242512037949, -4.90910186591997, -5.061529296327858, -5.0541615847406, -5.12, -5.026032851348116, -4.896426454408517, -5.006462432979746, -4.507553903238715, -4.92659431735662, -4.781893260692765, -4.830674337383567, -5.100609185176601, -5.01655651579077, -5.059162649354499, -5.000403836672845, -5.027612017058759] : 0.0
-4.623372327055118 : 12.314276550684376 : [-4.857468856191392, -5.055858725235398, -5.117395447472477, -4.990421312068328, -4.9580390994542265, -5.012497653281011, -5.078357133600884, -4.48711363563724, -4.615970509911516, -4.938981422478842, -5.110204111049645, -4.971698693501444, -5.070007409251166, -5.05719678708245, -4.994164827121575, -4.891390783254854, -5.094280753761875, -5.12, -4.991846035589802, -5.081334285382976, -5.020791167532041, -4.442719528708681, -5.104620017232341, -4.563352241651281, -4.896308892142148, -4.403380373537396, -5.040799612196607, -4.974679102745769, -5.0480717251751255, -4.650292908289927] : 0.0
-4.623372327055118 : 12.540184543019508 : [-4.947266301753309, -4.8199597637439595, -5.114997401170161, -5.053091124776144, -4.995818763868172, -5.07423082779661, -5.082791877274527, -4.699272793346772, -5.052554809785924, -4.637170939240062, -5.0441309033669075, -4.939869284918445, -5.086473726935946, -5.056115840325383, -5.003554671969999, -4.942906416044154, -5.001478371168854, -5.12, -4.998787739252277, -4.869048334121757, -5.048556878657271, -4.644286755792795, -4.9719942100049614, -4.9993872837540145, -5.001645641900328, -4.592040238918756, -5.021452493087023, -5.034018342514885, -4.890411781012839, -4.882859509445661] : 0.0
-4.623372327055118 : 12.094954405658479 : [-4.939788340870095, -4.800689280677473, -5.116692898623802, -5.018250813728514, -4.784364657555009, -5.044981268014357, -5.072568520902706, -4.731619979437379, -4.401849859569313, -4.90327074031431, -4.986612506771884, -5.050556354233059, -5.0643021492238525, -4.769937319925161, -4.911603895550104, -4.958326000327123, -4.988519599543223, -5.12, -4.967165558471606, -4.600689343472572, -4.997922935314872, -4.755597468371639, -5.031307195065022, -4.481157458147745, -4.992528994649731, -4.491737845982989, -4.9843891611742475, -5.041210652511427, -5.0486851987033, -4.669263193654638] : 0.0
-4.623372327055118 : 12.28139492596142 : [-4.955280302517803, -5.006377832870587, -5.117623866302139, -5.024953608707442, -4.877715576288747, -5.071883711354463, -5.077386627029645, -4.945698865856059, -4.776977793393991, -4.701474459447816, -5.0456167554965115, -4.948199134291054, -5.083224573002223, -4.771494244563266, -5.026933593215025, -4.883331370658061, -4.992456418470213, -5.12, -4.999013446564874, -4.500734750716757, -5.06566587798185, -4.363401755112138, -5.036962841417152, -4.8165030593029785, -5.06710872559957, -4.626885876499858, -4.979797807017994, -5.087085131906202, -4.8495219741490905, -4.702945751943658] : 0.0
-4.623372327055118 : 12.212848073596524 : [-4.9750887445174135, -4.533899539868878, -5.119580006430972, -5.034203906094265, -4.795255094943567, -5.075903250983618, -5.103410775800256, -4.878880364372156, -4.393352079092645, -4.848575683281702, -5.1170162371911, -5.118214549701684, -5.101272918005076, -4.625909656834871, -4.973684988553656, -5.056217353227714, -5.040980431108418, -5.12, -5.034915949702122, -5.101608205781347, -5.05730003828627, -4.286842247989477, -5.004295452685999, -4.484600361099352, -4.850773907914611, -4.613893028472893, -4.970308457215316, -5.079788388151376, -4.752033198336685, -5.06970775348941] : 0.0
-4.623372327055118 : 12.107332226979418 : [-4.8895008041314005, -4.3945011959071, -5.115279768828916, -5.104499252387464, -4.826791151656125, -5.087576084073289, -5.114701296771811, -4.5635975874772985, -4.351899454759555, -5.073724294099893, -5.0256572731534614, -4.993831804771082, -5.078728538043277, -5.063045611564581, -5.113479382831132, -4.864227227186606, -5.085658068263685, -5.12, -4.982896722627587, -4.731755678830172, -4.9732791996368135, -4.336599326553914, -5.018373158284328, -4.541981260218525, -4.980259806331514, -4.669911522936543, -4.930822194310302, -5.074214953904274, -4.957060958277008, -4.738297975133991] : 0.0
-4.623372327055118 : 12.433648708401059 : [-4.750209204922211, -4.758139891051217, -5.115758481306649, -5.0847121418252375, -4.786968618592898, -4.9471212510384746, -5.083457666632905, -5.0285240408000735, -4.918480220181021, -4.876212815360215, -5.01578535266684, -4.934413562430949, -5.08820265691607, -4.923645040802576, -5.00339815155421, -4.884967185222558, -5.111433601953676, -5.12, -4.9731951072226455, -4.911890452109601, -5.056913045379429, -4.7944519219244075, -5.0283131030991175, -4.556909569127699, -5.1114074313276205, -4.54543893232237, -4.96904454689879, -5.089607198187372, -4.795347015668204, -4.881264387603944] : 0.0
-4.623372327055118 : 12.46517298304112 : [-5.061709482365999, -4.484509816026968, -5.114103500230382, -5.0144541440463675, -5.09778549238775, -5.085291377250966, -5.080445243627095, -4.783379022739867, -5.02354332086025, -4.685754353093926, -5.021849640164598, -5.015612859836859, -5.085322406987503, -4.97074621438127, -4.856466699680403, -5.083091947886027, -5.019586326830627, -5.12, -4.953892874378342, -4.619798213462591, -5.004750140587099, -4.982932344009464, -5.081596371020128, -4.641665037601603, -4.976733172129446, -4.590563205116736, -5.092968524277462, -5.066829648915071, -5.0982961612495705, -4.595749379829409] : 0.0
-4.623372327055118 : 12.177638308602601 : [-5.073153037951772, -4.4374881462673885, -5.115891682039923, -4.975964985715825, -4.769974521564768, -5.099750286593768, -5.084456287453608, -4.857394183197151, -4.446907650661231, -4.641252569983427, -5.0252429491477475, -5.052530891841954, -5.098737471693477, -4.932579515657213, -4.936256056027698, -4.859800151996828, -5.020842304063425, -5.12, -4.9942319415625605, -4.570762869340513, -4.997397618317869, -4.655716898491185, -4.96392793648104, -4.570720802754662, -4.97019662217453, -4.841430826344017, -5.09407283899481, -5.051393434985408, -4.919055789330535, -4.91889532523344] : 0.0
-4.623372327055118 : 12.070989773220747 : [-5.0919613024117, -4.793051139304101, -5.1141708861429525, -4.939688802711117, -4.871151375827418, -5.028032229156354, -5.103383868598817, -4.408178987562652, -4.5411663313069575, -4.800582078537042, -5.093198473088091, -5.027177294183035, -5.086792344074894, -4.803015368321439, -5.027114565943941, -4.864608509607558, -5.09169700698005, -5.12, -4.959452867719805, -4.274470501471426, -5.055581250382604, -4.522899276335931, -5.050460947848384, -4.907635163763665, -4.941408987918475, -4.5899950044704685, -4.949068527088844, -5.029550465610924, -4.907622471134201, -4.647921008237683] : 0.0
-4.623372327055118 : 12.18411054200285 : [-4.8036597245282895, -4.640288941333441, -5.115091459421569, -5.0021637419591904, -4.855878295562362, -5.021359260487058, -5.11534050202647, -4.961765399847518, -4.266994723418781, -4.916663963048231, -5.060266672650357, -5.031649693585467, -5.076418186060561, -4.61278364642026, -4.8860742935100525, -4.807782772157831, -5.049296951705852, -5.12, -4.9916220986015185, -4.45404409716366, -5.032614008479124, -4.8572507088151795, -4.943144845338875, -4.94859478066106, -4.733143517443644, -4.665482146475778, -5.037791345098213, -5.013610019334891, -4.954925450440127, -5.114287058866109] : 0.0
-4.623372327055118 : 12.152364939997133 : [-4.702369914754674, -5.032567698999829, -5.1142563159601915, -5.018608962295932, -5.014007648160301, -5.078130678946072, -5.096594046521635, -4.979981989445526, -4.548413474750594, -4.835132413229459, -5.058942254009073, -5.026801324092851, -5.081435125386747, -4.90147866795573, -4.848382078012202, -4.780852883924496, -4.9962813319656645, -5.12, -5.117948366753602, -4.554361500099976, -5.073601985572462, -4.2695316669418855, -5.03373595152762, -4.80821162545314, -4.838485558285234, -4.593104669602809, -5.005029090794977, -5.039174796147362, -4.7883536046378135, -4.597336925520956] : 0.0
-4.623372327055118 : 12.310339875757537 : [-5.062558760892794, -4.677550186784776, -5.117251246485181, -5.026723382703115, -5.001667217154916, -4.897968530125381, -5.106795017354919, -4.541193336333922, -4.863603408705364, -5.055228252729737, -5.098192794707998, -5.015043155531948, -5.102850688559846, -4.8128889970630215, -4.884010728532598, -4.812518219819178, -5.101913785558394, -5.12, -5.082491760148279, -4.4987722912598604, -5.046654493617327, -4.285966456089039, -5.057480681716626, -4.764939785164289, -5.116532970363666, -4.755879950653333, -4.999639670973526, -5.025188889140866, -5.116964101171773, -4.624314940413203] : 0.0
-4.623372327055118 : 12.178681835080523 : [-4.82186909770199, -4.39132393099354, -5.119826550678321, -5.036515154190021, -4.757008723563014, -5.095193941939245, -5.098399292436569, -4.726144866542721, -4.650346522803932, -4.848258805883259, -5.051907783847308, -5.061251747917484, -5.074241337091807, -4.799466635626292, -5.06049507584093, -4.793891588720771, -5.0258663664276355, -5.12, -5.014993336146075, -4.884084706099585, -4.9976771811648835, -4.83280553122321, -5.077402208083923, -4.649496189447674, -4.676703164459251, -4.689786752371164, -5.047093003594184, -5.003475190407027, -4.9264509306886355, -4.753614419242473] : 0.0
-4.623372327055118 : 12.03479331655833 : [-4.843762085753575, -4.903679612979841, -5.116795343844576, -5.004945331806157, -4.958608787396064, -5.025729313385714, -5.08696649937565, -4.571636300991878, -4.4656532229740815, -4.879442879273713, -5.039862290716144, -4.929119528704225, -5.101814802651891, -4.764303949375458, -4.923322707500848, -4.807630162346786, -5.0561108864700035, -5.12, -4.948093028549258, -4.467182784893698, -5.010800468645745, -4.615501472552363, -5.054936361759172, -4.646939526621364, -4.959541740781539, -4.3482888354810125, -5.044192939903848, -5.022898028262569, -4.834299474753022, -4.915986321009537] : 0.0
-4.623372327055118 : 12.108251835570906 : [-4.941156037830312, -4.417031985123202, -5.118282177519536, -5.0506503223372015, -5.083629755184999, -4.947055118596918, -5.103916319467414, -4.61575972997701, -4.4666643108239406, -4.654231294637457, -5.030109025150997, -5.0236980182216815, -5.108806500190064, -4.875691340172366, -4.849184823180381, -4.842603173513331, -5.0362328309003725, -5.12, -5.024489205712557, -4.3905006775153685, -4.995219741345821, -4.660613266755915, -5.068111809422403, -4.67948640715104, -4.905367883838128, -4.944130644963117, -4.991681097179248, -5.084634822470454, -5.062433794424598, -4.715559739491024] : 0.0
-4.623372327055118 : 12.511251713884251 : [-4.764326291353376, -4.7641438161039265, -5.117168302052665, -5.083350329036285, -4.977267193781595, -5.047977647938298, -5.1115823863131915, -4.694046801147454, -4.8979298449836595, -4.8778420533015945, -5.025425475531216, -5.00905991709487, -5.081601733046174, -4.909442992940036, -5.015574618649186, -5.017099954385168, -5.081609256733424, -5.12, -5.097439816039396, -5.060197324029275, -5.0524963835902845, -4.391969806516162, -4.98121844281391, -4.845051457578944, -4.756722889930718, -5.086417089797646, -4.99358935764315, -5.115159769884129, -4.809799698547618, -4.711639758478901] : 0.0
-4.623372327055118 : 12.2313591955414 : [-4.7962470551832554, -5.068552498656576, -5.114535357846354, -5.016914338037795, -4.9492258811089656, -5.084856908322688, -5.082348440823802, -4.546643284346773, -4.732368708012023, -4.713887783259467, -4.96395623506325, -5.000435796343707, -5.10486249325397, -4.813741247518987, -4.873952262930608, -5.034034367978654, -5.071938850642551, -5.12, -4.961215322812295, -4.776779335891446, -5.0950165298916925, -4.7435938689832025, -4.917785340061998, -4.632011812210505, -4.844886957104623, -4.571919800634706, -4.919862082323519, -5.114844194349006, -4.855926760881093, -4.765422045562335] : 0.0
-4.623372327055118 : 11.96038049468858 : [-4.8389411568852445, -4.748216940501023, -5.11747623106902, -5.034128182589477, -5.012871618294023, -5.049113273080847, -5.102525340792063, -4.493063048873102, -4.759426011523855, -4.777283404361209, -4.961235595975699, -5.036913019680078, -5.069597478326148, -4.59577213417018, -4.86062728462583, -4.884133045308842, -5.007343288079964, -5.12, -4.95739711162531, -4.922848554717149, -5.024414212576405, -4.178196297406762, -4.931672702102989, -4.860146871057515, -4.7189470957779625, -4.441409779580111, -5.006994859137926, -5.060765680950755, -4.878683780767857, -4.660582138979713] : 0.0
-4.623372327055118 : 12.313925577381378 : [-4.816228042585621, -4.597600624976732, -5.116362164219693, -5.09013423348123, -4.785445361768911, -5.034133779893297, -5.096059283367829, -4.989596499772554, -4.805697875099924, -4.817010006843473, -4.9272372388175345, -5.0914889155180205, -5.092755573680597, -4.744030400842771, -5.000768323742175, -4.995207351256797, -5.034298604379711, -5.12, -5.088092851812479, -4.380706482870133, -5.029311293532846, -5.007069779435324, -4.9620343530682085, -4.720894015641781, -4.847344606864944, -4.667694738415449, -5.060767342335052, -5.0598834037107565, -4.8576904254981095, -4.8232114372084816] : 0.0
-4.623372327055118 : 12.210142284136241 : [-4.807108368422094, -4.607117097407087, -5.114830329817574, -5.087023644421, -5.045746913019479, -4.990171248717008, -5.099572302888031, -4.943031146066137, -4.424424869878403, -4.562838431658849, -4.938005451568232, -4.945329450643897, -5.117258779174049, -5.020603525961188, -4.976616087679977, -4.911933131736969, -4.978789741689001, -5.12, -5.063206076318674, -4.484656580132803, -5.080764921962265, -4.248201629816465, -4.9966417819602515, -4.6900776659968555, -4.937091510415015, -5.058057172270505, -4.962137254419439, -5.049157696393166, -5.034337716213029, -4.9212522495077975] : 0.0
-4.623372327055118 : 12.331519734310675 : [-4.765226832410459, -5.039375433621135, -5.114857700783899, -5.065279248338241, -4.965899416565184, -4.935971406797336, -5.0829889696948936, -4.572229003498814, -4.330704251289911, -4.727069185731013, -4.944213942269216, -5.034776829323491, -5.060321566409085, -5.04322309266293, -5.05030922656918, -5.099540987969289, -5.061769618551878, -5.12, -5.093964709851861, -4.738984185317985, -4.997525974198528, -4.680347178888793, -4.978507331650677, -4.580879113765086, -5.039307230150044, -4.537974298897103, -5.093186397772435, -5.0459294145652756, -4.830808899724441, -5.1005341495767516] : 0.0
-4.623372327055118 : 12.062543022441796 : [-4.913339422243363, -4.336792666883195, -5.11788237969909, -5.036271774006115, -4.847516781838303, -5.034284862366601, -5.080936226451754, -4.667646389493163, -4.295361806094694, -4.626162791348526, -5.0980569634444075, -4.95810260801706, -5.071191745789125, -4.7117021769526275, -5.090075543820692, -4.857546570924623, -5.041058390374707, -5.12, -5.024009704533279, -4.507876039133702, -5.080849282595857, -4.625736072481413, -5.1115129109326, -4.993039485183874, -5.0321805503828205, -4.687159653230174, -5.032220412922913, -5.018938364672709, -4.860983834702498, -4.7366195390761066] : 0.0
-4.623372327055118 : 12.301601168083089 : [-4.993115085700979, -4.920567301483059, -5.118761674158173, -4.987134713931441, -4.92013556072605, -4.995292189130046, -5.086413872943325, -4.891683704981057, -4.326978365190884, -4.812845537369464, -4.9838590964063565, -4.991273527705651, -5.11825792965492, -4.859459716049567, -4.893885245838749, -4.993365027509403, -4.990733824300712, -5.12, -5.00070190135682, -4.82916952267779, -4.989351146881008, -4.831438417638342, -5.060840122118568, -4.701526840382093, -4.99518582064484, -4.630524425619191, -4.963830277239888, -5.105086618978268, -4.840426883534896, -4.654174437070589] : 0.0
-4.623372327055118 : 12.21079744070756 : [-4.898544214597653, -4.32066341394399, -5.115282103928783, -5.10469293774403, -4.769838440175003, -4.9185588423707625, -5.081341532888986, -4.684048870138102, -4.296798655856469, -5.014298775221148, -5.115174379467957, -5.021922871979797, -5.106651720225532, -5.058355500493558, -4.887852764768721, -4.950040852257118, -5.098743584884695, -5.12, -5.102645762360581, -4.743304647785858, -5.002112302164074, -4.741572687408764, -5.100341071942066, -4.515805882904288, -4.777927445194615, -4.93011194088113, -4.975672418649488, -5.075890775846538, -4.998669640722049, -4.706156303643733] : 0.0
-4.623372327055118 : 12.350731165492364 : [-4.841376905147547, -5.102432585631522, -5.116204177192541, -5.001164265125122, -4.9581430797398784, -4.961506004508928, -5.098811091709603, -4.882645010032505, -4.989112883558654, -4.676772391831409, -4.991179810955941, -4.98652792415688, -5.0961274648995865, -4.7902819474532485, -4.8744117862759175, -4.944646399413041, -4.966682751349391, -5.12, -5.00418168684562, -4.495520904528644, -5.11787264986598, -4.874088666280674, -4.914084752604857, -4.846823510495977, -5.025268746391446, -4.4123841678344045, -4.924328691087512, -5.1022103821556275, -5.06155277583893, -4.589132807702398] : 0.0
-4.623372327055118 : 12.083372635561403 : [-4.713290925518512, -4.511772968901237, -5.118830098179565, -5.093586669506951, -4.848422232247772, -4.8861077733564, -5.109887564366755, -4.461066269112453, -4.676560895132041, -5.006632503463942, -4.995314266538369, -5.109701956362894, -5.09286829404825, -4.868360217908329, -4.8223011804877665, -4.954331036252891, -5.014504060224356, -5.12, -4.989439295646498, -4.925207051834915, -4.994779639147116, -5.023067564637766, -5.001446993143369, -4.543555536015672, -4.748756258433021, -4.667801006839129, -4.984782161124114, -5.04322980274789, -4.813634997647391, -4.483806832437744] : 0.0
