Fitness : Violation : Position : Miscellaneous
0.6674309196169299 : 0.018460217488735775 : [-5.786032575333655, 0.2665065812980121, 9.349173953207265, 0.48886672447294655, 0.1253216567126989, 2.292955694477108, 2.689216015914477, 1.556818240656793, -0.4693045289992497, 0.35102461456710454] : 0.0
0.6228854677959723 : 66.97285769605264 : [7.021229612495338, 4.091671698419046, 5.74363376666266, 1.532343820265298, -1.1896952990450025, -0.019832326857166294, 0.6252235074352681, 1.4682438060630705, -0.9160679815939337, -1.308974389303252] : 0.0
0.5781627887680421 : 0.1381286337012146 : [0.6208337287621656, -0.2544197203734444, -0.8876838446569193, 0.750805353160215, 0.933306799789241, -0.45362040233232737, 1.3565546825535186, 0.0732379805475385, -1.1692189661623624, 2.1196145044418304] : 0.0
0.6634413957848893 : 1.812357880734828 : [-1.865889767957749, -3.6379637950702417, -1.2506815252024284, 6.719203965141247, 6.281493588589908, 0.47377076480709546, -6.1822263424264845, -7.951303714726821, 1.1608513227928343, 0.02342625394974629] : 0.0
0.4754155347865625 : 1.4120278536925428 : [-2.026750622914256, 0.880532326867397, 5.0052331050391405, 0.8719385147209169, -0.42513169658420313, -7.466597034794756, 2.068025792607745, -7.638214090910694, 0.6317265348634882, -0.16204703425919487] : 0.0
0.626375172093258 : 0.08966823881846464 : [0.1256284741920357, -3.2185908888526376, -0.27219374230897486, 7.488649154401514, 0.06922076202543792, 0.5270781394380006, -0.7550693919417277, 2.0334262475419878, 9.018558829035527, -8.595845387510417] : 0.0
0.8796086164933037 : 0.3795318658891931 : [2.89863680403047, -3.8097433549869506, -0.5012813718892584, 7.258259412472782, -7.354325055595712, -0.7363880009397703, 2.4239777235970115, 2.731905884358105, -2.8240085202005183, -0.07915783132143028] : 0.0
0.6621812513207675 : 0.009497402218380059 : [9.475978548207202, 5.728423475961824, -0.7884009547119315, -6.634478920399058, 0.43168342515816516, 0.31590031916759553, -8.78342169581522, 0.34023322307978265, -1.3236402718615836, -0.1627076651884225] : 0.0
0.3643958335008932 : 124.48606212091666 : [-5.569792654168824, -4.446009339015244, -5.715485841211616, 0.1954600220124334, 1.0038191133430256, 0.5025430015284535, 0.9741153477100809, 0.9428317141362399, -7.875497206891355, -9.308313763762158] : 0.0
0.7815750042177059 : 1.669686809672536 : [2.6521718794697997, 0.1440650328705877, 0.07134311792709358, -5.191350262757098, -1.208938081288065, 0.3317817754520931, -1.0149359895207064, 2.5336150687471966, -0.30627190885225586, -0.36742123715367025] : 0.0
0.7033849527590275 : 111.0732054869693 : [-6.282909272123794, 0.7558064686374539, -4.293945010351773, -6.1253532088805684, -6.972746606139074, -6.533063918194224, 0.9688312025481629, 0.20739524746615778, -8.604904438732142, -8.213106927057723] : 0.0
0.7001158154954248 : 3.497586916730843 : [-5.572799099639027, 4.476020310007474, -0.26329033164399673, -6.90018106992817, -0.2755720363562437, -1.121800985708938, 1.4215580558463583, 0.11116676883381249, 0.5870226237047156, -2.8888650194096854] : 0.0
0.7243468101305358 : 0.132052727115884 : [0.21015646461207593, 0.6647973079610585, 0.09538178088201965, 2.3883491356223514, 2.258463439548546, 1.2022809103005212, 0.9227671101789567, -1.4205390039766415, 0.4959324976614963, -2.5231507047325037] : 0.0
0.6534349851085969 : 4.788107439903121 : [0.5559380654861785, 4.533704997115059, -4.729555950144386, 0.7556179528321749, 0.5770416599322878, -8.857166718704093, 0.15649471757688005, -9.832478778744566, 1.0764215982242211, -2.349473921713816] : 0.0
0.782813916121922 : 1.2144259970129125 : [0.3806594466520714, 3.506421194205856, -5.201785134886917, 2.6920813981047123, -0.38291068422385655, 0.4946943348162536, 0.9639423460448067, 2.579402263423141, 0.34307576879590407, -0.2062879492447518] : 0.0
0.7210835157753495 : 0.10995108995027378 : [0.22133985449232707, -3.5276971294735255, -0.38291615671662216, 2.7765917636283683, 0.7380206800016325, -9.298492754424368, 2.3210489082789856, -0.18189405986755225, 1.517305444630724, 0.22671964514187382] : 0.0
0.7649250001285133 : 183.19704737085638 : [9.351202698810784, 0.48240006527152257, 4.609082980301643, 0.20013372573028043, 9.252297913357124, 7.133339053005586, 0.29609185177261743, -2.15329715720269, -0.08394223136491874, -0.6932115633445372] : 0.0
0.6744383553526694 : 0.012187845496250134 : [0.30406882073403807, -3.7446408682754475, -0.46440424041821227, 2.433000522412963, 0.29573189876776285, 0.6823405780945304, -8.238171150597603, 0.26307557326627107, 0.804675113263368, 2.892456258412623] : 0.0
0.5494291214853997 : 0.3587840036871758 : [-0.6015892714117821, 0.7320581051537318, 0.25106417956494353, 0.978883150401202, 0.5634501529044131, 0.27528619123744225, 0.7840145824996894, -0.8309936559108482, 1.3743940464651252, -0.5434245539928964] : 0.0
0.53691922202532 : 4.84422675595496 : [3.4732409478888506, 0.4916894481336824, 4.172134460412001, 5.827537298028527, 0.19974701689218666, -7.322305737420669, 0.47353657970877094, 0.46231673789847827, 2.6841056794075593, -0.918369753858653] : 0.0
0.916328807710987 : 29.581717615714137 : [6.886567125723843, -1.0231402477501539, -0.9945138557072131, 5.769788891835742, -7.661179378422551, -1.073899192246813, 3.068106728596112, -9.585178777340673, -7.815084126670111, -0.4743576609827027] : 0.0
0.6871673413985921 : 0.03429275134703058 : [0.7084378128230739, 0.5051531882454467, -6.215494491953971, 6.328534750815704, -6.35149664096802, 6.276161056014802, 2.7247383053619014, 0.06574745843437446, 0.5543437972840328, -2.5955241013688073] : 0.0
0.8486498933053843 : 0.22545176174384318 : [2.8252080435388507, 0.6384763106019797, -0.6473878920745717, 5.151905350165457, 8.71408915128103, -7.31932808808271, -7.423668433164504, 0.6185577348435469, 0.05339319447143198, -7.984160496972688] : 0.0
0.6077878708436218 : 3.7501076307664 : [9.260818061365661, 4.741256771321385, -0.6149946856004209, -4.441957861491616, -0.02022064831508974, 0.2972071535596612, -0.9796857597019514, -0.2213339545320867, 1.2439050192502696, 7.618610682415579] : 0.0
0.7291760238829484 : 35.109186183672804 : [0.6586772505391316, 4.5614684064168465, -0.7649018838550337, 2.503956873696147, -5.318050597109984, 0.87179949762705, -5.350004530078756, 8.637381390518378, -7.864761029719844, -9.330695111962083] : 0.0
0.6500181633078266 : 134.45726160357034 : [4.243488424150057, 5.826102184128757, -6.325462640878678, -6.104267962599401, 6.883272497453625, -7.071677912518652, 9.67152365988975, 0.4040158066132076, 9.38075784273046, 0.910679489289608] : 0.0
0.7748292942311971 : 0.20401816536830542 : [3.94060255902209, -3.3230818133450906, 6.189892736664813, 1.4006864663673906, 0.29605346672527477, -5.383111360998678, 0.7262528191672473, -1.7837976712775543, 2.383708072694021, 0.8458678982960572] : 0.0
0.771293984109676 : 0.01657810446889626 : [0.5463929372426353, -0.1325990243670525, -0.3817798693299963, 0.4431448122874393, 0.4187042574904829, 3.2502915032790876, 0.3509207952906448, -2.046561212084997, 1.1857599863310255, 0.1412359243673209] : 0.0
0.6625574231781386 : 4.600165293136483 : [-0.15438261821500254, -3.8010930659467324, 0.2607024357042107, 8.267480546250606, -7.575373665763015, -1.1028155050190882, 0.7561325657068483, 0.42906623930202487, 2.283157021654411, 8.101318080341645] : 0.0
0.7073677674583043 : 3.1320450177287573 : [4.181148666543068, 4.670373094539989, -6.321834303734026, -0.015783649665658823, 0.31594509211269184, 0.35006923306609394, 0.24062865302837233, 2.054322178850142, 3.186518070451904, 9.48930340641243] : 0.0
