Fitness : Violation : Position : Miscellaneous
-298.95694574172217 : 2.614119136761344E10 : [26.006127171897823, -78.47018021980121, -8.19663088408906, -36.474967098738986, -67.24767219144289, 51.7898894603764, -97.32759001336619, -71.9762240492646, 94.62176146417411, -69.28030400211647] : 0.0
-276.4920188766229 : 9.239196013798489E9 : [43.09032352804025, -47.994891586325814, 50.32324743669955, -51.96569370912424, -7.561951352129789, 25.345938986884477, 22.52082880936399, 5.291483921102838, -91.91718241464886, -96.7896643302026] : 0.0
-293.104120715938 : 2.3397927498148582E10 : [-18.65906813909387, 65.3810210845742, -8.836210154256392, 95.09079236384827, -80.35242902140374, -23.46907543077539, 94.15624310991365, 22.334887693051385, -54.99877786152536, -50.39258175218532] : 0.0
-259.1482114310637 : 5.757969884386599E9 : [-22.31496853712097, -51.26403959120963, 45.25832420560016, 2.8851095217462017, 27.13261921542758, -39.43765992876476, 31.923423242591657, -46.24437423569361, 78.05195739515752, -80.54517663743624] : 0.0
-296.23324176764356 : 9.447663381334251E9 : [84.52305062821307, 56.34241202214196, 47.036866553481204, 3.5665158493221156, -57.63023905299487, -45.8164650715623, 52.798830181521865, 32.71336381915934, 44.831772049994086, 81.72804277896246] : 0.0
-338.8545795672211 : 1.80476290612383E10 : [78.18810004541655, 74.23909220574113, -47.091508024012896, 33.080823360683894, 88.78454476171584, 77.10975840554212, 51.083337603122175, 19.695655981686258, -12.023420452141522, -2.669667003730538] : 0.0
-300.27877158982204 : 1.2486348549186213E10 : [81.99076103722896, -55.95706639551248, 42.342687893371796, -0.6021360899451084, -67.70094536579292, 8.895919295495327, 81.21324135256185, -27.515500978305198, 7.26351581325528, 89.9137300851861] : 0.0
-277.5603774667797 : 6.193686982327816E9 : [38.552420373134034, 20.238742107088278, 44.59665286980436, 12.01526936038933, 63.05255004105539, -37.8444549912353, -57.684522606313536, -47.37103906477047, -68.067151207265, -3.158135769544141] : 0.0
-270.40627917762015 : 9.167280615799831E9 : [-24.788265838982014, -50.56288025747071, -1.9353815944444754, 33.51792860876184, -88.76182733515526, 2.2096427723219065, 63.34513905966591, -44.68804531386412, -40.97254084754542, 20.738761218889806] : 0.0
-293.4999733557886 : 1.0353195076018005E10 : [-5.432522518306534, 70.93594343156678, -46.916504301555825, 72.14066807104933, 23.96803056173935, 66.08006256359621, 27.703866040185005, 32.390253672911086, -70.45614760016137, 3.7473308147313986] : 0.0
-315.2404370350239 : 1.5692760965203447E10 : [76.03690150866674, -38.8349793110113, -77.85804811817778, -70.5406904240343, -20.307554347413188, 3.5182184809741344, 0.1948139238224229, -11.135455788129462, -88.33211835189994, 13.541300139261999] : 0.0
-358.7345864127697 : 2.0394032185432083E10 : [37.4027841427401, -91.11792016029325, 18.841778022212324, -51.06343385940613, -44.005872120197296, -92.28070361039387, 71.840026284443, 59.593513061968906, -60.821310528394235, 26.569721192221834] : 0.0
-264.9735312942918 : 2.4151654776357574E10 : [97.41258178196784, 0.5177291903777075, 91.50906115862023, -50.08989456456301, 5.770316068125055, -90.68068198009516, -19.773866916299383, 1.2114019295822942, -47.49765386890932, 92.05731394176297] : 0.0
-371.00951948911114 : 2.103290323075139E10 : [87.2548451211816, -71.58628238254654, -41.10014052332423, 36.07351618459002, -67.51344218269648, 99.42126023919624, -4.228565135935284, 2.145050649708665, 41.056790523548194, 43.00966861363094] : 0.0
-331.52152894148117 : 8.783411388918213E9 : [-28.8730453622713, -35.40817407623039, 19.469688083647195, -77.18562390837812, 38.68561811573814, 34.6017323670993, 18.187924671012055, -68.35620569317723, -71.73831931276939, 87.98358873166666] : 0.0
-357.5727245676549 : 3.146201192122805E10 : [84.97872216794094, 76.07239752126938, 76.02753427530021, -46.58527607315056, 63.31755232953947, -99.35607398243516, -37.50273403908657, 83.62513324276833, -69.08701616492998, 41.68455115607597] : 0.0
-232.4594306305036 : 2.163185677647547E10 : [25.36395220228204, 90.30291050064235, -87.32030032643516, -12.989632542287069, -89.61716279703913, -21.098720965634023, 52.519400999867756, -57.025296431666696, -52.45175326696068, -23.370764084207963] : 0.0
-340.78741068738196 : 1.0882660856443703E10 : [81.59801089609493, -73.75797315917372, -3.921484658137153, 17.45318932497564, 41.4645685684264, 49.81727267307602, 45.353055432467926, 65.0099811802703, -39.47983628115821, -97.43239018673245] : 0.0
-298.7085966754774 : 1.4525204131570076E10 : [46.756630757496225, -6.405694401096824, 40.89596817607287, 40.09872396394175, 65.4024367521165, -96.80349972542486, 66.13051252813608, -37.47063983633778, 51.01391363037857, -64.66761270996136] : 0.0
-354.6820535163045 : 1.975684132865331E10 : [44.88811120011975, -61.047150199010176, 32.298329089376594, 60.28449307791877, 30.876905911986853, 99.89725525341817, 49.18116942520211, -83.65383066668569, -58.03447721399322, 9.484798370013635] : 0.0
-236.21379734253097 : 4.646355777375675E9 : [30.445154403720508, -30.608421656779413, 31.91260737288121, -23.788840699069667, -24.21554426729074, -19.720252769977662, -69.82704275509103, 65.46295466552252, -34.45128104692009, 79.54164260033573] : 0.0
-295.5455848736935 : 2.28161768065136E10 : [61.525709138757776, -93.48417059677081, 68.69400738823012, -95.30093072982311, 1.3489376975411191, 52.42180328982451, 5.85594111604108, 27.165222135533412, -72.55516767836538, 86.69331358946727] : 0.0
-265.19442838365825 : 1.2768034740510334E10 : [12.270455872022353, -60.38835184751628, 1.484659005867627, 62.79264144180517, 85.18143710828356, -13.882958755138525, -48.503470774099064, -78.57250204451952, -38.65119471602058, 23.257963019049924] : 0.0
-245.20941336866798 : 1.0261552596245567E10 : [-48.56826276981341, -44.18885763673367, 55.135718958521416, -10.768611743894418, -93.78667819367294, 24.56592450723448, -6.578482057817951, -54.814390618735466, -28.34519283770845, -40.605439221425556] : 0.0
-263.7508577296295 : 1.2608652696145527E10 : [39.803789200368776, 22.34193120236381, -37.515507049686136, -60.33325080134073, 53.23204079789792, 67.04041832610372, 80.6538929097386, 36.717922532971464, 76.40808020119758, 77.27913768286778] : 0.0
-276.9586154121863 : 2.685481754501882E10 : [89.66185432539498, 4.2012072641358955, -31.223444614044496, 26.179948755584753, 67.28205495264882, 31.288586447183732, 86.76734873131002, -97.53201792796978, 75.18015703048918, -51.90255643632875] : 0.0
-289.9440244516077 : 2.2044848746870968E10 : [99.40738047096517, -76.97083817975805, -83.95753416706954, 65.2575336595246, 42.136236779542784, 63.33492109189276, 24.171225002867132, -18.7892809303332, -19.99831271895695, -48.11620900336673] : 0.0
-267.5099102560047 : 1.892533961606945E10 : [88.86188316977228, 52.69206236727489, 70.69150564183522, -17.25384666140009, -77.28411415312857, -42.90110014092596, -74.85333497163694, 14.233828014471086, -71.59863638657266, 87.64905615501291] : 0.0
-335.74147598424446 : 2.2301011329330975E10 : [83.75665670577487, -97.60981951312617, 14.722154685132367, 32.53893719058196, -38.620984038940605, -20.520779233398656, 93.29187233576309, 37.115282721185906, -31.29225319400944, -87.43746625285556] : 0.0
-288.7719797297808 : 1.3036570238118177E10 : [54.51791553356384, -53.54976637077412, -18.288938987797792, 57.041404241671536, 90.50609344341169, -13.18528506842727, -76.06555841747941, -29.325271527017847, 10.589042520574882, 32.695783252690745] : 0.0
