Fitness : Violation : Position : Miscellaneous
-127.92567381798527 : 300.0064214555949 : [310.5323733521965, -491.2438527758767, 362.34486342837204, 248.55872601486863, 64.23873504291566, 36.98898240276628, -276.3034594199204, -82.41140258911139, 206.8844433046463, -226.60204853885978, 82.86220398197213, 214.91726448413522, -282.2768059435845, -374.8188612333951, 419.82257627409365, 449.0307262096045, 215.1005138705068, 278.72841524147964, 219.57170734302156, 482.18688590702425, -77.81247988892568, -432.3113379455463, -441.0436798836164, -154.90410506661368, 477.5337020303433, 283.8557727501635, 305.19545008635714, 478.88252720097705, 452.53003895317136, -96.44003225913036] : 0.0
-106.54045826530623 : 274.4381010468133 : [126.5964240437927, 56.038457457169216, -14.149007931848871, -498.48255574669855, -84.13865966708005, -211.94681662644575, 432.0904692283378, 84.48912239086792, 151.26404274234892, 70.83742475820125, 241.9668942252251, -321.98837929514843, -465.8817910001365, -455.1983832248292, 435.3414334428878, 409.30480529058525, 210.30700581444466, 241.24737764321316, -238.107565399527, -58.330215159297374, 118.52572583910836, 202.7565178276174, 418.2008552087535, 426.43783441325286, -236.71032474075193, -73.96875218118245, -299.71881363881675, -175.0861632307242, 446.30059738135037, -43.209279910594915] : 0.0
-89.54119243335269 : 235.10462215658507 : [-279.495355115885, 64.90060004146551, 452.4917963359926, 41.452451143752626, -207.85653510311755, 481.82351038506266, 137.56404434791304, 103.6328624106327, -280.74930127967957, -487.5176735106327, -151.59031053864368, -288.2154650694066, 174.47393621319264, 480.75222595623825, 219.92237681977406, 285.4639993080184, -92.76258776813589, 168.3107376906695, 388.30264306930053, -349.56504681742325, -208.38877879047027, 229.01257824649528, 277.1906879841312, 84.47039088191968, 279.2697892338307, 285.5063193594926, 44.28161165160034, -81.44449975589788, 228.13370037411926, 432.4943744086608] : 0.0
-124.9549650604475 : 207.40759789300216 : [-7.297961651984195, -264.9080175015015, 137.95928961376578, 141.1905623475841, 178.93402872156466, -446.0889241735441, 27.08439650334516, 99.5653404951957, -258.45423926478463, 467.0483608372902, 313.7972588043209, 107.94427150480064, 234.7477655549285, 134.66259360872758, 435.4306725824736, 156.48779175625663, 171.8036429995854, -482.4857189754362, 71.12360525863971, 499.8159561468314, 18.389839206284364, -21.11074559504813, 258.83870991379155, 79.48527496968185, -485.09914267478183, 310.1484604687406, -202.51536903839897, 244.372263165649, -47.34914396599545, 62.20308211931501] : 0.0
-127.05195154087838 : 312.2322318923794 : [30.94511752821677, 300.33672595066696, 170.52677049688052, 477.3529108056041, -41.77413178854282, 446.8874524499902, -81.02445655432322, -304.46590320531584, 81.10643408234918, 485.186245980182, -187.10551018932506, 393.7945409904876, 252.21799488004206, 456.82660018700517, 469.24224458576157, 403.5120310347196, -443.59295418442775, -92.45654221630508, 383.73974224399285, 63.088531069221276, -105.348406768382, -62.00932511730096, -43.423301071392515, -214.32417107088605, 485.1959797570498, -484.86082416757205, 220.55006942780517, -96.03398638431116, -471.7999518313291, 342.3358856758524] : 0.0
-103.932942953451 : 213.35169620493613 : [-9.215602407002962, 425.585093209619, 280.9748382820526, -178.14629336822486, 321.50324352809844, 263.4095541001932, -196.05830903123285, 203.7018121391605, 19.56651968643516, 444.5402145782973, 409.3974423647506, 228.14150013701442, -235.4654495523265, 227.88890495098173, -92.14575802716973, 402.0492852303356, 223.5223767302943, -174.4939844732756, -170.54063302007214, 211.13633483222935, 477.11139674005494, -163.94994538433065, -164.96234546756295, 139.38782510601914, 257.01690523069425, -174.32350037602862, 319.6736460319388, 103.47915099628435, 459.3492610528732, 429.60144672417994] : 0.0
-129.81106899421644 : 379.8072560630442 : [-14.427384095287323, -187.50966446265204, -485.5004464752193, 388.54485260119554, -177.00293783224788, -484.8144035736743, 221.47176907243227, -191.70166218050764, -487.5087018088129, -483.99212456612696, -474.74131727722573, -356.03837067785804, 466.11027532098666, -497.4991301750876, 23.995942663941037, 127.34137168932989, 301.08719572675295, -271.5023028218151, 177.91021895273303, 333.0299570354019, 219.7956435026167, 142.3581831683636, 212.2511052553709, 206.37427683313166, -71.58752776152011, -446.7231628661752, -221.8432470673556, 21.297229283448928, 384.7207620808945, -475.0334780868984] : 0.0
-107.29666342411159 : 256.6070643943497 : [-174.11849156036965, -0.014240701822944447, 18.518299760810237, 482.0424328122574, 56.17526288920672, -462.444662276396, -424.77804547391406, 187.00903672384504, -278.0514561905693, -36.608159516677915, -418.1088726366604, -64.72763288247819, 38.513087879458745, 282.2091670351388, -289.79264842750536, 422.60790035047813, -257.04686287294635, 275.08452484424447, -72.98240263585097, -474.9834867359391, -118.65995603732438, 65.02937678830108, -147.2693544016338, -58.59216785196614, -398.2258110055301, 308.48067108306645, -52.40351573518325, 95.2297670890346, -212.78794395669692, -305.139370754797] : 0.0
-111.46764195935023 : 280.6659664671302 : [85.81557833592603, 34.89735564266016, 142.49820630076977, -59.2623731224524, 7.004364371744657, 381.1604059105798, -187.80910167387657, 452.09174708617127, 471.1622835536841, 402.6141228631569, 296.40620498151816, 231.11986587583533, -292.0885629617119, -487.4351062630485, -332.88749735135, 148.41045160285717, 417.8462165128026, 396.2798498974953, -487.9466443759245, 340.0420578483497, -83.5546597628678, 224.25146211304013, 472.1270473792363, 11.538824317882018, -136.79463601767594, 480.20138418646786, 59.31511735682693, -94.9573384914313, 462.9887003664369, 241.2566942690786] : 0.0
-113.75056857952339 : 242.24428587242065 : [278.06155169979354, -29.964492391894886, -254.08841111711473, 485.49747456925036, -418.32841919935305, 90.1963567065641, 281.9114633171646, -299.2676666455767, -141.1681755536124, 153.74970009888807, -441.9918562513895, -109.2777892385343, -476.6700262169879, -236.95079383812555, 382.4434903118659, 179.0231401152957, 239.32339818576025, 46.07148723378316, 282.89904895597704, 304.0454927006713, -28.08511129733762, 177.68645218992637, -31.88937647627762, -219.092348609075, -139.11393446394445, 488.569730490063, 335.8033247798345, -69.10437203448055, -240.22719267873492, -163.22508038897917] : 0.0
-122.84849509238938 : 263.9705752495997 : [-17.267266784668678, 328.80863225341943, 168.32236801220517, -493.85516907057763, -442.2647657852548, 461.6213096607386, -243.4314777114878, 12.861955570014402, -132.34057050843796, -297.541055763392, 150.09282485602563, -358.3427823816526, 22.081301397279418, -215.40367871015553, -171.27978612396754, -278.5663377834752, -4.367637419981387, -167.77399338713778, -295.8744152172106, 270.23584214320516, 440.66890455618534, -49.464246951739995, 47.83694979235196, -214.64335244833546, -268.33696630998645, 71.06342438584898, -232.29657949280679, -491.1769319865682, 207.56585450581053, 5.676753170665734] : 0.0
-104.43238134163364 : 374.41795071273486 : [-494.0494801032953, 183.24216354337773, -419.770872603307, 259.7998545468252, -11.806107046054251, -233.6473269100299, -272.8185529186993, -353.13845254444226, -299.10513228600723, -382.3259693187468, 281.17768089446145, 434.1881904440969, -236.51228792234224, -286.4570116026703, -22.138390090734674, -445.2936925203039, -412.67097633466324, -327.3633830508269, -132.8359450785922, -450.7966519355289, -271.79296524096804, -245.53085655809423, -28.026579991678034, -253.92089524100766, 441.47908456600453, -174.2091956617013, -472.91854748638053, 294.5399454518806, -31.202339080144156, -245.13645738946587] : 0.0
-86.86287345461551 : 196.0925402142644 : [253.2909067419535, 330.8643933209514, 473.38571930503747, 44.564179246610024, -80.41714274334181, -474.9101049521569, -54.989553442377144, 172.2312914070992, 119.80293949902068, -32.94910650962569, 288.87284018793514, -215.4231808935854, -179.67798485127705, 80.87969478179662, -5.866130831451159, -305.9931802221847, 195.30830824408594, 58.62087541798519, -144.63817765368162, 94.14775460464148, -461.86850053407034, 311.45688285945533, -85.81653120199962, 326.50127178741997, -205.90864560025864, 117.39929184608974, 47.92005652464984, 475.334136906439, -230.86156164903002, 473.4236112973059] : 0.0
-98.34924864553685 : 211.7499749571829 : [280.95627570128346, 389.4087896603543, -335.72366695705836, -237.81257880311824, 332.83645040173815, -1.954921715448081, 58.563946204311094, -314.3551472608004, 84.60346021376766, -490.8428805226097, -205.04806436277477, 264.71337945777634, 135.1212885676854, 66.72694335164542, -277.2353512991661, 162.4858836326183, -260.09774680725536, 42.33192767282992, 25.05950215971305, -1.6728070409284896, 448.8091321336565, 138.93986853286765, -95.54452393613417, -206.6362325977325, 486.4417990733193, -257.1522902608447, 328.9033646519973, -67.48318904822406, 43.23286472568901, 333.09395486229846] : 0.0
-95.43241947160303 : 327.61911278649643 : [126.54370260613064, 381.098914992956, -472.3216402433227, 70.86347065536097, -71.81750852124702, -267.9658479737763, 80.6513077609136, -482.6905086564984, 377.4709940508076, 431.3450067724974, -445.40187056725887, -247.57535073923563, -344.8204315427409, 22.823817625966285, 399.47074325250264, 418.19519464906773, -5.2789205733092786, -276.78636047945474, 469.0532994996594, 344.30273233267167, 171.59431681704882, 476.82325198834326, -242.4279246723646, 300.54705377224207, -102.2488595470511, -368.89278627744534, 8.040578464825444, -75.42944012192277, 394.5990476285324, -323.8873904094586] : 0.0
-118.60216877756535 : 372.1102335270421 : [-71.88455497895706, 390.9474808926616, -442.2220703339866, -1.407661882102616, -194.49998161330564, 421.10535891801874, -228.74759924000733, -172.2307033401309, -264.48295775399754, 108.2802994399832, 365.2180733300154, -144.23314228781538, 121.49311507976563, -400.7803995423953, 440.58144037991315, 235.73683945313132, 18.11146853180378, 365.31478787328706, 468.266089052128, -480.57227299389484, -472.8944936585956, -87.16883850940337, -261.22974690762805, -85.0198185616261, -489.9618489683558, -472.086729301953, 489.05497586723016, -368.2402309305628, 254.9169693044414, -6.83596022257052] : 0.0
-104.6367895334823 : 285.19341799741136 : [363.5658177472901, 203.4408033316351, -379.13444779219986, 161.00560750691045, -118.01076880607434, -490.25801847426453, 241.85144591866447, 468.584592997173, -44.64056800076071, -126.45205281682505, -467.1781068591707, -126.89362558233303, -294.63925040212223, -64.82011413921009, 12.819032379148625, -89.71280855074593, -493.39922089028596, 450.9193625334684, -335.82031101051314, -211.29495508042447, 441.57078511168595, -71.68422075425138, -128.7867605044826, -213.06317641345382, 128.5603689773336, 353.49189195483405, -132.3298360648015, -11.29959161960079, 438.6939917216479, 44.553870544575716] : 0.0
-94.69673200547635 : 202.03590500841506 : [-492.2050593156987, -185.3069196001751, -206.52988842230098, 44.71379336097014, -205.85649756384888, 24.92639922428465, 199.41904483173835, 248.52722366785972, -247.45961237751789, -242.92570810316758, 51.93859079101699, 210.33693455932908, -223.01215914952732, -187.81122719754006, 289.40818669913665, -209.7808233801214, 87.01558200668251, -69.61508936390725, 56.001834989842166, 326.47524552893873, -488.5563662971046, 475.3529742208132, -188.15752530727764, 268.48652458811426, 464.65055695996267, 83.08361544732165, -31.10354051821853, 6.848113171619644, -265.90638930362013, 183.24568514906878] : 0.0
-103.72424404369917 : 287.9320854857553 : [-267.91603918791714, -0.6538996676041506, -21.0818303181195, 194.3116026688378, 305.3682482897798, 489.0496894664585, 101.83406766104, 327.6074723076023, 237.4345327975701, 110.44214050135363, 347.8832959688941, -5.641923677975001, 39.00256444761084, -220.64397550338413, -245.51331195406368, 281.8110931970332, -254.508508303948, 78.19181172616214, 467.4089197321818, -488.6425366874511, -479.0033866079122, -473.24704917992153, 43.265461718254755, 25.589847129267607, 78.67157148426207, -73.77009918375671, -402.3336930541583, 451.8520362823426, 65.33320334666152, -470.7172198702808] : 0.0
-120.15072968367181 : 281.144431428191 : [-135.64944918500316, 219.55390358401712, 29.51013290069534, -466.22415090021644, 250.17752081627145, 351.48838635814, -267.0985184665699, -304.6102417842749, 474.4247214845519, 230.61408007572822, 495.6027064572771, 334.904498160367, 72.05770398981714, -52.253292864531375, -374.61711845646767, -118.10925062253654, -27.106884933664332, -105.8392864923735, 93.8563420869956, 167.0080364113192, 393.91028025726445, 289.3749824298036, 57.44613156468384, -443.66206854072607, -476.3721188697078, 123.35790291827152, 86.66246293315072, -465.1918626888739, -85.92498548798318, 490.6989853124534] : 0.0
-99.54811630144509 : 241.7456290702188 : [377.56011286756063, -287.61324610155265, 241.8701231944594, 480.27207963910826, 478.03205734919334, 450.71005901562773, -312.43467363617174, 57.19802917962318, 264.459966960882, -472.30927122501765, -432.5161731925175, -58.757072328716276, 114.37327970429828, 63.49447570112392, -198.6176229545037, -287.30514543022974, -39.994511057323095, -18.5868881617369, 88.346094126204, 123.84996138688155, 290.96042546403646, -171.50458972530342, 197.86239664908248, 25.280638078054153, 227.587340643686, 493.25589316325994, -409.3908749730523, 269.5642390393407, -118.74190156318275, 44.153660702627064] : 0.0
-110.68160540395685 : 266.50247971297114 : [-181.5376240348386, 34.02506316335655, 53.719560568672875, -461.9578267088405, 288.5470707047353, 84.9957618128526, 201.7146260976748, -263.29193742149965, 335.1565575233276, 495.8005315859874, 437.55791442666106, 198.5313112275246, 250.91216792948146, -465.8566111590767, -160.2894925216794, -100.02121412898163, -328.7650879756422, -484.2858175565046, 419.4721268024407, -311.886515232596, 8.47207583288423, 172.24120014902155, -123.76927879155676, 93.33508572294016, 106.56349810631968, 134.61644429573875, -19.511456822583085, -225.14240785773939, -494.52779738297204, -229.89248077023694] : 0.0
-102.93511145919925 : 124.91469175779203 : [104.94668869296294, 10.720541801440461, 65.03526960189637, 150.22003305741526, 17.49876960222396, 308.5817071944229, -87.18412556016051, 455.0402033240104, 252.28021964068608, 238.30064950086978, 194.4282158785541, -138.45534577320993, 84.3825942206301, -40.054470842536375, 55.74441147949062, 213.04832319690544, -83.88964348974339, 263.4061583903877, 250.2172486986148, -46.336836070180965, 210.00768522473354, -36.98098783041533, 414.9272279914388, -40.58933582529562, -37.139267044388, 477.0461071491186, -203.88288368746896, 12.014764224139896, 278.73768726740184, -229.33677257065185] : 0.0
-119.79756799751776 : 197.0390679099639 : [216.23684662485527, 57.17182029076839, 274.81323118708497, -454.76020952334216, 423.5180126220762, -49.250751295646864, 44.49632153101152, -25.155580332004007, 228.247001206989, 88.49346091848531, -493.46249366092366, 85.38554247379089, 229.68779167342154, 64.07916389434763, 397.5315426904899, -99.33167749426796, -100.54518528091944, 56.98030007477102, -314.09880488269584, -488.5878201616312, 254.2008222471897, -20.373931894993802, 22.42598257024997, 117.01378940811227, -296.9628388015126, 294.5515143468481, 77.70088283995219, 105.29922052547636, -89.4177013982605, -269.9835612965759] : 0.0
-104.9654760917148 : 281.2742646531189 : [-60.90236009634174, -328.86450048115296, -478.0901186076793, -137.6382353395676, 53.44217759618615, 277.87734021170945, 395.2149572957069, -497.04909532980025, -247.86604736993112, -461.0921501442654, 150.80087355873246, -185.7966538888852, 31.05710198733729, 168.81196764308328, -134.9999730805105, -171.03663270159007, 399.07764800487905, 231.25990776925738, -60.619817033604846, 83.99038385192799, -32.4740720294393, 341.9589675453307, 162.62562196239537, -256.83119259861735, -276.87151493593905, -27.84469043276772, 447.85979752280036, 485.19673539192286, -486.9657621076641, 441.4547627811187] : 0.0
-115.97091191573219 : 329.76990805101315 : [-49.69106913776153, 409.8849561496843, -208.0377347560368, -414.31500120428865, 104.6426677925121, -488.7229322961619, -488.97766339259175, -219.80939119369597, 215.80972926970156, -211.40564536003092, 493.96036920759593, -377.2534899246112, -93.36407033819162, -222.19324372623123, 35.40296778053545, -309.4308351925793, 6.8988882629157615, -123.53291424499685, 221.46652053406592, 489.2782752751239, -491.44152266921583, -450.14107890748033, -255.20518382767943, -375.3134243403397, 374.78340211318897, 117.82557056063035, 2.6006845030632917, 92.21124855026017, -160.39404262801003, 264.0587037876437] : 0.0
-123.84154910251843 : 265.53022618141387 : [198.80906114206857, -327.182413581925, -299.29163193828515, 73.93895393092765, -222.86779345672647, 476.4026759564729, 1.7569840436504478, 469.8405289823006, -286.17711414640064, -260.08350871247836, -256.9686054485821, 465.57206063885576, 0.4759693928622613, 124.26933294380979, -254.29816883934419, -34.237677714944795, -487.7624279968379, -228.91366461282013, 104.12319931040975, -265.34684522735586, 488.0477368471453, -202.76866648199558, 40.843584081296534, 12.107080833535832, 109.73710898836134, 449.09287593174946, -174.01278470793318, -205.4053737725531, -102.82757629918717, -272.9822107350625] : 0.0
-109.57433400128852 : 254.16246271196147 : [-223.6233494093156, 451.23452321710556, -394.25862861063933, -475.2951436720524, 331.0468342470067, 59.75428636962036, 139.57550282386575, 465.0269533406995, 315.8415171367391, 430.1870382013591, 138.0918016652221, 201.27177961349497, 275.9059402407095, -494.0271835662177, 52.21387445755204, -95.70575216100502, -233.39692192439963, 491.2846405903049, 178.83700498404335, 161.2459391024854, -198.80762037925302, -249.5014897205457, 186.64702175288264, 42.12444295712248, -211.94466522388922, 53.948147470444525, -178.84138234031911, 15.348887384101488, 39.33230580280929, 84.68391150386242] : 0.0
-100.84054192087915 : 241.54418420515682 : [290.3480184845907, 0.5775903914882008, 65.32023740989419, -240.423266663778, 314.39386649492724, 443.42668789446793, -292.0406165574991, -289.5183344996501, 255.27287935194278, 217.67900733808935, -381.4908747746888, 249.65674496489254, 141.2186080681212, -191.20058154946665, 167.63949140892453, 262.4149257610036, 405.43832036892115, 180.06881127083003, 319.43828912344196, -206.6204341096083, -146.70022948079233, -232.11009998742912, 145.4935564068282, -483.2115022193528, -11.091137193714559, -50.21353622632137, -439.9787495278315, 72.72383224221512, 266.31653659169086, -49.20583099631125] : 0.0
-134.86602538456225 : 329.8540220250184 : [-486.04171786306995, 384.9603363871794, 73.67097048065105, -57.51489535461167, 206.17385451458352, 411.41258699709766, 452.16789447498513, 491.780460931857, 477.5799949623, -197.5915131714568, 286.3071502019625, 446.633636788943, 393.87599812992187, -12.965174176220387, 200.78349119469112, 428.0836834911008, 422.98355959275654, 248.0983670041385, 118.80851514512761, -331.1627864922175, 187.03262298582695, 209.41576662491218, 465.5465255471014, 58.39562023839926, -448.7375169314666, 485.66296618686454, 27.96192900043826, 418.04587959832907, -32.50406287431465, -262.5351149229633] : 0.0
