Fitness : Violation : Position : Miscellaneous
-0.8026774800592406 : 0.0 : [3.176722439033479, 3.1482567682496545, 3.079931652289551, 3.0530708451757023, 2.9902526852226425, 2.9913578150198337, 2.9733888165955666, 2.917899719172583, 0.5276052001262135, 0.483253801381037, 0.4611936202130171, 0.5056852086872117, 0.46638723909050506, 0.493721613724976, 0.45846267028321896, 0.44971808587195056, 0.4568072308265978, 0.45621596656326724, 0.42963243606892587, 0.4091885433532437] : 0.0
-0.8026977182231608 : 0.0 : [3.130285176332136, 3.093587590335076, 3.080922573680929, 3.104098278056383, 3.016599446399173, 2.9863207592456655, 2.953314478542933, 2.9296476798217146, 0.4997713318529851, 0.5017426154463465, 0.4540816241590663, 0.4746132917765606, 0.4575259801502871, 0.4833095731015863, 0.4779478896826129, 0.4542166162138065, 0.4429577877118181, 0.4348061736716825, 0.46399970095717624, 0.45059776536468865] : 0.0
-0.8027757204821774 : 0.0 : [3.1508416457066657, 3.1307257233130814, 3.1045604081216536, 3.041495599096274, 3.0241433526814347, 3.0219200778886792, 2.947090431503474, 2.908097957632399, 0.48477976236405323, 0.4728029930230184, 0.46494873628468186, 0.4650137011807054, 0.4925859214226572, 0.46560932254573456, 0.4644372649005157, 0.46810513646890406, 0.44532910197748066, 0.4376930889346927, 0.4494253798697657, 0.47946368433877656] : 0.0
-0.8024445647283585 : 0.0 : [3.1856034930265116, 3.1702621721292377, 3.076313225127188, 3.049342753400922, 3.000078883877905, 2.9730404630468206, 2.9195055495945264, 2.9128800382987086, 0.5311214417317686, 0.48547871215151017, 0.4440761473799383, 0.4595659815873592, 0.4607892899048863, 0.4791009784337308, 0.4661226225254598, 0.45248569801184274, 0.44350270060939445, 0.46124081572234216, 0.46867623456719354, 0.4469117716949775] : 0.0
-0.8025733899041776 : 0.0 : [3.1896342602357386, 3.081644427968582, 3.1005330709374808, 3.087172429413033, 3.0581218089128965, 2.9879261729275717, 2.9185194323852723, 2.900533341221675, 0.5047102442638254, 0.5069453649810649, 0.4854842917124562, 0.46895721148057967, 0.4502920789647305, 0.456637247686143, 0.4606307815182761, 0.4518412940568402, 0.4343981042108829, 0.4414857566583246, 0.4616726225063935, 0.4684196094553711] : 0.0
-0.8027534789495512 : 0.0 : [3.1462789510453475, 3.132782918730824, 3.108879757378295, 3.0498682096719913, 3.0424673793410886, 3.0123072614458395, 2.967374390036316, 2.875963241458395, 0.49218829361348115, 0.4553025320411842, 0.49417659106504375, 0.4670954760493822, 0.4844732973558802, 0.477040408160379, 0.49915674976927105, 0.46079455934391556, 0.4538669338290184, 0.41714325233666016, 0.46127362039794273, 0.4283464525983745] : 0.0
-0.8026734841339724 : 0.0 : [3.161913055051498, 3.1304259275675284, 3.0799376002259913, 3.0467726834855275, 3.0552991370380047, 2.9537362165165972, 2.9375403652697347, 2.8791735516871984, 0.47211254713018236, 0.4740589820050387, 0.4767305045292095, 0.44701247063679583, 0.4714619957694871, 0.46590423499896566, 0.46422629977410446, 0.4624873595942624, 0.477641793962471, 0.4509933155538899, 0.4625325561651866, 0.4730832007066633] : 0.0
-0.8015872802559676 : 0.0 : [3.1422818852191887, 3.1514959270838094, 3.0670091330647766, 3.09669464538858, 3.0682550719366946, 2.9531230023390327, 2.932895031885332, 2.88686201424924, 0.4469705834700539, 0.46693200513926214, 0.49908395023773744, 0.4789231866098544, 0.47439206247796617, 0.42589063570836316, 0.4311437806401993, 0.4873138933621153, 0.5106822939502547, 0.46646679686766457, 0.4430970215341267, 0.4662438958450358] : 0.0
-0.8028994529573323 : 0.0 : [3.163562668812303, 3.1211427501980444, 3.101672861871542, 3.0760346523621447, 3.002576630784916, 3.025446942390258, 2.9411468885609793, 2.9181505314138363, 0.465221585147122, 0.4843394466649652, 0.49038650117211974, 0.44798349815314437, 0.4857421474217051, 0.4751695246125782, 0.4408137424639234, 0.48147715693235466, 0.44502411572201545, 0.45994759154261655, 0.4460547416709392, 0.46256516607788645] : 0.0
-0.8026754008331345 : 0.0 : [3.151053592263195, 3.1127568361540274, 3.0671865083623837, 3.0550472515783254, 3.0249092271753417, 3.008981758477824, 2.976749180921127, 2.90200002644448, 0.47274098300260997, 0.5319014120620067, 0.4591823823129203, 0.47787190904938837, 0.4460498811162926, 0.4886476965033585, 0.49920633171924383, 0.4484628780038899, 0.4270458834839357, 0.4766169554874733, 0.4487731669773314, 0.4220285517038468] : 0.0
-0.8021212763788514 : 0.0 : [3.159117355295604, 3.1011908113937596, 3.0414815538861664, 3.079994993019315, 3.018889289555445, 3.0218986289819307, 3.0045573354047983, 2.9396067882622856, 0.5140086281019836, 0.4737591528128598, 0.5047888883397427, 0.4621509246338971, 0.5129011015374834, 0.45479001130605123, 0.49622801332645056, 0.4458044339771591, 0.418861784279561, 0.4417982365811634, 0.4209221392413812, 0.44607623039303346] : 0.0
-0.8025878051838056 : 0.0 : [3.2029120338139716, 3.115076323531292, 3.1195504213912777, 3.030706573839722, 3.050877172177607, 2.9652461018330754, 2.9831995575476, 2.9502435884092835, 0.48304699328031864, 0.4798257831804855, 0.4785566873229411, 0.47363299734597264, 0.493497039497823, 0.46860611159932125, 0.4637756187482259, 0.46869640257241496, 0.4260908674632144, 0.48025870089006545, 0.4290370588858905, 0.432063287738353] : 0.0
-0.8021444824308855 : 0.0 : [3.1479268201017225, 3.06563727669967, 3.107734705814959, 3.0607782113450117, 3.006376328189639, 3.038945214275187, 2.9928430022986694, 2.9416391238713775, 0.545109192174439, 0.4759479528951963, 0.49395361039099633, 0.4430998157288925, 0.46874958525986876, 0.4456905338194001, 0.5027871805182905, 0.44733325939467095, 0.4629765516252675, 0.434627983134166, 0.44819160398813473, 0.422365856813582] : 0.0
-0.8024083331026843 : 0.0 : [3.126816834950001, 3.139091617246934, 3.0976437014632996, 3.072331433398995, 3.0339924615921943, 2.998313706763882, 2.9430948852348724, 2.922674519706435, 0.49974478070634193, 0.4732740828342787, 0.5138795338605415, 0.48082175984685627, 0.42258598092654465, 0.5002491938834147, 0.4526559421608001, 0.4761269532707023, 0.41198377364587224, 0.4723100744160621, 0.4495532630835094, 0.4432224238137513] : 0.0
-0.8017780527690458 : 0.0 : [3.2037933491706814, 3.1001081789315252, 3.1055776301683817, 3.0547400488301273, 3.0594629848587793, 3.0251483266060575, 2.915570240035568, 2.9241130125146917, 0.5523350849112882, 0.5105683222953061, 0.46082601988759564, 0.47833353529225814, 0.41407637518708806, 0.4675782889524033, 0.45444922442618607, 0.4649730254775023, 0.4397502607337944, 0.4745891749268, 0.40577091127147125, 0.4697070876678624] : 0.0
-0.8026958261922902 : 0.0 : [3.150209872848219, 3.1253130866324614, 3.084960920685357, 3.035285409873043, 3.0352684528629386, 3.0028166753831065, 2.943574172319183, 2.904807831016135, 0.4775608663275228, 0.4939515586300862, 0.5281926650157098, 0.4559383681324428, 0.47918611237410974, 0.46960180278199, 0.46851424998463, 0.48020871312168245, 0.4484429353282073, 0.42213412336472556, 0.45970796040080086, 0.42035322752729687] : 0.0
-0.8024106197501886 : 0.0 : [3.1763206529708063, 3.140548516882056, 3.0995787616093473, 3.0717117555452926, 3.0262783839231613, 2.9738281283324053, 2.967250247895602, 2.9244168600002283, 0.47823963486855225, 0.4860022142427519, 0.5005026892222916, 0.5023924784855752, 0.5115396096773864, 0.4276301205373458, 0.4417759785416309, 0.46432631584376693, 0.45874366985019044, 0.43697860104917713, 0.4651330624165142, 0.41946001123534027] : 0.0
-0.8026074530070375 : 0.0 : [3.163899729101468, 3.144749045675042, 3.0785438261057436, 3.0555912252705553, 3.0397130066443516, 2.9836196604500502, 3.005236615879845, 2.8876281896556835, 0.49537400004686083, 0.4694935663113918, 0.469168909242038, 0.4499219809324212, 0.48150378403308547, 0.46488972832119774, 0.48224082299751664, 0.48830061353928034, 0.44610019654468097, 0.4730931671668597, 0.4424612495793713, 0.4241487537381122] : 0.0
-0.8028581026911635 : 0.0 : [3.1904114903435095, 3.163798193117882, 3.1116888684000164, 3.043429346907151, 3.0250370746216646, 2.9744492058682512, 2.960117506188036, 2.9122282704885607, 0.4850487966319955, 0.47710976582758824, 0.47857327870980965, 0.4925170362972364, 0.46829616728276147, 0.4727893917411491, 0.5019605238294111, 0.4187871265790945, 0.4530803246075176, 0.4592409805996436, 0.44473569382442224, 0.43088399992444953] : 0.0
-0.8030072518379114 : 0.0 : [3.178476660786726, 3.1154002003942, 3.0834198152857946, 3.0769777986248537, 3.0045023651627445, 3.0230297129984516, 2.9472619119502115, 2.9488660464777605, 0.4890832884702251, 0.5002873856611594, 0.4950833365727597, 0.4588010514849829, 0.456708504108822, 0.47585172853567315, 0.44211445984209147, 0.46516875944861724, 0.4575225438524788, 0.4364317527303171, 0.4331730896222708, 0.47104414438123265] : 0.0
-0.8028824748349767 : 0.0 : [3.188868403358208, 3.120683123876285, 3.091043749968034, 3.081187063366082, 3.0500427162148496, 2.972635637301386, 2.963114124082372, 2.921849214691115, 0.5071089695414754, 0.4790971246380552, 0.4607579084088693, 0.467806781873098, 0.44088107599324966, 0.47750375109373233, 0.4791588144305986, 0.4609493624002182, 0.4552333941530836, 0.44647432390254216, 0.4518342041201384, 0.45433375454770747] : 0.0
-0.8026091409752245 : 0.0 : [3.1617549032394843, 3.153742595642675, 3.074983121175635, 3.068294587365552, 3.033672055555319, 2.9620774071201446, 2.9686346946938373, 2.976224902078597, 0.5123376874964862, 0.5210245075341247, 0.4349890072109679, 0.4687033818565045, 0.4686562093092665, 0.4513505629477523, 0.46592278192643605, 0.4795693094472444, 0.4431164335758031, 0.42899685843622176, 0.4490588441016358, 0.45741976771292414] : 0.0
-0.8029059551150162 : 0.0 : [3.171268057114335, 3.1019390084402882, 3.077143521047025, 3.098078635247453, 2.992844996800798, 2.981152037635849, 2.9643917244265596, 2.9266992398349148, 0.5130294443951451, 0.4794503150488492, 0.49243344826909774, 0.44767887598824735, 0.4486711244126228, 0.4761851864173472, 0.46296779096235974, 0.45569390709100005, 0.4553809114562338, 0.4367589313592348, 0.46409434853262765, 0.45826903932972185] : 0.0
-0.8021451769146102 : 0.0 : [3.1872740723463955, 3.180451286103648, 3.073010292203876, 3.018002626334657, 3.046233694524858, 2.9890291223206846, 2.9872170589120186, 2.949169703807663, 0.5334485748032121, 0.4698769467699344, 0.5211327161304419, 0.4488639247471591, 0.46931559409848167, 0.456184215405036, 0.43538256615098153, 0.4607242569876648, 0.468308779885362, 0.4352056365269109, 0.4504565628436987, 0.43295131212546034] : 0.0
-0.8023215523345546 : 0.0 : [3.1857979900543243, 3.1438412312350876, 3.1028309756694394, 3.0349447864311543, 3.0059894468507915, 2.965529274841481, 3.013699651241816, 2.9132405233265177, 0.5293618649258158, 0.4794158949413537, 0.5075919670767393, 0.4720324306225617, 0.48228491551123526, 0.46211075407144575, 0.4084954895932541, 0.44752013948528385, 0.45479016792729976, 0.46728030298228423, 0.43825714025244633, 0.4422999380728456] : 0.0
-0.8025083833696225 : 0.0 : [3.1634692621427414, 3.156397439918329, 3.1125722851124116, 3.0884058284984834, 3.0106198006366354, 2.9958548764760597, 2.9696949767486833, 2.932532422823625, 0.5098294185268568, 0.48909023474058827, 0.46993805522757226, 0.5079624523996039, 0.4651546960138401, 0.48011138196591496, 0.4254427763501232, 0.457479713830806, 0.45620332620065934, 0.45488443853578886, 0.44086675627038874, 0.42684691959074045] : 0.0
-0.802584984661764 : 0.0 : [3.144174688313417, 3.150790431032287, 3.0942958615958567, 3.0556785389171868, 3.015462476492006, 2.9958968577614664, 2.9536940319368896, 2.8903781304016305, 0.4935589139819319, 0.5152231997944083, 0.43694495229160735, 0.5180151102547055, 0.4590778528400117, 0.45229661867221926, 0.47026866810874346, 0.47090490198390783, 0.43338499903659466, 0.4735812457057605, 0.4227676861737901, 0.45401904307443175] : 0.0
-0.802659051843099 : 0.0 : [3.180762314313138, 3.154050177122783, 3.0700780766554456, 3.0725901946350147, 2.9726654712154215, 3.0004019101686374, 2.969222381223986, 2.9204727569412485, 0.46289321967976715, 0.5133889535292033, 0.48381131990984616, 0.48492228426012784, 0.48707964074455656, 0.43878588932528206, 0.4601787768404739, 0.4594298461394274, 0.45155456412931233, 0.4799806691916022, 0.44130769443062506, 0.4260791227329809] : 0.0
-0.8015139381953539 : 0.0 : [3.1540750995609557, 3.132365835757337, 3.14391234175615, 3.0485393134173506, 2.9988848246133983, 3.016871394722804, 2.9175618852931224, 2.956614140855433, 0.49110910990145784, 0.4975535849015358, 0.4784661652327003, 0.4520947720068175, 0.5412004983950317, 0.4490711821770523, 0.49834171047488324, 0.4574765040516102, 0.42884358311891413, 0.44095647461174453, 0.42065793414016084, 0.4434252424017393] : 0.0
-0.8023853039172708 : 0.0 : [3.155678867724197, 3.1158071939473504, 3.1115736617884835, 3.040588998312514, 3.0279020346634313, 2.9712812173363394, 2.957113605088357, 2.8757779633372795, 0.49070504332906434, 0.4574707912942181, 0.49414704431657197, 0.4796654697097231, 0.471187032140368, 0.4998872219480121, 0.43506371814105116, 0.49115688132143626, 0.4220597047587686, 0.43878242850166416, 0.49108766924441666, 0.4339501926787188] : 0.0
