Fitness : Violation : Position : Miscellaneous
-214.91334873323467 : 418.6073612117778 : [482.3237655861511, 393.3078822826527, -492.40813827307005, -77.22354555296567, 122.1588018295879, -459.94759832613596, 310.41656343194455, -124.17831839076536, -224.68777129584947, 486.78585690320745] : 0.0
-208.20379284715622 : 361.65167894834605 : [-222.90173850332138, -308.30026517542524, 205.8150615752749, -482.8673446249587, -465.6930709296715, 1.8260369352139492, -471.2367738837773, -125.55775373117507, 38.2715545018533, -57.66166600617959] : 0.0
-160.0098306024292 : 267.3372198669287 : [105.10650935572602, 129.42030809029956, -65.47922287191477, 16.621243723794862, -463.648977093977, 446.3507382126136, 463.597120665738, -247.59921382971578, 78.15230007867953, -254.1071848453826] : 0.0
-132.66767381449483 : 244.963359455196 : [-237.7830973395919, -317.72179766339195, 45.077958834825154, -181.99608903208542, -488.7692814847233, -75.73014863801257, -65.36953196467873, -234.17128911239783, -181.7184401406061, -135.950000573278] : 0.0
-112.08184890575953 : 218.33191711836776 : [-109.12423147402541, 1.8907627358329933, -489.8603861129194, 183.05431064439654, 116.44196505741792, 277.12793682373393, 66.84728938222273, -266.51740501756177, 461.86929926150486, 65.62288848607675] : 0.0
-142.28061860247675 : 247.3881363020954 : [-54.96630681882999, 4.164124240688238, -492.32450096589565, 101.25211453283919, -182.44799079841187, -104.17712952801486, -187.54711344901372, -316.33428447467384, 473.8852122829238, 106.672977357278] : 0.0
-201.82919869648893 : 326.4599884063726 : [-472.15102518603425, 59.25470220870889, -19.29425555445605, -497.2652518599349, -33.9663450842487, 433.5187165677505, 139.91261009511558, 425.8694899598239, 4.29199678579775, 244.90152210869383] : 0.0
-134.6789698934526 : 301.91136675838635 : [-82.71104717314984, -309.1742997957735, 246.78958410823907, 279.7322589721644, 0.10439799249041926, -376.84746644936473, -483.0617660507711, 30.419724300331268, 463.5172907254861, -283.34784959720264] : 0.0
-145.00949525776497 : 299.8274888684468 : [-257.59856723408313, 436.71327591511124, -376.1009546580428, -64.71959280230746, 492.3134040539634, 276.157462178443, -252.62492522936407, -244.26561917748955, 66.87575973896412, 222.9310702188931] : 0.0
-146.83046017350185 : 311.51446694673785 : [-90.61151584844106, 25.40022918856414, 323.3311800888253, -475.6437937575317, -97.4476532877946, -480.6149331734408, 235.52074650246823, 234.95667270575734, 4.056171981373666, 443.61513933116544] : 0.0
-158.40181259842126 : 296.49675020803676 : [34.60938938468543, 267.8080467760741, -47.816203947596875, 493.6151048219074, 164.91775412906733, -498.6859681714103, 120.840895861082, 251.28526229025954, -490.330187633804, -37.93639950654136] : 0.0
-179.27093055860468 : 353.7321267221045 : [-459.5541463397192, 145.38391152861584, -272.1458785547961, -456.1789425520286, 321.7928617729074, -247.9296251857093, -243.02492939182957, 386.6893000207768, -99.30351167313557, 58.709781428167275] : 0.0
-131.2885297815012 : 120.9067119142527 : [-236.99658830685698, -131.78762284592688, -256.45873191748973, -69.41453847302098, 134.18774551434782, 35.83182345865527, 257.4275614709957, -85.40359825697013, -256.19970493346983, -3.219259963839278] : 0.0
-150.5530879754833 : 270.3735188948494 : [-198.65207337407742, -246.1616268377603, -32.67935210825533, -182.2652817136295, 488.22078698787584, -78.5466263193282, -474.3581196220502, 10.465002403054712, -289.8849704820791, 275.03274976925036] : 0.0
-194.4017687619047 : 261.82220235906976 : [471.9181618951267, 412.8702757793277, 142.35149366958376, -31.76566755693534, -208.19493406963716, 257.129905349076, -291.07639833593913, 170.16256179427035, 473.86951138632276, -112.53445018396104] : 0.0
-169.64520288597845 : 284.17756388661616 : [-478.5704014534136, -84.74934298232935, 47.42112548824025, -207.07211831933083, 310.9220116726856, -246.28613065205272, -70.90222124702251, 258.6418298631761, 234.1393086586548, -457.74297123994376] : 0.0
-163.80439535573635 : 190.65975570321166 : [-27.590568964477768, 418.47154140676633, -243.7199208337591, 201.90025591788427, -58.16204309156737, -246.65378511415514, -232.55028693695087, -294.51873714906344, -67.63883379601944, -31.32324682400883] : 0.0
-146.0112956746721 : 258.4751466603945 : [264.3171276635202, -306.8487451167177, -94.80320898493642, 8.3183831809118, 476.1716487911127, 382.52440212904344, 485.97067301338143, -261.9895779137224, 71.19657323168929, -265.35409945622524] : 0.0
-142.40376823665207 : 260.78070310578244 : [259.6962382374081, 423.9700242691308, 462.8809851065886, 484.15856707312423, 250.85088338712603, 109.03749745992548, 134.67766000390094, -210.70393988014592, -197.63649393680916, 399.6637778865246] : 0.0
-179.86556810295139 : 309.78454670569164 : [301.38173683081436, 427.1290302854519, -62.385111655859475, -211.1531723863869, 282.87545846865913, 479.86067516815154, -12.963807363005039, 286.3053571612857, -499.5697961102783, -31.944417375289362] : 0.0
-173.75553170494564 : 214.7551044918822 : [274.08770276807513, -70.12950331418057, 261.40404643678175, 482.5248546213169, 312.1820753834555, 437.05093759702265, 256.40087089720083, -6.100853390604186, 37.49828064670396, 467.9773393680141] : 0.0
-182.17664069645429 : 386.5292748133545 : [137.2481989277519, -493.55555683792795, -492.3227761570713, 288.5284627843588, -26.942535409156562, 407.22477454091813, 237.1595826226535, 387.0642554479823, -479.47698189025607, 18.41979981035871] : 0.0
-156.5108210307423 : 328.41525388679247 : [-197.5171755139247, 389.66115710905797, 288.53136445881375, -175.08048765482408, -228.10575016397397, -305.71033037232485, -36.4828124550196, 118.64900460646916, -499.08790980711325, 406.20324215115295] : 0.0
-184.39775063792123 : 295.5188433630928 : [278.103096500847, 469.7303983183658, 276.1280799457254, 498.73792511237696, -16.88947751287569, -287.30630115550434, -86.4240860099066, 8.671652719469924, -489.10031595586054, 107.02063566700417] : 0.0
-178.10654429903207 : 197.43893956681345 : [-185.91656772489418, -285.50947712345965, 38.34732723243462, -190.33397286124003, 276.3399809304755, 476.7663012792197, 20.348261100294735, -287.0640386805258, -243.0475730192572, 3.874893372421866] : 0.0
-165.79666911079067 : 229.88252929635715 : [11.390346941779285, -86.60826046278225, 492.48039638454424, -22.639778237736436, -204.51629850224063, -252.92629327854644, 19.438269502637635, -227.11999473893744, -269.6621963684024, 459.215359027002] : 0.0
-175.04415259433586 : 340.82167702721125 : [-477.23768484640584, -86.02231887782918, -63.805048428417535, -86.21511945495465, -450.6629231043547, 169.53118422181007, 439.1668898438004, 404.76036620318894, -111.23000361281095, -250.7111379193017] : 0.0
-158.19510336229433 : 440.35460681071254 : [450.1535692152171, -130.0156462843246, 258.2108776490878, -240.08563104989747, -289.3971710575239, -492.4541554417964, 434.1530126140584, -368.893773525603, -243.8343607085389, -457.12224153379856] : 0.0
-202.47802043847136 : 297.2224644968066 : [288.72806657658725, -115.94056513891405, -71.15336719283664, -496.46181117381303, 291.74784533823833, 88.3905757286817, -254.9945521373025, 474.05694660880874, 449.1241426617453, 123.3076098946924] : 0.0
-173.73753649682925 : 287.1403972328386 : [286.4912410019922, -260.95051605792366, 474.9163047959937, -442.8857812173532, -13.448999930848004, 5.031959939029264, 249.28346175652104, -318.58631911611815, 450.1715208229828, 181.49642172176573] : 0.0
