Fitness : Violation : Position : Miscellaneous
3834.146170786164 : 193711.77567055266 : [1030.8521007686672, 1368.4947484141742, 1434.7993216033224, 138.5676134953606, 290.8587430886172, 217.6802475560545, 18.738740277443654, 92.17700986363212] : 0.0
5094.691320771936 : 185521.67834094187 : [1151.8913809122928, 2787.5227199793576, 1155.277219880286, 987.8462464387529, 513.9814757158912, 598.9989334051627, 453.2206966699586, 440.3607126151197] : 0.0
3285.0361762245775 : 62478.48775875999 : [531.0340393107155, 1219.7972654025057, 1534.2048715113563, 33.52101164683906, 451.4255191608165, 358.9749269232021, 400.3205287419491, 335.09549328409156] : 0.0
4855.586685178164 : 39797.05120102881 : [571.0547513197289, 1795.4844140528878, 2489.0475198055474, 238.44978065967604, 672.8591559270349, 309.81761085361813, 745.8437144608629, 403.30710021739867] : 0.0
3869.645292082484 : 147713.69275472095 : [165.75737343687186, 1019.5715973855322, 2684.3163212600803, 403.06100869117404, 405.28798433409884, 515.013261114676, 352.3082896954516, 252.09736979781965] : 0.0
3832.517812128023 : 137353.78528370918 : [1398.4095044669693, 1219.974500293511, 1214.1338073675424, 211.74592038435088, 248.08648912593, 637.3735337501503, 204.9026748316219, 132.31381657127883] : 0.0
4267.891540560909 : 102195.4140010276 : [976.3098028318191, 2183.6664979008037, 1107.9152398282856, 194.94130632581982, 479.1175695813591, 220.97063853030352, 76.81332505905895, 558.8189184534929] : 0.0
3919.947332942 : 146260.69339642042 : [974.3428265830798, 1912.4447600410886, 1033.1597463178314, 19.45220555625326, 198.192862553855, 315.0431262100239, 173.20177960685425, 79.09577500113582] : 0.0
3437.8670589368407 : 32646.11301333462 : [650.0188622197167, 1112.36815054343, 1675.480046173694, 193.00003921035997, 229.43850396785245, 278.7732859800178, 911.2167347983788, 516.2401759339159] : 0.0
4274.896355247418 : 29533.831166343578 : [1022.5819183750841, 1320.831931595462, 1931.4825052768724, 25.946199100295985, 401.65618070489325, 54.103253807603856, 734.2679424919194, 437.20314320491013] : 0.0
6200.1005049444875 : 32520.96075239102 : [1786.4199837365572, 3235.0381242601443, 1178.6423969477864, 131.5215829136567, 264.368721978361, 178.2842059552004, 588.6252156402217, 598.6139329880243] : 0.0
3288.68178552234 : 152378.28218168774 : [168.37571847235014, 1655.1492356473964, 1465.1568314025933, 493.16710481306137, 325.81818554459153, 57.13779672323525, 16.717491585676747, 870.393050626287] : 0.0
5929.546165745394 : 158229.45868118654 : [1774.018312026538, 1337.7934104674196, 2817.734443251436, 179.8211124831878, 141.17774027713344, 21.772820450031045, 187.4225438226806, 195.46702733932386] : 0.0
4376.01108196192 : 251356.44463989724 : [580.9316665439317, 1083.5241083401418, 2711.555307077847, 672.8024278096833, 196.86603982903515, 87.0800275525974, 389.9358596656232, 98.96560746146518] : 0.0
5588.82219682092 : 0.24641518626289627 : [483.9434301895453, 3784.2698671595645, 1320.6088994718102, 56.607735791660616, 722.7339604803873, 313.9980003123452, 325.2702223422243, 731.6614988219452] : 0.0
3984.506855192033 : 273222.83947290125 : [331.2501939483834, 2150.8754075667284, 1502.381253676921, 481.5449498125421, 860.9444895136713, 457.6484388757591, 32.60978042540521, 299.8138804193227] : 0.0
4400.673804824893 : 79856.21677011978 : [2170.734592373589, 1080.0713129118535, 1149.86789953945, 442.5163778125917, 293.00119027288645, 503.1174160397958, 367.643087680874, 326.36249012038576] : 0.0
4143.473034795166 : 63661.616402065694 : [830.8552370024481, 1347.1977243498845, 1965.4200734428332, 198.99304661396857, 437.3292610912368, 385.6129041278787, 233.49119630131335, 450.63543906296144] : 0.0
4916.370480257586 : 157291.16708474603 : [1052.2892009505915, 2108.069403497334, 1756.0118758096605, 337.06865950823595, 234.11660520618187, 234.25107701521458, 332.7290781854468, 107.26546802924258] : 0.0
6328.917151765567 : 0.514332343256392 : [1959.2506592624584, 2158.638947408406, 2211.027545094703, 288.70946448104473, 520.944525175881, 236.06100045211303, 779.9728233151355, 745.2993438939338] : 0.0
2848.0229562759732 : 170281.34667524783 : [329.29503316268847, 1466.989815544549, 1051.7381075687358, 247.64235509619232, 129.26456447095504, 679.1871666380149, 269.16555185490756, 39.082252474742184] : 0.0
4320.836092366817 : 115020.29872117279 : [2262.2246525273913, 1036.2883764958776, 1022.3230633435483, 383.86571273246153, 783.0086296303533, 322.78931109494664, 199.36891857365512, 784.5096451223311] : 0.0
3981.6192016433874 : 135896.53834689068 : [1874.8391173580487, 1034.010781250731, 1072.7693030346077, 560.0737867605133, 801.2723981533203, 735.986498630267, 63.097609134939276, 471.29553713795497] : 0.0
4193.35648303379 : 102274.0903140712 : [1389.4400041970418, 1101.1388708291604, 1702.7776080075876, 885.373228917926, 747.7230049691445, 763.7091329840282, 171.83543642962533, 570.8229423540513] : 0.0
3821.0517057806337 : 97221.07556625099 : [637.7933499792233, 1422.24170494308, 1761.01665085833, 773.2235851013085, 491.70939116913746, 65.02576880279499, 644.2013315088167, 518.3262787992147] : 0.0
4783.048719375101 : 116926.52101929863 : [405.528056479637, 1520.610801014271, 2856.9098618811936, 34.14164488052407, 387.42651190348397, 283.2749883417247, 101.56608747946962, 359.05826629724254] : 0.0
5306.177021797269 : 181724.02257324525 : [1602.8387052675002, 2305.9381978465526, 1397.4001186832159, 502.6612259554479, 961.0220864447253, 323.97400780023514, 278.28784417912584, 808.7149154063575] : 0.0
3900.7689568211035 : 124759.8994474142 : [172.18945074103516, 1504.441368893353, 2224.138137186715, 584.6321592801102, 405.9983429784619, 279.9153535947254, 457.5224599473853, 342.74959113195405] : 0.0
6169.84416995672 : 0.24644605934606578 : [2087.783678649305, 2341.6221208057627, 1740.4383705016528, 282.08621713034967, 579.0890785486512, 277.6765765249242, 534.7048873569827, 487.17844059003977] : 0.0
5452.615397545296 : 0.33514080552952047 : [989.0329918407542, 2463.4046604370324, 2000.1777452675099, 288.14529135195846, 663.9367682896393, 280.99193847990404, 659.4092265013056, 567.0477723227642] : 0.0
