Fitness : Violation : Position : Miscellaneous
1.4643938483106592E11 : 1.8426654794765085 : [-70.15824061551504, -19.69544976847331, -126.7843453665326, 154.29533422520353, 181.2650255422146, 39.04477836948885, -69.05661975779137, -105.96659876229663, 118.44615244725884, -123.91923035561415] : 0.0
6.000402817777163E10 : 28.485672590468496 : [-46.83891019527682, -47.16939479826266, -74.11356105910923, 152.76504143594082, 25.106374526305046, 117.18259974190258, -14.180202283906567, -86.83289792845461, -201.8740174657612, 3.3260025750375206] : 0.0
2.189538035782053E11 : 334.5875262954413 : [-136.93395433669343, -180.89915517162436, -9.673381607569294, -42.715292841975725, 70.33126832564903, 67.81850927683473, -4.410546213418681, -221.95574091714678, -115.62803283069971, 473.36320965556524] : 0.0
1.21076824326165E11 : 173.72574167646113 : [85.52606258721721, 15.227810135501272, -176.80656605753288, 104.49793367384618, 176.96874899468372, 193.89852146529302, -32.45926655487665, 74.25008601120729, -41.41992749683951, 2.984586282254895] : 0.0
6.099411483840179E10 : 59.462989485164684 : [-75.03596244711392, -85.71831841338714, -88.29901964797597, -31.185914991906316, -36.909622213392424, 14.129336903743834, -77.15555228723639, 79.26664371114339, -49.0118486591803, 131.24661577595032] : 0.0
4.643521223754605E10 : 4.832164133508266 : [-132.59439061251035, -55.985500033665446, 55.061713876870925, -1.7615203641872483, -58.11617743516548, 16.388976679800642, -25.201870732376108, 54.376719850496336, 16.9870464084172, 63.58365787491121] : 0.0
3.742086409999106E11 : 212.16242579000107 : [-57.1151430474921, -102.54701090068886, -33.2279685408796, 180.43583380633999, 108.3576437227731, 111.15985166215842, 78.4411613065389, 213.05257074120937, -103.48164677669843, -178.12979725682396] : 0.0
2.2094662804105548E11 : 37.191544109722685 : [154.48759037775955, -20.338283236666996, -96.4383851736878, 63.48842679837879, 58.18464912875915, -1.0485528764964727, 81.71302958274646, 123.30258144670304, -114.71183950744808, -180.7152687609473] : 0.0
7.198483475607117E10 : 92.39675906180517 : [-18.7321091058463, 19.42455011960263, -10.860147309639814, 15.506444672298514, -30.797189599271917, 100.61964496216652, 188.6945945711848, -20.517322005075727, -109.88784103534046, -298.13637835365444] : 0.0
9.87943625820038E10 : 0.11830735570266881 : [7.006439697123362, 41.13025943467375, -4.105588885853081, 99.01138641457345, -10.198043514559856, -36.60582119668089, -30.370097714858478, 9.145364074492818, 107.65754828671444, -203.9102452545876] : 0.0
3.0247626335195105E11 : 22.56542811105517 : [41.83164343266052, -117.5172822949286, 56.90914995399214, 4.7465131843161865, 3.959306984603998, -125.54911175625182, 107.36398350460928, -147.5748309547002, -9.520568535759054, -222.52825869948558] : 0.0
1.0485739830369766E11 : 359.2615340759568 : [-94.11975102187606, -93.37571085715155, 70.802073569572, 181.4144155658759, 150.39775334435097, 193.97612287757275, 91.47927284314932, -178.92109318832357, -55.08111761453205, -150.15396757868461] : 0.0
3.173053091195519E11 : 0.11246093869844742 : [-10.638647630821623, -59.314016317060876, -208.3852219121536, 299.46865932919866, 91.30394430091556, -40.4864874713772, 57.09928873991743, 93.05263207290888, 58.65879272493572, 155.2849709461693] : 0.0
1.5971282709971747E11 : 4.922419851204268 : [-196.98881687731676, -90.15112721961333, -176.6502982857917, 44.6094164574948, 112.9686730162762, -22.274682191076266, 80.27804738310475, -179.55408125699617, -64.00042170410208, -423.02832152202484] : 0.0
9.418438192089081E10 : 197.16467821567178 : [-42.4284124016944, -90.43339478688392, -139.3165143895808, 33.54887082078449, 31.246518664989367, 192.37091322265024, 31.09149797592465, 106.6921999213302, -188.5648477637347, -32.0377750622273] : 0.0
1.7792113855989056E11 : 0.8080238029039606 : [-39.67154644299596, 52.44691449610275, -181.64649042391238, 282.72038545507644, 16.561714984600314, -7.863516505440614, -13.361790687175798, -52.98961326238833, -70.16939399181238, -393.5501021791546] : 0.0
2.3983641527326593E11 : 3.8162362416273368 : [-241.56376450492434, -40.80798416065139, 89.06861055927719, 179.1129223224292, 29.45907761946531, 106.32942884782275, -78.62085424196891, 94.47550576927065, -69.37539356729121, 414.7899774533345] : 0.0
2.998787975127225E11 : 253.72510922787154 : [28.11503220321555, -130.1086542403026, -205.1152364622589, -65.81267936885473, 120.86543276361658, 20.72052126006531, 228.28703173114457, -68.46931434418971, -2.1888971671201602, 65.04463960293651] : 0.0
1.4982630504987198E11 : 1.3129020692433215 : [-15.608204130758898, -196.53045652986316, 12.61321655009603, -13.072856040832477, 180.89687304079501, 20.111420002713412, -80.68748843473213, -76.74018056707054, -23.63979435089081, -142.37973437152039] : 0.0
5.712625027557612E10 : 13.377270363549442 : [-103.08882511541867, 32.529713695182096, 27.63094823979708, 109.29765044675878, 136.01880278724332, 54.6815874436583, 165.3557973272646, -16.206033625379035, 29.22065818099624, -87.08440636168297] : 0.0
1.7233638605752615E11 : 17.06594078985671 : [-233.03630172991924, -45.647987120465075, -66.05847097575526, 119.43115065267304, -56.25279966155622, 8.568884664235327, 29.50386195917953, -37.33938110508596, 79.36514489707974, -280.4253372412254] : 0.0
1.4733126964339404E11 : 1.9903057678286586 : [71.1601806386572, -50.514117867554916, 82.31058064079298, 107.15165362549504, 130.833234358789, 204.03340797386795, 55.04894117231021, 50.02291928498508, 116.88154434594902, -274.8344615915591] : 0.0
1.2208747111064081E11 : 15.620818618848489 : [63.602784897343035, -1.2696860338667706, 2.1059171629443654, -62.027258855551395, 73.43805810656598, 93.04231697824167, 83.44997971986734, -135.37699337303624, -185.0343557648632, -345.1098681263103] : 0.0
1.6701239012870935E11 : 0.5726020552888968 : [30.03916030965135, -102.3198624962891, -172.87309864966318, 36.22540210150248, -149.75413476394442, 202.0727615906356, -78.69745328697195, 38.58699405879872, 36.57907341856925, 123.64296222251417] : 0.0
3.137314730716307E11 : 38.01336335128799 : [-119.71170950888302, 38.21034045009361, -236.49680697065457, 216.57545465980746, 55.94941558865642, -51.60113871681426, 0.015817249089037023, -90.11193819344194, 134.8440433016083, -95.51623760532422] : 0.0
7.992762983545201E10 : 70.7657749991521 : [-51.27806527989064, 23.947938613175154, -92.52463734778934, 253.14872337485252, 123.04977733397658, 158.6892313458594, -18.009280317194424, 51.16702833461488, -53.66867938015918, -217.015562697218] : 0.0
2.63404010319973E11 : 0.5929733625307492 : [30.03799210191535, 166.65795955232778, -112.81360262083965, 194.12352100009892, 65.1945673667098, -7.1994857408476065, 170.33903954060784, -55.05688767193314, 80.26901473121683, 120.03813996619877] : 0.0
9.477745297905853E10 : 2.050891443949922 : [118.37686953958882, 55.37060494245941, -112.97800957407229, 58.610444109997395, -61.46901980201778, 34.29174575536415, -41.4061732279892, 21.617369529981715, 45.319752808069524, -99.65578426424882] : 0.0
8.918749944871881E10 : 0.08393583733533205 : [69.87156385186327, -84.84230536498066, -124.15333596968752, 61.74598451005005, -117.21512712097606, 174.62837780029386, 112.1597178616393, -137.27368996273742, 20.146049860005974, 145.60104398891337] : 0.0
2.160034593973954E11 : 20.703446380662598 : [36.17676118470725, 132.42058336490612, -145.46886825669677, 120.81320746199442, 78.88707609341253, 10.789772718269035, -153.40757695378454, -80.19831963889749, 13.965139538491485, 21.180623652891626] : 0.0
