Fitness : Violation : Position : Miscellaneous
-2.249001084818516 : 1.114645305003655 : [713.3675665581786, 68.81980275768262, 65.29910858647511, 244.12177014148907, 50.35615480478328] : 0.0
-2.2761655386596815 : 3.1406397583355226 : [747.1045161302723, 76.68187516897108, 9.16986073318279, 239.35534751335018, 72.46604359418211] : 0.0
-2.3424343733810655 : 1.955195242868151 : [723.3367873757345, 68.72216638101466, 44.38697779500177, 225.47176185616507, 29.57884204933381] : 0.0
-2.322982914399287 : 232.6124086369246 : [717.4044687871396, 71.48226957396768, 4.979071001661746, 285.6143122498545, 40.17263710866219] : 0.0
-2.228114292334775 : 2.673317011126906 : [785.5707843842981, 68.88588091651238, 27.907217598240692, 233.8200992998207, 35.17650466028934] : 0.0
-2.4625680736846163 : 2.4310862681955863 : [706.5049308382409, 70.69311103803011, 28.70583601955726, 236.28906516968163, 69.80310881199429] : 0.0
-2.457641278952745 : 3.032036984975031 : [706.1712693731386, 73.93411519717722, 13.68567418091087, 232.93810032289076, 44.61425374039715] : 0.0
-2.411905028524527 : 3.5867593766201202 : [722.6778816071752, 75.52115574216818, 2.7137245586641314, 225.6426250470939, 39.265356950949155] : 0.0
-2.0056912103245876 : 2.766529451640455 : [792.6400411319125, 78.11275613637866, 20.876375896821337, 227.38197781691198, 48.93727375104883] : 0.0
-2.2397246547230676 : 127.77849560272611 : [737.6110151311676, 74.17206086623001, 1.0558135886385536, 274.03772797983487, 26.37245026671702] : 0.0
-2.140068640035066 : 0.8387842796596873 : [707.502477089937, 72.94548024433598, 74.1669738586459, 235.50800980618587, 52.40304118998963] : 0.0
-2.0176364090289742 : 0.45811327177523187 : [737.5036572179515, 69.17116051004807, 90.37161664438153, 240.8938765731766, 35.64216244935268] : 0.0
-2.180946568563853 : 2.048967835216637 : [754.4334587164158, 73.13936303013347, 37.920077437656424, 234.25002231620718, 66.24589286198656] : 0.0
-2.325152764803957 : 3.51628748819177 : [760.700405514868, 73.55261855139977, 2.7623620170778533, 243.86518051920854, 67.76151917693048] : 0.0
-2.0626207468676694 : 1.7884726206372505 : [707.207892349791, 88.53161709145293, 27.69638919744432, 241.16256322475186, 50.881740951250734] : 0.0
-2.2230772606424942 : 1.120856187689205 : [707.8910543889889, 71.27746247517894, 69.26899514941377, 225.81566057557922, 82.4333246660338] : 0.0
-2.4435154104729047 : 2.9394530166589106 : [706.5221154674944, 74.07164646205385, 15.999357564432213, 231.57268881887182, 46.41359205958711] : 0.0
-2.255876235915755 : 3.1203976419946127 : [740.7203112780403, 75.49866864887866, 17.942708082000276, 217.29441970298257, 82.4962580252571] : 0.0
-2.2224696064374267 : 2.5363649848717 : [711.914652610056, 81.8725066956898, 21.54974812868133, 223.36340784532246, 52.01636862106109] : 0.0
-2.2494231281626265 : 3.101546992250461 : [777.7348802706558, 71.52628634120839, 14.603499021556452, 241.41820153938994, 50.97768856135012] : 0.0
-2.1650608899789594 : 1.7365991481227834 : [723.8575773584498, 77.2621565710764, 42.635466362883434, 226.50068118010523, 57.211220138840076] : 0.0
-2.295265860679484 : 2.9011981984568784 : [761.9875936720276, 71.37210839567902, 19.31681106831525, 238.7226429811369, 62.29517588169881] : 0.0
-2.1081918082944173 : 2.8706929233041274 : [746.5913451001443, 82.65610110896039, 11.773380270331474, 232.5640049086739, 32.840003579402634] : 0.0
-2.3411443908561655 : 2.8158247959927554 : [724.6703245007359, 71.74461343202532, 16.80609606609932, 261.3407810102326, 48.63574387700561] : 0.0
-2.302292580937374 : 2.5161942821823806 : [712.9124560983907, 71.99229360203955, 34.46046432074385, 215.54800917318028, 37.430185801378975] : 0.0
-2.013679289606167 : 1.4796499151062215 : [725.7491485579816, 84.91794312780934, 39.6388976175656, 236.4374754302786, 75.63294067569008] : 0.0
-2.1976534266590995 : 2.9301375099874876 : [783.4404472950525, 71.89904834041964, 22.724130573922444, 224.49655693115034, 66.18620852426639] : 0.0
-2.4657574693729893 : 3.6124770196642597 : [731.1632446661099, 71.73825224981637, 3.468604412781692, 232.27272411932842, 37.47628035470503] : 0.0
-2.1887524881780482 : 3.713707449314539 : [799.36152516143, 74.94016932409133, 1.330213283209752, 228.2553772430847, 69.11554529239102] : 0.0
-2.147393642335566 : 2.2728918860383645 : [743.8316292345955, 74.74115923291497, 27.782854258279755, 257.7058555383897, 41.883737240746555] : 0.0
