Fitness : Violation : Position : Miscellaneous
-32217.431037092218 : 0.501327405955335 : [78.00000000009389, 44.12318429638173, 27.000000000002593, 44.999999486873946, 27.000000000021707] : 0.0
-32217.431037095343 : 0.3849363179371661 : [78.00000000001613, 39.22939440504724, 27.000000000012598, 44.99999985197696, 27.000000000000757] : 0.0
-32217.43103709796 : 0.47496939679426475 : [78.00000000001394, 43.093015220823006, 27.000000000002792, 44.99999988184754, 27.000000000006153] : 0.0
-32217.431037094466 : 0.42615665920174095 : [78.00000000004354, 41.18523178983379, 27.000000000007486, 44.9999997670443, 27.00000000001178] : 0.0
-32217.43103709664 : 0.38493631693331193 : [78.00000000001538, 36.666506497204146, 27.000000000004064, 44.99999996886978, 27.000000000019448] : 0.0
-32217.43103709638 : 0.3849363169439126 : [78.00000000000932, 34.9210276951865, 27.0000000000024, 44.9999999676078, 27.000000000036355] : 0.0
-32217.431037095866 : 0.38493631898777697 : [78.00000000005656, 39.39334824620382, 27.0000000000016, 44.99999972967646, 27.000000000004423] : 0.0
-32217.431037096947 : 0.4315334280866428 : [78.00000000000344, 41.39537592946066, 27.000000000004782, 44.99999995982446, 27.0000000000225] : 0.0
-32217.431037093033 : 0.4864324225896013 : [78.00000000002342, 43.54103292559215, 27.000000000010957, 44.99999988287483, 27.00000000003679] : 0.0
-32217.431037095354 : 0.38493632977800196 : [78.00000000006055, 35.61383562473931, 27.000000000002892, 44.999998473275795, 27.00000000000294] : 0.0
-32217.431037094873 : 0.4673901641115445 : [78.00000000000028, 42.796790591423125, 27.00000000001676, 44.99999919282652, 27.00000000000402] : 0.0
-32217.43103709896 : 0.3849363177418385 : [78.00000000000252, 36.74056035191809, 27.000000000000615, 44.999999874776556, 27.00000000001098] : 0.0
-32217.431037097213 : 0.46212219197512167 : [78.00000000000895, 42.59089864997404, 27.000000000000252, 44.999999940276496, 27.00000000003348] : 0.0
-32217.4310370951 : 0.3849363176024525 : [78.00000000007147, 38.79522405544893, 27.000000000001506, 44.99999989097542, 27.00000000000297] : 0.0
-32217.431037097973 : 0.384936318303214 : [78.00000000002561, 38.33252396099897, 27.00000000000018, 44.99999980940867, 27.000000000006843] : 0.0
-32217.431037097616 : 0.42842895044649687 : [78.00000000000469, 41.27404139127813, 27.000000000003187, 44.9999999884485, 27.00000000001817] : 0.0
-32217.43103709683 : 0.3849363173855564 : [78.00000000002117, 35.008435340561334, 27.000000000003098, 44.99999991622313, 27.00000000001545] : 0.0
-32217.43103709843 : 0.38493631784007637 : [78.0000000000135, 36.185710739989666, 27.00000000000196, 44.99999986334228, 27.000000000003013] : 0.0
-32217.431037096932 : 0.3849363170381519 : [78.00000000003148, 38.8475052518068, 27.0000000000036, 44.999999956697195, 27.000000000002192] : 0.0
-32217.43103709791 : 0.3849363180886378 : [78.00000000001467, 36.73546507297189, 27.000000000002778, 44.999999834386365, 27.000000000006295] : 0.0
-32217.431037098057 : 0.3849363188356107 : [78.00000000000679, 34.95213626739315, 27.000000000000824, 44.99999974739352, 27.00000000001996] : 0.0
-32217.43103709186 : 0.3849363180788015 : [78.00000000007904, 35.30518090424612, 27.00000000000409, 44.99999983541289, 27.00000000003416] : 0.0
-32217.431037093833 : 0.38493631847667525 : [78.00000000001455, 36.84843231615024, 27.000000000010225, 44.99999978908618, 27.00000000003594] : 0.0
-32217.43103709687 : 0.3849363203178922 : [78.00000000000591, 38.74023154178467, 27.000000000008434, 44.99999957479048, 27.000000000005194] : 0.0
-32217.431037093957 : 0.4634597231128848 : [78.00000000007077, 42.643174341364855, 27.000000000004555, 44.99999978204673, 27.000000000007596] : 0.0
-32217.431037094386 : 0.3849363207180178 : [78.00000000003116, 33.51601520455229, 27.000000000010203, 44.999999528155975, 27.00000000001224] : 0.0
-32217.431037097012 : 0.38493631766679987 : [78.00000000003078, 39.24270638484356, 27.00000000000074, 44.999999883486396, 27.000000000014335] : 0.0
-32217.431037090115 : 0.3849363171902643 : [78.00000000005579, 36.505257335286394, 27.00000000000926, 44.99999993879453, 27.000000000059337] : 0.0
-32217.431037097645 : 0.41096841793676003 : [78.00000000000924, 40.59161880414119, 27.000000000003126, 44.99999988333763, 27.000000000013834] : 0.0
-32217.431037095295 : 0.42571898142696324 : [78.0000000000336, 41.1681257091205, 27.000000000000675, 44.999999507193664, 27.000000000038412] : 0.0
