Fitness : Violation : Position : Miscellaneous
6.005397562273885 : 0.29605957224408613 : [-3.7244692829120423, -1.8613810552578356, -0.6274792402541576, 0.6399871899458554, 0.2699152165444314, 0.4765561826940887, 1.2909394100877705, 0.7677839597319126, -0.45541646680584247, 1.1327464041570716] : 0.0
2.2725696277847365 : 0.059497376522139926 : [-0.14995192412463476, 1.3014072368703076, 0.3684987255424501, -0.11942587139729244, -1.3201464870315527, -0.18942174451327842, 0.11665949747572724, 0.24804292534710837, -1.370515898174898, 0.43280453965788745] : 0.0
9.616626036201863 : 0.054359074353072356 : [-1.3673135094071724, 0.3577271571441716, 0.3204962481726421, -0.7305512251281825, 0.4256183331187524, 0.01316803442890091, 1.0540715231975384, 0.6437187993945308, -0.39284197269896937, 0.8048622986632801] : 0.0
8.741156502406934 : 0.002205394557333886 : [-1.0701155718044646, -2.102880111409397, -2.1621764034417765, -0.7164838610447113, -1.0239456923362664, 0.32420618425831504, 0.8182438725039396, 1.8205380124768467, -0.5500374808265518, 1.4960867296025855] : 0.0
2.6280428260551423 : 0.0087926096592405 : [-0.9672772731882187, -0.03023904238069164, 0.32990524770529306, 0.7325882457928569, -0.1430211267218593, 0.8669881222678566, -0.2927949460789777, 0.9512420689048718, -0.6744016267798782, 0.8615071942703083] : 0.0
10.78014971276566 : 0.262388742830262 : [-0.6912930899793932, -0.8785318532252773, -0.7444915329122033, -2.851576754267155, -2.9367814421482965, -2.6959871181650676, -1.257705897988664, 0.5481412925561688, -0.31123952859006854, 0.9340247815944362] : 0.0
3.173159990359919 : 0.03666691965641773 : [0.08914765426273202, 0.8158369232820369, -0.26249858834961737, 0.38030898510151934, -0.9768777466802825, -0.5754028850599736, 0.3545669067232109, 0.4374882391245416, -0.672478329282601, 0.041253748437967586] : 0.0
8.173232258069808 : 0.020070555581683035 : [-1.0346326931783525, -1.9221378110255676, -2.2259372852599366, -0.1263923440467828, -1.0282964898548743, -0.5713717894307536, -0.09290011240851304, 0.6554053805256101, -0.9628804852820879, -0.0028338854414451387] : 0.0
13.749077924818573 : 0.05482602509233129 : [-1.7025370076668573, 1.2301489660542917, 0.4107318431328142, 0.7797614977893965, 0.06994099935319809, 1.3263107592709136, -1.1548999373102684, -0.9633230430717825, -2.628580365003861, -2.687975816453573] : 0.0
7.289483087397254 : 0.030212416437918596 : [-1.2712402021914018, -0.010366520177754968, -0.854924666130314, -1.4148284724657152, -3.455063723470963, -2.487257268963882, -1.798247747121684, 0.8100366448290532, -0.4759318890255624, 0.5270498426945447] : 0.0
7.147893819150126 : 0.051622468898822625 : [-1.5765915603177931, 0.5111910090358687, 1.3628773894475907, -0.311590647550893, -1.3081740093320633, -0.36477370886155613, 0.1969820623170122, 0.2156674704263306, -0.9100001431740474, 1.6587838903933179] : 0.0
12.538247204836015 : 0.03310867529982997 : [1.1101398336275736, 1.4372025441101774, -0.18847941335678797, -0.6354841917021785, -1.7428626902587507, 0.16290450743636975, 1.010432953365759, -0.08870361313609054, -3.348767294489717, -1.103546294692554] : 0.0
10.501747176611184 : 0.0684311297273658 : [-0.7507427951635866, 1.0143784202486401, 1.575998726910505, 1.9679656352789026, -1.1095165790259671, -0.3384947660145654, 0.18317636176632757, -0.7650218928013045, -0.9938490741182907, -1.012846380247973] : 0.0
3.5968152933425266 : 0.04069943067198034 : [-1.5480154166338842, 0.22338056449517762, -0.3036506750179122, -0.010589137235925361, -1.4438963917999303, 0.13841246835229226, 1.1059502948327877, 1.9716932134484275, 0.043407376062074676, 0.5588390654155401] : 0.0
8.174660236408164 : 0.15480241797226285 : [0.37561213045610886, -0.40348658027361783, 0.16766632316587637, 0.28616846376714367, -1.049653566947771, -0.08900594990351962, -0.7701734582808627, -0.6612887192393323, -1.0999433481880203, 1.905818567013084] : 0.0
8.097820412126486 : 0.44593646747276966 : [-1.3732817676723375, 0.10693274070087444, 0.6621546800724039, 1.014257064858356, -1.1571876842466542, -2.3172882203140333, -2.4644320062947465, -2.1238891409454883, -2.0422989011694614, -0.490385781225686] : 0.0
13.409100734112801 : 0.02773638936740791 : [-2.9537077388051087, -1.7520793768757725, -0.09758443185008714, 1.9784696780944522, -0.8778209455023814, -0.2034091316057951, 0.7473920865235262, 0.30175526339099124, -0.1445440528797436, 0.174576936006416] : 0.0
8.115894964727623 : 0.06180917262254309 : [-0.26207881069679545, -0.9967565795327366, -0.3507279563905563, -0.29517113380033666, -0.7359113072840423, 0.04110257839831799, -0.07162352382011239, 0.6441802719516312, 0.6608488675976556, 0.26509443777543096] : 0.0
3.480935933447126 : 0.1786657695901048 : [-2.0074884430001876, -0.6531397355517075, 0.021605695548410575, -0.07495441344896947, -1.114152244518097, -0.45300620723317886, 0.9563447229622506, 2.2119883857082385, 0.0934316102195778, 1.6469255361342328] : 0.0
9.717038410012908 : 0.07261828751978994 : [0.2133775617254905, 0.059909663800125745, -0.5745706111051678, -1.9708160795113514, -2.0725483839242074, -0.5200542114039948, 0.12479739100686182, 0.5869495033557088, 0.7918556413052062, 0.6670838373021002] : 0.0
7.907898531396506 : 0.03126007697494117 : [-1.2517905738889332, -0.7001293192350669, 0.511884498976316, 0.4014603270078908, -1.641251188055937, 0.07968913357749718, 0.29410971596372393, 2.3595592694382295, -0.38407414989784516, 0.7293240613788963] : 0.0
4.738268830235656 : 0.024599991974328845 : [1.1685314493806875, 1.1089430352243754, 1.4542485720650464, 0.14563637707008614, -1.4521610345682576, -1.386668872852568, -0.7628468397526263, 0.38722434591008836, -1.0670593383187246, 0.5513092256465764] : 0.0
7.278980839119705 : 0.02745466686001759 : [-3.2120503254687014, -1.96081267778327, -0.9962944968076387, -1.3491235690647776, -1.3405805734296168, -0.11375370308628607, -0.5447659259216656, 2.135846341262799, 0.8978353135377242, 2.204089718426064] : 0.0
5.8524310404479145 : 0.0014444069749701693 : [-1.7224197536657695, 0.6052474639028197, -0.011386206069016303, 0.3295684557291918, -1.3992667372912773, -0.031115264315522362, -0.4401742438934765, 0.7062250893289044, 0.07610102570631572, 2.467854262437967] : 0.0
5.792505671520749 : 0.018159815544590216 : [-0.8801108535681216, 0.4289941097834544, -0.2843780140936771, 1.3900319743803644, -0.3005320285690005, 0.4087273651772525, -0.054824361564463686, -0.06530857819335223, -0.8332951220078703, 1.3998957680060227] : 0.0
9.525846735412433 : 0.0059497328947242245 : [-0.8705005423965604, -0.33174961016646276, -0.9011974210108891, -0.04187362854367804, -0.9929270523564051, 0.5664483392872879, 1.0879904382424448, 1.4162271867073688, -2.4152786635866605, -2.3376470968633694] : 0.0
7.6662253663917355 : 0.018149296963692305 : [-1.1159690452275042, -0.60557616850511, -1.1431795281289785, 0.5336496070967683, 0.7996826363074032, 1.2516358714940832, -0.19138356883776841, 0.17798700439755533, -0.7760209219069916, 0.8899215038542548] : 0.0
14.23694141487039 : 1.1224802566994057 : [-0.5936336863741971, -1.0158423754002102, 0.06701731629229268, 1.8085928259108508, -0.5374939471431142, -1.0561276771469537, -2.015372807054764, -0.03285197140674567, -1.2379380946729528, -1.2093048573872967] : 0.0
5.752957841850204 : 0.02516054919382592 : [-0.6460384671318301, -0.07355578551272424, -0.6921467025318355, -0.5424404273498435, -0.8100244043460162, -0.33232265867188737, -0.33237933176436263, 0.30369889016543394, -1.577631202788249, -2.3846680389209562] : 0.0
5.002967197475945 : 0.11094277917096185 : [-0.39458213445629253, -0.027528465693432036, 0.3026389672079982, 0.4352027394256157, -0.25043465306343327, -0.08853500046498797, 1.4841958671077946, 0.8702080602401789, -1.142170958956347, -0.45424732258029565] : 0.0
