Fitness : Violation : Position : Miscellaneous
86.12662179763683 : 2.121657243335085 : [-15.090239596779298, 82.54745728798865, -194.05958713849157, 18.118091775385825, -80.99036407831949, -101.57261317088937, -266.0445564504396, 93.62360783110512, 120.50535333385552, -60.85357689973347, -162.6922044679393, -106.00423534600775, -448.74694111329796, -284.24009981021595, -229.99870401751366, -205.26824875892893, -572.2767276554185, 128.1203840238888, 1.7194394657473993, -120.78407701506477, 41.124292957498085, -266.9997093435726, -394.2280964406552, 76.62888701277248, 135.56805793112122, 60.34267612313042, -76.68492322012895, -387.51692105796053, 2.8481778280349346, -174.9633155655404] : 0.0
130.01408460667193 : 0.9310743794626433 : [-149.12911551235388, -415.7862058014662, -46.71919187893316, 67.4008076316473, 73.69224281539988, 53.18538364026631, -132.48327363996268, -490.7279742622237, -39.147674734055286, -11.122976892140798, -458.1860255580855, 159.37766076237466, -207.15910237976652, -309.8119903844474, -100.27280128800062, -85.81018739092704, -87.06660407111661, 46.75290619139071, -213.27175744615644, -30.911279021491282, -280.5829169638902, 173.58207473102672, -343.4613628623712, -184.04854648770055, -184.68714870146886, -508.87205800727656, 143.52686168413788, 46.18169820589449, -158.2057839598707, -24.228231994279753] : 0.0
121.89779949496688 : 6.264870892555217 : [-338.8288662572768, -257.69048356548933, 18.61186410850064, -143.22654694087208, 148.75189253510592, -221.22613601845188, -97.45502309304769, -195.68042270033257, -438.98206327218065, -451.65722295581065, -401.2987433340767, -236.9303921822829, -258.39347735701347, -225.52728966864976, -133.00010222912576, -430.8525325541342, -73.10269176684447, -87.05373279565848, -113.39960691252557, -493.6522903198034, -339.13889947887765, -140.78814114089886, 88.67131224272845, -127.44014260551064, -418.32043536376716, 180.64603861788032, -333.71393761540617, 115.89370751259844, 97.1185323334945, -320.21442912603595] : 0.0
135.90328005141436 : 1.7432505956796907 : [-427.55413393575617, 114.11978737029128, 28.476266599907802, 17.702162881158714, -32.9725505362743, 45.44502757750969, -523.8147160829449, -404.23309572398347, 145.2185404578978, 39.46507881713396, -28.40061072155106, 143.3534888523979, 158.15190583142146, -262.78359031550764, 37.39791946435753, -129.84532745888512, -212.27628911287184, 91.81300700191022, -211.52015082553166, -597.2710196382317, -30.87754673726863, 75.91836230448536, 44.04271486028681, 55.66513508585223, -184.44195647785517, -320.98383899384356, -82.324023354024, -398.8652901427238, 189.13649784645366, -243.06372553803868] : 0.0
155.649681731757 : 1.1762311261182141 : [-481.493134666105, -252.48331974272168, -118.18448588250007, -428.54636518276993, -384.22571568829994, -224.2162609180749, 11.572358780886177, -115.61877349831752, -121.86932826139642, 173.36598983789784, -18.295599859697006, -84.8156786274426, 158.8102367286844, -326.94094010462555, 13.494480027206635, -40.625085872171184, -151.20143498582252, -366.5091268557585, -335.46558083168645, -109.49245676825534, -194.78620349373486, -199.63319784884254, 125.21149909474266, 144.09609458226805, -412.93957012299273, 37.72339694897899, -109.67265868695974, -143.8857453873392, -377.20135401040346, -203.57162786946697] : 0.0
29.57755253365919 : 5.681234900294706 : [-13.49903160642424, -206.60761676857845, -227.35101610875853, -395.6990229167635, -272.84619023703044, -259.83041737077093, -478.87892183554817, -405.66436395304993, -82.48781218158271, -117.01648005968602, -63.07425577296536, -542.0682588259526, -576.4125641986478, -406.50166032458225, 60.59086143076476, -202.08568400716553, 68.53059920564787, -112.08822290081793, -471.5532397142257, 36.809417082644245, -578.8340527099484, -424.6750791809845, -216.9291261433261, -318.5970552321126, -40.77913226047457, -410.0777126708811, -303.9285686653626, -101.05096173696184, -149.06176758773933, 30.424120508965018] : 0.0
104.94290236406076 : 1.088689988083503 : [-160.93084181921807, -265.8152707155506, 156.8092287370839, -428.45530746222533, 94.45042607162844, 5.375112213577665, -168.86447459176034, -504.51855178596696, -331.07706186083993, -173.5988187634003, -431.8698293986003, -389.07388659089526, 117.92377679096359, -232.3597681533235, -230.6963721768558, 107.33578271460527, -140.6383781697627, -168.16710190026825, 21.878062663529363, 85.06707029650157, -586.6956790048155, -499.84175320888676, -263.00169982080644, -62.76582530910699, 116.52196891081644, -435.8452912913065, -341.0793033536602, 10.606275341809464, -36.94370983073057, 28.50184415259534] : 0.0
127.14392342556002 : 1.2611954364063966 : [-0.1034085699080265, 136.15159718788252, -106.89669780377346, 106.22565001701557, 45.98260303085769, -137.0512558522537, -206.55749784708755, -387.35870787543763, -74.84555150813762, -270.94564393734174, -447.82674584692245, 25.088164944441758, -237.80494523398661, 30.162760832303633, 106.35513402205316, -428.33285313438193, -525.4638658827142, -243.90844372314234, 38.425579792813906, -249.47932942501944, -416.62962035660723, -366.85178487447456, 52.6724278118175, -26.705065297292045, -42.90729875057974, -107.3371648028334, -152.4920091174052, 79.61642242801844, -39.93055436420883, 62.800058809665074] : 0.0
131.39428444006057 : 1.6682606316385669 : [-281.1810031255601, -65.78292974795654, -339.32618440990126, -272.59349632280305, -131.5800895225923, -424.7336424362901, -78.31840543016196, 137.82144107070732, -112.15531153710128, -153.02857108351796, -251.29594474534827, -18.335814257987565, 109.12532994899108, 43.258855629480905, -286.2946998179719, 16.563893094735796, 69.2965025142469, -11.886557957163376, 66.03996592919457, -102.84747275872257, -587.6061933217501, -156.73697832135917, -213.10465308018956, -141.52011889443247, 220.39057014355518, 15.613956942076413, -264.5609851700548, -449.895209147957, -592.6989110298872, -409.0475014910275] : 0.0
68.04954329678169 : 2.582835759525179 : [-239.91243445315007, -426.0943139671527, -101.0541329711341, -87.90506346926126, 104.44790548549743, -346.12605361429314, -555.60938235598, -388.2190205967935, -82.21400741133645, -312.0498285789887, -249.57949686693644, 85.0603275687524, -183.06637208032896, -276.9661989475, -125.62545054202309, 26.222127487840737, -340.7188440543448, 160.6196232914945, -207.0412509680304, -152.90617113133183, -551.8194204444756, -333.4706690107772, -104.60364015678684, -113.27486851805992, 157.04582900027629, 121.41213542639245, -427.8340855970471, -19.025625772996463, -447.8844770178374, -13.398149896903192] : 0.0
132.93072032758892 : 1.6888139486226437 : [-331.60096476527144, -276.5302467892682, 41.10526738846298, -97.95785919836987, -492.94530698510744, -372.76373013569025, 54.0280503348296, 47.56540010451465, -213.62178968632443, -408.4918595187339, -54.60691927470492, -106.13748227449184, 159.8973737023299, -206.57681874862072, 23.91664345152006, -36.13644279390472, -106.93674772256608, -79.02208905519356, -133.153230511543, -293.9777924246687, 39.14911152868319, -192.00569414176772, -136.61405550113668, 77.56457848034427, -224.24857183709472, 57.22744338333793, 100.27296087852781, 177.6225790524619, 71.38932882206493, -37.75463695359623] : 0.0
132.4831028112297 : 2.69292711725213 : [73.48227281756212, -192.18972475921754, 163.2338206803875, -430.1893146631593, -387.4140284611043, -258.9285541831604, -532.0875962253991, -78.91288094997516, -339.2506143559393, -289.26133701901034, -327.9785057303459, -566.7176666613684, -271.0082389366563, -437.71151984185457, -81.93730021546523, -366.46337278845897, -434.8143489696797, -104.99155972064204, 36.69075932056175, -6.1937192570020585, -198.5892845330993, -130.5457916524055, 154.63882506504712, -113.86215432678684, -429.4469498843637, 9.289328568373648, 69.04158030433206, 56.50067492250511, -324.2126482766248, 68.13840364896282] : 0.0
148.25052065262625 : 1.4095791103935453 : [-416.3406501777718, 31.512493675778686, 47.96717890222146, 123.45642384151819, 194.6529714846896, -104.6378062003403, -488.7293338764809, -179.54764194815482, 67.6502703184376, -107.34211871508043, 169.15737037674168, 105.86816710350286, 120.01998333265576, -88.38599231156249, 43.12867799097046, 232.60856031711944, 103.66142640751215, 212.48703535728356, -308.038028971218, -60.480223756216844, -117.85120832291197, 35.66780456283183, 30.063481907071463, -362.92468860557017, 81.26032742820081, -39.712305363977656, 171.01507073208663, -31.27190668585891, 10.052221155736333, -23.613813134811068] : 0.0
114.70332361361824 : 1.9776024600707578 : [-463.5677585004531, -11.25264201045448, -482.4897359721662, 139.0016932257622, -247.73286627195955, 157.81229800445217, -123.73582916519837, -53.267947562244444, -234.04046142648997, 132.41963171975908, -368.8107059684801, -96.31868340524, -364.15515912548653, -426.94433107841087, -112.54840089061604, -464.88830620806993, -71.25747255729434, 152.59831403503858, -118.47866401842299, -178.6275675274164, -369.5775039560776, -105.39323814693671, -490.0560056415759, -125.42602860034731, -129.6765393620611, -308.8867046689621, 124.0617705104502, 138.35714894826805, 101.86211063697868, -447.69342477512396] : 0.0
127.90203676816216 : 3.5550877078295664 : [-550.7361516144229, 24.020922257140256, 8.071199579896131, 79.47693105841776, 76.93132697935187, -192.48881764096978, 137.5955513941024, -84.05626110029058, 17.677987769046386, 127.2847172787474, -163.17847495219107, -95.25436459306552, 50.6422682702445, -204.97633444555936, -142.7563184751105, 212.26007643265535, 76.36382350314503, 51.79505556153251, -88.41346758865805, -137.74107944627428, -317.00668009765246, -440.5193577317991, 114.09015616561345, -62.725595097076585, 75.22873298765244, -362.31369583305536, -267.81354171390797, -316.8096202450947, -260.06361586055664, -171.40796200656908] : 0.0
44.63188566328492 : 1.6251903700174706 : [-147.2136819640753, -231.78015109052032, -360.16152531449325, 28.75921079441315, 78.35010704499456, 42.45780508941267, -519.7919151862595, -279.80609447262884, 35.256833104416614, -239.00839942582064, -54.36273687379597, -187.44245002998096, -153.9738912670424, -220.38440255914725, -142.25653405161057, 128.9899253277781, -63.62742721584601, -63.57375176326179, -253.34598928919104, -496.3004899493459, -312.87958685895273, -43.245777351477, -50.178124668487456, -230.20710706254698, -422.2700895662746, -371.7437194386415, -381.6331194597858, -226.84964545183414, -200.7832865362153, -206.5387727383001] : 0.0
117.71649583672986 : 3.334478755996479 : [40.57614599435499, -539.4240300696988, -97.37100814775977, -103.22120361454715, -95.64273341286395, -102.79706926708744, 161.11821018809542, -135.93910491898635, 56.594322608460345, -363.18053188412387, -28.88715662366633, 89.9720596715928, 56.880898734764116, -235.73544786579586, 84.94867248218361, -271.5136398505821, 146.1278464093479, -360.30483172103226, -465.7316100863829, -170.53411553212533, -56.22970103546194, -11.990850310756713, -112.77148465333339, -187.82521183074616, 206.71278154022446, 168.53524703015728, -258.5059425900795, 37.222711661027255, 141.2837989454103, 11.772960193857003] : 0.0
157.87756526780387 : 3.160708860418197 : [-132.25638288579412, -109.99234633220435, -378.35847011973505, 5.056532653320147, -172.74163791004736, -197.96363617487697, 153.86404575872393, 165.37455130127216, 76.43508888142804, -18.44175182820689, 118.03886091316414, 81.40539821951032, -37.61825302668129, 6.783606609809027, -371.5412785566725, -365.2963867846915, -4.094431948195279, -418.886516442966, -365.3373933080128, -417.7401035338588, -75.32365391511331, 142.52066684718048, -95.28148097727103, -94.85276561827163, -48.008713187845274, 87.61623933416536, -27.051788072012727, -524.3588471729823, -501.1418453618469, -239.10690621199575] : 0.0
72.92158806396881 : 1.0759800302669893 : [101.39234324200889, 81.92926182629131, -400.45242528316703, 11.82839871800887, -162.20626534243473, -109.42244158791289, -365.40617322290444, 12.21810867813825, -96.79166211985944, 78.50511436294454, 5.326334801107066, -76.44267184894869, 17.568382192092486, -204.70054612004074, -178.6619693656468, -245.03125618092162, -169.0514900002703, -19.23939123415269, -281.5010409785223, -88.89510980262088, -384.4850392562937, -79.27265983667473, -271.42572395222186, -413.2289099723513, -119.59819573869987, -405.4882364079412, -151.26230505792708, -488.97694651287304, 70.13131591946598, -516.6570077865823] : 0.0
114.82051485339666 : 1.2457327798657076 : [-342.0043442986083, -114.12814583323573, -45.999285856953094, -452.1783978259903, 18.9947723999897, -305.81677590742356, -84.91894137724387, -237.57285013796212, -434.43960134474395, -223.7923693730868, 55.517546626442595, -168.21266019648243, -379.6418116929679, -403.5739678239039, 159.1112264607429, -276.37056091625357, 134.45068804224252, -519.0258823366944, -120.03532228703239, -336.29970954041255, 33.42151827963213, 73.08452859878781, -522.2911902907306, 156.9670602932395, -165.59558998243477, -498.1961854610356, -381.02935304484527, 140.58741501503613, -178.0758699793036, -528.3655547644942] : 0.0
130.2798241499603 : 0.7831107183548576 : [-271.3573480173131, -203.1195065895818, -140.82128767422574, -405.0237145922083, -130.08253061901365, -575.8874790032603, -253.91517547982644, -369.82722584419497, 119.78722503461586, -4.139199202964939, -495.09095081271266, -265.30567081045865, -166.8416671447485, -257.4588183851386, 169.54471100186822, -33.091764219205544, -69.13574902073094, 149.6569342483486, -73.90653775183227, -90.91591074509716, 144.7258935947927, 131.87833243356613, -246.70066213277047, 108.81505941968945, -405.70059631863637, 141.6699555331574, -189.884303505456, -450.69533992949584, -396.0767736627213, 75.45146638275054] : 0.0
119.7154240484162 : 2.7374736061327734 : [-62.88601127125904, -14.119435948341277, -193.4521357799779, 161.0811288685772, -121.73947264389861, 124.74780490365862, -16.105390036597328, -414.93159452354803, 105.46298831469997, -396.02796410041253, -187.51461228527404, 44.9016258681697, -291.01927174551355, -492.2293359285747, -257.510277463188, -99.22365333543456, -169.7033183616324, -16.059040907665477, 5.86563526375123, -325.1504350539372, 78.4542390866502, -101.10557986698771, 97.72260107519533, -226.76432700083998, -310.5929370730866, -543.0283320285287, -445.94486730596594, -92.01201395838748, -161.67035108668148, -177.36239941409207] : 0.0
99.49095697096824 : 1.8898583961803377 : [-157.92845879168, -68.60582997844466, -307.6955750489313, -321.18123734182257, 127.50883742267757, 104.91963345054504, 98.54495481007945, -159.68705472149486, 75.48248882998917, 98.70582447656483, -77.0654345345367, -574.2189139769962, -14.167150524782826, -442.39595086623655, -2.8131622110312122, 61.95190107708629, -128.59177910746985, 118.37405304680617, -594.5075249346086, -86.71373084612429, -420.31496600180475, -308.6547445142345, 46.85660884752079, -90.79012150666341, -188.79169357264556, -243.63161361307348, 140.98340059428196, 146.52107792597332, -107.88047623961411, 83.7837812731731] : 0.0
107.37167530266962 : 7.915482080122116 : [-151.0314854262706, -370.5334998848878, 57.236501626974615, 60.05353682157238, 47.45180202184383, -350.1328213056105, -191.60107707585018, -531.1553716062654, 163.53897129074926, -43.36532319525058, -395.7369962112298, -174.916707465346, -138.55806636914292, -279.7693178752471, 138.06270076115402, -506.08814828679306, 129.29053391109014, -183.49684169888883, 66.46732367429902, -102.32905064377343, -366.98948040159314, -143.08952201261843, 55.448525315455555, 116.404154527701, -40.34044723112429, -217.0439041252592, -368.874142577444, -261.9296256024777, -37.670347452928155, -576.0000733058706] : 0.0
120.43868097753902 : 0.7888043179252473 : [-8.569413463629346, -261.330101824921, -222.48603656156538, -332.9171759844289, -285.7093946987683, 194.97210000236106, -135.60231593703708, 2.468639041344872, -116.25744100062947, -45.65663075182562, -239.63993476869535, 96.24426977138285, -476.8388961488968, -244.90607243899274, -27.070490224719535, 152.9657192876623, 46.17281695636137, -152.96753415857842, -218.67391847203635, -161.12852998405754, -100.88538441337842, -579.0790090225844, -488.0798397209088, -126.34836961310995, 173.82957423699318, -24.384154658194344, 27.27423703450259, 33.42110631677909, -230.13980628399648, -387.09457907920466] : 0.0
118.81468379546992 : 2.328064411083147 : [-121.21032315324287, -370.3178393870845, -119.272769209985, 3.0293659967275346, -184.05294381614203, -439.7202798961546, 34.25365742469927, -466.6574146886254, -64.7461910034195, -17.441297865945145, -21.581368859600303, -199.40470596482328, -120.40909837803815, -68.85375274957275, -64.0947633228007, 113.44669444014261, -493.5699870433449, 131.66445117898394, -568.8954091226188, 113.45993780651324, -423.4655840628305, -49.23259507264942, 140.97040604928733, 130.62843377113614, -302.4093056187762, -163.54156600827082, -393.9879807778988, -250.2854163679416, -308.8089814528237, 32.59284338053243] : 0.0
101.54983066202072 : 2.272799397717425 : [-95.99240403858417, -105.45375821703293, -200.19126346574825, 142.91553548218172, -116.64896063039727, -224.9276816776739, -74.92580642150571, 101.64944887499828, 137.43592267332798, -203.63253730117628, -52.04655811008976, -17.19645264165004, -400.19662361640763, -464.8515988916456, -480.4258157672198, -179.61339505806666, -260.77423363462833, 50.43358114476983, -196.18561636059286, -104.142860948466, -198.41349789346572, 112.5872334863154, -164.84385817555278, -364.7235401905095, -99.23564768006428, -446.57162388269234, -243.18908754019725, -198.22486310125836, -437.4464280785602, -257.68120673600174] : 0.0
123.15230126571777 : 1.1841089426705067 : [-40.055048033225574, -387.15801199325654, -164.50972417332486, -415.43500148389256, 51.82240962361787, -92.11347373895407, -56.94795959083291, -583.7184933038029, -43.903533406920786, 71.34328004011721, 99.74057884802933, -50.229065758762516, 74.02743927632903, -312.78309365451673, 154.10701964643926, 156.0455509602069, -179.29711052972152, 187.61107609386335, 126.97835929976524, -407.6471400654768, -456.4137547466249, -77.16792194005758, 46.15932918566767, -458.21860846705994, 43.15728794784644, -169.9967959501687, -4.562013546396116, -271.2481581172133, -35.91029880123972, -189.73723145217625] : 0.0
80.76849658356213 : 4.1133710447837 : [-111.2882109320525, -142.7123329527378, -125.25787506573289, -102.57369584889352, -327.632029723932, -416.44045825814726, -206.81586532739652, -464.42606158738874, 136.93579257164177, -291.28325009204946, -161.1908236362464, -218.99893289589224, -339.3621910303717, -161.35782856449367, -248.56828453461793, 35.404530531926525, 40.39511319566685, -153.98802948632624, -147.20782038302536, -183.61565900907559, -220.60592856067098, -440.4763259550961, -278.80019859709336, -337.6234014779167, 28.585638210967367, -468.233420651425, -192.00974808542134, 40.23893834064836, -440.4817860464928, 61.980793647464196] : 0.0
132.62333051425742 : 1.4247528289244675 : [-131.6274982517931, 2.978627221908148, -163.6541417358423, -135.83761471459164, -139.2801702034202, -429.73902411861394, 42.01382873280292, -315.328150260557, -72.48328399114729, 102.39237303869194, -382.0204655424502, -26.643680550967904, -111.13513654269457, -417.70686150920125, -490.76341657665284, 54.598884758522416, 131.21334564116933, -55.45020604180732, 133.00086115407555, -307.3962525791585, 17.525139941365538, -115.95677570678612, -21.03274860964939, 29.157736195494238, 221.61961621775203, 164.50862744377167, 17.47007856702004, -88.59941693715369, 89.12572780438029, -94.78904470289825] : 0.0
