Fitness : Violation : Position : Miscellaneous
-299.3111852270185 : 9.343483674212934E9 : [-31.556263260851804, -56.10987718260411, 18.0189179802672, 13.043531429548793, -71.02378307011577, -38.26044345153965, 78.04754719339607, -64.83889891211895, 18.57281465593131, 12.15197322270392] : 0.0
-359.8782627645898 : 1.0843763196882263E10 : [87.50726204309302, 64.7940988706678, 38.04689211041974, -29.063247757895255, -39.07083787578499, -55.789972001548215, 55.525405123436705, 13.933864351526744, 51.687387062526454, 83.23498336177727] : 0.0
-326.45361037489874 : 1.5001544369231276E10 : [99.18716966291767, -15.660282185899192, -59.57612690700359, 6.5626281029898506, -36.36067315589783, 50.093639916999976, 45.0408548863904, -72.11703360923045, -33.170122697794746, 76.4419874504778] : 0.0
-339.6833520805384 : 1.6844466627351324E10 : [-70.94520005908765, -27.466314033476664, -57.25763569851542, 30.73533498877815, 81.746430978457, 29.694881777697404, 89.61367338794926, 64.81566382521991, -25.425421629554634, -13.787985494150195] : 0.0
-322.8930633664953 : 1.305275870487864E10 : [6.2333353247641305, 35.89625258455625, 90.90757891017017, 45.338111590139576, 78.46876866042903, 29.920388780760817, 16.613388787596673, -60.712533994841124, 41.63792710950443, -37.81622511803474] : 0.0
-358.7395050987597 : 2.438268333911056E10 : [92.22826047302956, 4.339836752092612, -46.786733967463114, 96.3665875612557, -65.9181482831908, 0.4242963986915438, 67.66568641172222, -47.30952757400853, 75.30515165816283, -85.82053060772485] : 0.0
-322.77283244941225 : 1.9542873255429802E10 : [16.67503935402138, 7.260488637283785, -93.26048279326142, 8.892885135938663, -30.196058828026807, -71.94204860052179, -3.3434346877244536, -11.227806080816322, 97.74535043802592, 51.06329947586505] : 0.0
-361.160241514899 : 7.17373538097596E9 : [73.50701409423581, 53.324880796822086, -58.88340617974121, 11.129259787179421, 27.254760960225916, 64.77539415166076, -10.444524048153047, -27.608045065474478, -43.12400700353234, -92.96070918581722] : 0.0
-401.25471407765895 : 2.2316267145506012E10 : [45.046566044945536, 77.38518713497137, -96.24468551042085, 64.79031676583651, 4.000726300855845, 6.898487412723535, 75.35094922806323, -52.68901776527785, 78.1834637045956, 83.67704114727076] : 0.0
-310.842592084204 : 1.3690380433673616E10 : [2.406295435676668, 29.526084621899685, 90.13176503192659, -32.48271158758031, -30.206842224738168, 78.59055473760296, 65.06437180810042, 56.21210112163013, 9.693518364800099, 46.59592630882338] : 0.0
-354.1695990214401 : 1.303370621653108E10 : [57.92721354954493, 72.90000257917345, 62.14105064120252, 2.2962676202627677, 88.23787047322222, 24.485825961067363, 58.24209556372139, 6.106282764606913, -23.53649900489973, -68.50858806017047] : 0.0
-326.39677013187105 : 1.4572314867965944E10 : [16.919185662939494, -82.00091777145735, -78.82178011585006, -59.168344676614225, 62.97454256365853, -25.8501195218356, -69.43398160852388, 7.429832196328505, 57.66751542726635, 28.87976378899002] : 0.0
-370.8876880259929 : 1.3084059386891554E10 : [-59.41958461425417, -65.64695906447051, 68.05851019628315, -38.88799860049931, -41.39805739419504, -44.13210628311463, -84.12410240358588, -24.468775975680092, 66.63946133326066, 84.71389845296582] : 0.0
-317.1673993890839 : 1.5665997128386293E10 : [-58.981317982725514, -50.36410108003986, 57.68183318265817, -67.86526132683483, -29.64163393394805, -57.81307204805714, 52.351787631949264, 14.189081082431862, 95.65636783136534, -76.69692956724451] : 0.0
-287.93258439354037 : 1.1580869050978346E10 : [4.785976946101258, -64.25549645050373, -41.505292671665906, 64.76556169736759, 26.37981681432256, -85.9202950897039, 11.91061108541831, -57.6520754390353, 60.81752830914456, -5.921717612095762] : 0.0
-417.13379857450724 : 1.6211263726828325E10 : [15.233681298593837, -36.143773820491205, 62.14212670615029, -37.638249967334446, -88.2989969675352, -21.274574231851894, 54.54530580433647, -93.08670996589403, -26.974062900062716, 80.6950015807979] : 0.0
-314.9093453065633 : 1.055311415970983E10 : [77.84249376569132, 50.80536919511915, -66.39197299539217, -58.24567890956001, 57.25289670409427, -3.553332494069913, -12.702883678700243, -67.50724307250925, 8.447249207005761, 62.48060519600724] : 0.0
-326.8211895882009 : 1.6894951733713778E10 : [14.043853419232015, -55.13479009827219, -74.31407247299703, -75.29672854274865, -39.422102919549864, 64.52282734546934, -35.94411744930049, -93.60217668787786, -26.309830569880702, 79.55760945375275] : 0.0
-337.9793021266573 : 1.4190208832701498E10 : [45.47544549312342, -93.75173950248971, 46.76524851678698, -59.123552487778866, 4.215810236537417, 7.6037750675580185, -79.78334663076518, -14.826354531765134, -52.00848573410197, -45.25112460350701] : 0.0
-396.72654813166804 : 2.568117009807648E10 : [45.99671566628828, -54.985195889852314, 91.3459400019073, -49.513310951813864, 60.33197811615634, 58.74839874061308, -77.21042610346666, -95.5690939380928, 70.22247568700973, 75.71972522008805] : 0.0
-302.1004145947052 : 1.36835362657294E10 : [55.72705313787123, -89.31284105697553, 53.74188072726437, 26.467663212643608, -30.27381112276413, 79.27238838253605, -61.57102253741567, 37.308142668889715, 18.345250395504607, -52.20523272130161] : 0.0
-329.2993563369468 : 1.0092289465502258E10 : [-36.2946681192432, -5.086658748152175, -40.09458653552551, 77.06205849815646, 47.000386010119485, 50.68495947211401, 38.44136430772534, 43.641064652378084, -82.07596892406006, -68.7838969450512] : 0.0
-377.20233560068675 : 2.1054416709480297E10 : [-80.53117461041205, 6.367317322595568, 93.92189050659618, 78.64430313905117, 19.341309830981118, 73.04546394319132, 56.70141049215772, -55.67336908775806, -43.76248260857372, 79.24103813333903] : 0.0
-355.2431526738262 : 1.5511835966502241E10 : [2.881013827949708, -78.01436140230336, -25.932353223922423, 50.721994577246136, -50.72801628317492, 97.97953538837868, 18.896385346957786, 59.642534587782414, 21.863303363019835, 55.59935764822316] : 0.0
-328.65704925275253 : 1.3317280490044264E10 : [-82.29935814792105, 38.21492804700368, 0.5775686019580064, -59.004718087001585, 79.35138726978428, -29.829076134955873, 73.77235262055672, 33.116954243908815, -24.613949012725893, -13.066289664406] : 0.0
-346.25183921208145 : 2.095234988575026E10 : [78.91149523466049, -46.68519979295822, 88.31369122199936, -34.77972469581505, -36.894292093096006, 51.32521982714101, 85.82281069138833, 73.01788626851837, -53.86793157803902, -68.38142475657546] : 0.0
-334.5524124523592 : 1.5381736872916542E10 : [20.974276232661616, -73.08610180849834, -57.3547346329902, -70.89624147310427, -13.072910030044042, 66.24552312585038, 14.707707309223077, 29.734806671815, 90.60966696450339, 61.01320024532332] : 0.0
-328.3607580993291 : 2.2921920330257927E10 : [-78.83334332165346, -91.48717917352636, 60.84696896230153, 68.99152968155028, 17.16677301130302, 68.8082760618162, 18.134718952969365, 30.72836158635755, -89.75445476962791, 20.591789666998423] : 0.0
-355.6666517962225 : 2.3517673123837307E10 : [45.53533901855852, -9.347057468723904, -99.75564986586707, -77.94700431535097, -38.69029783337557, 81.23796237678869, 37.523226169768854, -27.479465888065445, -83.49242773908263, -37.45465878604861] : 0.0
-294.9077214457475 : 1.1589938370000214E10 : [14.076676875209124, -24.639491476207297, -72.2447842319005, 64.51784374005771, 67.80788460867578, -79.58503922890692, 54.932328480698075, -29.871752600616485, -1.108374004367427, -89.98993385290343] : 0.0
