Fitness : Violation : Position : Miscellaneous
24.516888934823232 : 0.0 : [-1.5478875019664855, 47.35929055391334, -30.703398284265496, -8.189431020803642, -22.467845009589613, -18.801239467664107, 4.287324557522297, 17.726569839123826, -37.94664152108196, -21.722617947865768, 24.478309827845976, -26.43701094317685, 0.06404076227648721, -32.54268655964428, -20.31254646908615, 16.173146069348803, 33.67864878927658, -32.79516682098363, -13.916489085363768, 24.49631130118231, -46.214259719219186, 35.32589831696713, -19.37196693089146, 33.870782847331625, -38.52270671034192, 18.293586173106256, -0.31267382199311045, -13.631989800653031, 14.012120633359494, -41.46861389382669] : 0.0
23.379066000106842 : 0.0 : [-1.5024041116984053, 47.4428200111467, -30.553511345252794, -7.961473856707281, -22.186909199969023, -18.548147959118516, 4.391297560990231, 17.739009712824036, -37.95216010160904, -21.708506884995657, 24.47792146659696, -26.42618357927142, 0.06905436402005544, -32.54112583863409, -20.30862359850019, 16.18790332817855, 33.671502992038, -32.78871251141783, -13.905310029223013, 24.497449600402017, -46.21368360261427, 35.327110656918435, -19.371325651380324, 33.87266579179067, -38.511128512986375, 18.298273756320835, -0.3083486053078489, -13.627556935368705, 14.009052967738828, -41.46407311075713] : 0.0
24.04543940998868 : 0.0 : [-1.5268021180094238, 47.39614956719443, -30.628370614023716, -8.070600260642017, -22.34090806821972, -18.700656969213284, 4.312128109342073, 17.72955277110698, -37.938931868610425, -21.728007875788094, 24.48758124710005, -26.431261324582948, 0.060123181577984894, -32.54062530505634, -20.303975954882446, 16.173825038385115, 33.68475969411092, -32.7913184215777, -13.908842525556969, 24.495689316897533, -46.215911121926844, 35.33349536516374, -19.372918808693285, 33.88190226149588, -38.51786276777905, 18.301571589662284, -0.298003166126141, -13.62059543266453, 14.015131617637513, -41.4692311626515] : 0.0
24.265083439566073 : 0.0 : [-1.5401620607162951, 47.38630398348832, -30.65254404383422, -8.117394442820947, -22.399671930790674, -18.755722017059476, 4.299124655614261, 17.731197751604896, -37.953867733105106, -21.717074692579054, 24.474635342348403, -26.433339386641073, 0.0742398744419531, -32.54237863027309, -20.311633738133594, 16.178101453000085, 33.66779659245704, -32.784342944582306, -13.915191178685197, 24.50244218724808, -46.2102304380644, 35.32907016847433, -19.38068877624336, 33.88190641435689, -38.52083433908221, 18.303733998459244, -0.2962570327766694, -13.638918136847142, 14.015695313460963, -41.47115449706422] : 0.0
23.713603688949235 : 0.0 : [-1.5161044950634754, 47.41908037705888, -30.58777643481853, -8.011641477557877, -22.263292226105648, -18.63147563117302, 4.3376799912307895, 17.722856876231667, -37.95088011355196, -21.722862905332462, 24.48060886329407, -26.43806853972704, 0.07322997351291906, -32.54505124004188, -20.306308467775718, 16.169971429965724, 33.67896885092105, -32.80018835298409, -13.911050025912058, 24.501310490674154, -46.21975426965964, 35.31858520916818, -19.37563442702679, 33.873020597893856, -38.52054188419831, 18.2960686385375, -0.30972029221549924, -13.622985585930788, 14.021952184753737, -41.461856745336476] : 0.0
24.06440514733699 : 0.0 : [-1.5300933679323685, 47.39799950998764, -30.63466121843898, -8.092126010577374, -22.358920567367193, -18.713345635481115, 4.306433070973206, 17.72291891085026, -37.952616900892735, -21.715774622643615, 24.479631186353725, -26.43272685647687, 0.07150527060047746, -32.5438697179679, -20.31264613451122, 16.18163984090006, 33.673390178153774, -32.79563247292491, -13.913397118870385, 24.502408149421406, -46.2135910956907, 35.33457483182379, -19.379215156398743, 33.87908973061205, -38.524730942418905, 18.29540316104647, -0.3079316655352551, -13.632716792085303, 14.014473652386858, -41.465664000619626] : 0.0
23.78998721409468 : 0.0 : [-1.5201043269413537, 47.41643491101526, -30.59812992160915, -8.024644974014379, -22.275499445459047, -18.662624326704254, 4.325675107446797, 17.729050793145234, -37.93911816052882, -21.72871176424647, 24.48839359306183, -26.436947849147685, 0.06262127296440685, -32.54854294565348, -20.305540223261577, 16.180764249899035, 33.68107431717736, -32.79960950095965, -13.912620628461976, 24.508364874834115, -46.22716110716929, 35.331344629308276, -19.3738656191833, 33.88014946725656, -38.525475045905964, 18.29930388947972, -0.30300047934149155, -13.624917042305938, 14.01671058301218, -41.47447085797755] : 0.0
23.636330491813712 : 0.0 : [-1.5167739366265047, 47.42650828049317, -30.581571435643752, -7.993418318058692, -22.244268497240387, -18.62843787519604, 4.351042672377231, 17.721434429210753, -37.942529351297175, -21.72765184308327, 24.4817124906348, -26.420908391975278, 0.06443873809589658, -32.55032727029884, -20.314321779965205, 16.178923554294528, 33.67667049525025, -32.79311626885567, -13.919051549970089, 24.497509850522093, -46.21086982071349, 35.328561006093295, -19.375360230149543, 33.87222031964244, -38.52317697941213, 18.30496014715093, -0.30685280943477056, -13.628768152078838, 14.012181365599817, -41.47395311581146] : 0.0
23.951522912009448 : 0.0 : [-1.5193795415443332, 47.425465707674554, -30.589498369566726, -8.03045579785347, -22.291119984213026, -18.679500633251056, 4.305643739916356, 17.71581129573839, -37.93970835367888, -21.72489538793946, 24.469846897118014, -26.42681208965688, 0.0665331481609302, -32.551258851314834, -20.29759281078051, 16.177781174615387, 33.679779437838235, -32.80338467992989, -13.911522268288715, 24.49646177302583, -46.22334062946072, 35.326870439831325, -19.37208523599057, 33.87303317018382, -38.52318710837813, 18.310915779555053, -0.3133846789519058, -13.635167520468134, 14.010005246309849, -41.45930515336116] : 0.0
23.626370081903257 : 0.0 : [-1.51601474289081, 47.42173851211753, -30.582365946898584, -7.993527316296513, -22.22322997803874, -18.601428446018037, 4.361531443086325, 17.725099756539525, -37.941572783013044, -21.712740214370406, 24.491187626807992, -26.437971710553278, 0.07774377523371864, -32.53134097637859, -20.309179038936662, 16.172962617549018, 33.68014654757687, -32.785541044923264, -13.910488893333799, 24.5031534616947, -46.2261091352901, 35.32393996577561, -19.3788138137595, 33.88307130252033, -38.51568747619329, 18.301703303256364, -0.30630008610297466, -13.619875239617468, 14.012443951697895, -41.46535117793057] : 0.0
23.475169452495223 : 0.0 : [-1.501802503764726, 47.437473502509825, -30.55405626774661, -7.940030699064334, -22.175694081134665, -18.54753884822415, 4.374687153046969, 17.740156456126943, -37.938322449886236, -21.71877520405731, 24.467559743538303, -26.428090886731376, 0.06885930059436456, -32.55572033947023, -20.309487448466093, 16.170925810879844, 33.66889099372314, -32.79283538559318, -13.914062132150278, 24.49894116173055, -46.221329479871244, 35.32418270887109, -19.38188379139511, 33.877311369841806, -38.51764647799476, 18.310024002914783, -0.30547190277723363, -13.618661915609104, 14.008275142399647, -41.45762010494732] : 0.0
24.69847198142882 : 0.0 : [-1.5632831336413218, 47.3382148134827, -30.719835279408922, -8.206786079954313, -22.480873478924586, -18.81396977279136, 4.289367242245751, 17.720689966930745, -37.94977819248457, -21.715160931341913, 24.472094150687756, -26.425238780335363, 0.07176436821944755, -32.552835135781145, -20.306077985283878, 16.175879352501866, 33.686025070200884, -32.792777610118435, -13.910854653775964, 24.501085074429902, -46.205586092456116, 35.32666204129017, -19.372060001838147, 33.88247108963459, -38.52254222087354, 18.29724447389402, -0.3022092696527949, -13.625423943685039, 14.022878426925098, -41.46614547659599] : 0.0
24.26434685353768 : 0.0 : [-1.5398661987680757, 47.38648321082783, -30.655690539803786, -8.120470874830522, -22.39758712254744, -18.75690796983463, 4.28787724479173, 17.72541553492929, -37.9639768600002, -21.719205881517137, 24.48469073082083, -26.424684535127817, 0.06441629828298755, -32.54138368327915, -20.308287929669362, 16.172483222405404, 33.66688396040862, -32.790439470176565, -13.91896412018328, 24.50295880027557, -46.22756282464333, 35.33103693398692, -19.379592471397245, 33.87396607152998, -38.521086185301776, 18.303411253179, -0.3068334591603508, -13.625305560202275, 14.023161091490866, -41.472489331535485] : 0.0
24.183998663187857 : 0.0 : [-1.5379168069024938, 47.38502124781484, -30.657589454178257, -8.118129785295112, -22.39099227729067, -18.741909439570826, 4.301208143164839, 17.724081589156327, -37.951359532643096, -21.7194507976674, 24.483470858665736, -26.43174469872981, 0.06412992453746579, -32.54786181212092, -20.31365397061374, 16.17480387359966, 33.6774919178431, -32.795090832210576, -13.917957029938414, 24.499157298153396, -46.21925105225787, 35.321223863309555, -19.378725407818834, 33.885614302319965, -38.5259926246938, 18.295867063390705, -0.3050595782500534, -13.62617803636105, 14.019039928172933, -41.46627282857107] : 0.0
23.78373592774028 : 0.0 : [-1.5235473401582165, 47.42126095051113, -30.586236046065125, -8.006138588000335, -22.25140910671999, -18.637722658471493, 4.322088744443613, 17.728082304376827, -37.95306623081538, -21.71715661351938, 24.482580410849902, -26.42641308723051, 0.05788370790143782, -32.54419910215884, -20.309038783363626, 16.185897518946735, 33.690010921885516, -32.79387211269868, -13.92259692136498, 24.49626757841815, -46.22746553787072, 35.34047869021318, -19.373798108980537, 33.86788561324643, -38.50852914309349, 18.297236463895512, -0.3084660114788028, -13.62628587882677, 14.023331621999283, -41.47058158010677] : 0.0
24.190796632203696 : 0.0 : [-1.5295499783637387, 47.40059557199771, -30.63218060510861, -8.095454084961887, -22.375387625027475, -18.747779222527832, 4.292997305006807, 17.716615231199835, -37.94982645680122, -21.72495420200539, 24.479559344763558, -26.431492547084783, 0.06090743942883333, -32.55003445535874, -20.31127526113949, 16.175178991315022, 33.67797353951122, -32.79809391363781, -13.909242631217362, 24.488871448226927, -46.21155506996163, 35.33617204855153, -19.38011794582674, 33.86571119856899, -38.52459432749605, 18.301140907772833, -0.30548546067024135, -13.625129420997713, 14.020666934075141, -41.47667062488855] : 0.0
23.999053000522853 : 0.0 : [-1.5130562472726568, 47.427474829621644, -30.590080341042714, -8.037265478784274, -22.307777876461223, -18.707082829079066, 4.300458477570355, 17.729791478920596, -37.94417383007565, -21.714352209040648, 24.483304348466582, -26.441581772707465, 0.07036231225189293, -32.54477515706074, -20.308114076839757, 16.1781117394966, 33.67680892079204, -32.79119650481594, -13.915215363651559, 24.504677577205054, -46.215279992703, 35.32911129471179, -19.37326360663895, 33.87809150708792, -38.52146737833037, 18.297843659010987, -0.3016164277332246, -13.618113040834896, 14.013766828360001, -41.46651788208355] : 0.0
23.790140211383704 : 0.0 : [-1.518940115148462, 47.41608984269144, -30.58991225325473, -8.022281705534963, -22.268396733811883, -18.65598065737251, 4.3295645495764, 17.726241093006188, -37.95273302056526, -21.709152075039285, 24.466786796445778, -26.427588877486713, 0.061705954774851225, -32.54802452046923, -20.303850043616514, 16.178721966296706, 33.67751636524311, -32.79174558025121, -13.921851364377368, 24.511231900607072, -46.21173908507424, 35.331423684954245, -19.37470634998686, 33.8777787309306, -38.51869144796518, 18.294832967515912, -0.301841285023188, -13.623855006388277, 14.007756161786352, -41.467163769259926] : 0.0
23.78575463794063 : 0.0 : [-1.5184247517638665, 47.420131067551, -30.596625425794223, -8.023726616966547, -22.276843608076238, -18.661669423883204, 4.311945104974166, 17.72534968804967, -37.95534206519121, -21.721926136305996, 24.48008497502171, -26.435358713820143, 0.06771482737268275, -32.54954454600252, -20.30483486731569, 16.18423768611889, 33.675128197712866, -32.78925884782541, -13.912369704229741, 24.503845803401987, -46.21325881698333, 35.331779406971236, -19.37894390155811, 33.87751393412251, -38.51403052157204, 18.299513585122945, -0.3087034093488878, -13.62563567781542, 14.016513400743591, -41.474319849811764] : 0.0
24.354331876640966 : 0.0 : [-1.5365612402588495, 47.378691747555244, -30.66930883305314, -8.139298692098173, -22.411615836242532, -18.769473327881617, 4.309138015084414, 17.731691636490805, -37.953162864776985, -21.718909366283505, 24.48724203261846, -26.42538158075348, 0.05570427233651394, -32.556377348206766, -20.304123962718815, 16.186292607363974, 33.67331803398427, -32.79466099047134, -13.92172187719716, 24.503201263846137, -46.22528905338315, 35.33080819185987, -19.379463238587668, 33.88332499560859, -38.511355432367395, 18.2874038669946, -0.3087070878234885, -13.626983683977882, 14.014987983106533, -41.47363684279574] : 0.0
24.018212708095938 : 0.0 : [-1.5265851986940318, 47.40122347603738, -30.63219912319889, -8.076483448336408, -22.337734725137025, -18.70816268015429, 4.309992079324671, 17.718777670900565, -37.9613850799134, -21.71996442238405, 24.47653872581757, -26.421712677662683, 0.0609525008042864, -32.538456128101174, -20.30864086554709, 16.178207966745745, 33.673056063331536, -32.78988897513271, -13.920028604185923, 24.497817539954635, -46.22666684706219, 35.32827223847927, -19.370504518648364, 33.883096588312185, -38.520925699785224, 18.29924898361766, -0.302520130111386, -13.619843747412894, 14.009664869414893, -41.47022406719792] : 0.0
24.03756563642111 : 0.0 : [-1.530458878932068, 47.40434752221207, -30.621722534196444, -8.065169389475054, -22.336978766212273, -18.705777359625205, 4.29840211770815, 17.72435204114878, -37.96017478341264, -21.723203896788437, 24.481243508125182, -26.432037035129305, 0.07632017240935025, -32.545955419630644, -20.300221259862518, 16.18491765751945, 33.66464359159623, -32.796389745299976, -13.917561192179935, 24.499722352656658, -46.21748345775023, 35.327602405632675, -19.37906685241731, 33.88054365838616, -38.52405697762149, 18.301788347643253, -0.30721550174003537, -13.623097557768892, 14.012099467864747, -41.47711606970131] : 0.0
24.021923573823177 : 0.0 : [-1.5289049522009184, 47.401645295241764, -30.633954351509335, -8.08409107248268, -22.34923434682031, -18.711781339857048, 4.310409858717362, 17.722666726570843, -37.95324306444486, -21.723617500137678, 24.482578579220412, -26.433273081913544, 0.06549819951659389, -32.55168711600881, -20.314038074984822, 16.173846447924145, 33.669757067826545, -32.79221003887172, -13.914818083838197, 24.496380753281613, -46.215290265674355, 35.33166389116522, -19.374936753512472, 33.87556509695213, -38.52682170346083, 18.305159321935253, -0.3027786698480207, -13.630319400418621, 14.01614350663256, -41.47161027287751] : 0.0
23.709628775630797 : 0.0 : [-1.5126976286941454, 47.42582148985734, -30.57983855397137, -7.995671813840248, -22.239519736563885, -18.634069114595256, 4.340525529294779, 17.725159492552972, -37.94522065838621, -21.71629722487173, 24.481460663558906, -26.421632723064643, 0.06220104289939911, -32.54285400763558, -20.31275995473689, 16.174014913912966, 33.66926271713456, -32.80596652361481, -13.91658335356964, 24.495440033819804, -46.21583787252339, 35.32852592554735, -19.377891700459777, 33.89841459101724, -38.51286960286943, 18.311038916098703, -0.30537400600532144, -13.627635132931577, 14.028913485632925, -41.46394010138167] : 0.0
24.57123290900849 : 0.0 : [-1.5532657306528894, 47.35044076044042, -30.71857875721239, -8.205227628929036, -22.4858976380565, -18.801778856427532, 4.291984182548284, 17.727042831642883, -37.943627733411034, -21.721209434741244, 24.481516915646157, -26.430373903580985, 0.06938945089308143, -32.54511914320078, -20.31744429885034, 16.177053520634086, 33.673806895152914, -32.792424525130755, -13.919046990656856, 24.498799337682, -46.224709170874775, 35.32188061592188, -19.376243418888617, 33.87635240421848, -38.52003843811834, 18.300088860598876, -0.3071058947184926, -13.624166316149411, 14.011532593344311, -41.464949648015605] : 0.0
24.236370842596788 : 0.0 : [-1.5357658206412113, 47.38887288213648, -30.64417521696594, -8.103031861509098, -22.36507934545576, -18.737174269239965, 4.2938107517826, 17.736039036653974, -37.9452344847178, -21.727643495506403, 24.47186418046706, -26.43378277803321, 0.05614675205490739, -32.54386635913737, -20.318096197724465, 16.176834493826128, 33.67184241807218, -32.80273532863555, -13.916646167904618, 24.4983587744865, -46.21581321545054, 35.34039455677704, -19.36017453592111, 33.873741732718486, -38.51518273729201, 18.300809372495134, -0.3059129569233022, -13.61895245966362, 14.013088597820673, -41.4756997966997] : 0.0
24.452510289199605 : 0.0 : [-1.548794475326457, 47.36100545552766, -30.690824080602425, -8.151322014808677, -22.4289354783479, -18.778292126782567, 4.295001033692039, 17.723113961691958, -37.94358564394743, -21.726050323427565, 24.4805898585963, -26.43378671273997, 0.06318344540506007, -32.54144517786703, -20.30996724473495, 16.17565622542718, 33.677782183592086, -32.79503468472326, -13.91632486814471, 24.49808325877141, -46.21487705129827, 35.33765979520538, -19.380672876072012, 33.89223369661828, -38.511628721655484, 18.301009836785703, -0.30296902774633394, -13.627759994205247, 14.016332164253459, -41.47472270519304] : 0.0
24.295257722844838 : 0.0 : [-1.5423608759541452, 47.377237522466594, -30.668803416228485, -8.133509676811101, -22.418286778030122, -18.769695427339116, 4.294044046508948, 17.724720373451987, -37.949148218361444, -21.716807746028525, 24.483246194908062, -26.426657606618775, 0.0582943368822369, -32.551431393566574, -20.31186365525401, 16.181824574836753, 33.6761861356654, -32.79979399728062, -13.916621135265524, 24.503193796313106, -46.223291292521786, 35.33063738581319, -19.374985869632116, 33.87961852219615, -38.52231278168528, 18.301991817453093, -0.3135600018740297, -13.624815385102831, 14.017087755162057, -41.46623191887791] : 0.0
24.197944324278357 : 0.0 : [-1.5302681378241663, 47.38218203535012, -30.656377833943342, -8.109325460960958, -22.379072522275326, -18.737179118597307, 4.2988922892882595, 17.722036874868206, -37.956720852566264, -21.72087952535356, 24.48225106286137, -26.437802336805188, 0.06124845980981895, -32.54790090840366, -20.304017325408566, 16.17368371576312, 33.67228336726012, -32.79466742709461, -13.916758181633265, 24.495194027537266, -46.21709111524946, 35.33185075749223, -19.37970727194969, 33.875587202124585, -38.51086386435396, 18.298588701114078, -0.3036940369211808, -13.62663822307805, 14.01480214129941, -41.46792361602238] : 0.0
23.458126783204467 : 0.0 : [-1.5068530400516527, 47.43650365344095, -30.566786183825783, -7.97357174749326, -22.198269131106315, -18.578840062954534, 4.368597599578403, 17.728043802818327, -37.94950306167961, -21.72429046005919, 24.474305897679375, -26.438274124435964, 0.06309672282077977, -32.55716240195137, -20.317078596035145, 16.184023798281117, 33.67353490034997, -32.794465132456466, -13.915523533853218, 24.499951161206717, -46.20616018651036, 35.327670641224984, -19.375248775031842, 33.88811771719449, -38.515266564312654, 18.297040822114095, -0.30509714602846233, -13.62402810781367, 14.011518430383095, -41.46142119048281] : 0.0
