Fitness : Violation : Position : Miscellaneous
-138.7242242889624 : 128.83092930093682 : [1.5157444092130774, -2.3472669158818587, 5.679432195297451, 1.715285185485257, -6.211640389895079, -4.761222279755364, 5.346847861649177, 0.12596316935638185, 19.917654728203452] : 0.0
-84.0154652605341 : 96.03855069216219 : [1.7583609604012906, -6.661832376270391, 2.8385070977818794, -1.840506779521332, -6.733693916882906, -5.168237784681224, 0.9577233820516806, -0.3358518779780262, 15.163313136109712] : 0.0
-86.81684128916898 : 73.34551844443158 : [0.013006059515774382, -1.0940773550878407, 3.0739353325375838, -9.750723266083238, -8.159944807231964, -4.246780997154285, 5.955570385771638, -4.012460568490422, 10.002235799877733] : 0.0
-87.35378764991688 : 99.57061589992782 : [0.04065043038122518, -1.1847629763061498, 8.396618082787658, -9.893496999523721, -0.426770179361057, -5.910930889929427, 7.7863230669496595, 8.071379712182573, 13.892843765936128] : 0.0
-175.654847386375 : 133.2029968225525 : [5.540405534789374, -6.867297110811881, 7.638438239166298, 3.3751420956153595, -9.488051413519736, -2.611057703813316, 5.54411499852088, -5.035518641365613, 12.723059684309376] : 0.0
-79.0123962865545 : 109.09613796044806 : [1.3538703385989517, -5.7529314882889215, 8.002562454526757, 0.6262978646387614, 2.0296063865473535, 0.8747551303917582, -1.6194263542826612, 2.6987781917115967, 17.452767572287385] : 0.0
-72.7911836530719 : 81.38922624711543 : [-8.900761230497292, -3.3000572422599292, 4.9978409530104155, -0.48645709112296753, -4.380943798244063, 8.427678835090674, -8.072081257734824, 4.836129428470095, 8.30782159728386] : 0.0
-121.10815452741117 : 101.0776621442641 : [0.15064944179446116, -3.343200993139037, 7.733474981311449, -4.859767859436836, -1.219530222155301, -9.827543132713515, 8.70685614516902, -4.274858256837373, 14.108508048965122] : 0.0
-152.339752245853 : 171.72127239353904 : [-4.791377072828411, -4.282141808703028, 5.210109846428136, 2.9769031382943467, -6.6000381614840204, 6.260395385134508, -3.3249403289349004, -7.752379863111132, 19.021869713636594] : 0.0
-83.82479237404416 : 97.09675612265625 : [2.103195545671543, 4.937816685670306, 9.89428908711632, 1.7869448356360058, -3.841759273789176, 1.8989948700181483, 9.499769091589716, 2.4427031773877204, 17.484778745852022] : 0.0
-180.51692938022546 : 157.64854011967716 : [-8.771585532075974, -4.6755006704400515, 4.103903247680227, -6.365252212031159, -9.181426090776966, -0.8343235523567798, -6.724571883554294, -4.622146380130743, 18.756424409755294] : 0.0
-111.99181468770546 : 131.31248658572866 : [8.997688317737321, -9.37095708662433, 4.8334641560733935, -0.16498632291533077, -6.624295622723697, -5.310561595098374, 0.5608227396889394, -3.564824309507866, 13.404121651362987] : 0.0
-94.849961509972 : 61.416051240446464 : [8.518810045231074, -9.982428417049562, 8.105923666482887, 3.129358780014275, 5.710411621014204, -9.029759716932189, 7.422905688496069, 1.4289163644502452, 2.8962291742319035] : 0.0
-97.607040153315 : 124.76944692584681 : [-6.121086006857272, -5.7963561174366145, 3.318686001810872, 0.12255384342597431, -4.938510480232463, 8.514717688842204, -8.678117663748486, 4.633316118890736, 15.225254179388497] : 0.0
-138.80071164347453 : 116.57687340009309 : [-1.5212523045984483, -4.737890804424394, 5.517080978117919, 1.6207602458347479, -9.315046115125886, -0.26784820063949333, -1.7863655375806067, -1.327318578298781, 16.318773485395685] : 0.0
-187.99209205523482 : 168.5465769919365 : [-2.093466253214804, -5.5280372344039925, 7.286708608350633, -3.231103427034302, -7.83846361397853, 4.3015628976764155, -2.4536880919298953, -2.4487715055333883, 19.78089751445173] : 0.0
-105.45254424346557 : 107.7600671637032 : [-9.152124163426524, -0.472560254110582, 0.604428055442729, -1.5035377373805194, -8.595279099852398, 1.707849580130742, -0.4793570524046826, -5.010076267359642, 16.628488233597828] : 0.0
-123.68222507101403 : 142.25997938659086 : [-0.4239245424601634, -6.9525341503105, 8.36771123731706, 5.041129128725715, -2.4794686007484046, 5.871703623737265, -2.73949080561039, 8.409344202977266, 18.07750402455426] : 0.0
-137.31788375650422 : 137.6829271142738 : [0.771015769313415, -4.490663821323972, 5.262911700896512, -4.0345251136998765, -9.11323936595626, -3.0903898534371876, -5.729019585238371, -2.9045503652057043, 17.06628728052197] : 0.0
-104.31256672830511 : 100.2505031423093 : [-5.79003428438045, 2.1367676647164444, 6.3368798948611635, -4.766805164565923, -5.433225643536517, 1.1556944997306395, -5.56715304256719, -9.786222781680387, 11.466415744516334] : 0.0
-153.285939161042 : 165.41471091424498 : [8.850701195410913, -7.877867299492676, 5.356317271399922, 2.3993045211471222, -6.920638217883641, -0.5556728085717175, 6.2390637986073285, -2.2409679050104048, 18.258939540337828] : 0.0
-115.21716443117354 : 94.85655025294244 : [-4.1464013400657755, 1.6397645646843024, 5.195437207414632, -5.147059381070687, -6.9863531051320304, 3.248888425865717, -5.5226693393312924, -7.9683875713965024, 11.820868635455625] : 0.0
-109.82670605618497 : 128.21051339777543 : [1.72801997839899, -5.459728913108563, 5.039328507640093, 4.814416918267099, -4.385938053844987, 2.1777688849083505, -2.797218506877752, -5.315425241370604, 16.383177458490202] : 0.0
-108.54559315609207 : 128.8089965628662 : [9.415721541146866, -0.09232715492220933, 6.680184647866433, 5.832747524274054, -5.519001394686067, 3.812531677521025, 7.441934620531619, -9.671876086726707, 11.193239512501464] : 0.0
-91.72106823692064 : 92.29902195083959 : [-7.316805137127216, 2.594579280395017, 4.801310972467057, 1.678768328729312, -5.299956546379702, 7.456751187590973, -7.282486355010171, 2.0670378608595565, 16.318176004330752] : 0.0
-81.46365443681483 : 93.91711138301284 : [2.8272249007081847, -3.790306241349227, 9.931361838953897, 7.474049763029466, 6.331660566744684, 2.6460665981968408, -4.627909992963012, 7.500810714721563, 12.338590810636422] : 0.0
-141.75568908039187 : 135.72183819451885 : [-4.115269007037412, -8.242022395494226, 6.175710374299985, -7.486686838800147, -4.798302414558663, 1.9685859323407917, -4.891369243815376, -8.659273190036249, 13.725372422400845] : 0.0
-155.52580917370565 : 155.84550343849534 : [-7.765147020008145, 9.701900000040993, 2.9756979655331364, -5.7158205210383395, -8.9810447929995, -7.825490925969998, 4.103641358471695, -6.918463595463794, 16.834795241045025] : 0.0
-152.77907658422515 : 158.12617458219364 : [3.1068038802118974, 0.2937983612533923, 4.518399896231121, 3.5856475621386874, -8.167176051000526, 0.2223892502911732, -3.3850973024408324, -8.716825213405862, 17.642170402852468] : 0.0
-96.22899942194225 : 121.78494898392675 : [9.419021244797513, 1.0376365931693563, 7.6874433044543125, -1.3509477700979229, -8.350433268411845, -8.729486907163118, 2.9674460580919213, 3.74503250594948, 13.625727732468128] : 0.0
