Fitness : Violation : Position : Miscellaneous
-2314.6146554429115 : 1.624182391158414E11 : [362.6984366373666, -274.964436291525, -187.39704114412015, -700.6816145981479, 94.42446804680212, -20.42202288804377, -62.47215287382409, 189.31407233837257, -471.8227629589365, -657.2427586081365] : 0.0
-2613.8770616843904 : 1.677312744863242E11 : [-684.2502996159656, -447.7778933591387, -193.23590594908273, -7.060054227508488, 348.0144707867149, 142.92089747802186, -443.6446628947757, 382.8600691420352, 80.30421653836285, 907.8185921577115] : 0.0
-3179.424664118378 : 3.531885596448601E11 : [-382.7075358129795, 441.6740801647981, 327.2360610274601, -653.4318017041395, -770.6835603213864, -239.64692178371573, 132.3329712120107, -370.8302150635076, -469.2207195527674, 978.1586306577943] : 0.0
-3499.883165357281 : 9.523363137355751E11 : [854.3557403550606, 17.85186204159868, 914.9040051970228, -467.49884416481405, -380.5610470317597, 409.1834175786539, 845.5855656883458, 665.9011991308819, -43.49089312783468, 910.8876431816732] : 0.0
-3106.49526757539 : 1.0718660547736068E12 : [337.4709598363201, 383.364014787262, 636.9861635028942, 905.0930562874505, -2.5058226763039784, -842.4043938005777, -993.8240502208923, 613.3746476298168, 261.052669436268, -712.345247727315] : 0.0
-3132.579181354302 : 4.56922539539881E11 : [585.3542152916987, 103.93888957509489, -661.3721735357653, -456.6107942215444, -756.3072630940508, 63.77056682120292, 628.5095152488445, -390.56888791125857, 240.48188461439258, 944.0777431063925] : 0.0
-3374.4335023094923 : 1.482411979917767E12 : [-661.5927070451821, 866.0447720675473, 565.0592028762671, 918.09043291023, -170.0834004003135, -634.4085594878251, 879.9984465537686, -515.3329789519289, 786.1481336753509, 978.7140854419024] : 0.0
-2424.656736185498 : 9.988213101229906E11 : [74.08159463901143, 553.5101670763371, 374.54593983935365, 257.2051018970817, 297.52915878939893, -469.57849602932527, 897.936400598184, -955.3891232335386, 462.5159202772087, -178.65964230455427] : 0.0
-3019.8773281626964 : 4.0040668613636646E11 : [-750.1614533967829, 104.35367853778189, 614.2532766101822, 652.7670987465453, -167.73385356259143, -303.81487959583217, 505.1467571035146, 591.6780402726563, -425.9338662419663, 908.1399484141004] : 0.0
-3118.567586508171 : 1.2453011570713909E12 : [916.1523515602892, 485.2160803062311, 200.2869121550392, -482.82549050778323, 282.3643897541806, 548.6690156427526, -758.8183388600527, -987.7233849648113, 57.787880071302425, -361.68083740844753] : 0.0
-4012.19901296276 : 9.755080831066039E11 : [350.8094885784764, 469.251859135572, -667.3147435503188, 971.7750997524986, 787.1159938163348, -494.1790766030801, -35.49743018226616, 572.6783599655516, -778.2312727888883, 928.1085110682227] : 0.0
-3599.6027337373 : 4.803385921378863E11 : [59.85340446607063, -740.5125162173158, -364.7719520427775, 624.0410094081858, -404.30558444931467, -855.1151502211288, 145.60748555839632, 626.855879049014, 549.1782511000115, 868.4536289387305] : 0.0
-2793.892509751422 : 5.129826658942357E11 : [-704.4993295937668, -273.5897297076324, -359.4714498708787, -23.767686537014598, 598.8939055597509, -476.64545391256354, 855.0390008424134, 23.503103701810517, 90.74127354434933, 141.10710329138465] : 0.0
-3047.305700125512 : 7.336798985052272E11 : [608.0568441191315, -418.3853402425634, 596.8205853481876, 795.2746405879054, -379.31068027665117, -275.7138738387143, -158.17335209035787, -654.8622165432585, 838.8933316441855, 974.168205864738] : 0.0
-2967.5272864867143 : 5.852583183798661E11 : [65.78485226052703, 17.565113243706836, 904.6348880054165, 240.93824169620655, 572.6837243389023, 430.5265677383752, 313.81768072317914, -670.9795011333723, 534.5182275131988, 278.40925302603193] : 0.0
-3119.5634633860413 : 1.648750643991003E12 : [-699.2546409153559, 905.2868183775583, 959.2329094716508, 855.7448060399292, 733.4583650016956, -842.7612607194261, 23.593366851591316, -398.7811912304144, -762.4394636395186, -467.69932744186633] : 0.0
-2687.592885128048 : 8.175750255371425E11 : [620.3009749312189, 740.0095437911161, 601.6496302978637, -130.93166044570398, -648.44380475058, -188.28017446914248, 120.98614613643844, 921.0280785147497, -761.987770574465, 352.97400492340114] : 0.0
-3362.7058046579505 : 1.5079324206402783E12 : [921.9242304132895, 211.71755187843655, -641.6622078805343, -762.1968431520673, -336.2767716948109, 747.900846455497, 907.3593214049139, -216.9340309967556, 818.6601169388496, 82.00571566845656] : 0.0
-3241.464680292969 : 7.018622857678071E11 : [-730.3281069768723, 71.1278759536001, 686.7825201978558, 584.2506856486079, -464.2978074175792, -516.1055841767839, -653.7123743976907, -380.68426389809053, 812.5044814317878, -380.8586916369927] : 0.0
-2934.2530495935666 : 4.8604841327707306E11 : [180.34548949240232, 74.3557248486267, 131.27272181236253, -733.0768307300343, -737.9007150617717, -295.7019324027785, 501.6188960308274, -674.145633055759, 251.59421979119622, -43.67908304802825] : 0.0
-2674.423933764846 : 3.642284437749201E11 : [849.8650461501343, 487.2874674273089, -370.96872457260764, -96.99757043016973, -226.2442206247888, 204.3051868834911, 41.24445026278954, -15.05799391694461, 557.7748822110992, -996.8037938156571] : 0.0
-3083.8711564026653 : 3.914604038553496E11 : [-368.2549436319705, -123.38423230557919, -177.86063745961224, -402.9753123937594, 300.71356656143, 815.5238523836283, -379.78853375932874, 400.56533515106327, 281.1860627692048, 983.0336028318983] : 0.0
-2846.5259501232595 : 4.34564784522171E11 : [924.5331312388578, 544.5905708323401, 312.7900192101959, 346.72426661525776, 277.10942346566696, -21.56972881346485, 42.383498169433345, -360.1850842737606, 275.01463058436434, 630.6953183325561] : 0.0
-2627.0412470915426 : 2.0966436458761774E11 : [-375.38303254085844, 280.2168610752561, 340.0907323039928, -738.6138449999714, -231.7021774165877, 205.1635615892568, 300.10083163585466, 333.9113214894344, -393.6761054647262, -378.87158628589356] : 0.0
-2951.980473498941 : 4.7858279894204175E11 : [-673.5558639999173, 793.0576440472532, 306.9502644044705, -19.545008800572077, 289.3597351092526, -549.1819040018644, -249.4760312673061, 562.0507681557845, 488.23149974819285, 360.3770653201202] : 0.0
-2868.2753886510304 : 2.3389446008189612E11 : [286.81864046919486, 223.5939391300297, -359.46495581734257, -63.514427819003416, -698.2313767995694, 216.79263386288324, -210.20035330921144, -602.590265619611, 244.77305066972949, -745.048903097589] : 0.0
-2583.586524163572 : 6.661745612385239E11 : [86.08627122944404, 10.63981214416222, -391.39749732825214, -258.04167361770135, 563.752557154715, -551.009317750885, 610.0385932309396, 995.0866306067908, -725.3065731572146, -368.67603740582956] : 0.0
-3403.119896512154 : 8.598277591453518E11 : [-657.3643419364203, 169.067569834363, 360.218385001913, -374.01563623685274, -398.4351088491993, 510.3076513052936, 876.5779684146337, -723.6399378091494, -788.2803921295878, 289.81386823573655] : 0.0
-3111.3741852771836 : 4.456688549387893E11 : [609.4515398984274, -269.36628069554735, 342.49478051414417, -424.43186283881556, -221.58034359262365, -115.18835669589987, -726.232399249863, 325.2654511468405, 782.3463931912747, -649.8294221218318] : 0.0
-2536.9585615784813 : 3.772339479990791E11 : [-419.0835563606905, -147.59882964754868, 317.89013292657245, 226.69567331326502, -209.5998062902807, 762.0150767173004, -432.2446454994971, 487.9389944316879, 542.5028683783903, -679.9301608587651] : 0.0
