Fitness : Violation : Position : Miscellaneous
1.0974024583315964 : 35.33828945360125 : [-1.6639704337419072, 0.8782362129018817, -2.311362215133034, -10.45226724278849, -5.62065696482428, 8.661618019814346, 8.652453289671495, 8.625928729257005, -4.470152230343665, 7.668562782995553, -0.6887619876097861, 0.025300743629471656, -1.7980858163321478, 6.94220321875301, -1.0915380872476579, -1.404492643526388, -4.106762332983068, 6.477538592068929, -7.839005125443596, -3.6649467796290685, 6.18583466361474, -3.4184496544106935, 6.953420583406698, -8.136736171910297, 9.695195322111017, -5.751458726825383, -9.310778900519962, 2.6674907992548182, 8.991468431611704, -0.4058185123937559] : 0.0
0.5469663461950443 : 0.5021232453371718 : [1.1736475851434227, 5.801878160522524, -1.1476440255441327, -5.277748917946482, 0.1674224013500114, 9.593678478375192, 8.43082441111901, 9.418181187235136, -3.552160779492001, 6.286856534121743, 1.219778257608415, -1.0004216648556197, -0.19305486325052057, 7.1419258960288605, 0.4856666799507289, -1.710458881167012, -2.230653084762568, 6.818428826926045, -8.94826919708408, -3.5054093540398927, 5.871444452841844, -4.419920127258726, 7.431959860941062, -8.695188928636092, 9.54171501270121, -5.968688175141511, -8.718508815288281, 2.5226862984382445, 7.860068792027027, -1.1158152603330427] : 0.0
0.6040379207523375 : 0.2553297534560503 : [0.3275255369931251, 4.4563950252894315, -2.1553174276675926, -6.23125890352032, -0.7353339202827571, 8.97646896745478, 8.494362099229392, 9.72352725597425, -3.2831999556787865, 6.848549658248116, 1.8036669305939066, 0.07959131858730481, 1.1626321460331215, 8.465720693587045, 1.9484101305185864, -1.2856159334376531, -2.172853876325569, 6.505577613740958, -8.782961942381739, -3.751522969600325, 6.296334173534692, -4.491485606852942, 7.363090160282523, -8.765877030428623, 9.2128115453277, -6.285168197053026, -9.16280192350477, 2.1352137575054533, 8.38355072302387, -1.0323830890713122] : 0.0
0.30225629157723 : 0.30239641901512093 : [0.8823858470673386, 5.3396044694800056, -1.4999258163496012, -5.615468561652435, -0.5253865986541366, 9.10140077382597, 8.571158583183264, 9.74610234535124, -3.254341016368557, 6.682623397563494, 1.1806022238385947, -0.591709555010213, 0.7825983722368632, 8.1345213586198, 1.6755815267536802, -1.296422778053967, -2.169509870570435, 6.42627047565271, -8.759061863177308, -3.594336101828156, 6.205204297455324, -4.576225590029791, 7.074134557562093, -8.929738384097192, 9.41100160126657, -6.6665920674215045, -8.95873016299845, 2.196532789229417, 8.078338273995147, -0.7004347404873139] : 0.0
0.5357780276872748 : 0.2809670898921822 : [-0.37737476930900976, 4.283818731696408, -2.6424612349193954, -6.283019205109363, -0.7089345341729032, 9.00000203188663, 8.703356397382377, 9.852621995438891, -2.857221278285537, 7.067320181374438, 1.7675500685294678, 0.02924681260047382, 0.876299382957713, 8.350443055763778, 1.7385132476187992, -1.3136119445773462, -2.2743746214259843, 6.618787346172075, -8.64510100129913, -3.486814219278278, 6.475562212670199, -4.52459103698339, 7.565608091284301, -8.922158577104863, 9.656730312862356, -6.267448744866761, -9.095278478850767, 2.3798272216466456, 8.060831755794887, -0.9780820889614111] : 0.0
0.2669828244261274 : 0.2450748402606611 : [0.7951255377613461, 4.983181085009511, -1.8241638114617256, -5.792944105034474, -0.4608033836577754, 9.389524200544022, 8.718668746108108, 9.643764567642041, -3.3400867366891256, 6.670012170180202, 1.34229358778218, -0.5049441418201646, 0.6639009734674226, 8.019978692163445, 1.4351253665377193, -1.4883982679775378, -2.11232813555649, 6.482593022048945, -8.826044316283062, -3.2617602205091947, 6.178009065454824, -4.351068767889483, 7.198438776203847, -8.961495970629304, 9.359608439354885, -6.436797722151825, -9.031529913153188, 2.1453877159289547, 8.112209588125818, -1.2814054332807523] : 0.0
0.8308850509845522 : 0.503427173555405 : [-0.060498213954871205, 5.07070087180896, -2.0869843732294004, -6.244144794259448, -0.9287187022758313, 8.81386925712043, 8.294589689265981, 9.814565156772233, -3.37947841153641, 6.436990910982392, 1.631594612509164, 0.04662959659143712, 1.2324587500930704, 8.726000211232417, 2.2146010536581233, -1.4802506858236333, -2.2500360557774197, 6.478571142834269, -8.672931120891421, -3.5266173889089236, 6.211832960084245, -4.464593547356801, 7.43147204381282, -8.654505185527968, 9.520617513229432, -5.9446645327571535, -8.958752994544549, 1.8647548947111205, 8.111333088871778, -1.246936546355511] : 0.0
0.5317429503544151 : 0.3768162553719369 : [1.351945304082319, 5.760538145921707, -1.2949109485512236, -5.2361231914725135, 0.38265930732332454, 9.86527179452889, 8.930083743275071, 9.541537462143536, -3.6912454343177155, 6.011461687165317, 0.6424156031844298, -1.0943968083262727, 0.16445515447514558, 7.113800222715458, 0.8186771057806626, -1.1450009826062535, -1.7893915400058216, 6.947751665124547, -9.06344095915242, -3.5964400272262846, 6.033039490466661, -4.517453690888075, 7.302825342720882, -8.865536080941272, 9.69773867670488, -6.4461558271170185, -9.147307053560116, 1.9999474172251375, 8.39748731846459, -0.832424021702026] : 0.0
0.18861765010266351 : 0.12930824939839108 : [0.6236204176697988, 4.824284059484389, -2.01484883717541, -5.632248183857218, -0.2285807173533492, 9.583419913284025, 8.91489688937259, 9.795383525547212, -3.155212674839201, 6.595004943771355, 1.60606596183968, -0.3382647215687762, 0.7177833021990241, 8.017912036669527, 1.4295987957619851, -1.6696872798403442, -2.0781198153722515, 6.472904519458978, -8.931141670771906, -3.383184116549126, 6.142699058088318, -4.397839193775215, 7.155012422000345, -9.190494392656532, 9.395911625897746, -6.376634057596709, -9.07309511765814, 2.070359932810874, 8.13910716129981, -0.9894127066626613] : 0.0
0.22943367785171231 : 0.16543750805940188 : [0.8232836476442508, 5.059980643461562, -2.0404285262993382, -5.905663985681697, -0.47683645837019417, 9.060769233333408, 8.74726509744669, 9.672404733322129, -3.224658245458093, 6.8131544278791445, 1.6285033158815787, -0.4494796776893761, 0.6280820620719527, 8.09094072528681, 1.3058868648440132, -1.4498582951483547, -2.413852076789763, 6.572917378982937, -8.751256560722947, -3.29930936708361, 6.003288662098487, -4.294417346977491, 7.262174832537546, -9.003149372062015, 9.617404949936532, -6.504798830538935, -8.935551721555345, 2.1958510968703417, 8.217139384103062, -0.9119501145453479] : 0.0
0.49162803567723845 : 0.541339633194537 : [0.45758925932874206, 4.623361512458378, -2.3666404372587038, -6.240634831033683, -0.41428116146156113, 9.36278406279676, 8.843532131521131, 9.467102747804638, -3.550035946216467, 6.264874196917679, 1.29874365693612, -0.9509774054543373, 0.21545384973498333, 8.088730783348678, 1.6264683229477168, -1.2915930104952884, -1.9232105726744029, 6.872542905837532, -8.825943269547764, -3.1359718440289255, 6.555114072742392, -4.380950635617882, 7.210999110659244, -8.748614645100618, 9.649545962026988, -5.931380760295557, -8.878526337053984, 2.298776421961769, 7.914708197598343, -0.5508909867665148] : 0.0
0.24483798032985815 : 0.2306998510916426 : [1.0516264451583455, 5.4633927057865685, -1.6333608454748068, -5.616831473118149, -0.2760802377485514, 9.224915247524798, 8.948327826653017, 9.78481745980396, -3.348243050430005, 6.422659376182034, 1.3687213202829223, -0.7143768527644303, 0.356532861660532, 7.70134303793766, 1.379158808047786, -1.795855920398131, -2.2242726653364655, 6.2857403123131, -9.149077618405267, -3.4393909221958294, 6.247948307679794, -4.5057694666726835, 7.280009565847559, -8.828736667037774, 9.573921057237847, -6.337388357403576, -9.053542343606237, 2.2027508929613546, 8.05700957516776, -0.7578530517346858] : 0.0
0.4002287910115929 : 0.18835773101262068 : [1.2204311447394969, 5.650484414409929, -1.3159867243833292, -5.345511531854681, 0.19196903142910104, 9.683651050289635, 8.880188062777504, 9.510070958679712, -3.4549261806302995, 6.3649459534451385, 0.8993548052611986, -0.938428180469449, 0.06638352272503284, 7.534283283250144, 0.7251135578233875, -1.9515127739000069, -2.139527395449948, 6.855043650474901, -8.850829494011567, -3.519359411420541, 5.924623724188004, -4.479899656368859, 7.232867437222264, -8.873932380496793, 9.588965272873603, -6.312179920806891, -8.847502271268375, 2.211259117678461, 8.075467758188699, -0.7018977338685015] : 0.0
0.2871634143525803 : 0.19720999781463566 : [1.0458424925436307, 5.398573047990329, -1.5735569320142684, -5.5698674735856475, 0.015878287107692755, 9.502467845335318, 8.683064553653276, 9.658768700069349, -3.4923368497248313, 6.367218018073903, 1.0102417196925693, -0.8883927159316978, 0.256500303342884, 7.894037943513954, 1.391730807752973, -1.834731039984964, -2.12885565392048, 6.680840067074821, -8.786004178137015, -3.517993852507216, 6.125436230034314, -4.606507684866106, 7.4268339911312005, -8.955701416379966, 9.733575421745432, -6.275186344341256, -9.170362363425273, 1.9732448561497722, 8.018549351193844, -0.73903842495898] : 0.0
0.42339198469581807 : 0.6445620175847491 : [0.6605788134816957, 5.255308249195317, -1.790465661534639, -5.760138866014026, -0.6021023503622218, 8.947766621589665, 8.62196411147665, 9.611673069523846, -3.106311653782446, 6.84413132584718, 1.659398949793964, -0.08313923039098295, 0.4513245121833501, 7.463338391434878, 1.5825310388592575, -1.1666441756764656, -1.912100054253663, 6.647506121487128, -8.66682751144177, -3.6024960674649544, 6.152772740319756, -4.8148945762938045, 7.405265246604954, -8.644295152006457, 9.820827493587412, -6.421729975560201, -9.173695081667459, 2.3622457547214823, 7.929245046111944, -0.8753009017356498] : 0.0
0.26752330095149723 : 0.2686831493896359 : [0.8789465171770173, 4.950007906369661, -1.6948390165629208, -5.607164814665258, 0.12299566836071925, 9.365110315500292, 8.811279227977092, 9.736539768289864, -3.2782072876459827, 6.604732314101897, 1.5545323870893282, -0.5887443192209686, 0.4205343917088201, 7.669078168375764, 0.8749273941628719, -1.343111987641675, -2.1804394067337265, 6.748053298216577, -8.95483413711975, -3.399538815458413, 6.244468121150898, -4.408954557395483, 7.254810890062176, -8.956952240894456, 9.528772410513177, -6.264969146866816, -9.270244387987056, 2.161276429761662, 8.290429129789523, -1.1375215759107302] : 0.0
0.8900439267267677 : 0.3262253946858887 : [1.5270473837203602, 6.04480761034902, -0.9979535795672811, -4.699254803603639, 0.5560622653581546, 9.915977104454004, 8.756429391654699, 9.597370836406549, -3.4682248687941346, 6.087296622597291, 0.48724727139747814, -1.4064965924760855, -0.5159137026033002, 6.782563554337329, 0.4851887950819635, -1.0511011593273012, -2.1318436739446347, 6.4987683725570795, -8.399241075500134, -3.3063005113610737, 6.18643445531177, -4.3302827825369405, 7.263672598497084, -8.848580257081267, 9.565419276276312, -6.321239764747476, -9.14931919965985, 1.8682600070510167, 7.985685182029449, -1.1313529034353662] : 0.0
0.8353313185067289 : 0.39624169614885524 : [1.4222417655250652, 5.857764202704921, -0.9258807324202896, -4.855103553371908, 0.6935947130111859, 10.081562448425508, 9.162358690422309, 9.696376920464196, -3.5598166837705394, 6.01784380687471, 0.6852910701253939, -1.3788480474142393, -0.31247125380658736, 6.9285840908006335, 0.038187573628976706, -1.3596917963539528, -2.2575375399229602, 6.530978845280452, -9.015739894085828, -3.3247041421737666, 6.178622197809398, -4.535541071420534, 7.281865619894898, -8.728958145806256, 9.304288655373469, -6.104559381368162, -9.268595560450382, 2.2408520890476775, 7.972399330372511, -1.079845013354856] : 0.0
0.4403162487783695 : 0.24702651735682432 : [0.5187083232763015, 4.8170641049634595, -2.1497327377870947, -6.087127516121322, -0.67244151085519, 8.997447482170127, 8.544497753251546, 9.58011034564004, -3.1033204575130835, 6.922347604425671, 1.5126565621106878, -0.21779841599640942, 0.9989104740591535, 8.33844463557218, 1.6382279937905837, -1.2829220578629714, -2.185882010134838, 6.530501029262688, -8.886223989430306, -3.561758453339378, 6.315848373167956, -4.7900527550108105, 7.621412299309896, -8.876108826565972, 9.64721712404904, -6.196363236030903, -9.259957686064908, 2.3517407827509533, 8.082731210540258, -0.9225321069221031] : 0.0
0.254951995554741 : 0.17756695591618993 : [1.0258934966283861, 5.515106135889944, -1.4540820153585723, -5.453410751650562, 0.07752529915745984, 9.419885997585737, 8.759316884180784, 9.461665385509622, -3.4803950267708705, 6.2394877766584145, 1.211285258939565, -0.9490372847100835, 0.2902493424429998, 7.825637801009034, 1.285263789389822, -1.32422647615099, -2.091019591421927, 6.474304718375381, -8.955263737993896, -3.495230437871651, 6.242696407851948, -4.467736983349393, 7.203874502703146, -8.772689233257516, 9.541404501296512, -6.176751420141876, -9.243122119861876, 2.1870782574074368, 8.079150921673605, -0.8381398481339017] : 0.0
0.3428728787428428 : 0.38227343626886096 : [0.6072811908527771, 5.15346122434212, -2.2798445421802067, -5.965900969814609, -0.8349380168485352, 9.01469675225405, 8.638677051686509, 9.629188886149016, -3.3660575733114557, 6.877594534827408, 1.715719787567997, -0.45509267913271895, 0.7839001086002064, 8.262815302263485, 1.6782499735390777, -1.19749506515377, -2.090474548949906, 6.534630245215043, -8.679015897265579, -3.7723761854621287, 6.182059877222802, -4.609194699915395, 7.185554998873446, -8.949402344342563, 9.461644958618383, -6.501584042895443, -9.19950497026338, 2.1739444847973357, 8.178562638249515, -0.6668719424386256] : 0.0
0.4403702782152661 : 0.6310996305697356 : [1.0530891052984885, 5.634038475235106, -1.4530132201150812, -5.388850457650432, -0.23710437782724053, 9.653182685721074, 8.682574150329662, 9.662149447915327, -3.5910592096121805, 5.980020138242015, 1.2334815800830337, -0.5686148890418912, 0.26810964589513114, 7.4024567037575215, 0.6440909624008037, -1.1909605605861122, -1.8501603247806697, 6.585017302875326, -8.717519545654588, -3.409071221731553, 6.488577866060012, -5.106487273588669, 7.284756259432786, -9.257670866449168, 9.704631224364041, -6.394807056276481, -8.710646605442747, 2.518008653143136, 8.06051021260812, -1.1610701330846074] : 0.0
0.2991772974630047 : 0.3233065201493124 : [1.060010976757208, 5.171279747313742, -1.7170752998390548, -5.469154298851824, 0.13329036682292852, 9.501153729730474, 8.92089941828239, 9.496141034760768, -3.689750278061271, 6.717087858279416, 1.440289596155917, -0.5662636404959378, 0.6386165610991607, 7.896376810692661, 1.0263761621469207, -1.597237006139801, -2.25888930068424, 6.779707294728085, -8.885107570444923, -3.5963571383719675, 6.311912608689896, -4.4167841636082965, 7.459208426374833, -9.208691728923053, 9.362492877177436, -6.767553268739286, -8.912558362727125, 1.961369115548832, 8.060587480120729, -0.9711301155686809] : 0.0
0.15374161126814379 : 0.15436494218790148 : [0.5522850877903964, 5.108064051033522, -1.9392941789220748, -5.669149099703381, -0.055551713590175994, 9.588385492777178, 8.588224077157342, 9.655019722886768, -3.0935205398878143, 6.76398555103518, 1.5479479568226981, -0.4728579721516678, 0.6349884010807598, 8.060775612428465, 1.5341743138978474, -1.4090830627941955, -2.1749749515167, 6.414077402836617, -8.814626518584902, -3.406674033385057, 6.1702179895533185, -4.6348442412206925, 7.283997023569474, -9.261346293819926, 9.525485893520319, -6.321377598581366, -8.981510015223847, 1.7995097635307076, 8.057529107692357, -1.1528044755309002] : 0.0
0.16047887494663726 : 0.15640534152270924 : [0.9525779634485243, 5.175070407043443, -1.8538055168984378, -5.66297861345988, -0.12422908820765823, 9.214912328509334, 8.603595528928965, 9.713792144256459, -3.167477582764172, 6.4723459712866145, 1.4669661902312772, -0.583990507015617, 0.5362049173223278, 7.822912757371508, 1.4753044837754268, -1.397743803788058, -2.4135481484030716, 6.496300614802138, -8.834971677559611, -3.542233769088393, 6.223964912011791, -4.456370823007136, 7.415832798377306, -8.936989520119443, 9.465670645146695, -6.382016866010034, -9.01859092683588, 1.9562040624837163, 8.166377158584675, -0.9840614202368847] : 0.0
1.2062610048981757 : 8.369790450212939 : [1.2809620425768906, 5.556182259417747, -1.012447116937551, -4.431524240109685, -0.41001178599948274, 9.554026613765002, 8.801523077542317, 8.70105466854811, -5.5659577944439285, 5.511788804174515, 0.13025609530115423, -3.1701793532345026, -3.345173509952586, 3.948197591480322, -3.7225867707701266, -1.0676359593045441, -2.543996946018842, 7.236796662040508, -8.87839542376561, -2.4718041915692535, 6.538194257136528, -5.272447498835703, 7.073424989691821, -8.649517437472326, 9.398716200734402, -6.445160292420604, -7.928990621593815, 2.66406264323598, 9.111886635431341, -0.6938796869283388] : 0.0
0.4614139257161145 : 0.19871434326008947 : [-0.061524232066682644, 4.4671655311851755, -2.3696741273739987, -6.210150152681265, -0.5548821967072693, 9.339787843917787, 8.509132429849297, 9.750699512184086, -2.9804022223684914, 7.005276653365655, 1.7885267845870558, -0.05378388030068044, 0.9602552085886106, 8.264301926260238, 1.8451299283896856, -1.4150555895001247, -2.336496270145819, 6.650192985827455, -8.600494721766069, -3.4858884071122436, 6.111889924165236, -4.632076824631027, 7.595622003595193, -8.94482880149887, 9.40356938873714, -6.399160255865722, -9.141255739699734, 2.1464296795601587, 8.113715593274883, -0.999405653726537] : 0.0
0.2214420656263627 : 0.2050268411863328 : [0.7185161119962189, 5.148837346356721, -1.5694270772258092, -5.645321947758375, -0.24955484079862258, 9.3952394603098, 8.789722898735008, 9.724246592551458, -3.3084623901913464, 6.59102792684109, 1.4115276455132113, -0.6003222654763554, 0.4504515603515348, 7.715227260495404, 0.8268544554750484, -1.4824329185479264, -2.1045454653495876, 6.6343388784360435, -8.860246447393546, -3.5346507415972477, 6.079030193848415, -4.386888857882587, 7.245200287360501, -8.91188545293518, 9.667854073019214, -6.257997569780386, -9.06194264129729, 2.031574691626764, 8.116835424554662, -1.034882030854396] : 0.0
0.2219790233141481 : 0.23837042465124958 : [0.8612837437312787, 5.354007680275831, -1.765322680843379, -5.487172885761631, -0.2750491200563004, 9.361096814230834, 8.873651681145148, 9.871637812178065, -3.0572098603155906, 6.47650345021326, 1.5176020812274669, -0.5146002997824164, 0.5098595785193294, 8.058073606649957, 1.1541184566115472, -1.467129407227297, -2.2530758869469603, 6.497586355790824, -9.06264868074203, -3.3403300182674887, 6.021876117955523, -4.58240791137771, 7.4386597782926716, -8.807955393978212, 9.668391030707, -6.388760516701059, -9.401879869057952, 2.00215354633475, 8.099808574349144, -1.334457906168161] : 0.0
0.1962040157757201 : 0.12574143024867301 : [0.8603879537376776, 4.988872917130982, -1.9358515067255746, -5.773784366246154, -0.4421230403265702, 9.04637320132112, 8.506272596734595, 9.443895285114444, -3.1172694652221375, 6.7542315321356625, 1.6192996680112448, -0.3185174651537691, 0.7525282581976527, 8.091548888502555, 1.518645320458007, -1.4182353585622218, -2.4877164021765332, 6.506372018949802, -8.723697819732697, -3.4624686014856962, 6.1141417352544245, -4.575611967268416, 7.496356721180604, -8.794059758899945, 9.534219380142279, -6.463042613986035, -9.104802866230688, 2.1384949233497945, 8.028793174967845, -0.8528373373976825] : 0.0
