Fitness : Violation : Position : Miscellaneous
87.4787188369565 : 0.0 : [-2.4654532719386206, 46.48150321062198, -31.527070633940276, -8.206592177622, -21.919723559890457, -17.90477571375025, 5.463242904737591, 18.978264766164116, -36.078932406165336, -18.135623039907106] : 0.0
76.13884993134938 : 0.0 : [-2.1280408185861814, 46.79039213203006, -30.981283883484657, -8.14588426656195, -22.204664780275507, -18.02649524532226, 5.035907286459706, 18.285768072358838, -37.349640841614146, -21.361657168163397] : 0.0
66.38155916838421 : 0.0 : [-1.6709487249944917, 47.167934651082106, -30.863361529539805, -8.452648996248877, -22.03966731466309, -18.037277360134944, 5.104828907805844, 18.688535447125297, -36.92522666539933, -20.646946412275426] : 0.0
21.406105591877925 : 0.0 : [-1.439911932105886, 47.44784709554723, -30.421993521307442, -7.811009816504386, -21.917268086973564, -17.933948034039595, 5.365351391229874, 18.803040172966625, -36.80591243499062, -20.633057415137053] : 0.0
45.69068246266598 : 0.0 : [-2.910386564077448, 46.78596224437162, -30.879496098278636, -8.618469086694962, -22.574550366048168, -18.978408204440402, 4.393414765011128, 17.634587707470658, -38.148401769222346, -21.690590335885183] : 0.0
64.08874057232502 : 0.0 : [-1.6760927725097707, 47.30572730335554, -30.784589253544954, -7.9579996757828075, -22.12471046226969, -18.07674348762972, 4.852316710508026, 18.431619317710663, -37.22564226611078, -20.859932071784073] : 0.0
69.25750471798085 : 0.0 : [-1.4222995976337625, 47.52943658505781, -30.606705312293123, -7.733089664118182, -21.699794403519874, -17.916575687033664, 5.1888542864842115, 18.536310965267415, -36.81312297100908, -19.873799840708877] : 0.0
78.31005619689178 : 0.0 : [-2.699423949526786, 46.66861343350981, -30.948376284836044, -8.125029240897465, -21.897575968127203, -17.873778894569472, 5.515048779631483, 19.199535711495066, -35.79055595463396, -17.06741950871027] : 0.0
55.16300136125475 : 0.0 : [-1.9397783434792069, 46.80532751621871, -31.18268513674564, -8.503576721555937, -22.345277778861238, -18.71314094823184, 3.953608864860148, 18.018362197628228, -37.48743950664759, -21.62906531556456] : 0.0
45.86169917830772 : 0.0 : [-1.5625045130330055, 47.25269439337533, -30.838177846898507, -8.009557425846733, -21.98225716762641, -17.93280149401984, 5.353901141818888, 19.06852825688663, -36.30960321559988, -19.041354387296252] : 0.0
21.670767995541855 : 0.0 : [-1.554559837608291, 47.38674044274623, -30.467521770587908, -7.9374170843196765, -21.970500332915947, -18.018578859760684, 5.091580460080336, 18.42003143450897, -37.669184027720625, -21.670670649068448] : 0.0
81.31548788097811 : 0.0 : [-1.9234757189836824, 46.81772228857446, -31.232355335628796, -8.405102286781105, -22.74356214677963, -18.19027777604238, 4.761777572963491, 18.352883780411688, -37.3702529651354, -21.517459629645643] : 0.0
80.168020574045 : 0.0 : [-1.421559397987409, 47.18347800307789, -30.742463529226875, -8.092245313776893, -22.022480567631735, -17.916165882403945, 5.455863143411204, 18.93579980217331, -36.676259228959466, -19.786730499683948] : 0.0
31.143636358298565 : 0.0 : [-3.034911283199281, 47.033703345013805, -31.355190040763823, -8.855960982825323, -22.614165093006378, -19.01530765633939, 4.23096576915667, 17.854274798808234, -37.869530912365065, -21.501900608892313] : 0.0
49.14747051766421 : 0.0 : [-1.5373462743847741, 47.141030964869145, -30.870941455804385, -7.9023034498106135, -21.789354696717485, -17.787751714703223, 5.434232300055022, 19.067882053272104, -36.174487533295974, -18.664339483925684] : 0.0
53.91297162379599 : 0.0 : [-1.5205486175615563, 47.231997017128876, -30.550808346462293, -7.790022572022433, -21.951280229063638, -17.926049058564185, 5.053523492425982, 18.73250907819768, -36.8940828279056, -20.837364930873235] : 0.0
54.30806725419014 : 0.0 : [-1.4043348069050428, 47.645682453892654, -30.247006333808635, -7.8551328138007985, -21.964021440950056, -17.823123490477464, 5.186733972867309, 18.59239474276562, -37.164185512291354, -21.013879280531803] : 0.0
73.73057383684888 : 0.0 : [-2.0600481446976238, 46.630112031464996, -31.5294204555172, -9.109840759254931, -22.578078241718742, -18.647977141672612, 3.895220930520659, 17.722945099603464, -37.573962376719436, -21.832173287757648] : 0.0
31.264697925792326 : 0.0 : [-1.4928067329366468, 47.25918649773742, -30.51507541698375, -7.807858672968512, -21.678089279880233, -17.957415630448104, 5.146512835576093, 18.465051079244486, -37.24414685275565, -21.211239108015583] : 0.0
28.205706237859587 : 0.0 : [-3.4120668859281924, 47.426896216151334, -30.626394838760824, -7.820312951834358, -21.716264445172676, -17.826960910874902, 5.354977991408979, 18.81673208632801, -36.64061085662469, -20.30562866143206] : 0.0
26.041774025896416 : 0.0 : [-3.1813018733248843, 47.09065588183394, -31.007091187733586, -8.310648867249254, -22.328722708281006, -18.73871361906957, 4.082067313495573, 17.799627584576267, -37.94575292645713, -21.747814669953936] : 0.0
61.3036906978606 : 0.0 : [-1.8634097456678986, 46.86738449815398, -30.894489642516234, -8.014819253813643, -22.26567089327827, -18.84158114267949, 4.304137481772811, 18.072970359338566, -37.65338847952698, -21.43068403307018] : 0.0
124.79348011327329 : 0.0 : [-2.137575057523647, 46.821736735491214, -31.379684709008252, -8.769433447923888, -22.776660600136125, -18.420772819980886, 5.3443310051146655, 19.118299243613407, -36.30458408629836, -19.180916576181843] : 0.0
54.89320038934474 : 0.0 : [-2.972837463992346, 47.097343683125, -30.650710904103818, -7.696935961983663, -21.794369442212133, -17.822841251046846, 5.3884541921429, 18.887578930515932, -36.44536852367973, -19.486457206360797] : 0.0
73.73065058473736 : 0.0 : [-1.8768084482086875, 47.05401848121642, -30.864618723739955, -8.08270460965722, -22.122725203756378, -18.19259830105797, 5.3033946017114655, 18.838414660245686, -36.44432590975649, -19.436040335808443] : 0.0
54.06252821379783 : 0.0 : [-1.6428757751824958, 47.11475410634335, -30.93409915890887, -8.119715318767115, -21.88290212955636, -18.02262037143678, 5.094650325019133, 18.692033441495155, -37.06992168240191, -20.987425528130743] : 0.0
52.487025102827964 : 0.0 : [-2.611490075789562, 46.34918234895203, -31.744061353073846, -8.819703196330359, -22.772388029180938, -19.106069850304447, 4.186108776381415, 17.52517188314684, -37.95767700139505, -22.032516604868686] : 0.0
29.36059217970762 : 0.0 : [-1.4276831820150124, 47.63978013896927, -30.416337833571625, -7.883038471028124, -21.740914897585746, -17.904938176077344, 5.09605818546331, 18.255557445392064, -37.60603473199626, -21.4157805776859] : 0.0
90.51690826815279 : 0.0 : [-2.391610250454973, 46.607669112497554, -31.284301949926167, -8.701306913545558, -22.261080400488012, -18.25133440198651, 5.289030082444699, 18.806889201172076, -36.51336860405594, -19.656163779659494] : 0.0
53.138713214565314 : 0.0 : [-1.6590956438541422, 47.24798926396626, -30.81980634305848, -8.115338135695346, -22.410038642653877, -18.393956400545207, 4.928129039266244, 18.41388606780208, -37.26841791904831, -21.410760723758294] : 0.0
