Fitness : Violation : Position : Miscellaneous
-1.1935266532234894 : 1912.6948072823047 : [-48.441053961704036, -25.096979940864447, -30.453396826761644, -30.3065439802494, -4.664568977739206, 7.6401106833036145, 4.353684290502284, 1.0182151101922505, -4.440049480668465, 5.0710018019716046] : 0.0
-3.2264464155171213 : 5227.24558317374 : [-2.4062440617892173, -21.894665665676737, -20.951640262160502, -21.32020210817692, -7.408519547939733, 1.7116497354023679, 4.424414601551274, -0.9724100924290386, -8.187023597476866, -0.49416471111965166] : 0.0
-1.597402344063633 : 367209.7082106461 : [-24.034427629856502, -6.149850997247171, -25.921766445056214, -9.28821282233925, -16.40050723897303, -23.201585815944913, 1.317650288731489, -13.774411923075235, -4.843925171508609, -48.816121614752475] : 0.0
-0.2273781835876285 : 76.48833404637004 : [-19.738527400167236, -18.768077304748335, -21.82334498713874, -20.68271199391234, -13.460593622745147, 9.227297324490536, 5.731792585819569, 8.513155362202557, -3.619502066994792, 2.2379151013544014] : 0.0
-0.7019564061568886 : 78.66108863924927 : [-5.250850030449746, 2.963296377307243, -2.5271682667523034, -10.502738725908936, -5.655957135565492, 8.752719101921276, 5.4221994255788, 8.814896418503732, -4.433069812832702, -0.7479816284713809] : 0.0
-2.086170436402776 : 3137.3911627748603 : [-29.41052999939834, -25.50139734797514, -19.490851227748216, -37.62230515721748, -33.58799666810209, 7.368505071675388, 2.4221787354363715, 2.104397587760949, -10.65686041490642, -11.459691713826796] : 0.0
0.04751434516353581 : 0.6620165983622447 : [0.7336766512204427, 5.188379398085158, -1.6470960265756411, -5.904087507194854, -1.1907206980466551, 9.495977588013716, 8.822221537282209, 9.638031388050802, -3.220320863029161, 6.331749668554506] : 0.0
0.08093850850874018 : 63.256994951448966 : [-14.165654112214217, -16.48670736432376, -30.41187391109372, -28.524292178840085, -20.708574829641545, 8.16317557211454, 8.720235797817116, 8.667685023085658, -3.1655843189362356, 5.366591655629616] : 0.0
-0.5831859796519439 : 406.12377789646126 : [-13.960169391126486, -22.092823546561434, -42.48340272228106, -23.459798164622608, -13.67317018349803, 8.87148952842622, 5.7420392853873, 5.542907701234797, -4.663021649558786, 0.19222340485181988] : 0.0
-0.4017202334611416 : 98.96721834332024 : [-11.189085780954096, 3.855942574794268, -14.751960849054976, -12.140258138021414, -7.97224453201221, 7.40075988101573, 7.469465875958339, 9.141308551409622, -3.6482430609061174, 2.971192782640818] : 0.0
-0.215022036903445 : 21.46200628591142 : [-7.417516168348219, -0.3719694128936446, -7.315002902015776, -7.612139731293828, -5.854529597580571, 9.23965347117472, 7.546423014975245, 8.260168178572687, -3.8247317343952414, 5.699395634440881] : 0.0
-1.7060522396185478 : 178.7762586929974 : [-9.034104068785075, 2.5529887251568733, -13.241596190080088, -11.510966360711064, -3.1538183074329167, 7.375369094946213, 7.089692368914391, 7.162959873221112, -5.6448371322658, -6.16610646094648] : 0.0
-0.6554328716880473 : 181.9194561337682 : [-9.237559490766088, -1.9525496268100726, -21.77806342755293, -25.694002192985682, -34.69466866584472, 8.379511752372409, 8.140311736844891, 5.9423062351435245, -4.096962694194897, 5.604800443855521] : 0.0
-3.6995951917682235 : 115825.19703822465 : [-30.604371346954906, -0.10182217010458104, -36.799106027743754, -12.876788173762172, -3.8413317972637664, 1.2576432434208584, -0.27829935319383026, -6.50167773368661, -27.175053860743116, -23.64428365397874] : 0.0
0.10858866085896057 : 3.6712849476594673 : [-1.7392402366645696, 4.744552899199269, -3.1499051805492964, -6.5943651464189195, -0.17721875894586564, 8.940513889712317, 8.741742614927077, 8.791341601946858, -3.137934166586015, 6.7066675801735345] : 0.0
-0.655239267275916 : 313.6447592437803 : [-3.138490140323036, -14.347036836656926, -12.826560635657732, -6.244537997606322, -22.68309846412646, 8.781800873944526, 7.106550303290932, 6.428066637659515, -4.817020078540528, -0.07741460683381973] : 0.0
-4.378772309448515 : 189247.6346909444 : [-38.83033321687332, -40.95841187243005, -12.019691703567485, -33.045752182593006, -9.040509863806978, 5.075903198629649, -4.508080869854128, 4.259015408147425, -32.15168875283561, -4.6496137580155725] : 0.0
-1.6933019213011895 : 2492574.213609646 : [-16.15975268167341, -8.415035199087075, -21.183061930752167, -8.255746896808482, -3.666395757673275, -17.35956843019636, -46.47406154879453, 3.6842716913900304, -4.939824748746165, -16.13214282781953] : 0.0
-1.5534196762607757 : 3195.035382499518 : [-45.3864931428555, -5.128815974305571, -37.071712023875875, -26.475842251176516, -22.116784901449968, -0.04699254387762597, 3.5939780685335876, 7.3442859479733, -4.7999425037057515, -12.249443660390384] : 0.0
-3.7191264205881875 : 4819.484997811009 : [-40.723272609770376, -0.23930929731180584, -11.316150438177013, -14.367506895844997, -39.401236184140544, 0.18510947577496495, 2.257993442592051, 5.96821991083536, -9.239655115147027, -33.28374953452609] : 0.0
-0.05527226042684319 : 30.486664604020863 : [-6.633345882515575, -0.3661458681970089, -5.380229604911841, -16.300631538772333, -14.369418117339464, 8.743238605843558, 8.49260821405732, 8.836432823648616, -4.201036494832117, 6.5921277111507735] : 0.0
-2.484407593625684 : 600165.9613265696 : [-39.37178760472767, -11.378874313452883, -30.938363112206936, -43.14019052022109, -6.979508612259042, -7.339533492476612, -4.966623523384647, -29.035804626662156, -5.73093042107066, -43.95934065562523] : 0.0
-0.49552838184736103 : 333639.83839076955 : [-23.064052038066887, 4.764625758487842, -28.39587926130458, -25.071195221025143, -24.251919056803345, 0.017581307270646107, 4.600147765342843, 1.460015624259789, -36.87592546353195, -8.47708608311558] : 0.0
-1.7978219791536532 : 451321.3899361921 : [-6.529177610477664, -15.804333426049386, -41.264202141820505, -26.961869982745988, -17.18311295302183, -0.35877054268345177, -25.12597475358736, -15.401882892207365, -9.04452499938047, 4.8495779924239635] : 0.0
-1.290542178889961 : 1010300.7231584465 : [-29.497027150173917, -2.4109251572560666, -37.9302596776115, -39.45757153702287, -9.62634212479646, 8.164133329188203, -22.271548240585055, -31.260304380059885, -22.46507795706788, -10.655846532987013] : 0.0
0.0039046656261341184 : 67.82140041473919 : [-9.463236285696496, -0.08108046212951514, -12.843926350238242, -20.561060817687256, -14.579660277274904, 6.525153238925013, 7.678887403768805, 9.691250997049682, -4.961324435372895, 4.068628369205174] : 0.0
-2.5694482247535055 : 4714.505970984186 : [-40.78353397227745, -22.07693473871293, -17.35545986743868, -31.43916995321422, -4.3878565445520055, 1.229875389598468, 3.6076599066566777, 0.38492011808816073, -5.815971052198481, -43.27221758017534] : 0.0
-2.1624712268369315 : 871501.908760685 : [-43.53627659281921, -28.1284526017556, -3.8570815985761087, -32.68871959430608, -17.13221121172689, -18.520949566345887, -30.320406566015713, -14.140428047983022, -17.708818359099467, -18.821780731253014] : 0.0
0.07141486172947253 : 10.448852810100046 : [-3.130972116971995, -0.7895652343849315, -4.37836465734849, -7.24569597852488, -0.3497273588057932, 9.377703967395313, 8.8158672565608, 9.75876119315302, -3.365092961490742, 4.343988017553922] : 0.0
-0.24343664057168724 : 28.062746412772825 : [-1.2806690140012056, 2.7139229674091427, -5.395120871328567, -11.47671858329781, -3.411678278572929, 9.211238867506477, 7.971443528357565, 8.295395723109838, -4.6461262832460095, 1.1759101393784501] : 0.0
