Fitness : Violation : Position : Miscellaneous
0.6467451851889864 : 0.1225450955080824 : [3.9465333021924165, 0.40852152090934224, 5.873067290268611, 1.220015055868237, -7.606929084445111, -1.4509263675690787, 0.9898673312992549, -0.652934163435881, -7.064964882912586, 0.3339070188169655] : 0.0
0.6751027544212098 : 0.2417139013200692 : [5.925449817464393, 0.9954438078652093, -0.5213811110335915, 1.4539496320180003, -1.044198070340274, 0.06793140152438415, -1.285152545512208, -0.4867167449105241, 1.113201858210747, -0.4550333496357357] : 0.0
0.7012152543000552 : 0.43100825568487533 : [-2.869603499750352, 1.0931237419349693, 3.292900353960939, -0.3577811437977707, 6.304791384871644, -7.450810986220388, 1.059538524118945, -0.05980993941247936, 0.9876364736775987, -0.42482523357325075] : 0.0
0.7105994076644309 : 0.21248102607356123 : [4.382426395842393, -0.07474347685683758, -0.4366267581526705, 1.9066025234994575, -5.041186188833415, 0.9733717087625344, 1.213287130504916, 1.3745037365228039, 0.3056207594304001, -2.141619684304629] : 0.0
0.4525762313209091 : 0.11698394314364811 : [-2.1050533353606866, 0.2854327089596016, 5.3679659641300095, 0.9263553334155628, 0.9079168039691086, 1.145703425709382, -0.7246801154763651, 0.3076206169149587, 0.47934406051253853, -0.8383762173868723] : 0.0
0.366813996711323 : 0.4307592279797845 : [-0.2423155164399513, 0.6626352979941018, 4.133566129097455, 1.1278098496511082, 0.6413375274039972, 0.2195104101561408, -7.550118827472125, -0.4837714652722771, 0.5442269181388517, -0.8102370908674823] : 0.0
0.3171174237771829 : 0.3125736788071174 : [0.3081446636645664, -3.9281366175227306, -0.6288219306379169, 1.3771474454364432, 0.23314623730116413, 8.480729486014473, 1.5076024954840406, -0.756846274007152, 2.3331660345147287, 0.5969231000781138] : 0.0
0.5710995567765803 : 0.17530410891067294 : [2.9271816014123218, 0.3800521464487727, -0.2906345035512312, 0.0989170999482849, 0.4519985272013147, 1.2312351456961457, -7.367999643507055, -1.7023727405909033, -0.0484688103808788, 1.383743673227178] : 0.0
0.595261922939939 : 0.06779925630958591 : [-3.3183375792123275, 0.42741132571294127, 3.9893345875344473, 1.0098999653485308, 0.8601920878079583, 0.6340461778621858, -7.403823249107761, 1.9878491181153626, -7.783087989448082, 1.4649736926944172] : 0.0
0.696462421809622 : 5.352553048694384 : [-3.8680597624046795, -3.7390460740690967, -0.5273326317909668, -4.797526497596197, 0.25758628157988595, 0.4900029153841402, 9.71781152047669, -1.3521054582284435, 1.5607215708472952, -0.6033910968384708] : 0.0
0.5349710612298493 : 0.10666576569877732 : [-2.2605345723610095, 0.49932459491152303, -0.4645494249901376, 0.6867413792777236, 5.976292339555645, 0.5909121331116423, -8.418920909447147, 9.65152312570186, -1.165113197980682, 0.05558939990404976] : 0.0
0.5894164336485601 : 0.271846456792313 : [0.49403981093505955, 0.7742640750295942, 0.9223810360877271, 2.1233656285673637, -1.082808168657687, -0.6851522265822378, 1.2059864458185243, 0.5808041146157352, 0.6972654019005211, -0.07999291544291842] : 0.0
0.5514389166376693 : 0.35842961783273 : [-5.854927551945692, -3.986310558621142, 4.492112546233264, 0.6727024301829365, 0.2685827615243559, 2.340293102032876, 0.27767875771019446, 1.1486425698787825, 0.510342263707304, 1.8982240468554497] : 0.0
0.5830894993098006 : 0.4249875981184389 : [4.502809041336496, -4.2771665173130655, -0.724298719619096, 2.090750444108011, 0.5927387434867045, 0.8055886076614502, 1.3734604346196304, 0.057260820484881236, 0.8873980908737471, -0.8549708606517963] : 0.0
0.5772556719550554 : 27.65897584675652 : [-2.8979638882249152, 7.972544754712018, -0.3908017632522028, -4.880449698080788, -6.397529151369474, 0.7570518591642399, 7.902938912684349, 0.1324168113965959, 0.2767847952833894, 0.059391202775069374] : 0.0
0.5805740947226574 : 0.33458907209325595 : [3.586161705641678, 0.47020291612151266, -1.8656411089260474, 1.729256795675055, 0.6514779297005224, 0.45964415224894717, 1.2544607818670965, 0.101241201428095, -6.460800827427665, -0.2897601626781201] : 0.0
0.5990867774400065 : 0.5143212911916072 : [0.14044206487625266, -4.571760197008536, 0.12939056126153758, 0.8429091825038704, -1.4521048762762976, -0.034969158710235426, 8.634304549077847, 2.352039357376386, 0.5800706889347191, -0.5606981137263616] : 0.0
0.20602118749732345 : 0.4187911720714115 : [9.575912157760975, 0.5140694952949971, -1.0796872344170088, 1.65277229533645, 0.3070099112289304, 0.6425760491250059, 0.7746700865885192, 0.09856290268577661, 1.0053367384896696, 9.68747595976121] : 0.0
0.5786355588019623 : 0.12246706830609391 : [-1.820234937201082, 0.13891395800903295, 0.6378797490000019, 1.0789882139504128, 0.29997306243351707, 0.7160090003573552, 1.3913113867967097, 0.20362537201076503, 1.0381690179913847, 9.133563451316515] : 0.0
0.7351792212805168 : 0.1447453109990064 : [0.6554647569152166, 0.9522538685024295, -1.137886268041121, -0.9644662618090192, 0.3817073130983122, 8.892104123807826, 8.90678484681074, -0.3967156928667078, -1.689869304476535, -0.14247702191226486] : 0.0
0.5650203596962513 : 0.17067721552136195 : [0.5562608778723144, 0.29548635343410723, 5.85131290381678, -4.812821690929981, 1.2821587202616807, -1.4045740587185784, 0.7942635598283223, -0.4283792012563161, 2.2628166510496355, -0.5465477404830485] : 0.0
0.7282652839306123 : 0.08218407972366881 : [3.071270370877816, -2.786639205883838, -0.49945794397075804, 7.307159213619085, 0.07623850980851143, 0.47467157986775455, -5.56256932744092, 1.3318509690942966, 2.315176536525126, -2.2569906505840556] : 0.0
0.4758301522258207 : 0.4712258604373869 : [-1.9906924545601805, 0.6692009784095418, 5.0817231124084925, 0.910733039074981, 1.048057676756275, 0.299326091818793, 1.363249981223083, -8.72831032752562, 0.6293711836587088, -8.707404179171041] : 0.0
0.6333628593241323 : 0.20377443313446197 : [0.42247809197389463, -8.531752154012283, 5.427827981318551, 1.1542982967021307, 0.6276706523048812, -7.346136046943826, 1.0236234956119263, -2.473455927285977, 0.86238813945655, 1.7649726935509373] : 0.0
0.6210642915048319 : 0.05533632364050515 : [-3.4650368603132833, -4.0351589044902845, 0.32857007174517827, 1.1384358640970622, 0.3253785353131624, 8.81928888654072, 0.7334207553699805, 6.843436641349697, 1.8219729680883083, -0.3164671969593382] : 0.0
0.6324757624998802 : 1.8651410911901447 : [3.015352964332476, -7.955319608053314, -0.5473601609335752, 6.533996117483346, -1.2176271993651306, 0.9284997954214351, 1.1158120417874078, 2.2523710842933315, 0.418833000959121, -1.898608660767903] : 0.0
0.7509689897932138 : 0.35104330534236095 : [0.3611498777520885, 0.41519922747490035, 0.012868444067606788, -5.7740057105291624, 0.49792551958238196, 0.005357954815333077, 3.312116447314211, -7.277553680978934, 2.096712418544083, 2.5775489562175817] : 0.0
0.6071835561197572 : 14174.035796231758 : [3.3844616150252342, 8.54366460669537, -0.8691369379161014, -3.914575679267145, -7.614567034543525, 0.34495804504462413, -0.34514929170844155, 8.981671955755782, -8.646178367844326, 9.957040859967158] : 0.0
0.6078123969127619 : 0.7887764126257375 : [0.39592697964798196, -0.47908916896470055, -6.907967727769284, 0.8281590520607252, -1.0001521680123802, 2.086679661332858, 9.384595920210916, 0.6160037619226677, 1.063605365243161, -0.21423205906001463] : 0.0
0.35431788223118543 : 0.029361958732207816 : [0.31544573497910156, 3.9700825311750063, -0.8894429331347407, 0.7059317242780021, -5.894431200511545, 0.16857747725600003, 0.8462142197298188, 0.7161447689245328, 0.28996791295428803, 0.7080933040770407] : 0.0
