Fitness : Violation : Position : Miscellaneous
-6022.6886860015775 : 1.251178835821302E12 : [606.201474225461, 409.9447721497521, 335.07825638771504, 120.47915671099929, 842.9480273392371, -379.90362797986313, 77.36241287882419, -296.3813083293097, -79.83029087093638, -174.88666065718576, -360.0910452418898, -372.1862817164569, -306.7224548394699, -292.8375486974987, -92.15398685125479, -668.5813491630797, 71.61076984276087, -117.10565290725401, -613.6007786138412, -151.64063272372007, -589.430178692734, 572.2868409381721, 318.0577184734502, 871.9573193857788, -337.61874207542564, -362.92715312274856, -195.7494897941864, -135.42180476053454, 163.87156669720093, 961.2900060518339] : 0.0
-4958.791987087679 : 1.3108009373658328E12 : [496.3727195883779, 258.16116531263094, -542.5825758015031, -315.91208118038116, -689.3364132088375, -745.9659800390641, -205.0833130916572, 677.583166772773, -15.15403584666717, 289.6540594188165, 28.8848683305618, 342.561774594021, -353.56948600449294, 275.338854790916, 311.4897128453829, 578.5459703620231, -741.3867412076735, 140.05520807233557, -289.0391853367771, 22.246727878895797, 465.22282520542444, -686.2824248451772, -265.39238438622317, 63.43436113032351, -844.2362241177757, 295.78722622785074, 919.8988700841007, 330.03240297106987, 518.1071073241303, -170.3797727508699] : 0.0
-4872.77943941335 : 1.4275740369974807E12 : [-533.0881605849919, -804.3880412411133, -663.3647781576326, 18.81042793262506, 39.6562034255079, -263.951264445005, -511.8137495470276, 554.1201902997417, -734.4782823721237, 906.7150738718252, 631.6700426219097, 378.7120717520368, 121.10965676037841, -595.2848747981512, -334.3570801344953, -688.6236026823934, 315.211903535036, 14.616343911964762, 214.40671837345482, -341.64532935257364, -137.24626677357043, -364.46059908420494, -643.0366698319051, -427.48143508650656, 236.04464726232288, -666.0552312250247, 238.01612618940564, -234.6937447682427, 30.35190123559994, 208.46933989256644] : 0.0
-5121.985816636547 : 1.3213412356156074E12 : [-345.331415971301, -816.6662890256742, -658.2304250956196, -27.051692896073746, 526.1899983752721, 10.147223991638384, -639.0868633494143, -126.89284795843254, -255.6595949043223, 903.3598729395828, -447.90545964052455, 16.683831764703257, -683.9014392662025, -54.04857835332055, -313.26786812763953, 218.70951512180153, 196.9734379890051, 885.6332758354629, 519.8787675857321, 498.4536850913224, -136.5168816052443, 396.97889155078656, 209.3249210668495, -302.7550931653718, -273.2540523319915, -197.72281541704032, 10.400839396546331, -38.06845318520152, 459.63915803868895, -176.95837490535982] : 0.0
-6982.375418972644 : 2.0891856815203289E12 : [575.2311629572173, -777.5620725755876, -66.09961493715514, -127.66576663425838, -551.1649744649068, -820.9415581119302, -697.7700811510142, 413.2237690197793, 566.3509749591462, -93.41907803439432, 297.8703468965366, -75.0882971744588, 919.7771133480458, -641.1731717565244, -744.2641622884771, -112.53128363882706, 542.6973111933453, 119.03772475252072, -227.0803481797484, -317.05982778295424, 670.1319176720061, -633.2007327361396, 421.73119820317277, -574.1702317280149, -925.9797275511056, -681.6935802203693, -161.96606378031964, 970.1398321342101, 488.16903047137043, -579.6708000954959] : 0.0
-5607.234331186793 : 1.7999598341592715E12 : [-13.237038288050485, -200.74119583632265, 102.33183846558688, 82.8977048243157, -652.8736823868483, 44.65805995571779, -108.06986423084476, -633.4620467575172, -502.11773841418227, -700.8388985414094, -158.49123078292996, -688.8092416342042, -554.4329976212141, -992.6184053679242, 69.64464545839166, -309.7348802571295, -454.3268263110822, -415.64181756653636, 958.822104448378, 373.7511204849904, -726.2134730497345, 388.2394295452243, 23.25977988593735, -49.40128724853191, -530.1595310443138, 386.7311980900329, 482.39912762507885, 636.5511977836536, -86.06942739361577, -233.05520296962544] : 0.0
-6814.86470130407 : 3.0792055061864385E12 : [-92.38843988432404, -146.6382070027396, -415.1570977023629, -697.7230375854195, -480.7566946225082, 263.2942764931237, -227.0636496114804, 629.7494832607198, 151.7938150552382, -329.82947778218283, -607.0318368497807, -929.1872561071452, 342.8233498034098, -654.167876556792, 937.2507141389931, 975.0509473467948, 257.1468932126136, -208.7714235264392, 880.3077387479032, -671.4051070837504, 976.8949660128076, -432.57204946158254, -572.2907911378499, 189.68799425492648, 509.13094053992154, -5.267215006577395, -837.5748257365278, 653.4158929751918, 871.0856375574031, -654.020467161148] : 0.0
-6330.617102116891 : 3.565828962405086E12 : [-737.3817578918315, -695.7118569475547, 428.2838724305482, 588.9432969510719, 4.330518710027439, -316.02848905829933, -718.5911137215763, -608.3479514784633, -25.975442917421674, 63.288465806928286, -865.2465946044365, 51.39043860127026, 701.0199620408198, -389.6934595281184, 948.5826231356668, -619.2404938252223, 849.8242272079101, -925.829736157419, -189.7354715268492, 714.4684401296474, 400.16338798759193, 664.9449255554391, 351.7732589477712, 114.30465323033422, 381.5517974861708, -704.4920337766255, 945.0095081870816, -995.519233170755, -706.8823707561221, -358.5915713620269] : 0.0
-6151.0718729019145 : 2.8725343354902456E12 : [-572.2959263314556, -865.1547871783032, -263.56718402108083, -407.4325153510921, -250.02089297256316, -181.20426926128937, 838.7141721407063, -970.2155471194671, 847.3334018633759, 182.1659664055278, -695.0474069072559, 347.63516616517404, -19.9857341321283, 113.96131824580084, 912.3172773902492, -243.90597314004367, -404.6287436965172, -771.1099068336435, 473.2167570193613, -439.80658730358465, 86.30404708948629, 103.07022447652434, -90.60808732420571, -750.5081986401304, 766.1838778795989, 940.4150151533404, -195.94548810276774, 662.7225872635458, -214.60459632536822, -75.51327663114171] : 0.0
-4702.820438172463 : 1.2686986657750615E12 : [55.76017425178088, 443.23138372709735, 549.5704680540083, 799.2070786257083, -1.6902386340400823, 451.8985614736149, -194.32490771411358, -353.04051462678353, 32.44648416110613, 520.1121214940854, 823.573185656204, -162.91305508777123, -57.1454602486931, 667.9257250334892, -477.74354512010996, 661.4580970142185, 279.4018467730384, 342.5025864679283, -89.61364363839579, -163.15489412138726, 68.83286794377977, -438.2775718504606, 344.8629380492465, 860.7501466268025, 463.0143691101009, 316.4593260527357, -364.75594792497407, 417.66023250119787, -507.9903034509796, -744.9168285794113] : 0.0
-5283.932796804157 : 1.7920959637003633E12 : [562.8764375599603, -549.8152920772304, 0.28357352176243467, 951.3331891848684, -748.5659003086446, -833.2423745545093, -456.0735015359776, -606.8607422910111, -495.79680541462005, 105.46292683706946, 625.4810841001624, 49.18901981056723, -356.0434208253837, 619.2064959360806, 581.666804292145, 122.55698936224394, -336.0701869632487, -665.390886665029, 907.1529407449157, -312.88880219973595, 440.3701862867051, -558.6518784437432, 784.3694093930426, -0.2936680687879516, -538.2506425599108, 511.696872847544, -637.6444793017188, 245.88069969646017, -106.75306894519838, -179.24881900840728] : 0.0
-4833.840307347587 : 3.0613103605154795E12 : [-182.43920189711957, -808.3347345153085, 829.561185585043, 771.8516187997309, 245.98794792053474, -897.166986272979, 558.1616758650525, -369.23884081334984, 825.973356229852, -416.11985692335355, -346.2289864047205, 33.41925064164775, 174.43224734703, -364.51137648453766, -965.3506461997027, 346.4774737862149, -90.53998211650446, 835.4271138585041, -645.7404237958062, -50.078182344534525, 950.5580421987918, 111.15404343355124, 706.8663040500819, 1.708828374443101, -25.37069850925303, -305.79210895343385, -622.3249899053983, -957.0270833962569, -153.5952610213829, 457.2658840908189] : 0.0
-5265.935353721045 : 1.312105953343506E12 : [-375.0244850623639, 509.4184903554574, -50.05203531245418, 159.6060077726394, 51.516781628882114, -870.568286990556, 511.47953544522784, 779.5599534574558, -54.79462968187167, 523.7769080876183, 13.620595345791799, -651.964732667959, -648.7693632044369, 320.6720683163446, 539.1522303709046, -118.75035142420799, -470.8354728042292, 38.74519507945598, -325.1614254335544, -705.6229954756321, 247.3662558403713, -449.0003390612835, 79.07491939683086, -74.62509538506379, 8.681081414493974, -707.1670606184696, -39.85379333974447, 881.4448899054028, 197.29461507312703, 337.22122012241334] : 0.0
-5975.670377656796 : 2.5713185771362085E12 : [559.1964182822956, -704.7874412830515, 448.761937049215, 344.8211047775193, -346.0948968792918, 170.15048406242994, 310.4887300905545, -599.0464847201982, 273.1157361783895, 912.6268046237512, 508.1040393850605, 628.0923329377586, -978.648422814975, -528.9847623469848, 196.92864147752817, 357.7546039160163, -721.8749308440578, -200.95942765653143, 277.1307738188134, -72.44564232355151, 869.9216103442338, -700.00193986726, -965.9659749303657, 62.22379443179625, -480.0044878961645, 591.3192645886336, 332.09249827738074, -606.4362570128924, -462.83896172526704, -524.1406369375425] : 0.0
-4583.647484990523 : 1.161311112584137E12 : [-329.37441323214045, 132.76682304865565, 21.605224189759426, -204.54474141629743, 495.69480794985054, 214.5808039620987, -358.3345032383337, -593.5994043906487, -205.37105774888522, -390.24966890427305, 914.8423685930618, -654.8690419914598, -634.7836205803957, 503.2801104858519, -141.55745361967158, -527.2480874487578, -422.3328956340206, -137.51699859126688, 69.96451075210908, 635.0091389016077, -552.6929870824604, -357.2603111281088, -579.9685491366201, -544.8267046156682, 145.32950091413903, 136.59074412445588, -444.1821372333828, -311.95750711366827, 101.73961223820027, 138.27644111477207] : 0.0
-5857.393066540033 : 2.018615098892314E12 : [-476.93247196998084, -418.18939546286515, 335.91353803016017, -15.655970513698662, -259.58610821342825, -413.7793313342004, -366.03382700858003, 398.2031085001895, -494.57098806626533, -359.46754564932206, 903.7676220163801, -319.8479948199016, -630.1354107594606, -233.11268773044253, 241.4951422662873, 961.3503307190995, 466.9515301892227, 652.6460669385201, 149.34225421841677, -607.3188362810635, 936.21360416624, -559.3941779387137, -560.7193447423618, -782.9740280403213, -68.05729823551792, 877.4490190996107, 310.65354492785946, -16.065497259095196, -785.7362411495162, -147.445610977721] : 0.0
-5135.907029925384 : 2.55792119137211E12 : [-406.2018937761495, 203.81203666283932, -299.442393026171, 707.4911720136729, 132.76635526613143, -21.967414602001213, 603.2199945655917, -335.4636796243808, 520.9197307198447, -743.4040888417983, 0.9102187433459221, -142.5445077826401, -908.1009940847489, -207.0320435855773, 106.53898318036522, -924.4734117124622, 593.4333631947411, 22.393178321823825, 596.2542738395302, 655.971620559141, -328.5655630254817, -912.2246430212473, 652.9968115581403, -503.3074519590149, 783.3254872456756, 358.82503574426664, -350.2759984734246, 421.8753131725646, -505.33948320959325, -166.23186308039806] : 0.0
-5856.8996349648105 : 2.2481251459197617E12 : [336.4170097743871, 565.5547966563729, 557.9673736520741, -761.0498692567546, -583.9882522843034, -498.34014113298537, -742.0854340256572, 627.8819005349874, -108.89898808341258, -359.86221240197005, -615.9523636885708, -915.6190458714648, -311.5844139651828, -648.5102307093922, 543.2811792046975, -429.3307411625834, 159.65371934700352, 912.8579390419266, -24.52250077470012, 321.355704112077, 280.9686999141005, -651.1021472253603, 42.20530171043197, -828.2984733943427, -156.72215411311788, 526.4665856508968, -759.5837855162788, -591.0307959833157, -421.11122375969114, -282.53100570070404] : 0.0
-5605.483221138249 : 1.3050716915985974E12 : [-200.8412719691606, -128.99553493308312, 109.07114728914456, -736.495905359063, 564.1430400866834, 472.63461364984, -726.7006164757273, -387.0109216633785, -50.73965637484565, -165.2953445544563, 105.92789626073527, -326.9926751621392, -743.0140087368046, 587.8428872659323, -468.80121445026356, -8.2032917364308, -66.87816991805641, 49.52559509384233, -319.9070701336081, -352.62451199388755, -154.5051462327325, -24.936944680454218, 337.082172308902, 270.1093806908974, 802.1487133238454, -749.1488303078285, -425.95020739837014, 303.0523995221782, -164.63789998034702, 77.722681918852] : 0.0
-4570.5589617245305 : 6.311864164309141E11 : [-228.22380262740796, -469.5319519251962, -134.8621704328093, -415.03743849592064, -424.22227054225243, -419.49542593444716, -77.81478536664615, -367.49015459608586, 241.61287057016833, -65.57896262914636, 172.00929347684652, -128.7826326413666, 320.426017351108, -696.1019141035321, -685.9304452824064, 450.86130230063696, -778.8984758377132, 13.936450406147344, 73.4289457262065, -454.42075446045203, 139.80988954957604, -160.03660774277952, 355.861113753696, -293.2428975506682, -336.700463610672, 278.2725839209893, 638.5224422577012, -274.97870288622, -185.02891113495826, 577.712265154993] : 0.0
-5719.695117673672 : 3.8380981792085903E12 : [88.71113163702978, -373.2892585734176, -724.1593068915702, 996.292428260434, -460.63673057221035, 370.9637711363239, 982.9519470025941, 124.29422271952558, -135.40149301177235, 428.88762189886165, 288.6058774762471, -338.21535719348697, -970.7511594765604, -888.5772916487198, -769.1081416702489, -38.263877998710996, -80.9860522725769, 533.7491096987352, -148.24391477005105, -996.2842412071041, -657.8269663328306, -704.1963888683586, 130.4992898458213, -769.3680314147531, 233.34794637167101, -699.2662197759769, 574.5652645079497, -575.6309846211796, -769.2243581399512, 565.7423422495898] : 0.0
-4415.614887806917 : 1.9312032194201445E12 : [-701.8485041718964, 77.54697784159396, 973.9093281778519, -719.934449549015, 344.3842229966185, -555.4232387891499, -474.28838261187764, -351.53378283451644, -222.10849600656513, -319.08043080063504, 161.46969017926307, 944.2597825223934, 226.06905067663752, 365.4464811478756, -384.02132307976024, -21.398667127413603, 83.28085565648564, 156.13066154364535, -324.4547411140665, 177.0434234629874, -103.18415643366313, -895.8385908314328, 469.38607991167623, -218.8164164601491, 206.17260559162338, -483.16300169060037, -598.1678611871405, 57.88044480419387, -906.4255548511584, -603.2653007355964] : 0.0
-4196.287195650331 : 2.9324154214014277E12 : [-685.8268048555539, -843.0020283296611, -525.7760382768938, -101.23096693286408, -413.1945261604436, 845.9984740790715, 228.85052297659354, 620.0310596971456, 513.778854650634, -912.0410162769319, 296.509941948, 871.639497998077, 701.5418069314711, 679.1144233203635, 418.5670007749855, -398.8807383111454, -876.8909495229707, -129.0368328810253, -550.981239750316, 35.355008946646535, 68.87923915306533, -294.76170169092364, -763.8966252315895, 853.6464153605523, 709.1792932316002, -170.4291378865488, -667.5866042632649, -149.26020851478017, -140.27512312885705, 950.0966124340621] : 0.0
-5863.546792929814 : 1.92821581444384E12 : [102.62975729745858, -13.115392991289237, 595.2503824339498, 361.1557769093539, -436.8075846062666, -285.1908876929713, 78.11661331741772, 711.137725908764, -699.8658954050275, -720.1741737736597, 183.26789830102553, 370.62465375279976, -389.73542593643583, -952.1357283441469, -613.3668071037105, -618.5098725635787, 218.02727876204176, -91.25135302890703, -384.73043372679297, 411.23112285609784, 118.63512677168012, 952.6195225719047, 992.5964076653521, -130.2899476722249, -485.75215234487007, 77.16550884009393, -184.8436255428931, 395.6453604070822, 515.8857789556864, -940.784335141903] : 0.0
-5337.549638117821 : 3.128665064800989E12 : [776.5628950404271, 353.7829598743024, -112.87640783268411, -443.4335584500274, -213.9201314679575, -837.8095218270691, -757.3532822870388, 687.4343138595098, -615.3284083389833, -95.47732708221895, 58.64509539906999, -266.83902104511856, -164.28202504283558, -181.3256805068753, -379.30458908911896, -900.0497160750599, -451.28258490616633, 528.9139440421836, -314.84122422364976, -44.30590624981096, 990.6563673251401, 65.15279465676059, -50.92734036097923, 471.66714179515407, 785.1091937854669, -825.5223931836209, 894.3486017984692, -961.5449884610927, 535.4839250904402, 670.5367134635776] : 0.0
-4935.554771409464 : 2.3868999026303486E12 : [905.4848922221618, -39.117220473708926, 29.429742061311572, -500.056310422908, 563.8618541616663, 479.9287273372254, 385.4266777132236, 54.15497067156275, 890.0847532070118, 929.3320987561342, -371.6923477003968, -863.9643392223062, -682.2577507322993, 657.2386588604918, -571.3039413273284, 534.9074324456353, -257.2555533356225, 1.7597402570603435, -655.1699488501581, 154.72762974420186, -552.9264135204905, -298.40704162638804, 310.12336718447614, -822.6689749251806, 33.60818356144614, -28.56939515464819, -708.5212123989409, 162.47073604288437, 251.38069806759972, 283.4058069389175] : 0.0
-5437.5658824260245 : 2.238606698342278E12 : [-692.644297436485, 85.27046107131582, 275.59365563504434, 527.3011051644733, -55.20802215147034, -188.77923354426144, -709.7049883840541, -99.03258724918169, 210.04537525723725, 315.60536758170855, -248.10707193704792, 57.18913464955824, 154.77906821043047, 316.418323848007, -732.9561703608214, -274.0282878440572, 539.4064407536891, -721.3969671941076, -625.2133365578009, -43.201455197534074, -309.78769127696955, -687.7418555843533, 153.21826792741058, -427.9399534433466, 6.516064587863866, -148.17899071404713, -904.4510652474693, -949.3710894713174, 823.7877647199991, 785.2324341264946] : 0.0
-4893.595835025246 : 3.1387988785641807E12 : [-676.3821068518957, -556.90728585574, 937.8131585777927, -360.8991127635687, 952.6557524173409, 401.98254778141995, -972.6419392301502, -42.094133346434205, 145.13295221656995, -97.66798315906539, -532.9774112166176, 429.0220228854192, -639.2329958973746, 66.22160095418644, 913.0694459036579, 290.16274818369743, 712.9881305369167, -144.21906305136855, 642.5432738634397, -727.139480753244, 218.00148957067051, 761.7521815308285, 944.2165148525582, 286.76013058765454, 459.2524909512035, -5.887831429420051, -621.7741268647923, 385.1052186474343, 807.7485661093679, 600.0334147123488] : 0.0
-6392.282272977674 : 2.050506165202392E12 : [-719.3560121984349, 813.9122298953998, 526.7932169506439, 907.2935530500343, 549.7895355321, 492.9263570859848, -385.2325856910321, -418.15721228874406, -55.35237136105968, -403.67541720006454, -266.4974742185668, -587.8869181145776, -696.4236646163741, -295.09623512579975, -115.38546764011805, 437.9920081313833, 491.1924345094808, 676.3045565572593, -280.4264163778399, 362.61175897673775, -396.8068504856533, -615.8401644218841, -646.0585252809816, 638.7859269431783, -900.8253803651727, -383.0517273326704, 357.639046082632, 617.686949395106, -174.62458970857472, -986.6888880205112] : 0.0
-6657.425628092742 : 2.8100472490579907E12 : [123.00352492127354, -120.71562359222776, -710.7708132684083, -106.90938424105354, -333.24244025377266, 42.02885542573645, -415.53823015531566, 663.0119424039444, 250.9862340571849, 939.3051020488223, -690.8844214756516, 358.3589162921055, 984.5859391654058, -188.45152895930846, -895.3991522657718, 397.09955651291534, 105.5183548454927, -454.196369968624, -642.0229031493386, -673.8784099491868, -712.7032186076508, -164.29387660564652, -283.91642082577766, -734.4877560259686, -417.00166258411974, 917.6663101828111, -982.2459653644657, 334.21053092543576, 74.12258204915543, -392.530840568792] : 0.0
