Fitness : Violation : Position : Miscellaneous
3.677789987102732E-6 : 1.5901691833184521 : [-2.1640195924141485, 1.871215924892601, 1.5415227670849563, -1.2095381004743107, -1.6573481402804673] : 0.0
4.0676670672780136E-10 : 3.3906495209267384 : [-1.5943244062827997, 1.095084897118209, 2.620788213517983, -2.013508180362849, -2.3469387009276415] : 0.0
1.1796229175758454E-19 : 4.920955532164119 : [-1.7840605178130118, -1.7505384109101332, -3.0186518641584486, -1.9610268842213885, -2.3574826445967796] : 0.0
5.437250619702586E-15 : 4.429205496213523 : [-1.9364546735851007, 1.8001843517799987, 1.3540028518495628, 3.03324771464733, 2.294162301182595] : 0.0
9.375511058752608E-6 : 2.849698702966947 : [1.1235296083741673, -1.9522335091539547, 1.5387843429287873, -3.149891568964266, -1.0889846204005469] : 0.0
1.1911292902132278E-7 : 2.8644688490848105 : [-1.3025062324321204, 1.056587953767393, 2.2855093775485567, -2.598337474242214, -1.95079348286018] : 0.0
6.00572377681035E-13 : 17.65239577090807 : [-1.4216968341884693, 1.2122448865043212, -1.9717129506668414, -2.882716573632579, 2.87273051253157] : 0.0
1.0962526698489803E-9 : 6.89023418788195 : [-1.3872372307407672, -1.8996617385098493, 2.4759491712848343, 1.2579260603561917, -2.5136463605877286] : 0.0
5.194634610159526E-6 : 4.823759040448972 : [-0.8540582479950204, 0.7317295004176538, 2.7180323231645778, -2.284871106666599, -3.1351670916985794] : 0.0
3.836110867397868E-11 : 3.651117057502225 : [-1.1222931177869162, -1.6842509576349984, -2.5528047240868137, -1.9356897152457941, -2.567761945537805] : 0.0
8.223174916803601E-12 : 3.9203461628175638 : [-1.1176367624915011, -1.8078140375216307, -2.144159910807427, -2.9358009679497608, -2.0068348000748544] : 0.0
2.1293994152828285E-24 : 13.22779596035538 : [-2.233614019136405, 2.0015085144050087, -2.194126132857081, -1.8438188243248477, 3.0137034834085226] : 0.0
2.1023222979406154E-11 : 9.044172910550184 : [1.7919130507341174, 2.118386601803741, -1.490350359000408, -2.96795400531286, -1.4642305580643382] : 0.0
3.144851991748628E-11 : 7.286535064659365 : [-2.1856165577292677, 1.8642171802996446, -2.8315543933392306, 3.1537520563240964, -0.6646320827068761] : 0.0
8.088081274514732E-24 : 14.078914861423145 : [-1.4721903020391844, -1.990979674792022, 3.115723837735669, -3.185913817919502, 1.8274957832675014] : 0.0
4.3715460528895924E-10 : 5.563964497273013 : [-1.4105206422757646, 1.7480713545163846, 1.0247767040391156, 2.94889518428615, 2.8922437260300082] : 0.0
1.3388772584120817E-9 : 5.9209886025142735 : [1.4030940313319131, 0.828874373441749, -2.5836746065264333, -2.2776350711602706, -2.9853923139826306] : 0.0
1.6841129406791894E-8 : 3.220659210870096 : [-1.2399014596440125, -1.5902915614493898, -2.115820295501133, 1.4226422861493457, 3.0157898062317035] : 0.0
1.3208888313429423E-7 : 10.627643513759741 : [1.7449606447485866, -1.3988499149270812, -1.6224871397848666, -1.7064004093587983, 2.343853558743379] : 0.0
1.5688658780767676E-8 : 9.131925388654993 : [-1.102552086911949, -1.577085005985977, 2.4437948698905574, -2.875140658238354, 1.4708823439000351] : 0.0
1.1862022944043551E-11 : 3.5448056205074656 : [1.3425085053182042, -1.661550644396108, 2.861020674343199, 1.9640305902271569, 2.007107812851694] : 0.0
1.1087274972746591E-8 : 4.876038057252253 : [1.3801125828301526, 1.0984722968011158, -2.5420557044900685, 1.828506682972141, 2.5994423926891015] : 0.0
7.986328496770781E-10 : 3.3349502121190597 : [-1.4546595909004463, -1.9258368564348864, -3.0235175612776546, -1.7315770779481583, -1.4282684947605837] : 0.0
2.491338553994695E-7 : 7.790705645456402 : [2.2445328276437166, -0.736826163327758, 1.6251157593084389, 1.7835688152792861, 3.1719703679311655] : 0.0
9.392933785002938E-10 : 3.3994908636962697 : [-1.855773346251268, -1.7765751063180404, -1.1278960406270917, -2.9595628537476912, -1.888702466323845] : 0.0
2.646406483138259E-11 : 6.541419133719455 : [-1.4684854952266502, 2.2696695562341995, 2.4339177844814524, 2.258242973603563, 1.3294849629677936] : 0.0
4.2674613185046506E-8 : 15.544478121102316 : [0.7980472636439, 1.7379141653282124, 2.5520873348011053, 1.6311932688972757, -2.939106301837829] : 0.0
2.7801452983456747E-10 : 5.233794302007181 : [-1.4626642578274813, -2.2611315565501355, 2.7295383914002462, -1.7348802211407817, 1.4049458293212527] : 0.0
1.912514736085213E-8 : 3.2168436569176415 : [-1.6655418294336917, 1.3166326182215495, 1.4320324738693895, 1.8045160964916684, 3.136237329202089] : 0.0
1.6374745253204717E-23 : 5.713939017331889 : [1.7169018980088602, -1.9143965015376079, 1.886623647951642, -3.020318372122286, -2.8013352354761167] : 0.0
