Fitness : Violation : Position : Miscellaneous
6.032145231695699E-11 : 1.054903958624449E-9 : [6.032145231695699E-11, 7.25751257078153E-18, 3.3578513202608054E-17, 299.54050539904597, 6.398276978191781, 6.3994843422084955, 6.245840448787121] : 0.0
4.2795413130094206E-12 : 2.460641021840273E-9 : [4.2795413130094206E-12, 3.6098690790818364E-17, 1.2389358771444594E-16, 299.28978285826054, 6.3987059292794175, 6.39988541840196, 6.2400367370592775] : 0.0
3.714177048576481E-12 : 1.943445390617624E-9 : [3.714177048576481E-12, 6.664537767938347E-17, 3.6125666685842604E-17, 299.90752001080625, 6.398058729256449, 6.399758961821911, 6.230780834382563] : 0.0
1.3969401128695805E-12 : 2.667576399362409E-10 : [1.3969401128695805E-12, 2.312185175952675E-18, 1.4203427050791703E-18, 299.8055622417162, 6.397448223900551, 6.399631049680117, 6.2250496383419325] : 0.0
7.301896284886518E-12 : 1.369863469682309E-9 : [7.301896284886518E-12, 7.330103577131865E-17, 2.364590970811495E-18, 299.6908440352322, 6.397821344981296, 6.399396632527058, 6.226106821615431] : 0.0
1.2860636024247947E-11 : 8.226407733229836E-10 : [1.2860636024247947E-11, 9.692790971750843E-19, 3.159936236506224E-17, 299.7276357042767, 6.397917831951055, 6.3991219386391744, 6.237184458561886] : 0.0
1.1730616556566814E-11 : 1.0346276387476575E-9 : [1.1730616556566814E-11, 4.011128679193035E-17, 3.3101900470583334E-18, 299.6830972875716, 6.398045040256566, 6.398283685577668, 6.224334908006847] : 0.0
4.3910256237586175E-11 : 1.687197935556666E-9 : [4.3910256237586175E-11, 8.322600159022983E-17, 1.0643807534868286E-17, 299.99985473299233, 6.398228838821902, 6.399536921022651, 6.228476878512973] : 0.0
2.573940911654078E-11 : 8.087822146536896E-10 : [2.573940911654078E-11, 3.452890025169566E-17, 2.3645883185579743E-19, 299.57620693952356, 6.398906650209505, 6.399393475109855, 6.227898401168151] : 0.0
4.8741698347131335E-12 : 9.692525050446113E-10 : [4.8741698347131335E-12, 1.0577045538278012E-17, 2.1919476111949735E-17, 299.3133462526625, 6.398563185462849, 6.399444106389783, 6.226935531034038] : 0.0
1.2047472689187048E-12 : 2.3739543265756697E-9 : [1.2047472689187048E-12, 1.9910608996766995E-16, 2.473529300928259E-18, 299.65865997586525, 6.398390015879054, 6.399325241425922, 6.2267437807145365] : 0.0
2.4860274408368E-11 : 2.6689703662560365E-9 : [2.4860274408368E-11, 1.2643997133310814E-16, 5.1706272006636343E-17, 299.48844595050053, 6.398466499729645, 6.399865127163795, 6.217958802675424] : 0.0
1.1339789003626918E-11 : 8.414014465174724E-10 : [1.1339789003626918E-11, 1.2631499698054957E-17, 1.2453792685099758E-17, 299.97896679915647, 6.3983584097354465, 6.399311088047177, 6.241948254425542] : 0.0
1.1019041011302428E-11 : 5.930323653150855E-9 : [1.1019041011302428E-11, 2.582250364505243E-16, 3.9544699998704325E-16, 299.51934359026586, 6.3991361990445, 6.39954131922539, 6.229044649858999] : 0.0
4.026691156498645E-11 : 6.4017940908546115E-9 : [4.026691156498645E-11, 5.067781601747771E-16, 2.4829824767026486E-16, 299.379387991646, 6.398986658317175, 6.399864369783504, 6.22756246560052] : 0.0
1.330723590277586E-12 : 9.407387713264868E-10 : [1.330723590277586E-12, 1.0041568476175772E-17, 2.0850330299981065E-17, 299.65226783519824, 6.398588704568766, 6.399818149156394, 6.224048441835222] : 0.0
5.401871689045288E-12 : 1.9453019982765333E-9 : [5.401871689045288E-12, 2.7755227391476383E-17, 7.8493519575921E-17, 299.2154174239841, 6.398439017777833, 6.398802731563724, 6.2186991849354865] : 0.0
4.3103902862016887E-11 : 1.0859882265492633E-9 : [4.3103902862016887E-11, 2.879400637634213E-17, 1.1437666706547042E-17, 299.80489914068545, 6.397342379209481, 6.398673804614949, 6.225198193773633] : 0.0
6.275927813602263E-12 : 1.2712734494836068E-9 : [6.275927813602263E-12, 7.45320275847079E-17, 2.8975907792247606E-19, 299.84752062020624, 6.398855206491406, 6.399005304285966, 6.235149967612954] : 0.0
1.4024209450302433E-12 : 1.929625324613602E-9 : [1.4024209450302433E-12, 3.3045087494743005E-17, 6.929797480090916E-17, 299.66718571673334, 6.398311235074698, 6.398854198940866, 6.228606239107275] : 0.0
2.2619698135258488E-11 : 3.3046449666979396E-8 : [2.2619698135258488E-11, 9.209328409669502E-15, 2.8552041416543064E-15, 299.68709344034335, 6.399295733095927, 6.399831355024584, 6.233213200745926] : 0.0
3.2992183253806242E-12 : 1.0679933901842056E-9 : [3.2992183253806242E-12, 4.0733373093669324E-17, 4.040880729157248E-18, 299.29062965054845, 6.3993199379754895, 6.39947244644343, 6.236849108765737] : 0.0
3.656427686198781E-12 : 1.784614273358434E-9 : [3.656427686198781E-12, 2.2049085770597605E-17, 7.106373005568651E-17, 299.8427132004107, 6.398545366443967, 6.399400080893672, 6.217333125451826] : 0.0
5.494870533354969E-12 : 7.384917290734931E-10 : [5.494870533354969E-12, 1.0157235869535628E-17, 9.992265088302325E-18, 299.7653350664201, 6.398398253358512, 6.399596469976743, 6.22840584371761] : 0.0
1.1621591461849266E-12 : 1.0544424076120742E-9 : [1.1621591461849266E-12, 2.875326472440427E-17, 9.682607522672106E-18, 299.60821128515465, 6.397797928113639, 6.399829450087495, 6.2252835603229] : 0.0
5.512793773431814E-12 : 2.4685087227284037E-10 : [5.512793773431814E-12, 2.5763666964530893E-19, 3.825634226000137E-18, 299.6206064229451, 6.398049565744357, 6.3995550649817226, 6.215303652244552] : 0.0
2.3498482027430552E-11 : 4.375696373337631E-9 : [2.3498482027430552E-11, 7.017109538567003E-17, 3.66635865341824E-16, 299.8398229199713, 6.397595150709616, 6.399339357857687, 6.2447733967450585] : 0.0
6.682746853082698E-12 : 7.731698765205417E-10 : [6.682746853082698E-12, 5.766350248776993E-19, 2.974152609978069E-17, 299.4867368984628, 6.398903887253327, 6.399560591560908, 6.248761491332024] : 0.0
1.1547057380823945E-12 : 1.2291339891166706E-10 : [1.1547057380823945E-12, 1.376581989026847E-18, 2.926806826517579E-20, 299.77368696361475, 6.398027061597627, 6.398978997260258, 6.243185735472716] : 0.0
5.320778504324172E-12 : 1.5727771003350455E-9 : [5.320778504324172E-12, 2.812462452248051E-17, 4.3495831410797626E-17, 299.59789438204507, 6.398273981363788, 6.39922538103225, 6.22726026692818] : 0.0
