Fitness : Violation : Position : Miscellaneous
4.579627659331155E-11 : 5.107333353269406 : [-0.9161159547483899, -1.9631610272290816, -2.9085263571496123, -1.43042648996438, -3.181679569819486] : 0.0
2.8168120843176682E-14 : 5.82741896075992 : [-0.9933309313611742, -1.3428761852342905, -2.9979577188376845, 2.956158513676713, 2.639244295681954] : 0.0
7.419544978244265E-13 : 4.2190043589756625 : [-1.8644294791900646, 1.8101301256472828, 1.1841761756775764, 2.783848486924799, 2.5104137806260667] : 0.0
1.7471031573765463E-25 : 5.308041316586558 : [-2.2536627325982486, 2.042423453316683, 2.778470612528543, 2.2121326457895476, 2.01499500931065] : 0.0
2.4039251573828415E-10 : 6.396697277656365 : [-2.267467619439471, -2.0373759396895306, 1.662653292800651, -2.0123017738784252, 1.4329865334997862] : 0.0
5.544711333133912E-20 : 5.598589801365464 : [-1.9468188901435028, -1.868757826718053, -3.057270048109608, 1.3889180048968195, 2.8700899684090304] : 0.0
2.7574047631781444E-24 : 7.267398310323159 : [-1.7757321639325205, 2.178655708400843, 2.220114531963297, 2.9300437926817144, 2.155590157030299] : 0.0
4.5204544483902496E-11 : 7.624840894335281 : [2.291108022501914, -0.9926468354776632, 2.3275475712668268, 2.340387199740195, 1.922701788840406] : 0.0
1.8306503679846977E-13 : 3.8361311330389456 : [1.3623567725434054, -2.149752624872278, 2.288978313499783, 2.6632779992861413, 1.6427019370910838] : 0.0
4.107123495152097E-12 : 3.4823211683656603 : [1.666418015292277, -1.6872597552358468, 2.6146856456151024, 1.9767185378831909, 1.8041568071954193] : 0.0
4.719452286029699E-13 : 4.840038706939139 : [1.9366347570515527, -1.8435848446773884, 1.347911344359824, 1.8539266271100487, 3.181097275350485] : 0.0
1.9027343546329084E-16 : 5.602809239969903 : [-2.0755310608362, -1.8753737232072505, -1.043710382480283, -2.852253381227829, -3.123922409486977] : 0.0
3.11054919409747E-20 : 5.915365527703578 : [-1.7385645985951879, -1.2585364177342628, -3.017374846632477, -2.9559910193577745, -2.3015520705047536] : 0.0
1.350939717830317E-16 : 12.875433473065963 : [-2.092858715860174, -1.7884133373522393, 1.6596252083948317, -2.2843863527337653, 2.5750627730585194] : 0.0
2.1934854472466077E-12 : 6.733517466239612 : [0.9889268678149241, 1.7631200301082428, -2.440517871496846, -2.3643545385741995, -2.668279522429324] : 0.0
1.0903143623224044E-11 : 4.058032390627989 : [1.1600476802957553, -2.0766432764727036, 2.687045656830768, -2.6789879503147427, -1.455592131670284] : 0.0
1.8314298741435817E-19 : 4.84723867691234 : [-1.8953149411502426, -1.8430020716422466, -2.52555844701849, -1.6986586109229733, -2.8790543799558295] : 0.0
4.9351570071366234E-23 : 5.791319350872231 : [-2.235729407736014, 2.2803743158812333, 2.8036534508359607, 1.5911232052797777, 2.258382372676385] : 0.0
1.4239557641076298E-17 : 4.810540125063336 : [1.209755593787058, -2.1240172121343694, 2.568221980281458, 2.2680914963100225, 2.5916518835316635] : 0.0
8.522944933651469E-17 : 12.054539947302812 : [-1.8089732616574468, -1.488378113894465, 2.557984157341331, 2.6241691246965013, -2.0472955114073264] : 0.0
1.962988276956899E-15 : 4.014831552991358 : [1.547144957272538, -1.672167652861904, 2.2374111486741066, -2.5982905972161285, -2.251634361388633] : 0.0
2.060414649467E-9 : 2.9872156265960172 : [-1.9616850150037277, -1.2086387242696046, -1.6062532560567768, -2.6997312630324877, -1.945259057479448] : 0.0
7.434502757162527E-9 : 9.822806677402747 : [0.42905775670546387, 2.208169207995317, -2.5422534859313366, 3.1858100008706685, 2.4392287078912513] : 0.0
5.001636834089759E-15 : 5.961695929492545 : [-1.2312168871248053, -1.1233495575385273, -3.1868381931518592, 2.684559152350995, 2.7828911270675745] : 0.0
7.906134721450101E-35 : 7.024770220379552 : [-2.1519950085270767, -1.6398662598613765, -2.866179255592632, 2.8429610493783093, 2.730687777961756] : 0.0
7.244807430744127E-11 : 6.394355927648534 : [-2.245166672451097, -1.5127176933459634, 3.182191392653923, 2.1815369343650115, -0.990278051610642] : 0.0
4.4892926669032236E-27 : 7.311778107333585 : [2.078516568619115, -1.7897309576772447, 3.074376407699283, -2.469934666952124, -2.147715073592283] : 0.0
7.932374670039539E-13 : 4.207839070556525 : [-1.4780813811256568, -1.382461121032066, -2.1443117656732604, 3.1314364356459787, 2.0306715126721118] : 0.0
8.894570287717014E-16 : 4.946241338450904 : [-1.91673419002842, 1.1157000004417492, 2.62260583893904, 2.933322758856744, 2.1065668218879274] : 0.0
3.531284178721482E-16 : 4.865365223548241 : [-1.9035781992002405, 1.585670683620764, 2.7723767323791906, -2.948287331189652, -1.442103761796991] : 0.0
