Fitness : Violation : Position : Miscellaneous
24.5964745940333 : 0.0 : [-31.80319241312864, -39.69103238137582, -46.31242366849189, -42.68333981450455, -29.051785896053165, -39.55918116659097, -12.301408614207478, -12.71101777805845, -44.328654351926716, -32.45781751092642, -36.562535894786464, -46.474800634312516, -5.170290036636963, -27.971134900617898, -47.29622799880582, -46.99514414427128, -30.47159347236299, -5.314357585603385, -44.65475419328392, -23.435948163955693, -26.87384206294802, -25.216904246067777, -31.384223742190578, -32.152103408515444, -10.842970142018473, -17.707431333913373, -45.3486351823416, -34.091895540464456, -8.172508809791385, -5.609825815098123] : 0.0
24.903214857892095 : 0.0 : [-31.813732906742963, -39.71617477157733, -46.35711438864669, -42.75119558312983, -29.127893065336643, -39.61199289584987, -12.30673836502126, -12.705442263082318, -44.336471076504296, -32.460092167429124, -36.56831972520713, -46.48795572509819, -5.1604577639766065, -27.960445460091634, -47.30363624274547, -46.97730737231079, -30.467731842288558, -5.328006316696569, -44.64753384679823, -23.43934971203328, -26.88587050585413, -25.205107748469057, -31.37643470758561, -32.141373470434644, -10.84775216446802, -17.712090321815285, -45.34476044729969, -34.09373924805634, -8.165489698815545, -5.602730556745093] : 0.0
25.21531051733227 : 0.0 : [-31.84233909248503, -39.76182696978598, -46.41841875887043, -42.815966595753125, -29.152706911273416, -39.60881089376139, -12.314020945036747, -12.70915725378784, -44.33797463527089, -32.458038012232386, -36.576714031145265, -46.48519370264972, -5.16333824187363, -27.94815940720447, -47.29944575268002, -46.984922649697154, -30.463380607767057, -5.328808961407624, -44.66922000894441, -23.44002653347414, -26.883939039886663, -25.219230080619734, -31.380351420653454, -32.16268614168246, -10.842769983479174, -17.718847467096644, -45.34758849390474, -34.09557282080849, -8.170522951460885, -5.5986167756967] : 0.0
25.043351223670292 : 0.0 : [-31.826245217445237, -39.736608284374114, -46.38022159808091, -42.77975045374924, -29.158759085931685, -39.60904461135966, -12.309927653347344, -12.699174802751848, -44.338838956969326, -32.46125542617074, -36.57222683178818, -46.46661294392712, -5.163690892337769, -27.96735345071538, -47.30410542558665, -46.98955456861648, -30.467215374739762, -5.315809643065739, -44.64516225384645, -23.428369795887896, -26.876045988804705, -25.212648845505914, -31.392512127759503, -32.163257410494424, -10.83932065311669, -17.72681574907866, -45.34179803585939, -34.0909424716888, -8.159155418608748, -5.596588213869458] : 0.0
25.06948747700239 : 0.0 : [-31.831090543968635, -39.73779917518311, -46.39646128130339, -42.803001721305506, -29.161828870053288, -39.61735629048883, -12.30734820564362, -12.712835709297334, -44.332814032465706, -32.45812663643372, -36.570817150847965, -46.483968782959025, -5.174921433220674, -27.96122789599927, -47.29825498693828, -46.98487038901801, -30.481765507622136, -5.335831344098005, -44.64467474227547, -23.429050802299813, -26.880328628599724, -25.215612750240048, -31.379531076295027, -32.15715273882625, -10.847912920010495, -17.718685530356268, -45.35839049025205, -34.09929138879694, -8.16652379720304, -5.601191506986904] : 0.0
25.35809646271986 : 0.0 : [-31.84689826614669, -39.77647972879042, -46.432697699636705, -42.83190629632725, -29.21586482932477, -39.62189693203914, -12.294426220140164, -12.70776159281261, -44.327335238654705, -32.432296283278774, -36.57163287751389, -46.48916876522142, -5.163281194393175, -27.969364353954475, -47.308106548584846, -46.984297252268334, -30.474884640081427, -5.326088096702939, -44.6550308164645, -23.424197822817504, -26.8755278998915, -25.210632027124536, -31.38066746084865, -32.16641074890965, -10.8442446179803, -17.70708018140826, -45.34223735948623, -34.10244862566639, -8.17336457040578, -5.588441653059026] : 0.0
24.258241014411453 : 0.0 : [-31.777971632389875, -39.64762323140346, -46.24078865337688, -42.571004398293894, -28.94511854340532, -39.5050363363924, -12.294740003208718, -12.70374541818572, -44.342004678147035, -32.440517182458905, -36.56773567434652, -46.485215184785616, -5.155672635402764, -27.967947311824712, -47.28531241334967, -46.977601166126746, -30.452796523747317, -5.321483388655281, -44.66527544730374, -23.42328283708479, -26.875755421534844, -25.20547202866018, -31.383852345270817, -32.1534978012899, -10.840523678261048, -17.727230806908892, -45.36258708931434, -34.10244132930943, -8.16331783088534, -5.598659501258833] : 0.0
24.751061507111892 : 0.0 : [-31.809805051806656, -39.70703243179559, -46.33513927368391, -42.72178971402676, -29.09198054926055, -39.5837081312708, -12.286632460367422, -12.712818033365245, -44.332042554749734, -32.45620767330273, -36.56977289400159, -46.48830583637381, -5.172747642166051, -27.957173729871837, -47.29410118962218, -46.97933544317476, -30.46855933083257, -5.331872895873697, -44.650483492941916, -23.427747547310133, -26.89684519408655, -25.211399852020385, -31.39055493917529, -32.15567511036535, -10.84264258490008, -17.714272768455963, -45.34782242449914, -34.10309272556282, -8.166799085657374, -5.590169404924904] : 0.0
24.529268775722475 : 0.0 : [-31.78476632491254, -39.65713117053426, -46.25783299857984, -42.59745396261213, -28.98868322215096, -39.56195285677454, -12.306888409288412, -12.704549850671356, -44.335744237512934, -32.44192238368858, -36.56075759313906, -46.490218285641824, -5.156806439938791, -27.95970924476395, -47.29690597834043, -46.984245115997155, -30.480492979448215, -5.325128738052252, -44.651777435617184, -23.434268157592964, -26.88933450845347, -25.224444793340634, -31.385833774612777, -32.158121668056765, -10.850021966596234, -17.731039355321215, -45.34350286175953, -34.094069858171345, -8.166706572422267, -5.607526429808087] : 0.0
24.828486586270724 : 0.0 : [-31.814610045899663, -39.71949077945159, -46.35250686538074, -42.738033834762334, -29.116295620519494, -39.59463977632738, -12.307965082935912, -12.705233654356618, -44.337520895348405, -32.45435248754347, -36.57118109685674, -46.487596720874414, -5.166786456459629, -27.969323481401062, -47.30409271623458, -46.99146772499941, -30.470686665043935, -5.307751421759711, -44.64572230677702, -23.42646350243063, -26.87399365114998, -25.202210022184644, -31.384850318172873, -32.15514614097437, -10.846568106810976, -17.729887192260215, -45.339357512076305, -34.09232010883582, -8.162322577864412, -5.597366959501709] : 0.0
24.788600158412418 : 0.0 : [-31.816659021929514, -39.7035610061418, -46.34248907942576, -42.72693047319687, -29.097299032822875, -39.601208091358366, -12.306214932808862, -12.710548253854666, -44.33702243901477, -32.451006907513616, -36.56561059968935, -46.49255501188685, -5.157015308004736, -27.966508461901615, -47.30202233610008, -46.99439234585413, -30.475681420739814, -5.324403276533179, -44.647671802011416, -23.42305431299156, -26.884658206850887, -25.21253643352398, -31.384221789610166, -32.15672756637652, -10.844536934773615, -17.718325239061016, -45.33606282033447, -34.09161433683066, -8.159936983493282, -5.598889427284297] : 0.0
24.64577878597623 : 0.0 : [-31.798257893781212, -39.69936328631407, -46.324548041819206, -42.692488157630464, -29.070103573714146, -39.5665357195915, -12.3054600854021, -12.707843712717402, -44.33699496306413, -32.43947817142948, -36.56175494199836, -46.47854040369886, -5.1730352033826845, -27.970028732780925, -47.30406936329783, -46.987409087745434, -30.465863616958277, -5.324420229338941, -44.66209434231021, -23.426494281923542, -26.893095181598646, -25.215887202184245, -31.391705683304288, -32.164213135798704, -10.838431814357516, -17.70632976334239, -45.33358931893021, -34.09518050354364, -8.156227902872757, -5.603534306963219] : 0.0
92.72158917540358 : 0.0 : [-32.12117317186848, -40.25457373705804, -46.89986809625352, -43.142126862164886, -29.366982509459138, -39.65854656815321, -12.348658049912448, -12.72826387842267, -44.381319945336905, -32.469062368564835, -36.546123821583876, -46.50768609167612, -5.27375801863662, -27.96349160463071, -47.35237736555368, -47.03215643265174, -30.490218712579725, -5.356706969847144, -44.678253332727024, -23.50718514858951, -26.826192027404637, -24.773230736050262, -30.77328429785676, -31.389859688236587, -9.962729359640662, -16.736320724748637, -44.24026312391669, -32.81827192043275, -6.4202527875482716, -2.465979925472413] : 0.0
24.8016654941337 : 0.0 : [-31.81687645368257, -39.709207799695804, -46.35422778422418, -42.729724862171636, -29.119601053032124, -39.597165067990474, -12.302928919708727, -12.701855154594178, -44.332675733657865, -32.45427206610686, -36.568894797384345, -46.49099857884521, -5.169524137068542, -27.971617481171272, -47.294327007364366, -46.98747488650933, -30.471571382922697, -5.331850654247617, -44.653956705942576, -23.426058641627474, -26.874658122732054, -25.215767886213037, -31.383415301347306, -32.16208233343974, -10.854767835774911, -17.711176495388486, -45.33471418319452, -34.098983276055264, -8.167168302499025, -5.607639575741759] : 0.0
25.611134250907785 : 0.0 : [-31.856456818516346, -39.77961070169221, -46.47664615668539, -42.8965807635897, -29.252116325396155, -39.6271344831481, -12.295414025448524, -12.716920491727917, -44.331524320693724, -32.455906671254375, -36.55986872603874, -46.47561306234535, -5.157839043375905, -27.963285895788378, -47.29445984822809, -46.96564730787576, -30.453467156526273, -5.309437067359635, -44.6616417560138, -23.43110193278569, -26.895490493601322, -25.208917771408565, -31.37995535811939, -32.15951729365017, -10.845461447548079, -17.714494763808812, -45.33858184668584, -34.10802570880517, -8.162196993056252, -5.593044623054174] : 0.0
24.673179410316298 : 0.0 : [-31.801281334693137, -39.695959099176434, -46.33689247427464, -42.70465824834832, -29.082744083540405, -39.58414856112809, -12.305927760164634, -12.716585271289023, -44.34422173552274, -32.45251180679271, -36.56750842628517, -46.491055740690726, -5.177626084285605, -27.96122290933492, -47.295297856451626, -46.98940549286312, -30.467306633825253, -5.322688618796299, -44.649868486325175, -23.429543920986195, -26.88559959550364, -25.217054528704697, -31.389797956690213, -32.17033800814525, -10.84720148260235, -17.721714086101343, -45.3489128165762, -34.09942892609014, -8.163106648991002, -5.604288983792748] : 0.0
24.998714184415338 : 0.0 : [-31.807909116749723, -39.712311075176196, -46.36109442678713, -42.756908038185145, -29.135979517373194, -39.62380722022188, -12.305361315199466, -12.707886387659096, -44.33228901943136, -32.44851457615151, -36.56829234226579, -46.49159722497184, -5.163966893946464, -27.95303768043373, -47.304238609385536, -46.99345128098467, -30.461502689819202, -5.335931195306682, -44.65675866712829, -23.438591665215505, -26.88996329840104, -25.212305547540733, -31.384103998016084, -32.17164123846842, -10.852444284442797, -17.706150315144626, -45.330877310391415, -34.09203870263816, -8.16549102615982, -5.616123136512212] : 0.0
24.682511935422202 : 0.0 : [-31.81010996300293, -39.682293179872715, -46.30541221968518, -42.67849727230609, -29.070417322291668, -39.57057371077714, -12.303017246144261, -12.69740231901538, -44.32452574283374, -32.45540016916232, -36.57296813299449, -46.486362307878686, -5.167880855623671, -27.968500536377448, -47.295333621128904, -46.98361233186249, -30.478356761263882, -5.329280050613433, -44.65526750662204, -23.426514051199693, -26.875247513953603, -25.20370606804414, -31.387915558564398, -32.16542118585238, -10.858605873999698, -17.712011411660786, -45.34762758186634, -34.091953119552166, -8.156369285735494, -5.602392972670504] : 0.0
25.32125902630205 : 0.0 : [-31.858128575482336, -39.78481090794446, -46.46508867099136, -42.87678012144475, -29.218148724815478, -39.62510535835956, -12.299032211541599, -12.713808501658516, -44.34042864935688, -32.453774163177144, -36.57107626485636, -46.491019889201596, -5.1568469181727075, -27.964134581698357, -47.29549260953077, -46.984672135894144, -30.47440963006745, -5.32190108921589, -44.64299646562942, -23.43072798294986, -26.879575025870565, -25.209282345611886, -31.385284484374836, -32.15817773721376, -10.856855703475084, -17.715589645065517, -45.346596440044095, -34.104235201554005, -8.160626675203591, -5.602632910240884] : 0.0
24.707138661630985 : 0.0 : [-31.798689600378722, -39.683735047586296, -46.29223745790312, -42.65196427738985, -29.03715834870423, -39.58098209804038, -12.31132036108625, -12.707379279706291, -44.343854383260535, -32.43658777023532, -36.56705862099147, -46.49401965307957, -5.168906861276528, -27.969875924293696, -47.29517309753443, -46.98462264580741, -30.47280432202193, -5.296702005998687, -44.63719025780922, -23.43054712699479, -26.885479527096187, -25.20285603805624, -31.384213620236018, -32.161770705832254, -10.847367357319623, -17.72316521891878, -45.338303365358286, -34.09083143783933, -8.175269784335732, -5.604604857917973] : 0.0
24.683292937353677 : 0.0 : [-31.805774034973936, -39.701529458532555, -46.33670291210713, -42.707105660552855, -29.08947982074639, -39.58075967954602, -12.301043262795517, -12.706577098626775, -44.32669938944021, -32.45403602561266, -36.56950016923423, -46.47899136382895, -5.174894544771205, -27.96944861953377, -47.29437674726849, -46.98472222863172, -30.472206639656754, -5.327575737420711, -44.64844853480179, -23.42653130140507, -26.877144320634233, -25.206042886665173, -31.390895972719385, -32.16320094729582, -10.86141244634877, -17.729186957447407, -45.33141835841106, -34.09659071487617, -8.165100889866903, -5.596927384000367] : 0.0
24.713574189575294 : 0.0 : [-31.793762708246387, -39.67964937984032, -46.28596152472433, -42.64051819478215, -29.030645448061716, -39.58375882211644, -12.305375051885768, -12.717010027014812, -44.34487518747226, -32.44862410392354, -36.576459471456445, -46.48628351268026, -5.1758934032391295, -27.96414072931185, -47.295154545271394, -47.0033420793922, -30.47665822745708, -5.324020033074758, -44.661123942649525, -23.42955406085242, -26.90120087020511, -25.22742713820221, -31.395435759147322, -32.170732345638314, -10.855487207737188, -17.70951670848292, -45.343019929845106, -34.10191440652939, -8.163006402650383, -5.603604310588526] : 0.0
24.708053555637644 : 0.0 : [-31.80964859469378, -39.70003555034257, -46.31206149499576, -42.67670445898544, -29.060259557992335, -39.558395537401935, -12.299453974933364, -12.69593289539048, -44.341626817263844, -32.43049593729528, -36.55694974249724, -46.47580856104169, -5.170080477620182, -27.976451253774997, -47.303057446827104, -46.99756671828109, -30.464437160640593, -5.314505440378957, -44.65960424189413, -23.421685186183623, -26.89235666160087, -25.21860715410584, -31.38296823280259, -32.16907788335367, -10.848956008929042, -17.713314567284794, -45.338563594862414, -34.1009811800142, -8.167569829488446, -5.615373950503515] : 0.0
24.54719796404444 : 0.0 : [-31.79402955009618, -39.682553485489336, -46.30030318962847, -42.65843400013953, -29.05554799513364, -39.5630564185152, -12.302816088865049, -12.707724010963812, -44.34449238524665, -32.44998142363789, -36.57117195321322, -46.4780026851912, -5.1669533549474975, -27.96096194260928, -47.29822521286554, -46.99604939734198, -30.46443927416221, -5.3305610490333155, -44.653395659186195, -23.434681218333054, -26.87681809249616, -25.211129966714367, -31.394744656256453, -32.16458828096373, -10.846591583586328, -17.722833509427417, -45.33572827546497, -34.094106740828494, -8.15985119056237, -5.6129971914384775] : 0.0
24.585634251658117 : 0.0 : [-31.795510497173368, -39.67803795023787, -46.31136116250042, -42.674384754441846, -29.047723542978304, -39.557130718815586, -12.291248679833496, -12.696108978784459, -44.33790355604086, -32.45675393399145, -36.557135557651975, -46.48380293041424, -5.157129152982436, -27.974495483520535, -47.3051181724533, -46.97930077128077, -30.484021895114076, -5.326005715049867, -44.6419772349856, -23.421595526228, -26.885993557253837, -25.20895329968065, -31.38738382481209, -32.1549880257042, -10.840820212728328, -17.725185520959208, -45.341638799080634, -34.103788800500524, -8.159575640785032, -5.604074465037687] : 0.0
24.214455185647143 : 0.0 : [-31.78438185434802, -39.655901481239766, -46.25362660736538, -42.58742642586917, -28.957898061748388, -39.497315673823486, -12.287905873018317, -12.696109666407038, -44.334318347208125, -32.44529630516965, -36.56064954928168, -46.46774512875366, -5.1673263276394525, -27.95747950211771, -47.290037145231196, -46.98663991092458, -30.473605209719132, -5.3249195907664895, -44.65464394709744, -23.424247696968454, -26.885654297292085, -25.196372231080822, -31.376588634379118, -32.16190725890004, -10.848629170044704, -17.715659485262922, -45.347336785644075, -34.084003959595385, -8.16186236521195, -5.590613334096694] : 0.0
24.530620400672582 : 0.0 : [-31.783590114680198, -39.67394391116184, -46.303665480314535, -42.66935255972929, -29.03417012627312, -39.55563883240885, -12.293229621826313, -12.704755034932393, -44.33563867667169, -32.45149947775047, -36.56798094929762, -46.47970340021086, -5.180369815771703, -27.969840207781196, -47.29817188607624, -46.98547463640625, -30.469248371103717, -5.323961618246347, -44.660469205550996, -23.427017410130162, -26.892554756206348, -25.206395147188147, -31.387151402701857, -32.15719995761338, -10.848928888308684, -17.734248027667064, -45.340073643753, -34.100028646392296, -8.170786136901647, -5.603330116185671] : 0.0
24.451491088023236 : 0.0 : [-31.783021810242275, -39.67671814020826, -46.29028204569101, -42.64955869380942, -29.014477804617755, -39.535399500249255, -12.295370050781848, -12.704181579137092, -44.34492851770476, -32.44998105031572, -36.577570495429924, -46.48635246681033, -5.171200245351499, -27.965228433272834, -47.29600061068693, -46.98278801861265, -30.470254325985145, -5.32609004484619, -44.652328402989205, -23.4306512356061, -26.896108084675618, -25.21343551076325, -31.39005227934514, -32.16887044696031, -10.853454480474136, -17.71447428154832, -45.3517381450697, -34.116387161901486, -8.169682173952664, -5.602295550824435] : 0.0
24.672724258648344 : 0.0 : [-31.80213481026209, -39.692656892975066, -46.323815923939534, -42.69953472068496, -29.079513328160786, -39.57775875526597, -12.299122129598079, -12.710782844220056, -44.347068850639644, -32.444694517511344, -36.56267526172337, -46.4753347417863, -5.177183895184655, -27.971525540164883, -47.28564605561017, -46.9848629994644, -30.4701959209863, -5.33284749513431, -44.645797389918876, -23.43317651870983, -26.888681336567714, -25.205203075111754, -31.38173960108577, -32.169075210235945, -10.84652966483021, -17.723994524559597, -45.332426613813396, -34.10413724764943, -8.169590525747505, -5.6010060857401776] : 0.0
24.86153435231005 : 0.0 : [-31.821456601151343, -39.715081521229166, -46.36668445768039, -42.7487528824979, -29.110976907259342, -39.59825383662408, -12.30357479282912, -12.703250736979951, -44.3294773684245, -32.45683649804865, -36.56179525524245, -46.478278716729655, -5.161331520131066, -27.961342940219303, -47.296249634464765, -46.98541236401921, -30.469609927979405, -5.325341164000508, -44.66020351708375, -23.427113477054494, -26.893145467529827, -25.215976831581298, -31.391119854437523, -32.16399689409894, -10.845712457657399, -17.714112008998836, -45.342855752686816, -34.10621170638535, -8.168447451710017, -5.60582257392956] : 0.0
