Fitness : Violation : Position : Miscellaneous
-198.81157397975593 : 455.83926665361406 : [0.7653036990476338, -132.58082106809087, -487.3294796727329, -471.5986926086697, -227.9582992553847, -273.97150295769916, -158.30382974276398, 124.28109247778008, -455.1122307984289, -474.01349272852104] : 0.0
-128.27937581982582 : 178.54860344792223 : [133.0465223437651, 182.17002829780148, -231.44174092769038, 23.235640119850444, 136.1224810306458, -164.7125873903687, 278.32087593476444, -97.76218625137271, 441.2087564375882, 463.9047992183282] : 0.0
-159.93484755031494 : 304.2000973147007 : [-191.2821185768086, -330.291605403512, 459.6320400620653, -435.1498454777916, 124.0184572674745, -262.6787561256485, 128.9730617649484, 481.2306286351362, 234.1744110152886, -20.252522971764165] : 0.0
-175.259244309976 : 311.79041200437354 : [-480.741895621652, -286.5452526539363, -225.37515596980165, -436.4860999029009, 122.98141923949555, -265.9930530386476, 121.42593606418467, -44.43271831918159, 60.23165031130671, -315.23630936241443] : 0.0
-163.95696805744734 : 267.80258453259535 : [-4.608631274898926, -23.825261098031746, 262.0991147181427, 279.43676185377717, 340.5596503370964, -486.42690936532523, -494.3371532128833, 14.791329999021059, -252.93983391999075, 115.86818301926375] : 0.0
-144.2138779512471 : 417.61402730064157 : [294.2780930582379, 105.3489719845353, -481.5902906240078, -39.99093029116091, 474.3938422206767, -487.6542785393384, 358.1283164979735, -472.9519280213089, -261.3440487048162, -156.88778061464382] : 0.0
-145.96418915392476 : 248.1122126871493 : [139.41542408437158, 170.54032233065712, -90.21040816211763, -439.04113685823506, -243.19086248537874, -78.07603290838188, 461.88157645631395, -145.12917323072375, -285.5820615638795, 207.55676819065104] : 0.0
-203.55668723745018 : 293.3279603738012 : [497.0761466234636, -318.40100763727173, -254.47456805396874, -207.43727622649578, -158.9218550284697, -209.6581962265945, -62.84876352236236, -115.24718198671951, -496.97806068071014, 27.697636279242346] : 0.0
-193.06141565943386 : 346.9053986699159 : [302.21119790555906, -23.448775442132288, -61.57011511210215, 262.0477397138558, -286.2337985437995, -495.39083256559235, -479.17354676280775, 399.2277899914998, -79.82200528880662, -274.6781702247607] : 0.0
-150.79044448510973 : 233.55495869228685 : [-44.885548408851434, -248.56682393580377, -218.66245304762907, 294.0782052771234, -71.92000773683748, 114.50438591447983, 434.2485878340733, -495.5443121931348, 146.60484165592527, -254.29713721757867] : 0.0
-209.58666596793404 : 378.33895285069116 : [475.54971570330173, 493.4888398836063, 480.78697972508405, 143.2523936992162, 262.3979316164093, 450.5641957754844, -48.33886418875403, -305.4332459210244, 58.38901180479564, -498.66144288496804] : 0.0
-160.76864146027083 : 529.0052420618669 : [-432.03319206104794, -38.798968143650704, -448.15131176922444, -496.65742732267296, -22.266540100322548, 410.9417074233195, 269.7958955346943, 487.2479105179575, 373.64459288088335, -480.38178567965815] : 0.0
-191.94949466643808 : 412.1986407033658 : [-469.87392538198714, -27.918296335914867, -491.00741723752594, 56.58122775450033, 436.36886641030446, 57.23075919714455, 161.6347356268517, -310.8947153309359, -483.018698890237, 414.2448188897625] : 0.0
-197.1092915420268 : 401.4879764316129 : [1.8468897145225753, 413.52406548672457, 159.5453266110362, 166.99797039795268, -494.62864607216363, -446.65247692755906, -471.8860150814563, -108.66073363685318, 430.4254523185522, 249.64506056611185] : 0.0
-297.36369435658537 : 517.1473452443469 : [-5.336270853639064, 396.3137432798417, -489.4257506891203, -13.165113061375052, -462.16829352390664, -464.7744543757799, -477.50461063528803, -268.58923606904756, -275.3396276603246, -259.3085358810097] : 0.0
-144.9863215101554 : 303.10743226292396 : [449.83646725102824, -141.19968638794376, 224.93833333134052, -172.01726956310716, 32.85974739275042, 435.9135172691898, 94.77488588227607, 487.14615373109484, 260.28438857919843, -498.8106406339433] : 0.0
-176.30342785484407 : 348.4951096765804 : [283.0481905726811, -63.33431527787269, -467.09981470408457, -57.94118203875456, -449.0027670465921, -257.1711912771915, 50.83367102303089, -313.2888955865193, 91.61552076385465, -453.24691761245816] : 0.0
-179.04949608692363 : 265.6983613039412 : [75.99168621495801, 196.1840918932106, -8.448714899232584, 457.23730402873696, 290.23399148258784, -271.35707124646524, 493.55809963396075, 194.32473806086, 35.3184755411076, -496.4409008150056] : 0.0
-164.6385905182143 : 356.90057113240437 : [-51.51327540378222, -127.29683900139783, 340.5412716742602, -439.4609499140807, -440.65062369930365, 466.85379104190554, -282.39282617723484, 230.97494436444345, -284.9771497274247, 179.2048762642438] : 0.0
-169.81108457359693 : 297.40745481088874 : [-47.202418699769794, 218.89221290485597, -51.956227203458724, 210.8221656358494, -440.7823585675735, -262.739731226141, -495.6407164385561, -310.0433882703221, 287.63702683699324, 168.10597537292279] : 0.0
-165.64761166696525 : 435.80061135783376 : [243.65904653612108, 464.2944251289307, -247.35162889735793, 105.837607549791, 492.87171493561937, -302.10369973240296, 459.65670282583136, -429.9921963659813, 435.9520626881366, 486.0810523047959] : 0.0
-154.9190892149328 : 200.57743596332898 : [-219.62870875742112, 428.37166230020057, -91.98361517404146, 160.70138219327816, 227.97160312899817, 466.81279453734385, 151.5997707150849, 98.75425060792884, 247.9501655881848, -260.38724129575405] : 0.0
-161.90601765564782 : 287.23913264823585 : [220.6835837601966, -350.09424114638045, 263.07616514422045, -71.14783129401955, -11.626888698923096, 488.47555161589366, 486.98304776530676, -495.70855032993836, 238.4892101978387, -79.90474602870917] : 0.0
-148.71876893711675 : 226.8638490238134 : [-223.02405370504442, -200.09165941402517, -76.86593022591556, -209.26244544493386, -45.28581972678744, -290.9009676058504, 442.3325360852268, 423.7759332258993, 230.32631293976561, 73.3379369284304] : 0.0
-195.6974157116338 : 457.77736209538585 : [29.617237555233473, -149.51347151444023, -477.8022504167746, -461.42851872861, -460.37446277746176, 457.4740272898521, 358.9701924348893, 460.43056650922944, -126.73721295872545, 201.8635361927063] : 0.0
-182.76803575431634 : 304.6943208426935 : [453.3389902265319, 425.35793027595537, 235.53126901315682, 231.3531236028599, 310.8001462011257, 113.6978102517487, -448.9482831177004, 85.42870555471443, -234.41858211796006, 460.01341407097493] : 0.0
-144.20094635979913 : 347.0107734689705 : [465.6707819107201, -301.08907722053203, 279.14829519987575, -88.30418738868549, -198.03150882839543, -385.7063730796941, -197.8836627781377, -10.224597509289197, 449.9252203845632, -485.8158460379266] : 0.0
-203.9638167560853 : 281.87726296327725 : [486.3221849152709, -311.1776236825093, 459.5564954817728, 485.1249367007762, -229.38592607097632, 114.11896376045019, 434.58446130393327, -152.47794176833867, -81.98843800325307, 33.556885490109835] : 0.0
-220.04220078740354 : 383.19045452049824 : [-492.4826948096811, 418.6662935719895, 77.42326534896944, -443.60516818345434, 222.77416742118564, -280.47632575206046, -208.09763151804088, -106.18366304205958, -264.8380809836592, -292.2687674569554] : 0.0
-210.13722416251886 : 363.31801923880795 : [-110.06458911673985, -145.31001002481673, -480.35419084548766, -498.19227506554506, -58.259735561965584, 63.63157767132111, 118.1314430510273, 428.5843519025319, -262.1175253216211, 425.22315382003194] : 0.0
