Fitness : Violation : Position : Miscellaneous
1.3840440581917966E11 : 6.64716357228167 : [37.19578133916364, -125.03268937753765, -65.41977427763672, 259.57376915475743, 45.33127090384778, 233.71661793035696, 43.34218674548174, 85.52375776823257, -44.96697603871041, 194.1569841550501] : 0.0
7.577990273091884E10 : 0.3811661899418226 : [54.799330313186324, 79.89189815902687, -111.072634786786, 42.22431267359079, -60.0812732354609, 38.91865158060385, 0.24643725103130976, -37.715352222226784, 92.87027427417017, 131.30505266537492] : 0.0
1.2581855533832278E11 : 8.594409372826952 : [48.266689658539974, 11.101592642939437, -182.1369270314617, 129.82688215143057, -119.34772275528675, 39.81807250494299, 40.80924878271381, -169.41843999105205, -49.06907260099493, 482.52636669239223] : 0.0
3.6910329242153296E11 : 1.092566566771069 : [-52.65213599098138, -112.76900347484872, -192.96811354549243, 322.76734622554505, 128.3134386463587, 176.62628738520723, -103.77033117394919, -107.93189892783698, -104.42534732025123, 254.0967289787227] : 0.0
1.711024140952063E11 : 1.9369911614676099 : [98.24882710682817, -210.71828508526494, -113.75387889576982, 141.79701900389108, 107.63289161522368, 33.36781953433632, 159.00843271085643, 50.08900658569249, -21.30712382401964, 238.93446182953483] : 0.0
2.7047204812610922E11 : 0.3266752221343552 : [-170.73917149995413, -79.21238115009666, -245.06369567682495, 34.199352994533925, 107.16673751305996, 199.80109422865453, 44.60529999049362, -200.86740165193336, -66.12609094538567, 217.7683001195428] : 0.0
2.039415607222811E11 : 1.743887989503841 : [20.93020013900239, 130.63747562397995, 7.909747312489401, 151.29909290695917, 192.31602441299796, 64.96189486498552, 139.39687131804834, 82.62173751852575, 74.20397679244064, -290.56800950455874] : 0.0
2.208037462662757E11 : 0.3570974743237798 : [-184.32875639727837, 111.95334208851007, -126.25843287325795, 22.509226261854735, -98.6614631097116, 16.8350722847685, 1.231047661483288, -150.6697622622816, 115.927957087539, -341.1692698655843] : 0.0
9.288696593556564E10 : 11.603415476211282 : [-141.43223727213606, 38.834666435138026, 22.4186806369392, -29.971647332155356, -106.0297697120318, 215.98665793167459, 6.219753353814497, -11.994986063553114, -21.05495593120054, -63.14197249586607] : 0.0
1.1273794540035338E11 : 131.19886220988766 : [-141.00710817454592, 48.674393830467125, 44.61570715400717, -20.38283831499666, -55.799951603493184, 258.40120757813617, -36.27046814775514, -32.172864041135085, -8.0947285169579, -212.67418873675052] : 0.0
2.096326410979187E11 : 1.1667820008360636 : [36.29735249485948, -37.54209188881805, -74.18631922479088, -79.07568645606713, 188.11526823570557, -27.360927432947186, 136.83959429624156, -38.06593525127613, 68.56172500244782, 53.58110221294504] : 0.0
1.1032331205098465E11 : 14.36045509728062 : [-85.63558913214672, 28.095826030807586, -147.864967405911, -7.141323703325345, -95.62489555259185, -59.182756348496326, 40.00675270390481, -2.1081577757160517, -65.23738394345682, 320.3220606575352] : 0.0
1.4673279545177634E11 : 3.4614157524711224 : [-34.26602199242089, -54.89968037105925, 76.8412373597426, -63.06228719739548, 163.91464335825816, 83.49502402263712, 3.2693760129627947, -106.44738219028238, 79.51776268779543, -221.85218141206664] : 0.0
2.878974221656938E11 : 1.8510990507397143 : [53.48868871025434, -96.76156216061041, 57.08521944410052, -93.7173560494656, -83.56436792243399, 283.8884738407969, -51.76097392049944, -92.56276116169789, -95.69992818258186, 166.14177666152744] : 0.0
3.05890412098935E11 : 198.16228460559532 : [144.21163742385596, -4.308365324513733, -55.760423100567294, -79.27722377575998, -141.82573812727065, 168.04927318485838, 58.73836753736606, 51.96364685797431, -55.66719923252711, 236.08472821089185] : 0.0
6.65385357943003E10 : 0.9718329208341068 : [-90.08275503042637, 116.45955233284047, -14.39898404066578, 23.4102143686883, 19.607301492379065, 189.52169193505813, -1.025251046559762, -90.01803623412626, -94.19113392868755, 22.09369285854109] : 0.0
1.9261071052608615E11 : 0.3145921348234708 : [-47.47192537743052, 128.78706628718533, -38.26024215849961, 77.52355597373719, -86.42672837694164, -17.442699874497066, -127.26764709112459, 17.8620165368076, 69.98000940116403, 64.96490028705013] : 0.0
3.109182444893975E11 : 2.799807304765551 : [-31.83753594006258, -27.10653896012593, -118.72714252595097, 249.47470232439798, 50.63192619190811, 30.53064332802021, -160.29816832454742, -216.3932483029202, -11.66085493435541, -256.6606826949949] : 0.0
2.8042472429943256E11 : 6.005663210343343 : [-38.50109772543428, -121.61883081946252, 102.2848194225308, -109.13664625006531, 19.439230590754107, 180.121975634947, 9.963955330916619, 113.81912067416073, 30.115043575328286, 474.45428211785816] : 0.0
2.9787624148211707E11 : 53.27609971730514 : [170.27653439390096, -5.439008783454341, -128.37259891733925, 52.5892424883168, -38.16234144483978, 175.13469636342774, 81.49173081249671, 136.62416655415578, -122.8040171747839, 118.14309017631292] : 0.0
8.574521491063039E10 : 0.635409400324292 : [33.20244358644027, 4.54940475810605, 48.22073204439357, 52.63546791948744, -16.848024322917368, -52.826009286838996, -78.3898452153695, -115.72296480371469, -75.9263066271817, -392.9554519902197] : 0.0
2.46651787491865E11 : 7.629841299396503 : [91.02526678771633, 35.536987389627384, -56.27103009115056, 39.04983135041894, -76.68728053222267, 194.12459340652393, -113.51178129179489, 24.000690837963873, 148.86463985914332, 70.68393928858376] : 0.0
1.3440334867245601E11 : 0.3444328483469121 : [70.27020617460585, 129.70663969876927, -28.61094099381611, 56.243947272572655, 135.89015247811045, 207.0153654007893, 64.38593737280392, -140.15692794132775, 22.878787127938605, -343.6967207953921] : 0.0
1.4165283911973993E11 : 23.05616995288878 : [97.5951583406983, 4.553532773197247, -106.16488873844858, 105.56640258244839, 42.01310893827821, 41.332367811489476, -52.218055467378605, 72.02023138361345, 124.39890534221539, 218.0084374319296] : 0.0
2.9603344425095087E11 : 10.76633981870851 : [162.83426580115184, -93.89439324486699, -219.65889343192305, 181.86767476249915, -71.55425025467164, 94.30721144559482, 22.88798029331477, -145.98010437925825, 9.841825150884688, -364.8866755573692] : 0.0
8.928255584110052E10 : 7.207132387620888 : [-39.09775660823317, -22.241037476000514, -65.03098340465837, 171.99035776533992, 25.904255538613672, -26.62969196332375, -124.75885458252453, 4.475396511507029, 28.05499323223531, -54.220304527108865] : 0.0
1.8790137763999295E11 : 0.788333758272012 : [-147.89298444289142, -184.8457282495945, 120.75760044850017, 105.20994467324641, -70.4369493169011, 54.8015739422589, -26.60114972641925, -67.48102510240716, -179.94068516659618, 2.1536322722803334] : 0.0
1.819749636030193E11 : 5.239272817609326 : [10.81160650905673, 22.479781921835404, -209.52487624412254, 192.81837323530252, -55.87711385575494, -67.12988137408219, -57.18237984129671, -133.28507545881695, -136.7878675292144, -120.51577321872162] : 0.0
1.4573357150985614E11 : 0.017319424885442913 : [-40.84613379525794, 12.36728757683435, -242.97546218176893, 20.407349236784796, 18.998382648165517, 70.08411040504241, 50.9856919647996, -96.33883461871017, -6.431239819515412, 138.26205993684533] : 0.0
1.2702183315554802E11 : 17.302632481937593 : [-54.39237719284438, -179.97241968395406, -65.66758244541782, 50.46877506531837, 158.4000753575223, 56.72519006808521, 180.74431202149765, -115.58596551442561, -8.189158623669769, -367.8561003561496] : 0.0
