Fitness : Violation : Position : Miscellaneous
28.65379043508367 : 0.0035695568958029012 : [111.24343903199824, 92.09963481319656, 417.99139653117226, 253.17313703348032, 363.539569307869, 314.34123910691795, 187.3407545521897, 240.45057199128996, 422.6182160778218, 327.6417708687829, 62.06439436366156, 25.44848627744488, 360.57438063762675, 154.92682102119662, 33.179369661038, 177.8160743178716, 262.57940307331774, 436.989364165119, 476.649749873884, 331.2274355099777, 75.22330708881921, 484.34769750653186, 258.4760613085199, 419.89981751560856, 357.5353507263814, 166.39229724586963, 47.60322121330653, 188.22061920245724, 184.79857707097904, 267.917796654418] : 0.0
28.65069940179976 : 0.0015572254725590442 : [111.22936128038018, 92.10309537708083, 417.9911111470637, 253.17338921226562, 363.5419904082119, 314.3443572607834, 187.33985382140196, 240.44824779762325, 422.6055726221141, 327.63800277237334, 62.05716687375211, 25.44466618232575, 360.58005357995035, 154.93967182156354, 33.170997700128765, 177.8189478721053, 262.59623070280065, 436.9908036771676, 476.6467455436982, 331.2325783663737, 75.21659436481804, 484.3436949601895, 258.4806524172428, 419.91031016317527, 357.5303510443417, 166.3898835651606, 47.603370100655795, 188.21567464057762, 184.80734170739044, 267.92357544506285] : 0.0
28.654017701386735 : 0.0027364196757146226 : [111.23695699743442, 92.09767111833874, 417.9928771758216, 253.165956105101, 363.5395238899115, 314.34715124037984, 187.33779476042645, 240.4450934566122, 422.6018864978942, 327.6354211433114, 62.05790277572973, 25.444758856463004, 360.584771502938, 154.92958193912065, 33.16431575141069, 177.81345838151623, 262.59323822950773, 436.9899013422276, 476.64801680632604, 331.2240917081269, 75.21897022619314, 484.3431139997736, 258.47984791998596, 419.8945894169118, 357.51752857674876, 166.39553650158757, 47.606404895750046, 188.21210975868917, 184.79884881989943, 267.92104351671264] : 0.0
28.66282825495329 : 0.0021656796361401117 : [111.22561150619795, 92.09361788641915, 417.9906886287355, 253.1716248569923, 363.5404846223531, 314.3436500230316, 187.33681229476906, 240.4437158735611, 422.6087318244398, 327.64049021753624, 62.05516008758396, 25.44240418974921, 360.5742007413089, 154.93138648001198, 33.17299874054863, 177.8135678468648, 262.5974197820824, 436.98198099695435, 476.6517584809195, 331.23100669129167, 75.21907193516232, 484.3485221388547, 258.48843441051457, 419.90371383976117, 357.52339447768196, 166.3962825875057, 47.60766539628979, 188.22023273742977, 184.81366056302224, 267.92399250220654] : 0.0
28.66192042299623 : 0.0014315720259249587 : [111.22251420188024, 92.09685729112218, 417.99690652554847, 253.17485814683664, 363.5356816409983, 314.34722427462236, 187.34329992270463, 240.45446088569065, 422.6156915544989, 327.6471068404187, 62.05418795372824, 25.452985697457954, 360.57686423759304, 154.9278151244443, 33.1704413158677, 177.82222933187452, 262.5913067170743, 436.9905967853839, 476.65018226375423, 331.2256622435662, 75.21815997766122, 484.3458488044157, 258.47449979107364, 419.90017616572953, 357.5205255388592, 166.3868510893886, 47.60709331409436, 188.21632709932095, 184.80682799458214, 267.9201370026265] : 0.0
28.643979673368907 : 0.002492445435947833 : [111.2374842256598, 92.10330475405023, 417.9902494532125, 253.17770881665365, 363.538879319245, 314.3439900105134, 187.33637855537978, 240.44068952249523, 422.6119697036155, 327.6436046459055, 62.058379987089964, 25.44679192315902, 360.5778414364523, 154.93022004858187, 33.171159949838724, 177.82257576177136, 262.5958223845911, 436.99887267997224, 476.64603578593926, 331.2358909303713, 75.22421249220997, 484.34372727466217, 258.48417620120154, 419.90156673589513, 357.5250045240654, 166.38914136855308, 47.60540976699083, 188.22107120688048, 184.80252814016183, 267.9190817679925] : 0.0
28.642932323095586 : 0.001902524897243428 : [111.23992395296585, 92.10753873232741, 417.999578514997, 253.17118173491838, 363.5392732252148, 314.34426923604354, 187.33793895539208, 240.44958491250082, 422.6150252690335, 327.64818385357785, 62.0547501593166, 25.447386850517297, 360.5825309240421, 154.93527451599454, 33.1744355763414, 177.82120617979055, 262.5936250254124, 436.990138160643, 476.64520709912256, 331.22618258967844, 75.22529559050297, 484.34935537375685, 258.47926742100987, 419.90406235207445, 357.5252155026708, 166.3875629919603, 47.61059461022026, 188.21685901440895, 184.80129997000677, 267.9204615962401] : 0.0
28.664731819025757 : 0.00562367974901906 : [111.2718866529271, 92.11340372731334, 418.0008990757913, 253.18066231157275, 363.53599840007945, 314.34060208355356, 187.3290863016055, 240.44992358205414, 422.6123365287672, 327.633789381025, 62.0631965460567, 25.45199191880492, 360.5673836170966, 154.93126697622984, 33.163302945361735, 177.81352802539783, 262.5830646866263, 436.98462209479885, 476.6350474242392, 331.22478348708415, 75.20856725836641, 484.34683749752503, 258.48531010430474, 419.9022020813396, 357.5223966603072, 166.38570374254232, 47.60832899290121, 188.23046710033827, 184.80934489701485, 267.92644573513945] : 0.0
28.647877845294882 : 0.005688388249676895 : [111.25613085380057, 92.10277436565386, 417.99159779780996, 253.16837271572783, 363.54736153677425, 314.3427515455447, 187.33543803096424, 240.44842972985379, 422.60127237039904, 327.6487070334206, 62.06112014249533, 25.450881180194564, 360.5741963840708, 154.93079496765478, 33.17049877245541, 177.82935215656454, 262.6008506166421, 436.9896746374805, 476.6561840389153, 331.22279684691455, 75.21620354068399, 484.35293200052377, 258.47371443837017, 419.9131091545765, 357.52483526314245, 166.3780696118676, 47.61291428049686, 188.21626629928994, 184.80342028785677, 267.92027626684626] : 0.0
28.655938978510946 : 0.0022072900322788105 : [111.22940211836169, 92.09622173737027, 417.9923119644792, 253.16815665935852, 363.53433588561336, 314.34458573754, 187.34025763732268, 240.44262767502178, 422.61767042689826, 327.64139452728193, 62.059796457559116, 25.453337740381023, 360.5843798770669, 154.93223090731578, 33.17698859450578, 177.81435727246043, 262.58909597730934, 436.9874425331741, 476.65436185190543, 331.2276070100757, 75.21934513244167, 484.34766556267357, 258.48493756315276, 419.8997866799863, 357.5265016641319, 166.3769201485399, 47.60208903814598, 188.2138572763407, 184.80400718414234, 267.9196838359155] : 0.0
28.643269007749645 : 0.0022126242218760157 : [111.2295199098034, 92.0930612096769, 417.99707814762843, 253.17390459940646, 363.52988146600364, 314.34335116523846, 187.33727689358108, 240.44822583932245, 422.60748465492725, 327.6423928311939, 62.06411475353184, 25.44556198206913, 360.57794625228405, 154.93718154975738, 33.17270916000729, 177.82587451741102, 262.5921017875379, 436.9873823716893, 476.64960644889686, 331.2267263335947, 75.21716772784782, 484.34919508353164, 258.4779072370112, 419.89807543971307, 357.5253537904682, 166.38626431521223, 47.60423807654505, 188.2152544597194, 184.8026520943493, 267.91124197533134] : 0.0
28.654152969051943 : 0.00274288880514854 : [111.23907955508443, 92.10106538332957, 417.9904799180725, 253.168703342664, 363.55000967857757, 314.34556016132103, 187.33953973800595, 240.44623659113174, 422.61109397642747, 327.6398409195234, 62.0605775946527, 25.440879050856353, 360.5820597873145, 154.93608516594398, 33.17060028387715, 177.8165017842043, 262.58943370367166, 436.99404297057345, 476.64982768446407, 331.224869704758, 75.21302774707884, 484.35222811076574, 258.4832944872982, 419.90810221668653, 357.5329849634983, 166.3965076715566, 47.610808981951884, 188.2120077883948, 184.81044304283628, 267.9270902502949] : 0.0
28.636417142832173 : 0.0022919545607381227 : [111.24076444600333, 92.10470531406479, 417.99527357140647, 253.17123707570238, 363.5413395448687, 314.34762922988955, 187.33754240602389, 240.44432250300548, 422.6128964505119, 327.63754726760214, 62.05287887292855, 25.44207583878695, 360.576058764825, 154.9424014097268, 33.16630610225038, 177.81166049389148, 262.58878129783926, 436.9861582997648, 476.6439994665713, 331.2281593704641, 75.21371854207337, 484.3440474740191, 258.47947658911335, 419.8981735181276, 357.52430643620716, 166.3852220300704, 47.60077976609192, 188.21509044110854, 184.80365723153528, 267.9192979477629] : 0.0
28.65054757647471 : 0.0017566422721195937 : [111.23102246742599, 92.10029043051298, 417.99317174381554, 253.16691889220056, 363.5421647170982, 314.34790057089583, 187.3465491137316, 240.45410648016758, 422.6123880056613, 327.64111121967517, 62.058375981929835, 25.4521728309114, 360.577092205362, 154.9341298951017, 33.16961362891148, 177.81816772645357, 262.58976670092966, 436.9856008448197, 476.6488904924637, 331.22466121546813, 75.21955688264087, 484.3529756413959, 258.486305390046, 419.9036863887783, 357.5263677389929, 166.39136237598424, 47.605729230395696, 188.21704335533536, 184.809022399063, 267.92022382939746] : 0.0
28.58000960677083 : 0.004320928723065046 : [111.26005261897213, 92.10150142098941, 417.9962220256472, 253.1686946635847, 363.5431124102083, 314.342629362763, 187.34163578101203, 240.4513980443714, 422.60826586918006, 327.64018565923305, 62.054991244382144, 25.438004994141295, 360.574085294883, 154.9332256714584, 33.1706682575435, 177.8178184855516, 262.5907152954598, 436.9932387450855, 476.64698702002806, 331.22894296506837, 75.21997987136177, 484.34337840871217, 258.4810825666248, 419.90359079269706, 357.52416628005403, 166.3825690639739, 47.60251502311376, 188.21234825435477, 184.80044808002884, 267.92495237348527] : 0.0
28.64789480390894 : 0.003329708364576843 : [111.24785299460532, 92.10624003444366, 417.9957095359696, 253.16665640068842, 363.5351567880382, 314.34962703192474, 187.34065804041995, 240.45397792804476, 422.61572027483567, 327.6470368552246, 62.05711102044389, 25.43618851633174, 360.57880903043616, 154.936489357693, 33.179993144777924, 177.81237563981892, 262.59586835385016, 436.9922650692348, 476.6526367922486, 331.2269627726561, 75.22289988660265, 484.3445121114929, 258.48316616375934, 419.90292412321594, 357.521564259425, 166.39462744231247, 47.60951900658648, 188.22228654577893, 184.80698961931805, 267.923838993648] : 0.0
28.658059516019534 : 0.0028845190585300097 : [111.23797729559067, 92.09845489247189, 417.99462633798737, 253.17701267454677, 363.5473648864384, 314.34763638187917, 187.3398557909549, 240.447402445497, 422.6143776040915, 327.6490023531742, 62.05790610443727, 25.439006896557466, 360.57816456744035, 154.93379757014827, 33.17906380747295, 177.8135769113007, 262.5868607467882, 436.987571360619, 476.6561699213663, 331.22706887147405, 75.20896231810958, 484.343497941781, 258.4879633103711, 419.9088376892647, 357.52445668596147, 166.39053927162342, 47.60205527992528, 188.2112681555258, 184.81027713120145, 267.92375621924236] : 0.0
28.65822345377005 : 0.0026225115717148245 : [111.24326549711108, 92.1039318245272, 417.9966354150385, 253.17445167695678, 363.545510470683, 314.3372542200567, 187.3376952315989, 240.4486714291058, 422.60960197241945, 327.6367580652234, 62.046824608630914, 25.44171307859711, 360.57882163495964, 154.93207522319943, 33.16995148620065, 177.81892531637487, 262.5986171805099, 436.99955846302777, 476.65630543018233, 331.2246348354743, 75.22023336987132, 484.34924988190005, 258.47891824474675, 419.8960092016348, 357.5146048977059, 166.3852197923351, 47.60416608628462, 188.21590250501697, 184.80873288807985, 267.92811750036395] : 0.0
28.665771856302154 : 0.0019362771361633667 : [111.23199933406724, 92.10174036845234, 417.991488336364, 253.17169490399823, 363.5380597454663, 314.34312826082163, 187.33729137914423, 240.44698234612594, 422.608477095853, 327.6460142722578, 62.05753948478889, 25.457786521242234, 360.5866123315656, 154.9434082583988, 33.173443015327436, 177.8177986099795, 262.59645766297024, 436.9838155728716, 476.6460480228724, 331.22749366960716, 75.21851898159791, 484.3473041697081, 258.4794751461751, 419.90089168095494, 357.51962980859935, 166.38369228652348, 47.60244650337085, 188.21105456766824, 184.80353410133478, 267.91654547151063] : 0.0
28.630859260282858 : 0.002601713944329283 : [111.23813815438156, 92.09597386835597, 417.9894197279841, 253.1756704718591, 363.54077755656925, 314.34373942532443, 187.3432119889514, 240.44937449538074, 422.60808454694313, 327.638829520128, 62.05855377276127, 25.449394700007076, 360.58074622598207, 154.93445743469704, 33.17384258204202, 177.81790159721697, 262.5877688871906, 436.9842854029932, 476.65360960188366, 331.22195573203015, 75.21127411440557, 484.3527909831322, 258.4799791399116, 419.8985091226124, 357.5211907884286, 166.38511879182886, 47.60062719037188, 188.21232287667038, 184.80352515260827, 267.9282994295272] : 0.0
28.65857800035729 : 0.002351168731596479 : [111.22689983024372, 92.09478908384492, 417.99417617657264, 253.17275375959724, 363.5389191564359, 314.3531394426513, 187.3316086720916, 240.4532507170617, 422.60617354075384, 327.64109434982896, 62.05515647548076, 25.447540396148643, 360.57845633746456, 154.9364710497946, 33.173089788157334, 177.81863920748305, 262.5956972678314, 436.984998259554, 476.6503222486326, 331.2293303782591, 75.21243684556907, 484.34612594317963, 258.47790047798674, 419.90406218947254, 357.5211387208128, 166.3812932193043, 47.61118385389384, 188.21341156560075, 184.80197090768752, 267.9257923126751] : 0.0
28.66395331477692 : 0.002698593349992214 : [111.23262062658233, 92.1011997080193, 417.9902499827105, 253.1815714924715, 363.5360051972268, 314.3471710154512, 187.3398881160267, 240.43697522302688, 422.6110960609261, 327.63228535193457, 62.056430148213344, 25.44998916186723, 360.57760994949615, 154.9365495373566, 33.16501560809702, 177.82391048407425, 262.59806256434996, 436.98340175092966, 476.647876733297, 331.22535390719196, 75.21845527831917, 484.34738856712727, 258.4813681315692, 419.9016996782275, 357.52156530318024, 166.39151875178084, 47.60119616842352, 188.21261642382893, 184.8086059048801, 267.92421537489105] : 0.0
28.695757768877826 : 7.365060437909247E-4 : [111.20298079032183, 92.09304723702769, 417.9971229631028, 253.18184159444127, 363.5435181474216, 314.3418316481277, 187.33689784368835, 240.4470540518794, 422.60984252194385, 327.6407668140411, 62.060964067570154, 25.44616782009239, 360.58042907273057, 154.9329672866357, 33.170717578301435, 177.8176071640484, 262.59392366201524, 436.98766483464675, 476.65430882511475, 331.222428276127, 75.21332072096442, 484.3462320978832, 258.4841531384187, 419.9075995515325, 357.52250488667516, 166.39039458824513, 47.60037390607367, 188.217471336053, 184.80448099053632, 267.9196897623279] : 0.0
28.65697053722758 : 9.941406932524786E-4 : [111.2181036894035, 92.09678832483556, 417.9918933695118, 253.16962457921443, 363.53658139354184, 314.34678757797934, 187.3369191210919, 240.44462646382414, 422.612721553122, 327.6358739571548, 62.059742864563155, 25.45188406482035, 360.57698007750645, 154.9351399571662, 33.176079082720385, 177.8199265800243, 262.58885085005835, 436.99153517672437, 476.648739922491, 331.22527645911435, 75.21406536564302, 484.34891365143216, 258.48168091763716, 419.9051541285732, 357.52481541342024, 166.3854941804531, 47.604926445898315, 188.21056992870714, 184.80405087959454, 267.92473653915073] : 0.0
28.67339426157196 : 0.004388676713594669 : [111.24341934491598, 92.09161490097571, 417.983530709457, 253.17243900328805, 363.5356755766457, 314.3508483250256, 187.34516615189904, 240.44654183203264, 422.60646864516593, 327.6374175348019, 62.05468615556751, 25.45659478807668, 360.580056395111, 154.93981118384494, 33.162807074081854, 177.8121763475999, 262.58914496441093, 436.9926249671396, 476.6520087344106, 331.23562271499077, 75.22308824204937, 484.35169961507574, 258.48982791352614, 419.9042496709377, 357.5217656864454, 166.398549850884, 47.610643742290065, 188.21812481141473, 184.8075454167914, 267.9228790087518] : 0.0
28.70883992226037 : 0.0013000843876769465 : [111.21114958714054, 92.09554940534635, 417.99364206160914, 253.1688088800725, 363.53988284464333, 314.3427317271304, 187.33979201785294, 240.45293941815513, 422.61977794653455, 327.64282435575296, 62.05194282649873, 25.444223683335984, 360.5738075295644, 154.92622935117276, 33.17215843843712, 177.81627111726215, 262.5847690477392, 436.9840001884072, 476.6450106822242, 331.2271253979892, 75.22205829591995, 484.3462012314739, 258.4762387382553, 419.90635662047646, 357.53132222341753, 166.39397464427918, 47.59984228503691, 188.22204867273564, 184.80360407166563, 267.9161156607681] : 0.0
28.692342044133436 : 0.00130797157620336 : [111.21060037080494, 92.0936696743875, 417.9931221749363, 253.17142736356067, 363.5405101158705, 314.338733145889, 187.33725440939713, 240.44264594662081, 422.6051247100021, 327.63585726026463, 62.05441435109029, 25.44357995077785, 360.5740488348428, 154.9347243850936, 33.176067956424234, 177.81368442903045, 262.59402544002023, 436.9849346172973, 476.6535163944568, 331.2273033447611, 75.21377972748674, 484.3451400537979, 258.47319048082767, 419.905582228812, 357.52275664243456, 166.38961729372863, 47.60304146282505, 188.2053967610048, 184.80607167647435, 267.9216299901731] : 0.0
28.638677349659844 : 0.0016475739289289833 : [111.22801405523961, 92.09789766834905, 417.99912396142685, 253.1664345738566, 363.5374327566613, 314.34000804796835, 187.33962043867646, 240.4444196619171, 422.61160393624215, 327.63885120957787, 62.0619634336232, 25.45149956882198, 360.5754215374236, 154.92969057741738, 33.1737663804861, 177.822055368966, 262.59544937114686, 436.99059536249604, 476.6482887452529, 331.22709041597693, 75.21443634762343, 484.34788395217487, 258.4806686173704, 419.9050863561299, 357.5244420792909, 166.387327894439, 47.60591879783247, 188.22033500652987, 184.80809732334293, 267.92092625191356] : 0.0
28.622574370236908 : 0.002881590671193234 : [111.23863076070901, 92.09309829370858, 417.98711519092615, 253.17008855762913, 363.53342334714637, 314.3402443161028, 187.34321830839724, 240.44732708174087, 422.60646122366927, 327.6377617364442, 62.05056751059124, 25.444243307066877, 360.5776998048733, 154.93677602094812, 33.16902263657617, 177.8159566344836, 262.5903972549623, 436.9879604203373, 476.6488650055526, 331.2298080430245, 75.21205973132061, 484.3473542328844, 258.479492612419, 419.8994186038891, 357.5283989510781, 166.3910412412382, 47.60496327165708, 188.2195951984147, 184.8026808528432, 267.9254219245776] : 0.0
28.653706436910348 : 0.00300667828980202 : [111.24063820216664, 92.10422665138186, 417.9952210594913, 253.17343739083492, 363.5356040147926, 314.3470226776901, 187.34375895719708, 240.4403926253824, 422.6054829321438, 327.6411506405934, 62.05613514586738, 25.447167719472375, 360.57663114096067, 154.927928993867, 33.17234648950274, 177.8246818895936, 262.6003670792825, 436.9931948816944, 476.6598188540354, 331.21942735434584, 75.21797174091841, 484.3473906571194, 258.4790961779302, 419.8974217397403, 357.5353044919656, 166.38592881248098, 47.6012246347569, 188.2137857624559, 184.80816528336007, 267.91983850755696] : 0.0
