Fitness : Violation : Position : Miscellaneous
2.4226704945614426 : 0.0 : [2.4226704945614426, 0.2161601019844493, 0.49311824729352116, 0.8249348789316305, 3985.2583580849805, 10344.674519782244, 3095.5118175894504, 211.50080427226987, 283.5218038713365, 136.71500035547254, 312.5954886581882, 491.2302539235283, 417.7383857729973, 367.3343398582363, 103.92458131804882, 2.2332227862077025, 16.725466973010022, 5.187929050260709, 5.515767961863567, 2.512958914806302, 5.721224005268058, 4.154903861197742] : 0.0
2.421636115612962 : 0.0 : [2.421636115612962, 0.7329803290903809, 0.40828412719367246, 0.6630385036572506, 12560.850290893213, 7261.8486951513505, 5454.210934143308, 203.44775856192564, 334.244736393064, 146.2241782963415, 341.50402114181463, 463.3446508263198, 409.94090174399423, 334.0441839614623, 339.0991125951191, 37.20029588371288, 7.130699008413748, 4.88731737651292, 5.945127644257825, 4.034983880181552, 5.968439981039717, 3.030842359562244] : 0.0
2.3580365106959573 : 0.0 : [2.3580365106959573, 0.2081068354337352, 0.977248346885075, 0.6062884611036232, 5770.136606412204, 6404.853241431154, 7110.140924208224, 165.6113366236072, 218.00527278790884, 131.1989458637641, 258.4429416733594, 531.013435837454, 448.8034392302267, 142.75432678194983, 346.58049701472504, 19.56988055449942, 42.4953270219079, 4.96193159256933, 5.838874473428946, 3.37557397363787, 5.860165967899116, 3.9076986882401377] : 0.0
2.4991784232374927 : 0.0 : [2.4991784232374927, 0.4793848763361092, 0.5255450965009123, 0.736321337736743, 4162.262040461503, 8913.860208250437, 6198.079306188602, 106.62030052401455, 326.0488665571173, 175.0451804552831, 257.1713700984367, 434.24296715057596, 277.1939229241626, 399.53215164289645, 373.28005277225475, 4.114223395932856, 14.620798997974983, 5.203100878864775, 5.744207674508729, 3.8285503688922815, 5.857439068070309, 4.168241325155739] : 0.0
0.24725875233097838 : 11821.557878071619 : [0.24725875233097838, 348574.829824579, 335140.5087384436, 981531.8621453699, 1.0154998709663462E7, 4634939.773583444, 1.7106279444105852E7, 221.32470361077705, 301.0576042097322, 127.7418685326932, 345.3847840797614, 491.2146578858222, 242.27700951017883, 177.8810574658434, 386.689320840482, 230.94329535977388, 237.83449588856863, 5.294206899928711, 3.895400841610865, -2.7725894995174745, -1.4746852586559023, -3.4051879313505355] : 0.0
2.848286813758038 : 0.0 : [2.848286813758038, 0.5723496186530206, 0.8663331434438452, 0.3170887749834484, 18318.989497801165, 7460.318440210563, 4860.511532308263, 209.76351133354996, 349.0927056536794, 199.43998905885366, 289.23822874481584, 506.66211464090657, 377.06651898287384, 433.35144758946086, 420.5916892938898, 26.310165828143177, 7.37885877239618, 5.156436511591093, 5.95095415191642, 4.6464837948981765, 5.5843186647310095, 2.385207158265102] : 0.0
2.7280689454135447 : 0.0 : [2.7280689454135447, 0.307635154699466, 0.1677927472245625, 1.1567996717067388, 8266.88676797349, 211.973986331735, 7217.2820765615115, 173.52471185424727, 370.8405289460769, 186.98259163983454, 274.4133102541862, 480.9046971161904, 397.79863679434516, 164.25576510369316, 383.033910757015, 5.593280727136119, 12.940134620684336, 5.407645735507817, 5.956340009187972, 2.8766992426639684, 5.739048012822937, 4.185315907960749] : 0.0
2.6900334464382825 : 0.0 : [2.6900334464382825, 0.42353743135040767, 0.7618464673631037, 0.225157739230903, 5451.789210375883, 17860.023553960746, 1267.1451284807713, 154.2327077287045, 262.0427575106974, 179.63640689635355, 184.19687752703754, 423.75469773767975, 432.652701298072, 441.1720027868254, 350.54107412871707, 2.922917423045227, 1.6379010926706883, 5.3794943175540135, 5.826108240867639, 2.5613066373393716, 6.165357262640999, 4.315692973600466] : 0.0
2.1000413755613736 : 0.0 : [2.1000413755613736, 0.38408544047763743, 0.4525167199804358, 0.08099908929894985, 460.9844772852471, 1994.549105071157, 205.5818948347252, 178.72547139292658, 314.9540275351626, 151.27929778363125, 291.11805020987777, 447.5770432601069, 306.97438450406185, 468.7658735940996, 296.67278375205365, 22.636711148313125, 1.6059973472490396, 4.941720252911967, 6.015821041314593, 4.359464237850015, 5.364645189600479, 3.343832700506396] : 0.0
2.178202321695853 : 0.0 : [2.178202321695853, 0.497672960032678, 0.30573577663015117, 0.5015601007830296, 11699.481472508149, 2717.3244089394248, 987.0750001074312, 286.93450655761535, 311.0395199574807, 140.62231240453832, 352.161136742358, 544.0015197796994, 364.2331261820014, 415.46375421550476, 311.87779225444604, 13.785737228642805, 0.16468583783886745, 5.315079923803808, 5.835609597449377, 4.703232980822097, 5.249896860714902, 4.206401784987429] : 0.0
2.1893381557004328 : 0.0 : [2.1893381557004328, 0.36333844715749397, 1.4255774213757895, 0.20359306853004844, 3731.884852549104, 4016.8201862930755, 1092.5918881290354, 153.30202435883342, 275.7470135959746, 155.55968187781792, 348.2799079649121, 479.9927559141686, 309.80066936801893, 458.4396708867636, 274.9770046712418, 17.444937204337645, 10.245707835232526, 5.524697716247299, 6.209742480346826, 3.9711992931109417, 6.175471221365265, 4.427272810479242] : 0.0
2.2867118413800953 : 0.0 : [2.2867118413800953, 0.2099579018687176, 0.7353046309988853, 0.5894747180681681, 7325.260282449005, 8375.428978258558, 5556.746319316031, 165.7819426275077, 353.21968939106307, 140.71762386683866, 350.5506442401753, 528.4821207607267, 433.6891542740088, 251.46616843413148, 368.80336568438577, 14.367673377746902, 4.665878839955271, 4.735503354653368, 5.179965518189144, 4.09815190927014, 4.98398588801798, 4.157795242979206] : 0.0
2.298964883751822 : 0.0 : [2.298964883751822, 1.1260753107599375, 0.5229023949467148, 0.2871180485504137, 10177.269282947178, 1608.6102511148665, 3225.173642449402, 174.3374754444703, 366.25741806747135, 214.7454560846334, 304.61950564224276, 535.1881778885669, 141.83020305720768, 480.13445793859694, 359.6745537211324, 41.766509898200034, 8.290948722784682, 5.544855528997763, 6.067442952127482, 5.464416728502437, 5.335201208144674, 2.9200497122146594] : 0.0
2.330289300197654 : 0.0 : [2.330289300197654, 0.983623089953594, 0.4289812171230962, 0.3285037492527714, 5998.933898605959, 5914.001830610949, 352.2492518253543, 163.36727786528223, 282.4472445798197, 137.54881111855508, 313.4090208402184, 559.2730979281964, 295.64057417292554, 246.75291052163135, 322.3644704238869, 31.26824714921624, 6.398740211606513, 5.254810722743383, 5.597533535087749, 4.625394506433114, 5.96660614006266, 4.026148957657892] : 0.0
2.6046954244336504 : 0.0 : [2.6046954244336504, 1.5020380873553227, 0.3652376738960511, 0.32745667548674245, 28753.638554869136, 4720.397075703077, 5055.76276654977, 142.01894861480866, 340.64424383762685, 184.78942754026775, 374.9573278578275, 488.2071269437215, 357.2453518457828, 481.9801350470102, 392.1053922672772, 34.49916491497211, 14.433328412597623, 4.667487888043182, 5.526984614067299, 4.625435759682794, 5.344475043510354, 3.811130042649174] : 0.0
2.037138904371587 : 0.0 : [2.037138904371587, 0.3775387133456962, 0.9377771448057464, 0.18834240919221973, 11068.728139532152, 112.37035601523728, 502.9702559204872, 156.83226077706155, 271.3744252557831, 142.64724103834953, 304.77279062332616, 497.49968167355314, 382.36920871137346, 239.65711205182285, 414.80774844539656, 77.18777996942316, 2.72850158281557, 5.0942248482136865, 5.990552915675211, 4.921158683281787, 6.0771421507972985, 1.8519019527631262] : 0.0
1.7124367462863042 : 0.0 : [1.7124367462863042, 0.44787267428739796, 0.18890744258439707, 0.3273981654159881, 3097.214897961737, 3224.4490916521772, 2272.638000204529, 183.79395734182253, 340.6522132207508, 243.00114272603915, 276.18329776826994, 464.15364556973327, 356.2702867657905, 448.01699685189715, 269.96585931661707, 21.825487124716368, 0.3428984129299619, 5.547349951721168, 5.9696398753360445, 4.343828605665273, 5.7450755172501395, 3.916258210474663] : 0.0
2.8336150931817374 : 0.0 : [2.8336150931817374, 1.2124975022412232, 0.6305858068571963, 0.7700452909048717, 281.14983785461834, 958.435911764383, 2426.9263002042917, 130.79416270216507, 258.1579522517447, 148.7821299440655, 377.956766567321, 458.7572008809502, 380.78081818896106, 243.01806959145588, 409.0423535057639, 25.782457188118556, 2.0103313345521885, 4.98376495755685, 5.9938325916597215, 5.595942881105178, 6.007844695720164, 3.6999374946324615] : 0.0
2.577887468384075 : 0.0 : [2.577887468384075, 0.6029337408568798, 1.2538070396978076, 0.47040846785120666, 9843.435378898834, 10865.392320487821, 202.22657297347976, 244.4061016256406, 371.30409503684314, 172.96846449034894, 387.18443387765376, 441.27819364766094, 406.85622692803827, 196.9819297099937, 476.9062389906761, 27.42985231858811, 17.764104849733002, 5.0615983722818285, 5.951156456907691, 5.533083209962913, 5.874089421254832, 4.445113918559348] : 0.0
1.8555349992030874 : 0.0 : [1.8555349992030874, 0.2725143135465268, 0.26384690891792295, 0.7022023634244484, 25.1951055291033, 51.78072383283425, 468.75685305070107, 156.21424159396605, 343.61380999532247, 106.04187868206066, 273.4726486344191, 587.2169617060324, 476.01950776644264, 456.8287575557032, 288.55605328675074, 6.5118781621747, 9.025985050566945, 3.418744072630919, 5.863928885401188, 3.7063755330890875, 5.188359204245078, 4.7141193158309465] : 0.0
2.3645277555249287 : 0.0 : [2.3645277555249287, 0.2553709794749233, 0.6229970642965685, 1.1574759541523645, 13177.34347590636, 3852.1636003601975, 1707.296056011806, 118.5093237195154, 228.2396224309486, 107.72114668506202, 318.74732055029824, 370.5353849269344, 475.9573363327503, 294.7773230596279, 260.5359431488297, 4.939292023686786, 2.2365555536066095, 4.951925958274632, 5.568579923944583, 3.7941894909964127, 5.2770790029274846, 2.242651615897976] : 0.0
2.2334269868318657 : 0.0 : [2.2334269868318657, 0.5324625906190872, 0.30044804579862716, 0.7187421184706626, 28306.103961114408, 158.82998644984607, 1533.5291392798126, 116.50284532056546, 209.21068621389296, 168.43710678571298, 279.40875787846824, 460.6112684682927, 494.30618290532, 435.01572877602143, 305.1158530682608, 0.05473528860204574, 5.659468302492678, 5.248763177945408, 5.818714811853445, 3.413477315191952, 5.7266444262140475, 3.907247032428062] : 0.0
2.3297775462028083 : 0.0 : [2.3297775462028083, 0.9855642450281563, 0.4193898340594708, 0.15352576880443988, 8118.852168736579, 3413.251005872762, 130.26378927148153, 122.10172440481979, 306.0140555587069, 173.94208437094125, 204.8879531860674, 445.05373315693333, 443.2034086496904, 214.84250059126498, 277.5763685408352, 8.631238557821408, 27.016155046610322, 4.662173507595687, 5.773918739759359, 5.1487468364569455, 6.118894993648839, 4.259330276059662] : 0.0
1.9967968182976934 : 0.0 : [1.9967968182976934, 0.3598582598153953, 0.8575906939868216, 0.3276460082568556, 11661.544932509241, 5426.668744313287, 888.1730872002063, 202.1100775540312, 218.27994685694085, 192.0147943392809, 372.2559583873399, 491.12146329970176, 499.3540854835969, 458.7697068197382, 220.1623585529431, 18.51305652121151, 18.87635282436873, 5.2263369551012815, 5.788021089764363, 4.356697656873625, 5.728727938887815, 4.494940382226535] : 0.0
3.0181728588967167 : 0.0 : [3.0181728588967167, 0.868155251169884, 1.1430713459655344, 0.924004359886154, 1534.7305392077196, 803.4339855454502, 12512.419224055042, 285.06780675333374, 329.1143469367311, 112.00165775697577, 298.6609149235894, 492.27987961402994, 400.7376131312453, 350.27542606411083, 372.2467040591034, 11.374384649224043, 1.771296149399011, 4.335082693458897, 6.0271716847343155, 4.6559979294757134, 5.224941102300821, 4.41517918405491] : 0.0
2.7617523370155053 : 0.0 : [2.7617523370155053, 1.4726724973637366, 0.6287208526512666, 0.1681877660976927, 13815.14246015287, 13537.497739873032, 655.7354829144188, 140.94981674237476, 320.3977269981267, 136.6486526221305, 250.44414829144733, 395.1457593384911, 486.95616158602974, 413.91037716387143, 293.71041908993266, 11.025438168622305, 26.64200928619299, 4.807765719293101, 5.777564610222682, 4.069630024686047, 5.554283812165682, 3.9305559037178845] : 0.0
2.1995023792216233 : 879012.9080849082 : [2.1995023792216233, 231956.64494729118, 219207.20500525768, 687339.8895608099, 1.865402497512199E7, 5921840.386859387, 1.8513813974845387E7, 225.23971764653916, 370.69693468999685, 202.04931143555922, 313.9932334267547, 349.69815891436286, 458.71089014787276, 320.9183252062886, 303.18712329448675, 190.0410349957811, 170.18035978155976, 1.901058344840309, -0.31913483967571166, 0.40797018317014855, 0.6719225211604218, -2.704264467007446] : 0.0
3.1826233529351233 : 0.0 : [3.1826233529351233, 0.18619365171653243, 0.8696028963486537, 1.8162289932565678, 3377.0357597866505, 12640.137048835028, 10163.824777321268, 219.69273838329747, 343.2408040529609, 123.99521429412435, 371.2622238190908, 441.67496977531073, 452.03244475841336, 318.39523474595137, 316.454675950057, 7.521798310702101, 8.991873071748866, 4.779314590766763, 5.166277830423243, 4.198112646218331, 5.100077891256633, 4.157265844176766] : 0.0
2.1781358026911493 : 0.0 : [2.1781358026911493, 1.2252288569437146, 0.44898631426379243, 0.15854459969213752, 8031.436028991588, 401.42581121506186, 683.8018879166068, 128.64830383612565, 295.167761255005, 169.4958522661286, 288.1629989420825, 418.92470054543116, 312.0992981773908, 298.2722357010309, 454.54482727344634, 19.498002096866323, 10.664565217031699, 4.775488688327436, 6.0077062928393, 4.845152069917968, 5.58823844296124, 4.641776424083147] : 0.0
2.953108410216594 : 0.0 : [2.953108410216594, 1.4407236089634354, 0.7114809579151559, 0.5363719504623212, 23501.547267479968, 2589.8226065232775, 612.7232599329943, 226.70997547943335, 342.655726355899, 118.350804787318, 275.00704699826025, 521.7348919233261, 420.7580184269076, 329.42776903226064, 170.02217115579109, 20.37012442124001, 4.529423102403459, 4.758903083338877, 5.898448850392754, 4.296387013624453, 5.320015988530898, 4.9369122946822905] : 0.0
