Fitness : Violation : Position : Miscellaneous
25.021878612067574 : 0.0 : [2.2246055427602283, 2.2592962663341893, 8.705640365351467, 5.115177759824522, 0.9447433814205148, 1.4388189470688253, 1.4111530073511211, 9.87936767729723, 8.420492386392851, 8.47002017970639] : 0.0
24.82711501644236 : 0.0 : [2.1611045138180582, 2.3813417060639592, 8.720221609564856, 5.018207395856397, 0.8724555217637974, 1.198003948928096, 1.3161679907768609, 9.817394304267431, 8.233770820454398, 8.327412974941033] : 0.0
25.14959155892373 : 0.0 : [2.1559302078373426, 2.4086663772013255, 8.680325331614949, 5.068123276301587, 0.8944364505935294, 1.218560196060345, 1.2952869018895288, 9.800636193643967, 8.070188038921959, 8.016419110905836] : 0.0
24.783415983659836 : 0.0 : [2.1791083717200865, 2.3754898725618077, 8.7249050517111, 5.119751674370372, 0.9267799479699235, 1.3192705143380978, 1.3463308626113668, 9.825388841633918, 8.2886320189371, 8.402477756446906] : 0.0
24.74913385195421 : 0.0 : [2.162123566267172, 2.3806488809748645, 8.730476351525862, 5.013425247426872, 1.0113634746267108, 1.4724702289869744, 1.315170731086917, 9.808823664792223, 8.243730411729286, 8.362547351433257] : 0.0
24.674743328952953 : 0.0 : [2.1954011296071108, 2.3336417053208867, 8.74174312078729, 5.187261287390701, 0.9467364015185032, 1.3847395525514252, 1.3625347328715416, 9.846257629658467, 8.314076196282771, 8.356180756479837] : 0.0
24.727433407632304 : 0.0 : [2.135886330069349, 2.394413371398095, 8.755939703206986, 5.015340893519399, 0.99909206498639, 1.4636843320173147, 1.2862324970313461, 9.810912349754089, 8.195315999420547, 8.365841920050652] : 0.0
24.8081236334213 : 0.0 : [2.1405249688303067, 2.4120087200226736, 8.714207865622782, 5.166578675316917, 0.9332144774758411, 1.313158313430751, 1.2835380600137922, 9.803093038432984, 8.203685862022493, 8.361645360253021] : 0.0
25.088783785095337 : 0.0 : [2.174808920100077, 2.344209193439814, 8.783301045362412, 5.169213420339387, 0.9442870886439967, 1.500802821355406, 1.3422570417958817, 9.840174124959326, 8.276132209289312, 8.424641696454497] : 0.0
24.93446833473823 : 0.0 : [2.173189756159377, 2.432972362361395, 8.630110518092623, 5.015382559317565, 0.9298460249709641, 1.3020485823660914, 1.3180066236731136, 9.787778118729408, 8.263944115869199, 8.41839889380475] : 0.0
24.821855284972482 : 0.0 : [2.1807850593105, 2.430401247590321, 8.605347357606423, 5.078723548548906, 0.9441039066376107, 1.3007355837372327, 1.309533795689271, 9.783369181435225, 8.284811444843701, 8.442047269511002] : 0.0
24.869330067421572 : 0.0 : [2.199120962580924, 2.3788768486823804, 8.596258739976433, 5.056641944484637, 1.005538271746661, 1.4731598782272326, 1.3371532792351053, 9.804396254043663, 8.209983940845728, 8.108593050117513] : 0.0
24.949095204183227 : 0.0 : [2.133147562546422, 2.4803952157136617, 8.718104083330173, 5.070144840488431, 1.0242195029628252, 1.4629382352853015, 1.272108530050045, 9.759374751881793, 8.215449910266184, 8.5086054470293] : 0.0
24.97251572341063 : 0.0 : [2.183290593450309, 2.321070309149715, 8.776298076360034, 5.2215454512090815, 0.8994915400214367, 1.2851233516295937, 1.3514218415102672, 9.848156177285917, 8.257993688401413, 8.302852305965603] : 0.0
24.951787865514994 : 0.0 : [2.169551430315996, 2.395514047174161, 8.725950676967932, 5.080150942250096, 0.9638227835948019, 1.4924369164380216, 1.305355283722998, 9.792458469192022, 8.218245101376446, 8.286482621359937] : 0.0
24.85379085643705 : 0.0 : [2.1669750248952804, 2.3647146126557606, 8.696503895879275, 5.01313650875176, 0.9820122786888495, 1.4777295369081216, 1.337332353186672, 9.83053635346188, 8.271186854466045, 8.375873639222302] : 0.0
24.932508093567733 : 0.0 : [2.164469326838326, 2.4177485167516646, 8.732824223272406, 5.153133335629191, 0.9775104885342176, 1.39773680532402, 1.3145495741350324, 9.786115094005059, 8.231753906213248, 8.356791446901095] : 0.0
24.746298649308088 : 0.0 : [2.198982646309279, 2.3138009696540625, 8.72341817948511, 5.139068781971723, 1.042729861333139, 1.5864962153217141, 1.3651168463845913, 9.853129087240552, 8.420326201355508, 8.591895375219137] : 0.0
25.01895945027459 : 0.0 : [2.1762080361787244, 2.4545659150613774, 8.644254420183884, 5.160316412213778, 0.9101940191453421, 1.280599643543304, 1.2802572479338108, 9.74961476642763, 8.313217053271067, 8.536516608307307] : 0.0
25.047024699049363 : 0.0 : [2.129805756751912, 2.426975805766654, 8.751732086463068, 5.0474607387972235, 0.9740135571253782, 1.4436846722372492, 1.2802434036393722, 9.78915953069263, 8.277770735599635, 8.626322621652257] : 0.0
24.698355072213126 : 0.0 : [2.1989285729387102, 2.2916637658916694, 8.716459953278811, 5.082174798851616, 0.9575340627626638, 1.3918558192814312, 1.3796281904667822, 9.872252386173596, 8.311006370389231, 8.321186728225017] : 0.0
25.077819595038722 : 0.0 : [2.1705780212392876, 2.430201270727949, 8.628193880319493, 5.102867890633723, 0.9129540905512536, 1.2787928675956164, 1.2992638989552383, 9.783807935467047, 8.208341054042823, 8.344296798502636] : 0.0
24.952291812264683 : 0.0 : [2.2062387283536102, 2.310256000486394, 8.705297780287186, 5.1079058765658285, 0.9123784693868412, 1.3482509293634726, 1.3792015998256697, 9.858329942244245, 8.399424381952251, 8.555599077018293] : 0.0
24.86215987542696 : 0.0 : [2.1681868809886886, 2.355266606790571, 8.734261605409614, 4.983909776611014, 0.9321689491541773, 1.4029516550762264, 1.3332027471241836, 9.83282469337922, 8.250019355451617, 8.339467922614196] : 0.0
25.11868561162228 : 0.0 : [2.1548418294007385, 2.4085021086051936, 8.762961387647742, 5.24381271504289, 0.9689823460743863, 1.419379663874761, 1.32213999584168, 9.804472918217225, 8.24431717800913, 8.42597108714161] : 0.0
24.91735759546165 : 0.0 : [2.1696919874657343, 2.3854953850391203, 8.680404264857003, 5.052901536274936, 0.9827765624421833, 1.4882191565934955, 1.3147306744390548, 9.815190837560028, 8.153991134161698, 8.141974547453273] : 0.0
24.976585745519458 : 0.0 : [2.1475069970434566, 2.381655688893109, 8.716851879236366, 4.886942206105811, 0.9883204058829763, 1.4647849931551031, 1.318165308578941, 9.822379572876383, 8.279407993890345, 8.502257740828377] : 0.0
24.807538332805812 : 0.0 : [2.1570995835254747, 2.43543865016803, 8.749249570792536, 5.157692031454292, 0.9357606570813566, 1.3316167079146337, 1.273713818874727, 9.767050806935329, 8.216166590005873, 8.368998307109326] : 0.0
24.974775947631024 : 0.0 : [2.1670067271305236, 2.4503123755015013, 8.594339765104948, 4.996139383102024, 1.0429574244399253, 1.5933166081611587, 1.277181495665935, 9.763640808476136, 8.26818118658173, 8.464112928564086] : 0.0
24.981922213088662 : 0.0 : [2.138369996786855, 2.426481987210444, 8.745150926087312, 5.119534286738823, 0.8875079211673287, 1.1940644437600616, 1.2895730274145556, 9.796956251488977, 8.259180899434208, 8.554611447647991] : 0.0
