# FVC 2D Coordinates
01.9019 102.5428
00.1995 26.9169
00.6872 50.3328
00.5319 08.0173
01.5110 19.1577
00.8915 14.6197
01.0583 16.5031
01.0921 14.5997
00.9943 53.9587
00.8086 56.8762
00.9954 06.3337
01.6566 42.1375
00.7509 15.9585
00.7618 32.3026
01.4918 11.6523
01.2844 26.0743
01.4476 09.7935
00.5792 44.7191
00.4390 12.6234
00.5662 09.7419
01.5993 08.1835
00.6356 05.3200
01.3561 01.3531
01.9132 51.5605
00.5476 54.7516
01.9899 09.8876
00.6924 42.3885
01.2397 19.0180
02.0237 78.1608
00.8028 00.8856
00.3191 68.9734
01.1050 43.3353
01.6695 08.1329
01.1661 39.7706
01.8931 90.7284
00.1427 15.8200
00.0911 63.7194
01.5673 60.0361
01.8280 09.1796
01.3375 06.3021
01.1510 00.7039
01.0119 11.1278
00.7392 11.0726
01.0628 60.5776
01.3105 06.2424
00.4263 04.5908
01.8263 34.3021
01.0558 04.8856
00.8964 29.4430
01.5378 10.5122
00.3550 49.0390
00.6293 04.9188
00.9849 57.3433
00.2272 44.4773
00.4341 28.0366
00.9523 28.9217
01.2965 04.1690
00.7806 29.6257
01.4703 01.8585
00.3597 78.0153
01.4557 17.4417
01.4854 25.1249
00.5419 09.1942
00.1394 06.9833
00.2922 07.9398
01.2584 12.4583
00.0694 61.4730
00.7713 48.3846
01.6078 11.0943
01.3723 63.1647
00.6887 51.1940
00.9484 10.3675
01.1000 09.5623
01.1496 48.7013
01.0959 30.8830
01.1372 04.2836
00.8757 28.4724
00.8470 17.2269
01.2105 15.2602
01.2278 17.5551
01.7007 08.9875
01.6954 22.7828
00.5839 40.8166
01.5472 17.3335
01.7606 53.4355
01.0489 02.8640
00.8652 00.6566
00.4994 06.7601
01.0387 26.1221
00.5797 29.1955
00.8585 12.9749
00.8126 17.2330
00.1222 09.6822
00.5682 16.9435
00.9360 01.1175
00.6344 00.0250
00.4534 12.7251
01.6362 33.6586
00.1089 40.7529
00.9650 21.8058
01.6870 10.9872
01.2266 94.8005
00.3685 19.0389
01.4656 43.0061
00.8826 35.0315
00.0734 00.0179
01.0106 31.2646
01.1872 31.4327
01.6274 59.4810
00.2758 29.9396
01.9185 29.9578
01.0841 18.4576
00.2699 11.1511
00.2668 05.5181
01.0233 17.0985
01.1575 42.3110
01.2874 01.1266
00.5859 41.6093
01.3075 70.9377
01.9680 02.2182
01.3323 05.6763
02.0415 77.7505
01.6514 29.2366
01.0568 47.3427
01.0348 17.8901
01.0286 32.2788
00.1442 68.3098
01.7210 02.0765
00.8408 12.0264
01.0192 20.9550
01.5293 10.7230
00.3290 16.2458
01.2863 17.2068
00.9492 16.5244
00.9668 61.9134
01.0389 24.1617
01.3468 00.9185
00.8647 29.6829
01.0092 12.6347
01.6463 01.1814
00.3596 26.0913
00.1201 51.7649
00.5309 34.1033
00.6898 28.0117
00.0523 08.3815
00.9101 72.0624
02.0342 81.5411
00.4571 18.5237
01.1720 59.9693
01.7837 04.3172
00.5040 47.8112
01.6159 35.0006
01.6172 22.9984
01.0601 04.9799
00.8360 40.3599
01.0963 14.9626
00.0764 64.1181
01.1645 34.3802
01.1570 46.5749
00.8254 15.9689
00.0346 50.1789
00.1870 39.4740
00.9024 18.4117
00.8127 57.6256
01.3773 52.3217
01.1257 11.7729
00.9687 63.4829
00.1280 32.6279
01.1949 13.4162
01.0798 33.7963
01.4201 17.0014
01.7426 71.5187
01.0961 23.7740
00.2132 08.6427
00.5419 47.0780
01.6201 46.0647
00.5132 06.6890
01.2889 60.7542
00.2923 25.7287
00.8290 00.9894
01.5340 47.2980
00.9381 00.4511
00.2569 45.1544
01.7023 25.7553
01.0283 32.2686
01.9412 34.2336
00.3470 24.0519
00.5151 14.6232
00.1294 36.9720
00.3354 22.9011
00.7726 39.2568
01.2583 57.7149
01.0322 11.3073
00.3516 07.5169
00.0530 21.2560
00.9597 28.9053
00.6841 05.0122
01.5290 16.1483
00.9670 00.1690
00.7439 30.0053
01.0924 32.7640
01.3453 00.1762
01.4474 24.4603
00.4930 01.2573
01.0273 24.8963
00.8159 27.4989
01.5317 34.3917
01.3361 21.6952
00.9618 53.8479
00.2892 12.3053
01.5671 20.9495
02.0110 00.0361
01.6177 11.2316
00.8993 01.0259
01.0570 18.0403
01.0165 00.7751
01.4218 16.9052
00.2641 57.5489
00.4289 13.4517
01.5779 18.8872
01.9744 10.0770
00.0484 01.9003
00.9958 12.1872
00.9460 04.2823
01.4064 53.7326
01.0540 33.6234
01.4335 59.1554
00.5284 08.2272
01.5115 24.6063
01.3267 69.1443
00.6695 06.8883
01.7666 50.3403
01.8243 55.2569
01.5899 77.5070
01.7320 31.7680
01.5908 13.7040
01.5183 62.6376
00.8582 08.0868
00.7024 82.2164
00.8201 13.2980
00.9686 00.0294
01.3691 25.7822
01.8206 48.4563
00.0422 48.2614
01.0196 70.5863
00.9535 17.8392
00.8728 18.3004
00.8066 20.0932
00.4764 52.5997
01.5103 47.5278
01.0427 06.6351
01.1253 09.7577
01.2657 77.5781
01.0140 09.1296
01.2573 00.4188
00.6328 24.3907
01.0817 39.7844
00.9916 21.8903
00.4388 37.5339
01.8580 05.6297
00.4219 44.7988
00.0578 40.3507
00.9830 33.6610
01.4985 32.4486
00.8906 52.9388
00.8989 64.1849
00.2037 02.8672
01.1521 07.8455
01.2393 49.9884
00.2957 41.7867
01.3070 50.3594
00.8754 94.2972
00.8190 63.9964
01.8238 11.3010
01.4811 10.6302
00.2425 34.5703
00.8952 36.0507
00.3548 23.5923
00.6060 19.0215
01.8116 38.7067
00.3844 00.6266
01.8922 24.0899
00.1326 00.2008
01.7620 02.1439
00.1469 15.3702
01.0881 46.4743
00.2962 60.9098
00.7130 25.1907
00.5099 51.8823
00.9601 18.8665
01.2654 05.1594
01.3959 73.3121
00.0394 02.4291
01.6601 19.0052
01.3894 75.5641
01.2077 22.9340
01.1981 47.2733
01.3659 00.9780
00.9636 24.2614
01.0548 11.7707
00.9672 06.8696
01.6501 20.9545
00.8355 35.7772
01.0413 05.3200
01.4861 00.5127
00.1258 37.2956
00.5826 35.2276
00.6364 33.8126
00.8269 15.0024
01.0425 04.9769
01.9744 34.6778
01.9249 63.9933
00.5674 46.4912
00.0812 12.1355
00.7898 26.8377
01.0571 36.6935
01.1119 04.9832
00.2163 58.9137
01.6436 30.1725
01.2460 38.5722
00.6405 00.1953
00.5292 24.0031
00.9536 32.2053
01.1306 00.7560
01.2336 09.8378
01.9438 01.8489
01.2086 21.6246
00.1205 42.4458
00.3406 00.5497
00.9705 06.0384
01.9316 73.7403
01.4898 60.6453
01.4300 20.5863
01.1140 32.7233
01.1673 59.2284
01.0027 05.1761
00.9686 24.5121
01.2284 55.6681
00.5205 12.6149
01.0173 05.1492
01.0017 77.9707
01.6141 24.2444
00.5565 00.1875
00.6979 45.0826
01.0075 02.6887
00.3364 13.0188
00.6097 63.9208
01.3949 10.3502
01.2337 24.2041
01.3568 53.6327
00.2663 26.0939
01.3591 47.5050
00.5615 51.2364
00.1780 01.7589
01.0647 22.6116
01.1920 70.6678
00.9135 25.4960
00.2192 40.3421
00.5566 06.1660
00.9172 01.5219
00.8254 06.0024
01.4360 56.4509
01.1208 04.4629
01.5804 42.6044
01.4510 45.8277
00.6909 01.6399
01.7732 23.4805
00.0709 00.1361
00.8556 71.7016
01.2597 68.7469
00.5269 00.7073
00.4325 71.0044
01.1393 18.0193
00.6282 45.4742
00.1125 69.3104
01.2223 26.8564
00.0170 45.0799
01.7670 02.9702
01.0131 02.4832
00.1103 37.2396
00.2469 14.2928
00.9260 30.2613
00.9905 01.0819
00.0810 31.4919
00.0640 23.1846
00.5293 03.4038
01.9854 56.5846
00.3024 80.7933
00.9837 00.8381
00.4712 63.7492
00.7968 34.8207
00.6806 31.4366
00.9183 24.0359
00.9819 22.7702
00.5973 21.4180
00.7539 19.5046
01.5454 23.8637
00.5746 13.4910
01.8486 23.5007
01.3194 44.5634
00.2722 28.0909
00.2419 06.7368
00.2094 06.3069
00.7932 21.8408
00.2645 54.8500
01.9804 60.7632
01.1421 21.1706
00.9709 04.1166
00.5595 15.3830
02.0023 48.6869
01.8245 35.0082
01.5811 63.7030
01.9383 37.6288
00.8101 25.5354
00.8613 00.8994
01.3406 35.7595
00.9840 53.9487
00.0710 28.5485
01.2990 00.5071
00.7468 35.7976
00.3171 67.2071
00.3327 50.1530
00.6255 11.1788
00.8181 00.4853
01.8649 76.3901
00.9692 06.2997
00.5764 38.6890
01.6690 72.3438
01.2761 30.9095
01.2095 56.5229
01.3670 25.3714
01.9446 93.7192
01.5975 15.0307
01.0926 02.9492
01.5213 17.5864
01.9980 10.2981
00.9183 07.1006
00.3623 07.5805
00.8609 00.0782
01.0914 00.1477
01.6725 73.6627
00.5899 51.1165
01.4710 07.5291
00.2169 37.5166
01.7143 68.1659
01.2821 31.9354
00.9866 42.9498
00.8674 80.5455
01.2826 54.7494
01.3990 76.9411
01.0383 01.2991
00.6936 50.7622
00.3642 00.4857
01.3340 15.9759
01.1034 15.4065
00.7401 89.4957
00.2296 04.8453
00.9355 13.5005
01.2704 29.2577
00.5516 06.0019
01.7151 56.2729
01.5796 23.2400
01.0612 26.7220
00.4593 14.3516
00.8392 35.9687
01.9626 38.3389
00.8852 00.8066
00.7217 17.7225
00.4355 00.5008
00.6908 00.8514
00.3344 00.6359
00.8580 51.7732
00.4657 67.8905
00.2264 38.9137
00.0593 35.0895
00.7689 24.6058
01.2190 36.2235
01.9642 09.6003
00.9524 48.5870
00.6472 23.2275
02.0181 69.3247
01.1401 10.1929
01.3737 39.3751
00.8104 36.4771
01.8754 34.6987
01.2345 17.4038
00.5126 05.2859
00.4205 70.2861
00.6161 48.3551
01.6355 09.0020
01.9051 13.7481
00.9592 03.7037
01.9053 01.7445
01.3570 07.2316
00.8439 00.8578
00.6256 15.0460
01.3654 04.4863
01.7718 35.7984
01.9712 00.0802
00.3338 16.7192
00.1099 02.8864
00.6641 25.5312
00.5555 24.6314
01.3854 25.7661
01.5689 65.9268
00.3069 69.2318
01.3935 62.9380
01.2915 14.2438
01.5830 27.2850
00.9812 06.3039
01.1832 02.9655
00.5242 00.1601
01.5496 56.1635
00.9240 18.0764
00.9045 21.3049
00.6070 04.8248
01.3102 12.6962
00.2825 42.5498
00.7310 58.2274
00.4373 51.7505
00.2707 17.3127
00.4501 58.3707
00.3726 08.5780
01.4637 16.4147
01.9504 62.9161
01.5399 49.6130
00.9343 10.7793
01.2524 55.1363
01.9836 87.9954
01.6284 49.0185
01.9294 43.2586
01.4263 01.3235
00.2174 00.0773
01.7536 35.5285
00.9901 13.7169
01.9188 115.3030
00.6994 18.4807
01.3979 01.1635
01.2953 31.6239
00.4699 34.8313
01.9419 42.1857
01.1430 17.1073
00.9738 31.4413
00.7611 62.3191
00.5699 12.4374
00.3738 29.6529
00.7931 78.5723
01.4305 48.7369
02.0172 77.6248
01.6446 12.4332
00.7537 40.4569
00.9079 36.1123
00.9905 08.7198
00.0043 00.0244
00.7531 62.8815
01.4086 23.7273
00.0952 01.2434
01.1841 102.5617
00.6145 02.0590
00.8557 34.0703
00.0382 23.7955
00.2634 54.0287
01.6497 30.8356
00.1483 27.5232
00.0931 07.0364
01.8590 19.6602
00.0813 01.7143
01.5219 25.4604
01.3453 18.8294
00.6387 00.0169
01.1111 00.0250
01.9849 01.8709
00.3316 52.8988
01.6499 72.1839
00.5960 23.1449
00.7555 30.5186
01.1131 43.1735
01.5561 00.7925
01.3421 32.6760
00.8527 57.3843
00.3390 24.3122
00.8996 48.2916
00.6044 30.2863
00.9152 01.3537
00.5336 27.7093
00.9605 09.8187
00.9658 52.1997
01.9856 63.3153
00.6307 40.1549
00.8121 36.0106
00.7448 02.0424
00.1775 49.1140
01.3893 45.6635
01.0114 21.2157
01.0566 47.5638
00.9584 70.3671
00.9011 51.1157
00.9718 44.7043
00.5306 47.5311
01.7427 54.7165
00.3684 38.5712
01.2830 56.4232
01.2585 01.7818
01.8559 68.4394
00.7709 36.5432
00.7088 30.0176
00.2311 26.7729
00.6371 09.5807
01.1592 27.5320
01.4665 59.3750
00.8107 40.9465
00.4182 27.0913
00.9471 05.2102
00.7293 38.0063
00.5137 27.1114
01.9330 10.1513
00.4118 35.0943
01.2769 18.9650
01.7961 63.9974
01.7909 37.6751
00.5106 37.5994
00.8176 05.2527
00.2663 05.6294
01.2922 74.9395
00.2197 07.1881
01.4325 31.7072
00.6031 53.6904
00.4729 41.1587
00.8250 64.2578
01.0917 04.8495
01.5981 17.3966
00.7664 56.0545
00.6873 61.9529
00.8522 40.0539
00.9313 05.7062
00.5647 18.1523
00.6464 15.0469
01.1073 00.0628
01.2670 59.7870
01.8546 48.3688
01.3926 01.0261
00.6466 50.6526
01.4249 00.8891
00.4591 59.9123
00.8301 39.7564
00.1903 03.8041
00.0415 55.7621
00.1525 13.7459
00.7431 28.8395
00.7066 35.8703
00.8397 25.7540
00.6567 41.8893
00.5019 00.2807
00.0887 64.7681
01.2312 61.1503
01.1636 30.8642
00.1985 06.8920
01.1319 39.6685
00.7646 20.7249
00.9452 64.9249
01.1051 58.6981
01.0181 05.3678
01.5259 29.6715
00.2829 21.7490
01.4401 00.6474
00.3731 36.4645
00.8882 23.8072
00.0596 15.7607
00.3784 14.4556
01.7469 64.3299
00.5023 00.1559
00.7735 01.4103
00.7163 25.2219
01.5265 01.7954
01.3880 06.5763
01.1071 16.2321
01.2831 07.4432
01.9610 10.3035
00.8515 25.9947
00.2357 00.6591
00.4962 62.1747
01.8867 82.9851
01.6764 63.3498
01.1929 68.6568
01.7029 02.1589
01.7537 74.8219
00.9307 09.9842
00.9669 53.3865
01.2401 04.3186
00.8910 62.4227
00.6997 09.7286
00.0444 00.1192
00.8337 01.0304
01.1982 11.8311
01.4533 50.7394
00.3027 02.3047
01.7445 01.5734
01.9906 69.7302
00.4349 00.0051
00.9757 06.3192
01.8489 28.1456
01.8570 00.4680
00.3457 34.2462
01.1854 57.8953
00.4760 11.5777
01.0517 00.4278
01.2157 12.0865
00.5788 24.8267
01.3201 37.6156
00.3718 55.1122
01.6683 26.9553
01.6229 00.1956
00.7635 38.0973
00.3017 21.5021
00.1510 14.1143
00.8948 55.5369
00.1196 12.1993
00.7657 01.0896
01.7854 67.3140
01.6649 30.9064
00.9130 45.3323
01.3847 39.2707
00.8442 00.8052
00.2560 00.0099
00.5614 50.6961
00.9131 05.9158
00.0576 02.0494
00.4353 71.8446
00.0688 00.0146
00.4095 07.4417
01.0063 01.0841
00.8398 30.6765
01.8560 36.7436
00.1431 07.0233
01.4571 02.4045
01.1134 22.5421
01.2520 01.8795
01.4427 55.3923
00.6682 15.4865
00.2831 15.0718
00.5365 00.2599
01.2380 27.8651
00.1377 16.1984
01.8197 20.3888
01.3226 31.4381
01.9920 76.1021
01.6766 25.7613
01.1209 29.9597
01.1394 05.7022
01.1303 14.9347
00.2880 75.9276
00.8634 18.0497
00.9712 01.1840
00.1841 20.1735
00.4675 02.1940
00.2275 01.2413
00.5823 29.5572
01.5375 28.4780
01.8885 03.4165
01.9011 31.1188
00.1909 00.3428
01.3099 14.1542
01.3916 15.3278
01.7091 12.4345
00.4962 13.7381
00.8376 24.9348
00.3986 54.7618
01.2263 01.1080
00.7758 39.0045
01.2890 21.3442
01.2850 104.5958
01.7330 01.9332
01.0280 54.6002
01.9559 00.0589
01.4816 12.9820
00.2394 00.5931
01.2878 20.3221
01.0897 24.3922
00.7966 33.5314
00.4287 33.4585
00.5317 31.8456
00.3924 11.7088
01.2890 43.5756
00.0355 47.3316
01.4067 23.9153
00.0665 34.2875
00.8410 12.5549
01.6340 20.9317
00.9937 67.3662
01.0419 00.8981
00.1979 41.1511
01.1460 23.2140
00.5435 05.0985
00.1169 04.5955
01.0094 06.9622
01.4195 52.4029
00.4048 70.6100
01.4565 34.5982
00.9061 27.8942
01.1755 00.8636
01.2471 45.8180
00.1377 52.5950
00.6779 45.7787
00.6003 45.4350
00.7520 15.4633
01.1662 01.7925
01.5812 41.5833
00.9209 48.3214
00.5192 63.2643
01.8952 01.7218
00.8510 29.0726
01.8906 16.8974
00.6582 94.5170
01.0015 14.1039
01.6438 15.2700
00.0557 53.0686
00.1928 28.3767
01.4383 42.7606
01.6764 06.0868
01.5737 16.2216
01.1694 62.0913
01.4988 36.2288
01.4947 44.0032
00.5016 51.6186
00.9411 14.3718
00.3468 01.3764
00.8284 07.0014
01.4853 20.4082
00.0345 58.7589
01.1323 39.1384
00.5041 47.8695
00.0517 08.6045
01.2245 29.4385
01.6336 43.8808
01.8115 04.3823
01.2933 63.0014
00.2453 45.5017
01.9944 108.7877
00.0648 65.7552
01.9588 29.2470
01.3446 25.8120
01.0367 06.2079
01.0744 05.9334
01.6284 08.5603
00.9063 38.5593
01.5890 54.3564
01.5625 40.5223
00.2841 29.6920
00.2356 51.2720
01.0201 06.1845
01.1018 28.2903
01.8525 01.2792
00.0335 01.8009
01.0250 03.0265
01.6598 09.1432
01.3022 50.7600
00.4435 01.4290
01.0724 72.3852
00.7158 06.6608
01.0286 40.6514
00.8044 00.9086
00.6788 01.4142
00.4791 00.7712
01.6038 29.9938
01.0407 00.5280
00.7226 37.6077
01.0085 00.4931
00.1950 82.3093
00.3515 18.6979
01.2466 00.1286
01.0541 26.7227
00.4074 38.2211
00.8677 40.2422
00.9944 50.7079
01.1040 22.9875
01.0261 24.3336
00.5995 39.6641
01.7859 23.2846
01.6255 02.1730
01.2703 33.7505
01.3942 13.3273
01.4383 96.9621
00.8721 00.6401
00.7385 56.0414
00.5891 89.8830
00.8928 25.1568
01.6848 41.8867
00.7307 00.9639
01.9946 65.2699
00.9491 10.5301
00.8616 02.5307
01.2536 18.4764
00.1450 34.2418
02.0400 98.3551
01.8633 33.4204
01.1031 14.7441
01.0920 24.3553
01.1255 34.8482
01.9643 15.3825
00.8210 17.0551
00.5039 48.4600
00.9567 05.2212
00.3363 00.1553
01.9233 01.6704
01.2467 00.8118
01.1469 50.0887
01.8971 09.6342
00.9966 26.2256
00.4442 54.4155
01.0047 42.8197
01.0292 00.1352
00.6492 49.2958
01.7805 81.4716
01.0310 32.9675
01.0301 02.6388
01.2456 00.3298
01.1639 23.2280
01.3141 31.3490
00.5559 41.3680
00.4963 50.8477
00.9857 00.3895
01.8916 05.2219
01.3231 24.7293
00.5788 43.4719
00.5742 33.2678
01.3303 23.0335
00.1221 93.3615
01.0274 02.3688
00.6445 23.7772
00.8864 37.2929
00.9154 13.7947
00.1800 35.2807
01.0456 04.7377
01.8063 21.3681
00.4352 15.7364
00.3827 50.8199
01.7454 40.9939
00.2871 29.5866
00.9970 05.8459
01.7760 21.3981
01.0000 00.0232
00.9806 35.8818
01.1112 05.7133
01.0428 02.2634
01.5743 29.3514
01.6449 36.8932
01.7321 00.3855
00.5089 16.1906
00.1725 25.5308
00.4319 01.8688
00.2032 43.1659
00.3272 40.0649
01.9710 51.4705
01.1246 39.4482
01.3142 85.6007
01.2574 08.5112
00.7452 17.7532
01.6225 62.2821
00.3916 43.4443
01.2963 22.0726
01.6759 02.4109
01.6596 01.0448
01.3624 03.9871
00.9619 27.6920
01.3412 35.1902
01.1082 10.9045
00.8217 29.4933
00.4307 58.3772
01.0485 16.9813
00.7418 27.8592
00.4533 16.0408
00.4657 51.0235
01.0290 00.2890
00.1837 28.0362
00.9792 06.2798
01.3453 00.8558
00.7977 04.1078
00.8661 06.0706
01.6826 00.5706
01.1055 46.0705
01.7009 02.2792
00.9657 01.3057
00.2294 38.4850
00.2381 30.1262
01.8736 10.8611
00.6862 37.8551
00.5474 10.0493
00.9999 29.4904
00.1013 35.9951
01.7316 35.6342
00.9004 23.7561
01.1126 04.8124
00.3062 00.0221
01.1340 15.0616
00.3915 61.4233
00.5865 06.4495
00.5784 55.2836
00.8212 15.1592
01.5987 61.0928
00.9838 17.4752
00.8273 05.8759
00.5097 35.1820
00.4805 00.6890
00.2677 25.9849
01.2769 44.5352
00.1247 02.1358
00.3546 07.9365
01.5119 24.9924
01.6783 28.9416
00.4664 65.2286
01.4534 39.1467
00.6024 67.7014
01.9448 70.1748
00.8651 18.5513
01.8377 04.7389
00.1881 60.9327
00.9890 03.5528
00.2703 10.9484
00.2824 01.1674
01.4438 00.0236
01.8685 02.0172
00.9125 14.2808
01.6926 34.0130
01.6571 47.1813
01.4931 70.7454
00.2578 09.2020
00.9993 04.1936
00.0870 02.2109
01.3372 25.4941
00.4451 20.8845
01.0522 48.8349
01.0086 60.3791
01.0295 10.9834
00.3583 01.3726
00.8701 00.7691
00.0645 80.5196
00.4031 52.3474
00.7194 25.3633
01.2935 19.6659
01.7406 01.6156
00.0947 85.5689
00.6612 65.4155
01.5760 01.9031
00.0926 16.2303
00.9297 16.8014
00.9386 17.3692
00.8942 27.3035
00.4842 09.8042
01.5854 35.6692
01.0116 51.4064
01.4086 22.2365
00.9094 38.3370
01.0998 33.7972
01.0256 27.9709
01.9687 10.7153
01.2915 00.8175
01.9583 45.7572
01.8650 74.1991
01.1080 00.3295
00.7536 53.7184
00.5072 08.3532
00.4498 00.4074
01.7252 39.0139
01.2366 77.6586
00.0340 01.7806
01.8759 34.8407
01.0592 05.2181
01.4778 30.2484
00.5147 00.1938
00.0280 26.4614
01.4856 22.6019
01.3538 44.2596
01.0417 29.9451
00.3144 06.4345
00.8621 10.1481
01.6770 01.5879
01.0684 25.0501
00.9240 66.6031
00.6382 69.6719
01.4265 42.6650
01.1985 00.0222
01.4351 01.7861
01.4639 21.8662
01.5944 40.7766
01.8313 09.4656
00.1912 86.8663
01.2494 29.7900
01.5884 36.0254
01.7346 21.6220
01.8001 29.5784
00.9323 14.8877
01.6144 22.9225
01.2858 18.5524
01.7332 09.5541
01.1175 77.9870
01.0244 05.2515
02.0177 99.6374
01.1930 23.3809
00.6720 37.0679
00.4871 47.2229
00.7725 45.6847
01.4055 38.0328
00.9592 01.0690
01.9920 08.7288
00.3350 48.2591
00.5081 12.5194
00.6007 72.8542
00.9336 27.3016
00.5180 68.2265
00.7342 58.7722
00.0340 53.9830
00.9951 57.2248
00.2208 46.5487
00.3859 14.9192
00.7814 35.8705
00.4505 19.5597
00.3405 14.6319
00.9626 56.0832
01.4569 48.9081
01.0090 06.3839
00.6574 05.1318
00.4085 14.3451
01.2436 55.6150
00.9320 26.5577
01.6254 30.6243
00.2713 41.6725
00.6485 07.8759
00.7071 51.1138
01.6117 20.9641
01.5842 23.9835
01.1367 05.6186
00.9159 31.5815
01.0500 32.7965
01.2059 24.7378
00.7799 09.4212
01.0933 37.5554
01.6469 25.6723
01.5645 58.8467
00.4997 50.5315
00.9240 00.5901
00.6013 24.3997
00.9278 04.4164
01.6535 74.9858
00.6694 17.0519
01.5844 22.2262
00.2286 58.0440
00.0994 11.5957
01.8045 77.1923
01.9379 17.0226
00.8917 18.0766
01.0768 70.6633
01.5646 15.6347
01.5268 16.6219
01.3803 42.4513
00.2691 34.9292
00.6805 28.0870
00.6428 00.6894
01.9912 02.0606
01.1861 53.2067
01.8002 00.1149
01.4005 41.5534
01.0386 05.0463
01.0536 06.5705
01.4756 67.4561
00.8989 05.7787
00.7724 24.9301
00.0389 35.8101
00.1041 05.9523
00.7838 00.5955
00.9400 06.1403
00.1044 01.8811
00.1150 85.9941
01.9417 12.6934
01.4830 20.1166
01.2142 57.5937
01.4387 41.4848
01.4972 26.9427
01.9693 39.1213
01.5166 11.0814
00.6384 05.0083
01.1321 07.6966
00.7173 21.9904
01.0237 62.2955
01.8358 48.0362
00.0976 58.1232
01.8880 09.5073
01.4455 30.1095
01.5626 18.5183
01.9572 00.0075
00.8547 00.0272
01.8697 09.9957
01.2626 41.7921
01.5068 80.2222
01.3853 63.8797
00.2731 01.1907
00.4910 04.6489
00.7604 15.0840
01.1971 49.9283
00.9297 20.7666
01.6516 01.8145
01.9788 32.6099
01.3045 37.5253
01.6378 00.3384
01.2574 70.5249
01.1572 01.0489
01.2513 05.5679
00.9111 09.9029
01.0553 14.4602
00.0385 62.6039
00.2286 00.0333
00.9685 61.0050
00.9619 32.9760
00.1004 33.4638
01.1876 04.4593
00.4135 00.7953
01.3845 08.2557
00.9346 05.4501
00.2926 28.7520
01.3330 67.3392
00.9530 13.4348
00.9111 46.1969
00.7695 33.3276
00.2262 01.8134
00.8036 66.8458
00.9815 28.3273
01.0700 18.4417
00.4715 16.3465
01.5900 22.1120
00.5229 36.8448
01.4820 59.7087
00.7490 41.4065
01.1902 06.1304
01.0182 41.8083
01.0008 05.0125
00.6852 30.6601
00.4907 10.1271
01.6805 43.1747
01.1824 49.4336
01.4665 38.3421
00.8013 44.0251
00.4931 19.8396
02.0002 07.1826
01.7238 59.2495
00.7711 01.2539
01.0321 23.3771
00.9369 23.2231
00.5474 27.9060
01.8619 09.8434
01.7752 76.3706
01.2230 21.1457
01.3592 19.0468
00.8170 28.6174
01.0886 25.6934
01.1118 13.2273
01.7797 44.5114
01.3135 00.9926
01.1883 53.5433
00.5915 10.6187
00.1594 06.9555
00.6696 61.0289
01.9682 00.0418
00.0336 28.4748
00.8016 08.8118
00.1070 43.4737
00.9717 08.5320
01.0098 73.5443
00.8876 42.5732
00.4323 06.7440
01.6003 64.9368
00.5500 26.2401
01.8636 09.3199
00.8388 40.2372
01.0098 69.2290
00.9859 67.5290
01.0038 07.1477
00.3518 34.6219
01.4802 13.0392
01.9729 05.3244
01.8757 67.9065
00.7160 54.6053
00.0987 00.2698
00.3533 00.6894
01.4470 49.1446
01.3153 37.1082
01.5184 46.2749
01.1009 16.9189
00.2266 06.8388
01.2266 64.4773
00.6359 00.1400
00.5784 83.8225
01.9251 62.0572
01.0590 00.1351
01.0779 00.7618
00.6370 50.9833
01.6034 29.0226
01.9789 38.3948
01.6399 11.8651
01.0617 01.0529
01.5835 32.0906
01.6141 43.2311
00.1808 15.4332
01.1947 66.6718
00.0600 19.3171
00.6924 25.1315
00.7447 55.6044
01.7316 34.2921
00.9282 08.3333
00.4453 08.7363
01.4414 39.3081
01.0099 05.6678
01.0243 08.2674
01.5625 05.8672
00.1413 31.7741
01.7782 46.9244
00.1978 58.4669
01.9644 62.1787
00.9792 13.4852
00.0383 40.9203
00.9799 62.5627
01.0584 00.2752
01.1698 00.7527
01.0361 25.6336
01.7138 25.9440
00.3059 86.4466
01.6413 15.9733
01.6780 71.7319
00.8890 55.0175
01.9988 02.0531
00.0400 64.2408
01.2132 59.8070
01.1894 19.9162
00.9285 42.9654
01.1229 18.7581
00.3289 53.4434
00.9348 09.6530
00.4251 11.4495
01.4921 00.9661
01.4279 13.5724
00.7093 28.8987
00.8600 23.4315
01.1451 10.9843
00.4923 16.3334
00.7380 47.7993
00.9296 26.2711
01.1256 00.3504
00.4964 25.2346
00.8681 46.4025
00.3460 21.0898
01.0901 52.7512
01.1093 06.3296
00.5494 12.2367
00.8926 00.7266
00.6151 13.6957
00.2982 52.5429
01.8417 02.6825
01.2941 00.9739
00.9287 04.3954
01.1034 04.4847
00.1042 08.8374
00.6977 24.5949
01.0139 48.9407
00.3118 01.8747
00.7766 38.3495
01.5928 63.6070
01.3417 29.0709
01.0163 46.9495
00.6664 40.4777
00.4699 49.5732
00.5928 34.6607
01.2703 12.5721
01.1288 27.9722
01.2445 20.4677
01.6460 52.8549
01.4934 25.7319
01.6989 50.0554
00.8922 24.2204
00.2677 26.8093
01.2354 36.6258
00.6808 35.2854
01.2697 25.5124
00.3280 24.9981
01.7995 07.8548
01.5382 56.4012
00.6936 32.3052
00.4939 00.5799
00.6323 59.7382
02.0102 05.2795
01.0292 33.0674
01.0202 63.2898
00.7528 05.2289
00.3815 05.2837
00.1434 38.5631
01.3169 06.2507
01.0059 33.1939
00.1357 51.8419
00.5019 16.1542
01.5061 65.7304
00.6840 10.7465
00.2168 01.7802
01.6593 02.2477
00.4052 00.0053
00.3692 27.0566
01.5140 30.2402
00.5909 33.2067
00.6968 26.7527
00.9953 00.4676
01.6582 33.0102
01.8307 13.8730
00.5578 41.2305
01.2821 66.9317
01.8613 18.1109
01.9908 28.2345
01.0441 24.2377
01.0424 26.0686
00.5745 04.5815
00.3145 20.0740
00.8486 10.2222
01.8429 19.9295
01.7295 01.5427
00.9704 39.9376
01.3923 14.0061
00.2182 63.3766
01.0613 00.5684
00.7801 08.7326
00.8710 31.0935
01.0091 05.0295
00.4863 31.8385
00.5921 00.8317
01.6842 40.6787
00.8651 31.9866
01.1939 23.4411
01.0045 67.3625
00.7786 28.7059
01.4013 10.8422
01.5177 16.8999
01.2637 04.9880
01.0408 34.5249
01.0766 30.9094
01.4589 00.0210
01.7435 01.7023
01.1980 18.3236
01.3890 19.8263
01.1033 37.7452
01.5454 53.2788
01.9441 33.1730
00.7720 04.2057
00.1635 00.3417
00.8078 78.1106
01.0127 04.3115
00.2654 31.2778
02.0107 18.5895
01.1335 70.1910
01.2632 10.1902
00.2519 89.0687
00.7147 00.1467
00.1500 01.7770
01.0879 59.8151
00.8043 06.5719
00.6334 00.7580
01.7507 21.7153
00.1464 34.6744
00.7680 00.0985
01.9705 55.5849
00.9977 42.2134
00.3446 01.4132
01.2428 47.1508
00.9619 22.1194
00.8308 84.3794
00.9481 48.8199
00.3463 34.8891
00.2455 52.2433
01.5819 68.5146
00.8670 31.6689
00.3306 44.7482
01.7948 31.6336
01.4475 10.8414
01.0136 20.3674
01.4460 02.6138
01.7643 26.5751
01.4163 08.1365
01.8749 24.0051
01.7293 07.7297
00.7944 41.0297
00.5161 07.5715
01.1810 21.9192
00.9167 00.7681
00.5397 03.1986
01.1138 28.2400
00.8923 01.0825
01.7200 01.6005
00.9951 00.3046
01.0926 53.5634
01.0240 64.1569
01.7001 39.9112
00.9817 06.7585
00.7159 00.7076
00.8462 30.5649
00.8900 11.6704
00.8533 06.0352
00.1068 26.8360
01.2401 01.3203
01.0131 64.5651
01.6051 27.0926
00.3142 18.0899
01.1046 35.1991
01.4129 40.2723
01.4687 76.4354
00.3884 44.7420
01.1555 26.2465
01.0996 21.6404
00.0673 35.7369
00.0740 81.7495
01.2502 31.7717
01.3587 40.3308
00.9781 00.0562
01.1523 29.3193
01.2773 11.8602
01.5722 27.5450
00.9508 00.3552
00.3406 84.7519
01.0295 27.4929
01.2971 47.9561
01.6692 54.4822
01.6788 71.3904
00.9335 63.3217
02.0094 18.8631
01.2967 05.6825
01.1086 00.8522
01.2460 28.3990
00.3800 31.4675
00.9301 23.0817
00.7638 07.8058
00.7355 00.7493
00.5770 20.8602
01.6101 38.3385
01.3486 05.5243
00.9515 11.5374
02.0069 76.0208
01.3522 01.4544
00.9975 34.0099
01.5278 57.8861
01.1093 29.2551
00.4951 78.2653
00.7413 20.6884
01.3894 57.6335
01.9981 05.0269
01.7056 44.1201
01.3235 31.8446
01.5160 02.6955
01.6552 01.9494
00.6156 88.8046
01.4006 00.0333
01.1055 36.2934
01.0740 55.7618
00.1982 83.6429
00.1898 31.5894
00.8862 09.2624
00.5534 00.0352
00.4674 23.0079
01.4538 01.6716
00.6122 55.0476
01.9167 54.4553
01.8999 40.9281
00.7668 21.6419
00.2764 104.8740
01.3898 14.6608
00.8421 33.2055
01.4184 62.3587
01.0158 80.6770
00.0950 08.3333
01.4177 21.5845
01.1435 02.0119
01.0593 02.7239
01.2862 10.1023
01.5116 36.6203
01.5656 32.8976
00.3210 25.5860
01.0858 66.6388
01.0189 62.1523
01.6970 12.5465
00.6017 35.3295
00.7961 01.0636
01.0024 08.8394
01.0466 45.3448
01.4352 23.4075
00.5425 00.1401
00.1803 12.9551
00.5806 49.0479
00.8537 32.6370
00.4221 48.0994
00.6955 01.2431
00.8705 00.0296
01.2567 11.7665
01.3143 51.2446
01.7384 16.1627
01.7725 01.8740
01.5127 62.8329
01.8734 43.0041
00.2402 27.3538
01.1598 02.3934
01.2768 28.7200
00.9231 22.7871
01.2302 75.1352
01.5491 09.7727
01.9469 49.7476
00.9260 32.2164
01.0566 52.3194
01.5692 52.4162
01.4651 35.7223
01.1812 17.4462
00.8083 08.1746
00.9148 19.4022
01.8646 21.3748
00.6751 06.5931
00.3395 65.5831
01.4856 11.7205
00.9828 08.8148
01.5857 37.3007
01.0137 48.7063
01.8203 73.8260
00.4690 06.5288
00.9255 25.6783
00.7853 01.8212
01.0415 21.2563
01.9277 40.8769
01.3295 66.5486
00.6239 03.6601
00.9882 06.8822
00.9202 76.4636
01.9281 09.7810
01.9776 01.8738
01.4789 07.3598
00.3198 69.5492
01.8646 56.1691
01.8487 34.3355
01.9530 10.4122
01.0501 82.8316
00.0677 00.1218
01.0100 23.3371
00.6080 14.7945
01.6456 30.2596
01.0301 68.6850
01.0582 67.3892
01.6391 89.0048
00.0844 81.3319
00.2956 40.7138
01.7876 57.8098
01.2410 14.0622
01.2920 60.8437
01.5094 20.2426
01.2791 56.4887
01.9642 00.0264
00.1332 14.8515
01.9636 39.3614
00.7585 67.8054
00.5128 76.3475
01.5288 10.5479
00.9262 06.2012
00.4535 00.5879
00.7097 52.6708
00.7696 03.1771
01.4031 10.9370
01.2674 02.6832
00.6213 82.5189
00.6449 33.4278
00.0602 53.7428
00.5473 47.9311
01.1910 44.0131
00.4135 11.4486
00.5568 56.5430
01.6040 15.2215
01.8838 31.5671
01.8364 02.1604
00.8493 68.1045
00.1845 48.1264
01.2138 37.6294
01.3354 11.9801
01.0065 49.0981
01.1781 05.5390
00.9001 30.3013
00.4470 37.9176
01.9715 15.5398
01.1905 50.4505
00.9280 00.0190
01.8408 00.1527
01.0226 11.8657
00.3901 60.4802
01.7778 37.0516
00.7763 32.1411
01.0269 21.2693
01.7513 02.6600
00.9070 41.2104
01.7623 60.8094
01.0216 27.4716
00.7619 30.8231
01.7927 08.9642
01.1312 01.3079
01.5031 72.8691
01.2660 29.4661
00.7162 05.2751
01.2162 00.6585
01.7449 57.1182
00.9506 66.1182
00.8286 04.0665
01.0370 18.8920
00.5220 69.5268
01.7877 30.1276
01.0190 76.9246
01.1717 46.5275
01.3926 07.1772
00.9000 64.1643
01.8136 51.1110
00.3584 01.9692
01.5212 58.9019
01.7336 51.4870
00.6744 59.3332
01.0136 54.8621
01.1461 10.6964
01.1732 41.6385
00.7660 63.6047
00.1482 73.1820
01.2160 05.1576
01.6282 41.7959
00.6039 07.4533
00.9639 39.8255
00.5353 12.8880
00.1034 76.3395
00.0905 00.1870
01.4550 45.7372
01.8792 21.3862
01.2593 21.7605
01.3357 57.3253
01.8457 56.2744
00.8182 73.7784
00.1890 32.3985
00.8877 01.0124
00.3020 37.8154
01.0104 26.9119
01.1807 10.9211
01.4065 22.1715
01.0689 78.7575
01.7705 15.2470
01.5136 15.1202
00.5878 28.8489
01.0039 25.2664
01.4764 72.4295
00.3175 01.3460
00.9881 06.2580
01.3486 12.0931
00.8938 44.3098
00.9248 10.4800
01.1810 01.3917
00.8878 15.7997
00.4334 21.5874
01.0522 35.1899
00.3910 02.0715
01.0745 59.2248
01.0667 14.5634
01.4881 06.9395
01.8967 23.4121
01.0743 22.3477
00.5065 67.0773
00.5275 86.4339
00.3330 18.3310
01.6004 21.1516
00.8263 19.1949
01.0138 52.1999
00.8877 75.9993
00.4628 07.9216
01.0243 00.7833
01.6739 09.3614
01.4969 35.4153
00.6179 44.1243
00.1829 15.4957
01.3477 69.0288
00.4510 55.9797
00.7040 10.8400
00.7546 51.6609
01.2516 19.8428
01.8120 50.4096
00.9708 50.1749
01.0480 64.8811
01.0870 12.3424
00.0730 01.9187
01.1448 39.1604
00.6952 09.7590
01.5479 36.4708
00.7973 23.5593
00.2123 28.4754
00.8915 14.5082
01.4400 47.5322
01.1530 50.3039
00.6421 24.9266
00.1489 22.4936
00.7431 00.8890
01.2526 06.4790
01.1921 27.6324
00.0414 42.2147
00.4385 10.0803
00.6150 03.8763
00.9525 13.0201
00.2859 02.3197
01.1522 22.2548
01.8046 62.6834
00.1805 51.3693
00.6679 44.9329
01.1582 22.4478
01.0425 11.0206
00.7757 27.5029
01.9766 79.4108
00.8125 72.0800
00.8493 00.9876
01.5969 68.9724
01.2128 01.3637
01.7020 46.9037
01.8186 41.2024
01.1635 00.4873
01.1657 21.5332
01.0656 22.2515
01.1819 10.7847
01.6307 66.2013
01.4190 18.1896
01.1116 33.8481
00.8255 00.9533
01.5677 25.0509
01.6848 17.5261
01.6190 82.4828
00.4300 23.3632
01.3085 34.7109
00.6226 24.5198
00.5655 06.2520
00.6621 40.2781
01.2714 43.8975
00.3506 00.0639
01.2536 18.7574
01.0172 00.2905
00.7397 01.0246
01.1935 08.8602
00.0342 28.3076
01.2422 66.9187
00.1954 01.8134
01.2040 05.9367
01.9416 12.1053
00.9682 18.9227
00.7525 51.8191
01.9029 41.0238
00.3629 18.3696
00.4737 39.1763
01.2553 17.0376
00.8815 00.7041
01.4438 58.3143
01.5587 00.5486
01.8368 85.3524
00.6943 02.9101
00.7644 51.7391
00.4862 15.0594
01.2432 19.0730
00.4582 19.1723
01.0262 25.1224
01.0861 52.1843
01.0055 36.7249
01.0061 10.5815
01.8034 61.6811
01.8358 14.7148
01.2748 06.0567
01.0318 05.1748
00.7796 37.2931
01.4741 44.7093
01.8740 27.9826
01.0968 63.1660
00.8637 16.0838
00.3744 00.5826
01.1463 62.9426
01.5271 59.1317
01.1711 45.5283
01.8542 09.3206
01.5222 31.2961
00.6777 30.8518
01.2844 04.8902
01.8404 19.8657
01.2060 16.8326
00.2892 07.1971
01.2788 08.8689
00.9556 45.8867
01.0797 43.5848
00.1508 33.9790
01.0057 00.0032
01.4698 32.2535
01.8335 21.1433
01.8696 21.2413
01.0247 35.1786
00.2214 25.5287
00.6277 38.7058
00.7502 27.7073
01.2624 19.4218
01.2458 01.2735
01.2565 06.9535
01.8077 84.4256
01.9468 102.0649
01.6296 34.2798
00.9695 10.1071
00.2573 55.2466
01.1270 24.2158
00.8442 28.9471
00.9867 00.3457
00.8781 67.3256
01.1762 00.6877
01.2382 07.6148
01.1794 103.3543
01.6442 20.6633
00.4837 75.9187
01.5207 28.3349
01.7167 05.5554
00.7533 42.7613
00.7950 14.3785
00.1880 35.6011
01.4316 43.7069
00.6758 53.4566
00.9968 00.3498
00.8337 20.2795
00.0936 49.3329
00.6209 61.5057
00.7879 07.9991
00.6434 38.7290
01.6024 63.4118
01.8000 20.7862
01.4609 68.3264
01.0528 27.9890
00.6840 59.4122
00.9247 65.4027
01.0852 18.2717
00.8920 31.8760
01.0993 22.6797
00.8289 29.3026
00.9104 17.0899
00.3193 01.9647
01.1183 12.6834
01.7429 42.9493
00.1456 05.8985
00.9350 07.0621
00.3982 56.0237
00.6879 77.1918
00.9641 24.2283
01.0681 00.2832
01.6347 23.3206
01.5523 00.0674
00.8840 10.3466
01.8237 22.9877
01.3728 61.0432
00.6193 47.3264
00.1919 39.2633
01.1781 02.8339
01.9239 56.1951
01.0066 24.4245
00.8420 15.8238
00.9850 33.2639
01.1470 01.2152
01.2806 26.9606
01.6552 07.4246
01.2564 00.0554
00.9642 02.5891
01.0512 02.6906
01.1851 00.2994
01.8530 09.2337
01.1227 01.1979
01.0813 38.6664
00.4932 22.2544
00.6545 24.7845
00.6672 04.4559
01.3002 56.6173
00.9005 41.5599
01.8093 00.6465
02.0103 71.4444
01.8655 55.8570
00.5521 21.0279
01.5146 05.3419
00.8025 44.9497
00.3815 14.5734
01.0512 35.3932
00.9799 01.2751
01.1242 14.8725
00.0872 68.7850
00.9344 36.6967
00.6287 00.1723
00.7781 00.6553
01.0054 19.4365
00.9899 00.7227
01.0935 18.1412
00.3525 21.4767
01.7788 21.6211
01.4580 07.0770
01.2834 00.4064
00.8841 63.8860
00.0625 67.4040
00.4844 24.2001
01.0895 33.5492
00.7538 23.5438
01.0784 18.7930
02.0137 91.6419
01.4723 44.7615
