# FVC 2D Coordinates
17637269547088.2500 2823.5577
20163508328272.4650 11885.8221
2558723002669.5250 9393.3234
1678179531.5319 1181.1885
14526658685.0957 219.0554
31398320612516.3360 921.2511
2029554718.8822 2149.4666
6064319928303.6250 6503.6942
130980582292.6335 606.3510
47069305663290.2500 6370.5909
55070541427655.3400 6762.5591
2182145477093.8894 122.0879
26523127225420.0660 3634.5172
64067092562.1291 3279.3233
2390264487153.7390 4564.6036
17238647825048.2800 5620.6526
298682558285.6424 3487.5808
77546093960811.1400 9809.7131
1680817433351.7240 4091.9078
8171626786669.7170 5444.5108
57821636511112.6200 17284.9362
178085358838.3434 1230.4856
8113817022.9302 1048.7016
64524586207844.7900 6048.9193
793269547795.1432 6868.5344
5715526420333.9260 10153.8310
51547020365999.6800 6243.2581
693058103463.4645 4768.2997
45323686099497.9400 17436.9853
596851875.5595 2098.3800
3819808019908.7310 1994.9737
88987001768755.2700 20230.4428
5481551036500.6860 1754.6261
27169008029851.2900 3211.6559
502702282930.8730 10186.6904
23886028162468.4770 814.8603
10071311413036.9200 995.1239
3556349.6291 801.5462
30103259317.9852 3200.0506
9968946337987.5640 8905.6613
1822056251918.0786 592.9646
1035287027714.8082 10422.5329
31052212950044.3400 17615.5128
13485433581.9405 1650.3749
44700014589715.5000 11936.7240
634080885365.6871 1961.8624
34779582706858.2900 15816.0675
14350359247415.7460 7775.6815
16714189480421.6880 6467.4906
1438318116319.7183 9739.3813
214031599570.3569 2402.2524
811220655134.4904 1211.7988
53284063639.8910 4415.6877
36408210862352.4100 6820.1398
16492584056.6645 3396.8333
18902775346411.7230 3689.5005
3108643631829.3184 3734.6563
3376788927983.6320 2527.5455
18018797618.0534 1576.4599
72087794773516.3100 6199.1160
92770887842646.3000 16831.0999
49721010668430.3050 772.5585
20903451977644.9100 9908.8985
878718215.3184 1204.9139
3258179321731.3525 6246.5666
36764205940844.5700 12696.4696
14433998626802.6100 1343.3242
3155662175510.7144 4181.2817
16935625027815.1780 1162.9338
11959397235062.8480 7360.9133
1095545053.4012 2796.5628
113628365525280.8600 4473.3956
4257556415977.5400 5334.1931
10680540163409.4380 14594.1518
37508332302672.6000 18182.3002
69209339734761.2340 3806.4708
24183297748066.1500 8241.5224
4844642983037.6560 6439.3545
2129428527978.4856 12149.0269
49684038175132.5400 8793.1775
175133527289.8974 7403.5314
470824802229.6613 775.9017
9530205275296.3460 1473.6474
723875101344.0000 7527.1033
5909603688.2102 4391.0742
80932458210610.8600 3502.9248
56827362866414.0600 13099.4906
12514231234038.1370 254.8332
148340647106.6055 260.1398
20921039923445.5000 1313.9774
35883154121.8241 4939.8038
35007695232738.2000 7747.8062
52217459091.7738 5348.0071
313281793357.8514 36.3115
16095808860.1956 901.3911
860934.0719 3598.0840
148820756952.2570 7063.7942
358485502712.1959 14.8423
6454096901928.3660 2071.7779
16858008362704.1460 476.5620
63371882316570.1400 905.5718
78500596858375.6000 11918.3997
7709877542028.5390 5262.0328
80950091635596.4700 13957.3098
2797913465654.1250 4136.4769
1522410209078.7397 474.2789
8466112876717.3890 5997.2157
13085383094.4322 4681.5386
12920823894747.1460 9561.2818
19927454.8716 1894.4061
116847392131.5450 4181.3049
33887265561.6514 7534.4965
89773658008412.1100 3658.0778
6909765606.4224 3271.1254
19224615104926.8870 3967.8908
2164471838510.0515 1887.7681
16002100395013.9960 12287.4248
4673109013441.6540 1822.1195
113682855048.0987 36.4854
19019155676254.1560 8120.0879
76656628718.4531 7395.2794
1107419258944.1530 7386.0795
2160510223623.0240 6910.6805
4132625274030.3027 8965.7528
102601397717223.6100 12492.2306
7925984718403.1220 2397.6495
27421391456396.9000 10077.8398
51091721329416.9140 12228.9279
29944975744085.9730 4680.4734
6017276458403.8030 6591.1121
246305777611.9112 3112.0008
9111563268571.5900 5163.4509
46237591313511.5500 4566.9696
221133491316.4848 4060.0416
2850173975682.7560 7452.5368
23196882464538.9730 19089.7116
146973244296.4975 1497.1988
101425793650563.7200 19895.8581
28333955426450.1680 2463.9317
2878474323549.8755 1988.9091
43817067015404.0700 8011.0720
85346371824299.5300 17544.9169
845675583368.6317 491.3018
14368868515063.5400 7161.0703
1818707026375.8167 379.8533
9750158414312.2030 10493.7226
18682320703361.1700 4143.3818
822465646.5482 1197.6232
675299920486.5913 4273.7412
8774594890730.8320 8834.9950
47362301256029.7900 6195.1055
47851699282617.4400 6213.3817
31120344886257.0200 3046.5956
34285832904068.9020 16435.7006
787414821535.3582 10187.1866
60726411962573.3100 11496.4026
44255126169362.0600 18220.4626
921074954316.3950 7749.8338
4888577201911.7210 3044.9337
1447946065656.8943 1816.9102
19560471454720.4770 1346.1611
81115735182.0785 2241.7784
78426079877968.2700 1382.8478
4039487214415.0260 152.0587
74572381873704.0500 11970.9877
104347733093161.0800 17661.3490
1158496323714.5857 3284.8847
98609659918044.4800 26414.5099
6049341797803.7710 3745.8136
59142800980444.9840 8639.8470
5390164940324.1400 2623.6921
55254397189512.1300 428.1868
35826538111967.5500 11735.1645
29618605351306.4570 9255.0966
75248713541202.8100 3799.1910
60545163931197.3050 19327.1518
86080737204883.5500 1688.2017
19125094559229.4840 492.7967
17522259159060.1050 2168.3839
135555161153.6843 3533.0690
538172135755.9309 4054.0397
43428756638029.7660 16023.0423
28346554044.4971 2464.7377
11417237198.9967 1578.6608
80535180.3800 133.1509
53866341439188.0550 3551.2332
7793829093.6377 165.4667
45840325730494.6950 15005.5753
80685738.2501 2694.3225
83740668653246.1400 6652.3648
31359382662737.4920 4504.1706
7020405470673.8920 9717.1274
2582341085213.5770 9138.9893
56753790801924.0500 9877.0012
253022967579.2890 1570.9462
78629779273755.4800 26949.8884
50678605816.1040 935.1737
103146140245.2454 1851.7751
63698509177764.6800 5914.7417
98152446893910.3000 9909.8612
16359393845907.9160 1476.0250
53027743252620.8300 10064.7016
646991590.1014 3514.7621
4809184875815.1280 2461.0613
673155243608.2693 7464.9797
13265394680782.6780 17047.2336
10419278461639.8180 7642.3894
79875511553157.1600 7366.0662
48226276545891.6700 5278.2872
1062568792759.3607 5402.1923
6301296423786.2670 10240.1177
48182617944699.9100 17457.1906
65800925594188.1640 13299.8498
5849759764879.0110 17071.4201
22502669996051.0300 2178.1902
13403299464.6032 3083.4875
465226159.0061 264.8806
80394459672220.6200 11381.2571
352431708372.5101 1566.4002
19975161378604.4920 1598.1920
17791375509851.9200 4189.0627
221943751168.0480 1404.4406
91700528867480.1600 5226.6575
49696476051.3576 1557.8458
703476098236.6000 180.8025
2087860414773.8792 4070.5965
7321765149675.0850 5368.7270
48377001864414.7500 14797.9724
159294467081.6072 51.3140
205325515532.9729 2675.9141
1012840861.2746 485.9968
1134036698819.9827 2001.2482
7244590502.8575 204.1922
24573780455131.2580 9818.6880
7317964416882.3590 4180.1538
30988233606745.9700 2773.6816
94440683819337.4800 15504.3554
6400624179.7114 3693.5782
5241396060640.6300 5110.7939
428414520817.6782 7309.2251
8461496488473.2380 12148.9665
2268752933651.0670 941.5131
1569303494460.1987 7185.5443
1020971210061.3021 2133.6951
7604283010.2409 1114.1611
290257054.2070 1313.5960
6810214300858.7760 5950.2674
16817627185406.5430 9019.0572
580836428525.7434 344.9452
18929255669839.5270 13885.9398
51775370706774.3400 15289.5033
3065588855480.7446 10127.6871
26055980803992.4340 3459.0583
51478780647.9199 490.0748
1172816302735.0260 5301.7835
70185804307001.9450 15829.1899
13849332464475.8670 10446.7856
73030168290.7399 3014.5570
1114546009882.9548 6722.6278
28197044355842.1370 9200.3996
7349516463655.0890 9206.1362
13515575754.4145 827.0191
71985250309205.0200 7716.8566
11905786017.2781 5339.3102
160452478.6498 4352.2378
76293753422.0763 1171.4749
569810538.6165 1805.8964
8026896058900.6440 7491.1362
1832426048109.6987 4155.6228
1969539464793.5560 1068.1282
9181104.5695 1673.4634
64788767716759.1800 18304.7665
178821572.9629 3863.8125
27588396525300.0700 1874.7634
14997485026481.1740 4378.3608
2059329541286.2302 1653.9879
73578014319152.6900 5367.7313
106185021933.5055 1566.1335
598298213641.5387 363.5020
1123731544708.2750 6223.8813
9139582320428.5270 11753.3228
42412519335.4652 685.6326
49326803539523.1900 17557.1698
26869720943037.0820 2779.9539
688572211806.9153 2615.4306
6523651803844.0330 12264.6318
297083844390.3778 1394.1401
20018897781025.6950 2379.9698
16948314164.4593 5253.0394
13041917874291.1450 6616.7888
14878975092731.0310 10517.9235
261303052077.0432 1788.6060
56633598338287.9500 4828.9622
17112310176088.3520 8887.7261
11172387302966.4700 3859.6288
12641545743007.5410 5658.0137
16272793576385.5450 6067.9950
103674733711508.8100 19301.3867
90865360598.3007 9033.6418
65197384141719.2600 18036.5808
2161562929701.7158 436.7616
6848371870827.2660 6357.8082
4168860426997.4023 1534.7117
27673882413.1977 1776.7101
111155214387.3014 2635.2007
35073542059.8187 3402.4930
3705578950.8206 3563.2676
4321037152.3595 1981.0253
224276414.5767 3717.8930
1027297295761.3372 5707.5646
3867382570727.3300 6693.5769
871503100889.3151 663.0385
3734528191566.4106 3298.9281
73652614209521.2000 15133.3672
16406214168519.3550 11405.2804
203332183.7852 3790.9768
2185166488338.1995 5622.3917
15962309120508.8750 740.2455
3344436181139.2207 1010.6536
507076339925.8659 2920.1571
33007017964560.0900 3494.7687
87283473970166.1000 6243.0943
13897765986728.6860 10624.4565
36868295158962.2600 2356.0527
28087243814585.1680 2242.3700
41522583094036.1640 2608.9910
117540048639.1459 1086.4663
11935393.9118 1094.8976
2973299324000.7430 4436.2356
15149006402045.9240 8119.2765
503228608675.7369 2799.4184
76467443190.0018 1180.9280
13679292369758.0660 8645.5874
753191932412.4132 10366.5173
5239842289436.7230 7449.7896
34147366.2892 768.4241
1491629032914.7980 1213.9307
1821852091753.3909 9419.2747
65032033439944.4900 898.1319
44440482276348.7600 12649.1615
44030165925596.2500 13384.0058
75265140022189.8800 20876.7615
239867535152.7234 1718.5296
30087735757868.7500 7224.3727
200445780.7365 1594.7015
21022065994382.6450 12209.7324
58522650199273.8500 9602.5287
1626062773047.1208 3645.9815
37093658804934.5300 16630.2718
6661928689384.2800 2086.8492
29372483018.3894 564.8125
24688717251165.8550 8725.7358
20348114683684.8550 12486.5520
50016015629867.4400 16253.9947
16907184578385.6800 16434.1157
33544365606881.7660 12940.5797
530019566.1595 1667.5689
680364364921.5994 3641.0497
42713693869767.2500 4688.0468
82921214777236.4000 7264.9893
9141951367169.0000 9379.4206
23622667664607.6370 4682.3754
51471322362390.8050 6613.0208
328050206742.2059 1979.7507
89343385.7377 1929.1345
1980472670766.8904 5283.2909
2750083386945.6743 2957.2659
24850582226344.8630 11309.8808
30865320669.7365 5809.8312
13535295822422.0530 9896.3576
6277742592988.4350 9774.4206
17911373729668.0700 10899.6713
53407727535223.9400 18664.6043
1146759208278.6143 3969.4342
2190142188447.8887 4236.5468
7104954072402.6590 2225.3958
24466501489.9487 3015.9770
17450133857322.7460 6151.1144
10278343628249.7560 11883.2387
2468280616748.3550 3364.3598
8398027993611.6100 8713.3037
21316855038698.4020 11119.1449
1549655070168.3508 592.4157
33226489539949.3500 10900.1501
78298623.0187 91.6199
3299149876450.3325 640.4410
74582975288664.9700 2439.4959
1492341131761.9973 1028.8398
45844114573.9678 1011.6635
19952026561371.5100 12514.0671
38434145490502.4500 13826.0372
20109520362412.7100 6704.1585
77955794050747.1400 21230.6181
3317033098995.9673 13031.0582
76595863279981.1400 1084.5986
158041447.3644 1266.8290
55519031872432.6950 12372.4328
7200642364311.3590 1876.6319
10021683466024.2660 10185.9478
6670626617178.1710 5966.6898
3071160104425.0454 4442.1332
32227282701797.2150 10678.0933
39068315244.9637 4217.3199
5758650579035.8510 12069.8831
42303824359806.3800 11763.7657
1086132025131.1335 1214.7585
27923257753667.1760 18011.7985
36081525113474.7200 15712.5039
13728853881112.7360 6045.0845
86832028606624.4200 9266.7976
66448208419484.9800 5190.2699
18456521390695.9100 5488.4865
2647366114.8800 2890.1772
77879273373387.2200 16205.2909
99862583554966.8000 10127.3231
95292512227061.4200 1843.3045
43883523475.1728 1414.6360
70317924417067.9200 5333.9263
104169926695212.6200 18454.3531
735774517737.2086 4759.1404
15146403282392.0040 11849.2007
59033621066962.0800 17882.0181
430226574390.9505 1751.4128
10454804334423.7190 8629.2677
59107145119745.9900 9615.6578
6181405763773.1340 4598.2380
1122725696440.7780 10754.7126
11039043759373.0060 3546.7504
21170227985303.1250 10552.8121
5063933124927.2070 6463.2368
6461972701318.0650 13061.7265
7465798969.2254 95.2163
599583797.6656 4365.3702
52845121882434.0160 4326.6383
30041692182814.9730 7840.8268
222404874446.4517 3088.4774
456071085888.0969 6082.2209
10739900973628.4180 14186.1148
1359956986.2383 976.5385
2779303360.0785 2282.9833
22753365973056.2100 13203.8442
364290647.0740 107.4161
7276422094.4331 223.0830
4129884355090.5810 5275.3334
66987962820256.9800 6363.5802
652667073.8413 133.9441
55295441072877.4900 15989.3708
756439349782.9136 1653.3821
445483959665.2545 149.4903
10855473.4172 3415.3392
72133406639.3531 3623.2008
29441334.5440 3157.7045
43035736730057.0200 13009.3260
7013439557397.8310 4455.5504
16763564202.6423 1359.2113
52395791286.6039 711.6638
431866174716.8725 981.6214
70509326.9927 4198.9175
3987794327.9022 2140.4681
9943478045655.4570 2915.1845
5025213229761.1160 6339.5157
1284302740.0449 1508.9592
1082654762114.8856 6887.3070
85113730.6048 84.1949
73183759768020.6000 25429.6418
611999310434.2484 2211.9815
32297260293235.7970 856.2544
160148640843.0889 1809.6901
11481956066373.5450 6111.5329
44514114190651.8200 2745.4237
44195150641715.0100 3131.4201
12009631.5361 1245.5348
28648619125676.6950 9932.9370
7638468263517.5830 7359.4654
143588288019.5880 5695.1450
28015760621156.2230 2719.0242
384737296121.4291 678.0075
24509469390373.5350 3253.4033
3612369303791.4630 2597.9373
658362413169.7760 3391.0456
23117916317336.6370 8379.2589
3636536853501.5270 813.5035
6304235996128.6440 1903.7798
2249922749922.5386 1049.4050
81402095016603.1900 18564.1136
63558224614836.9140 19524.8827
4246757274692.4624 7392.2827
565465637241.6418 1140.1442
129341213027.5110 1015.0035
83941049727.4360 3072.4952
413119.5030 527.5412
63226604558533.0100 21624.6397
37537060494035.7700 20389.0469
25037909642677.5660 11949.6906
5079020170784.5720 187.7061
83481343032600.0600 4810.5890
68616449656641.7600 14220.6860
61135780445768.1700 5677.8571
7389758705443.4710 5268.1085
45888085126742.3200 3568.3034
39956157956332.1250 12591.0412
79136571999.0953 8662.8499
32279704251770.9500 20463.0904
8534306527660.4340 537.7023
36438873301251.8750 3660.9872
65476360323.5881 102.5533
10704500558195.3180 12180.5612
1393728046832.0315 4271.4257
1330537285771.9001 2626.9094
42085901179168.2500 5198.3275
2312244982137.4565 1605.8619
6004399133446.7720 7672.4223
13681310529660.0700 42.2002
109422880610038.3100 13305.1922
27973806191652.5820 3545.3033
6165862146745.1690 6576.6900
9091679039675.7990 6577.7452
850287058.7595 4183.5802
54196498039618.7340 2284.0725
140944342455.4028 2157.5526
29120366859386.7850 6805.8101
9924438539211.0530 4013.2272
14951959882209.3800 6350.2653
454710116.7203 318.4799
222849712268.1165 2979.5455
9303016440.6118 1928.1578
96675312719.2874 959.5414
10578028974923.5780 9790.7846
1341297425240.4426 3200.0435
376868890167.9718 4066.7046
32291536422181.5470 13365.5094
4684428727860.6045 7633.2024
63909112538132.0860 5036.5698
35752145335608.5300 4284.6235
75160243204541.1100 13878.7307
103760590323.1645 2787.6617
546529037504.3859 2015.9151
45491958423653.7500 23324.1686
39289151751409.3900 3704.3735
2831688415933.5728 5267.8635
11627470504291.6640 12233.6709
48393871824.2745 1845.4743
16992081754314.7170 2858.2259
210998976528.0586 4779.9111
71297687011046.0500 10200.7524
44257243290136.7900 6399.7546
42543699104133.9800 7845.2973
1007107522982.6735 10613.2759
3192527839.5279 1943.6338
78847260745.4221 1151.7673
2009416660.7473 4270.1363
29856846525363.3300 9492.6117
10401886144398.1680 16864.3855
7890447060225.8910 1823.3927
84138147215.2770 232.9696
75954336340.2885 5658.8179
286230839534.3459 816.5807
13472596326008.9430 6259.8068
30300415573.2149 1340.7675
5326288373.8162 850.5346
779269663.5846 393.5372
21991738481536.7660 13810.9575
427990374921.0668 2764.6426
781569379045.8096 1462.2211
9805499542.4806 639.5418
33270825862924.3870 7680.1311
64827590193394.1300 6712.5806
12710597815740.0880 1863.1851
10085288674039.4450 11449.8221
900133342442.9180 5394.0945
12412039971535.2130 12594.0362
11078083.8649 783.9939
73369452281697.9700 12115.4288
18984402080132.7540 5103.4786
10999064301419.9500 7280.8490
14601779174621.7930 5064.7357
6266532946260.5110 454.5380
2328627644580.9263 4105.3297
29868965388548.2400 3134.1655
7390098.4522 1878.7307
526958857952.5159 2174.6614
281579860290.4019 4918.8086
679514204010.0244 3918.5772
98359144580476.6900 21025.5083
3264674656296.4560 4618.1789
4834544365089.8220 5191.0796
66560468.4829 1147.4564
39034084615176.3400 3950.6237
7167260177468.0620 11054.9486
5447280655329.5350 7815.2038
4706713523.9226 74.4434
22520999654726.9650 9788.0304
1408250042076.0005 2187.7017
55108989250198.7300 7494.6639
33779395477146.5470 15867.1324
57740695060334.5800 8992.0055
16204762991978.0500 4931.3682
412463232193.9038 4339.8142
84039149639684.3900 4989.5581
41263996798267.5600 18894.6588
3776200920042.0347 5126.9387
255823662420.5002 3563.3156
8028389929988.1400 8123.9581
27186194823743.7930 4849.1804
37750277.6245 1722.9632
1580661117121.9783 1544.0651
378504.1406 196.7518
286472447758.4376 3509.9041
453147808795.3105 6935.5387
1100221200.0341 1093.7542
4995842256065.9600 1302.8001
71732137599674.0200 3980.3562
8212340587692.2250 1353.9258
183015044828.4904 2368.5862
292316567193.1175 974.7967
6773099161484.2440 171.8632
14348342993570.8710 8510.1480
3835080763756.3545 1587.0165
815121721070.0885 3672.8424
2937433356908.4795 4326.4451
195788926949.5706 2173.3251
214321788430.8250 2294.1053
4784915213499.3950 791.5188
10977990921009.2810 11107.0419
41302119732882.8400 11636.8814
289250078.0980 508.5911
33278290424159.8830 1812.7065
9647746706425.9920 5427.7236
13061702838.5019 992.2252
6488941145789.1220 13899.3413
251211972.3106 2776.5618
400740577548.5158 2026.1952
24399916938207.6520 5253.4962
41541513111.5824 1135.6821
183579792220.9554 2283.2864
1535960830.3911 2149.0584
19496995911.8912 1457.1098
23208353701435.6400 10836.8595
9067794260479.4040 4271.4163
1585675277954.4932 402.3301
3500362495080.1577 540.8345
37035871520227.8000 4874.4977
17635598433825.3670 7246.0774
648499816.1504 1348.1843
5819498260276.5870 11622.8105
53012542334932.0860 3514.6881
88517598456446.3600 2400.5621
319988852538.1473 2972.7888
994212039920.8715 1825.4386
54528948742935.8500 9501.7975
20846665170641.1250 2499.5840
1079204875862.6179 9331.3187
13656767366439.3240 3226.9371
3229178266631.5850 9262.6722
29375019626652.9450 2814.3822
8521626154409.4580 8203.4635
59116994781047.9300 15767.3371
37261281383490.2000 8256.8954
197736385323.4829 3654.4295
15649707655494.2710 4610.4205
49817031990360.8050 23047.0711
613120326710.1066 8691.0106
180095881253.4706 920.3887
57664966550879.5550 6328.9254
14585580262086.3950 9904.1352
31785125644465.8670 17394.4962
29186967986256.1900 16043.4202
1316605258.7702 4731.4278
25267077.2696 3294.3136
6306432169748.1240 15586.8409
1618882605.7186 533.2198
2619534314997.1850 1643.2805
7609090696107.6510 10142.2130
38548559357462.0200 11240.3825
86331155792968.3000 17736.3859
15311772264686.5120 6472.6416
396586887542.8912 9142.8215
62421125527324.2400 23771.7549
50718775052202.2600 384.4397
5232327918641.2540 3710.8536
2570284083096.3490 7632.9495
3321035707143.7144 5753.5717
5387452543432.5900 8574.6035
402007425996.7994 621.7076
5373920932379.1310 4609.7762
41436316881314.8800 12286.9611
1314875689235.1194 4195.0925
44640832592.4289 1385.1776
19725239602236.7850 7344.5995
32409706154019.7000 2854.7240
1242691145.7735 1216.9337
51207664490302.2600 2139.5869
165666532.3848 2486.4397
7612041509.6411 4458.8905
15452172227511.8480 5343.1334
1788184.3317 696.5120
394721685524.9515 1395.2930
400188818617.0904 4500.8110
689622358577.7986 397.2528
59086005495104.6640 402.8342
12324965141118.9820 5182.7003
32648040850.5266 5819.5151
49942466090775.1600 6888.0547
34539860479760.8320 1989.5206
6820936402.3777 689.6679
838509494392.4799 3642.6552
190650506875.2179 2432.2843
104774739490774.8600 16006.9976
16632591095214.4800 14494.3351
130667054877.2068 173.9272
2651997966.0607 1509.5248
7672485238225.7080 2009.3340
297483834803.2115 1378.8048
38548094335.6108 1323.6748
16991894099987.8960 848.3341
30130827340833.5620 3651.5998
4560135728711.2770 9318.5988
14638095939618.4260 15097.4535
1412363493988.7905 931.4029
56520697244066.7200 4212.7171
16202223486698.2680 9675.2279
20703076377886.0270 880.2091
19541816395202.9840 132.7164
107086643124257.8900 7561.2602
39298951847972.8800 5359.0056
4712509221.2687 1171.3363
11492110166015.8610 9952.8176
161564034119.8481 3805.9889
182207928978.1758 5566.9905
975758042583.5647 6333.9463
79913185593257.7700 2184.4140
41887936.5781 1500.3212
28745160435965.7660 13961.4899
108126591159278.4500 9776.6037
219681631.4077 3298.1220
550340120928.7426 3550.1818
37386.6352 1151.1989
170512418216.0042 3440.0903
60234556217586.3100 12981.1402
2119815456819.6520 4460.1505
6995576027490.2240 6309.4875
27590930254711.7420 5436.0908
15136691608541.2100 13436.5674
93236400.9568 2196.3825
1997337319632.8923 5283.5813
1468246956033.7192 2638.8008
12008710.0443 848.6574
4132949172.3111 1402.6138
2299285658445.6620 1400.1300
7444967619.7261 1149.0202
73873091035047.0200 16936.9443
12393384913834.2930 4181.4462
30188680401972.6760 3475.4872
30117725549727.4200 16316.1613
67897663289859.7700 15333.4297
6558294791065.4450 10003.4688
274433855700.7691 1312.7498
31980056014198.2700 16084.0684
647613299120.2572 394.8977
1586823454013.5760 3791.9189
43838737.0892 2936.3855
3119866172.6965 1206.9321
2438656027603.0947 4734.3105
3068100332.4601 2877.5450
47173102260178.5600 16498.4993
70786622867244.2300 10580.2740
1186041694153.5210 5207.7978
56072844991302.2000 12124.4324
10913889972600.1210 79.5394
26728189847285.7580 13895.8291
25736103428031.1370 1811.7723
9041706947.8377 5002.9053
16503669845225.2030 9202.3987
8954493.3292 1306.4020
12601703057133.1230 4852.4817
50889726407010.2000 9512.0202
62779450082.8058 2110.7787
13684454555927.5230 7216.0915
3256934278026.3125 3514.0700
270879159123.4126 5030.3542
36383152988518.9300 2308.1727
67052553573347.2000 9811.5033
8304956171802.6570 3645.3378
101216657688109.6100 19510.6431
514319080220.4210 887.0445
4278681116.1972 900.0908
45944530043037.2600 4574.6618
3782975223750.9270 4446.5351
335109928460.0999 5775.3498
1840941565608.8845 3621.8260
34955839628069.5800 3804.0365
41715018050060.0300 13659.5853
10573809496.9346 2089.9464
131616647861.5204 33.4503
47671756797650.5400 6882.3379
7239533447014.4850 6315.4690
56303343647865.4450 11745.9681
10605861243678.4140 5683.2306
4397265237762.7580 3709.1213
799601939974.3579 5865.2145
80954096723979.4500 3050.4078
20905564875.4853 840.8146
21953832877691.8670 14344.8472
1256135670.7427 1489.8343
34176778.1414 1130.8482
59940666081306.6500 12016.5381
6847177209226.5900 1381.1977
3137235495.8665 1297.5732
35458033117405.4600 17697.0846
2064315771.5276 1038.6618
97139940772275.6100 17378.7528
46062282.0420 898.9409
74190560276299.0800 6182.2998
6733703.5599 2580.9060
33237189236464.7150 6121.1009
30058107059747.2500 15142.9806
615173653058.2234 1216.3458
9157560802941.7340 5948.2667
8853649119020.1800 14133.8643
41518363485922.6600 12179.2528
2288394038446.0967 4026.9782
190658930388.2482 4055.6964
11085735814666.2700 803.9439
7439398221933.6200 1659.0532
66036053101.9704 7853.0930
129380402838.7927 504.7648
6691787943744.0870 9065.6093
157826881184.9742 3002.3569
26954052107728.4500 1604.9919
1481933315978.7454 3798.2529
77358558491617.7300 16262.2310
44806408428396.2200 11703.0342
6563572060078.2280 1625.6160
13861700546421.5180 5583.3050
10921412081977.3380 1131.0750
4537958961351.8770 6334.4809
754025783146.3932 1936.6782
13591295884938.7230 1399.0438
553550853288.7529 346.9253
2978978847.8411 136.8099
38911844399.2121 826.4047
48620215223918.7660 5184.8000
21170502637281.7230 4813.2508
24317835385650.6880 7447.2858
4116181871793.7520 3038.1311
3026122930981.8994 4329.2093
29350044569122.5200 1908.0881
56909610562547.1250 5357.8949
4780595225227.0250 829.3777
25516919182621.5470 7366.5880
2926837933479.2650 7827.9496
27908893951694.2200 345.0401
2907029402754.8306 4816.4794
7630871963.4457 77.5603
29890554421.1790 2894.6083
6683579090757.8710 7743.7900
54505352282983.8050 17258.8707
347443141306.7524 576.8060
2803825745993.3525 2152.9670
392038600808.0126 2746.8216
5454492351481.3610 4827.5075
24085154785340.3480 8881.1473
32081359882602.0350 21738.6419
48054932472.5793 1862.1214
1013071930.9993 1337.3936
78330134917315.5200 17234.7075
82663523577710.1000 6924.0229
121971016261.6206 2029.6334
38669984027186.1800 13506.1214
14929877163133.8090 1972.1666
4637122.6745 1174.6959
892370785790.5332 4777.4754
13099587517539.8730 5075.0276
421114995043.8123 3373.2461
264236562657.4193 4588.2567
3353673261.1215 2302.6598
64899686743911.5900 5137.1216
772185313289.9854 3756.3678
18035131650.8681 3089.0174
13168737649.1680 1275.9892
5258622965296.6960 941.7913
20961344500231.9500 4724.3814
3151194109105.9614 5576.5443
9063157028.1509 1055.2892
15036625.6101 4473.8448
29433505240924.7660 2008.5890
2952731383424.8193 972.5868
16860358294632.5570 19105.3819
54207464586783.4500 2049.4320
32041059124616.9000 1856.4147
29776243.5271 2087.5604
30577625109421.5270 4843.5005
34617762489254.7500 6334.7605
4136153897806.1304 1744.8135
234726145564.7887 1850.4923
23815710746674.0620 2355.3158
1196266318814.5173 3533.3094
27588391329102.1400 6650.7699
120436573794.7920 2786.5600
57773051880208.6250 16139.7147
3807791836372.4450 2540.8936
69707411740064.7340 19150.6262
73871135461133.9000 2506.0291
11893096387.4869 196.6349
14536409237090.9260 8210.7208
1525861669871.7966 5601.2530
25439986526103.9600 7154.5270
34343345048513.9500 7942.2450
58751969605782.6800 11523.2351
56381826172947.2800 19968.9361
8745129817.4311 123.5691
88700404702704.5300 4643.1657
15893213741796.8480 1517.0438
1450457206919.0070 2744.5266
36871615309267.5700 14622.6318
205082923515.7587 3672.7643
38010342624633.9450 14634.6808
86178081790338.2800 8465.2925
373256199522.2164 600.4444
107920633190708.8600 8551.8955
9708531880.8825 6240.2657
48601309.1302 2747.0466
5382752756.5057 2725.3643
15725138004112.7900 4652.5779
108427074895761.0200 18650.1791
27641164616.3618 3959.8790
501324205255.6552 1930.4108
37988205403950.6800 10952.9408
4443606044.3590 5420.7771
1001397030480.2343 6444.4495
671524052707.8279 795.0436
7110124393.9131 149.9921
804690304972.5780 3053.0825
8953619.5552 1016.4852
10445762538158.8700 12225.8097
4261919173845.4346 5045.1216
3628653553509.8670 2416.9556
163350739166.5096 3180.6513
91617848642882.7800 4909.6710
31767275669897.6050 12665.3605
32039897729104.6520 13324.6780
77851096078924.3800 14883.3496
6689615714.3399 671.9129
77030293925682.0300 9395.2880
28121046644694.0100 6748.1385
109708273268502.6000 11531.5807
7515723833772.9940 10421.1864
331917031487.1502 2554.2967
59235621.3135 1914.3770
58794543547551.1400 5952.4650
128718538560.6608 2755.5264
1216568905536.5660 5412.3481
1413305311379.9905 1455.4403
3853895634153.6123 5027.2262
10267805505844.8180 6241.3311
30137814303.5400 4539.9524
64974297612.2777 735.9618
26681005152294.8550 1692.5443
36377829380481.4200 7084.8681
6180684531573.3580 833.2716
3660132961005.8020 7789.1084
75250998841497.0000 13936.3212
31085611998055.2300 20.0733
76608916511548.8600 17745.1390
45394741152230.3300 16169.9122
9907639099712.2810 460.0324
8247559633800.3740 503.9623
9141794084.2427 1663.4324
179673674640.2297 3987.5813
1738791925056.3726 2910.3900
1264305.5866 353.3031
47451082720314.5900 3315.9345
109454056065826.2700 8917.7937
988591415952.6827 6421.6501
21974389483073.3300 4363.2322
2750275726970.4800 1415.1533
5744505098943.0610 11618.6650
36403886885749.8750 9210.8441
4444093921861.4510 5050.7036
71256309582407.5300 22459.0296
32712739919109.6050 10355.8791
17545317133118.3000 6145.7986
63835632405850.5160 7379.7679
49369470680.8360 2570.7376
625787434475.7161 1758.9880
65481587117318.4400 9060.4173
3361259214.6062 711.2918
2060141805906.4465 2267.9833
26608333914309.7600 2400.0091
33980724842390.4340 8922.9092
3913338552861.6630 823.7155
3037993989025.3057 4985.7168
455723225951.0964 259.8239
713877261.3833 615.3000
46236743006139.3400 2236.4845
1916073061429.6843 4636.3848
16861707318509.3750 1348.5523
5672570985463.1980 3362.2227
12971847042.5659 2453.7106
19534378884700.2400 13193.2524
2593765175771.8735 5335.7779
73617830678499.6000 9141.0306
69477717052094.5550 6239.7273
1946057540861.3542 2106.6328
2866615150512.3380 10161.9505
636419901292.9086 2120.5108
12159081464966.1390 6021.9727
30637545444505.8300 19813.1130
1031288436225.1508 3504.8761
13323116299349.0680 4412.4160
4965217290097.2870 2278.6048
19575927889.6212 1563.2342
16455229569281.2900 6308.0637
22680321574604.2000 12356.4278
111264422767.2485 206.3817
13761867312186.3440 17482.3040
17877075667178.7100 10620.9274
532671798687.8946 2877.6675
960109182707.6437 19.8491
595675133303.0769 2582.9559
46061186664398.4400 5774.9280
21015431894252.8360 7916.9328
3943369793107.7783 7453.7478
20435358873.6408 4986.9161
18643649306923.0040 6519.6045
7277920135509.8955 3090.6750
16053950.7531 936.6101
44839820725.1486 2974.0427
517074208697.5756 1587.6344
18567682621622.9900 4979.0198
39222653351275.6200 8232.0917
59577575.2193 2284.4536
2037627495719.2258 12642.6219
83257913718722.3000 9055.1727
1887742394652.8720 12502.0036
71851442463294.1700 5974.7436
661995914015.7375 9962.7630
703801.8859 2503.0431
274129041.7771 4091.9425
54394819888009.1950 4591.0222
15886133635.2372 835.5683
48469348955101.9600 5556.9976
44483250119510.8900 15545.2850
84695030806077.6200 2776.2904
453995763192.1987 3788.2552
2577962570064.3410 6282.5926
42660315006110.5300 10170.7182
116476503.9149 1052.6267
1400240607622.6873 1944.2477
13174315446460.0620 11614.5723
11141179616954.5800 6954.8976
647602166628.8168 5725.4135
9907950852963.5310 14528.3091
1189791943508.8992 5627.7119
1043285895961.2654 6168.4241
78379972321872.7800 4575.5412
475734377642.6894 2903.8700
176342059.4389 3877.2466
45068591389879.1640 14166.3759
10024132639504.5880 3535.5487
92819046844.4618 5986.3025
11195811059476.6840 6784.9836
2100862129001.2412 5643.2366
11393401814228.7830 10069.6761
89599850776.2142 1484.3510
37180528994839.2800 10154.0504
83299980481316.9800 9198.7933
864262676905.0156 9262.0217
43006813903037.6700 10355.5370
98610085565965.7500 12905.1069
1700035957150.2258 3320.3979
20399866757.8324 1651.1755
1928177481.1674 1477.9061
6497486187730.4190 1216.5126
928323099963.7317 1144.2962
6408367481970.5130 11089.5678
6077284601813.1840 2607.5179
27299027235668.3000 12492.1517
5666890006.2713 2497.4883
3836255162082.9020 1067.0989
19438667367327.9200 4163.9509
1985033742576.5520 272.5024
380755987999.3791 1627.5808
114239936520.8528 79.4408
2214428082525.6250 5630.2243
401907247449.3488 1227.8112
45594925434193.9900 3343.4144
16302527330795.2360 4043.3827
4828103273.6236 1392.0500
167552251663.0250 6384.3198
8407485929119.1330 9286.7820
85801371800386.7700 5763.7118
41483381636.7018 624.2042
23996525099133.5080 11409.5205
56145949.4897 3965.2188
50595934133739.9700 8601.7447
138256774415.0129 2164.0056
13110376356.7744 1465.1795
23691375264749.1370 6096.0929
1955894819093.8970 6019.0650
74709361721926.8600 19441.7657
36971615558482.5900 20894.4044
12800954895600.2010 5068.4466
13056406862389.9040 8636.8227
94045279.2942 566.6735
235607947288.4562 1876.7203
27205788045.3034 1308.3110
1276296331388.5910 2024.6233
97131780250518.0300 11835.1690
85633759171450.5300 13095.2741
51580737.1139 1287.7157
68365336546.7537 5189.2332
1158548801558.8464 640.6928
52415200317476.1900 4298.1022
811773374411.3780 2522.6875
87711676773.2458 1993.4047
85690309837297.3000 16202.4815
9519637352.3371 2272.3991
62876499858919.1640 2173.5465
19723250930378.2700 4757.6720
39349944030499.5000 12903.6933
6274953553953.1150 7255.6911
4558585765598.7220 2696.7590
47162686714227.3300 5252.4746
1047669999239.0680 2323.0895
300125653.9142 2339.6974
6043838402670.7360 2660.4548
4559046114546.0210 4116.3577
102289008953065.4000 745.8104
2400912805381.0845 7902.5443
4497590566765.6180 3642.7572
11319298727527.5310 17142.6200
100850754620398.9200 25406.0465
66883404352685.2000 7029.0646
81944767140061.7000 17855.2120
38138129539640.3900 2386.8715
10495991148.6900 2276.3910
73985269730764.3900 2063.8400
12759285432215.1330 2868.8400
289769447276.7581 3382.5800
36705159223406.3050 5902.0175
31101888481637.2540 4770.3320
24342028410661.4900 9611.3821
678545705469.9137 8891.5603
46603888884157.6600 14936.4481
4076236012873.5054 7314.5800
10110107282.0054 708.8813
32235936229708.3800 7883.0364
9524573844763.0140 4028.5131
14177359576202.3850 5313.9846
752688968.1044 2903.8568
92942025.3108 570.6613
25644132933886.8600 4683.6538
20176678708.9633 994.8774
3219862336951.9910 11534.2878
43208115938707.1950 1823.7673
4582979644466.8950 5205.8496
6722172184853.5150 4203.9742
47073683779426.9200 13810.8969
1608932196647.4602 2784.3252
106101930724.0595 6724.1358
338447893.5494 897.8666
334560734714.6619 5378.1505
12253000816.5627 4814.0751
5217667782.2775 170.6640
9004578619313.1480 12469.6297
59352316461784.7500 11281.4700
5811848832861.9130 5236.2526
655284150407.6221 2945.8517
388411992722.8502 4389.3152
18240055756352.2270 4982.6269
3324434950137.2305 4088.6752
8631321091654.3820 9572.1903
11369268784785.2620 6325.1620
54118615.3369 36.2759
71867403183395.2200 2146.5611
63451802658529.3300 19935.1642
3124046311717.7190 5382.1888
5775520352653.0560 5841.7322
1590623137039.3740 7866.7904
95596183435614.5500 9141.2167
3798835446.4677 1149.2612
25086687839266.3800 12103.4133
1237760297395.8830 2475.4438
2356299048987.7163 3056.5789
100805393202120.1000 17030.1211
23661672093.8626 5118.0827
13497668154997.4320 7886.0569
34641674334337.5000 19285.5626
1203504330957.6113 5197.3962
16812547589347.0960 4775.3128
99738642464.2242 2334.2100
1406568209981.1035 3315.2698
1852606399608.0742 9612.7203
1494344312788.8360 6297.2366
50083890216.9857 2011.7783
1399421511878.2246 5566.3484
27314108862150.9770 1423.1120
28029561741924.4730 10375.3992
16125304865824.5700 5449.7836
4588172466430.1050 7766.8678
41417357282102.3400 2141.5769
17669947389613.2500 3486.4534
2657883447447.5620 1990.6723
4372208529491.0464 190.1352
5750424253076.1020 3879.6908
2282456431.2114 2117.7240
34551436531261.4960 12537.6785
19388246985.5136 589.2321
444004708460.5041 4845.0874
89491795420755.6100 11876.1343
13946314722736.4670 4856.0477
24256191423473.0230 7391.7271
31885547903042.8870 17938.3271
33757987308.2620 1095.1634
3527906598215.4116 3773.5649
28554699176478.8400 18344.0029
4038864247321.3330 2799.1559
20533198717947.9060 4971.1962
741557860032.3759 2485.8511
103451674970964.5500 5545.4431
71004552.2101 3968.3275
17349527264928.7400 2729.4136
1388633584410.2980 7228.1196
58408579367197.9900 16147.8921
857035420328.0734 3485.9277
707606614265.3187 575.8935
83897600689631.0300 8735.4655
368717676609.1163 1401.9261
1297242636698.2017 7715.5877
12125378498728.1300 5036.3633
87822786.4594 2176.0726
172015040361.5659 830.9189
4376779338269.1770 7914.1971
46840918716255.3100 19947.8751
3711159555117.5500 2464.2464
155922758997.1848 4070.4123
1106583276620.9050 1015.2871
5179348329866.8070 6459.1905
44162251249444.6100 8584.6600
30782563921409.1560 4242.6599
49672671174.8666 2405.9335
25878161.3566 1338.1526
12182247928079.3790 3733.3099
3318093603982.8470 7786.8053
2632367231715.5825 5110.9767
849009143464.1915 1041.7229
66811177078945.5550 9506.7215
61160578492629.0860 10092.9394
8868172395808.6780 14396.0722
85462780325174.7200 9605.5634
94716053992470.9500 1766.7579
41093031001.7354 3295.8772
21605806842580.2340 5410.9794
75390510778927.0000 12903.6956
49577671468027.9840 14100.2498
6652649831103.2760 4080.9328
56728320661861.5860 6394.0554
8424538597172.9370 16009.8639
24830550010247.6560 4869.6364
2502343914128.7620 3783.2979
101889699285036.1900 23533.1999
60348248512111.0400 15620.2838
62168022175363.4140 16287.7995
2561950821998.7163 3647.6820
695776595104.7605 6213.3506
533397766883.7039 9692.5227
5851672363.7366 129.3092
18862935778247.1520 6113.8350
7914149078094.6930 477.2860
84223259159629.5600 23976.5340
3122931765772.7320 6903.3951
9628732318946.4920 5591.3112
957565253.3849 2402.9587
383412559020.0638 348.2662
53035145285.1113 797.1043
57280381652910.1200 17074.2971
36023211899247.3300 12129.9804
11628789532666.6680 12144.0797
761940398236.4637 6967.7447
44533442354.6860 3980.4170
19105962934522.7900 8996.8853
975918277347.9779 3882.7747
1901727125306.8474 13964.8056
28237613601493.1000 10839.4746
200078581.9273 3222.9546
28690921796836.0660 8309.8775
5231685601799.3500 11026.9687
881838973.9592 182.0068
61370473930910.1100 9644.6379
93299889031827.6000 8474.7436
115829338853.6073 3014.9434
41460041656611.7340 12189.4619
107874104672.3760 1432.9761
63170858936.2997 1381.8406
66732739419036.9600 13710.8524
355911403887.2165 1244.4598
81167165173843.9000 10584.7633
65967708368116.4700 11827.3305
35324480724095.5160 15750.3330
2472811396501.5005 4025.3730
48502688122681.0160 22803.6747
8386112002.6452 6833.9523
39733577574548.2500 2773.0480
837278566.6558 3720.2071
7863041397.6822 519.3181
50490676767883.3200 7144.7888
3729091166229.2837 2913.3461
3841567196010.7646 870.9414
17864775008443.9450 5823.6301
20145031839141.8240 16524.5809
27926561338.8028 2346.2785
22165497935463.0800 786.6619
5032089397140.9830 9864.2000
181249171.5563 194.4215
42359223013.2466 1946.6463
21922689161579.0940 7852.6739
9626657925373.4340 10119.9131
11253495713175.8550 8786.7074
17542453006953.7600 10269.3306
18271540262847.5160 8032.8831
59330264559533.9450 4584.6953
6313939752053.5470 3924.0421
1336999476941.5425 1804.3535
252602836216.7198 983.4874
2972715074699.6816 9620.2620
11602936471815.0550 11760.5792
64882249179374.0200 9988.7669
84091950112403.7300 9236.9717
261676129169.5400 4179.0976
71518916220663.2200 8903.9430
10253490153512.0570 6438.5631
13693628600522.3750 12414.1071
73910840161222.1400 11601.8067
20329711582392.8630 2227.9922
79468007266.5356 1583.8414
4569884028.9227 2240.3573
25989900538297.0800 17081.1309
3981928122521.2383 5324.1870
103227748.5738 2280.6112
86077469507851.7800 17597.2169
20795646787010.7540 7166.1784
8270480075987.1490 3462.0613
55342542169.3780 2686.2098
64328209060448.6000 1330.5947
80230583898996.8000 12932.8311
36231771631956.6700 10168.5281
405475045064.1348 1105.5704
18701611373670.9730 18034.5831
7828742468466.9780 5378.5591
8450027634462.7630 8000.2555
3311779432632.7607 2938.1923
208195472087.6522 1924.0609
10884992131064.6600 1749.0509
6251444440306.9590 1377.3303
8548960760759.0510 6216.2909
90852016121163.7700 11936.6133
18067565934.1551 2692.4360
50380208314755.2300 8001.4461
4870687653178.4200 2259.9353
7802351799.1744 3683.4417
28426708646878.5040 18644.5351
10821422367768.8220 4072.3377
23959039357.7704 974.5720
17487844902987.9060 8238.1748
51032601732528.1640 14721.7997
45043205910301.0300 7532.4655
1698271958.0352 2514.0689
24294596635092.6300 6919.0482
59516257287925.2600 12507.6698
49353278958987.9100 18548.8849
58455301464.2288 491.8332
14091773734553.4180 958.6384
47122941810094.4400 3558.8513
3883131168846.4546 6563.4575
22128418797794.3950 9943.6236
3090326322703.8660 4415.7077
29280608041159.5800 14565.1683
105884604023.6019 6630.9409
1981419113628.1094 5211.7030
388557596583.6733 4262.9269
1593088752255.1816 216.9280
4177764659.3147 5106.9677
11931429525.3960 940.9273
236261878.8721 2656.8805
2306071406.5024 175.2200
1619010150520.4026 216.7543
18931063864187.1700 1520.7302
30468266333271.7930 14055.2479
3476381550972.3945 9336.6323
49879312723555.5860 9823.7353
250326.6249 235.2303
15119339203.3876 1133.9884
12572437890773.3320 729.1828
82076239506800.3000 6156.9145
10450714937956.6110 12864.8009
4276106365212.5645 4854.6385
39232435959962.4600 3058.2166
3959092970376.4585 9233.3033
668799548819.9696 7829.4741
650883650138.9974 505.8272
55649292463930.6800 22980.9048
274978390031.7106 3397.8598
32347466741.5541 893.9357
18256949753608.4500 1781.0666
9768456515841.1330 13291.6441
4606560435400.8670 4524.5339
16472988690622.0590 1650.6373
7509513120.4259 2110.0038
88795809286879.8100 27329.6150
3033242291187.8710 3352.1416
6578184262355.2300 6377.6456
58848027615347.3750 19992.4136
548063957780.1539 3525.7843
71449022457592.2700 22592.0451
112060344632598.0200 2440.6673
56137229406040.0300 7824.2066
3394827157331.0186 840.6993
81380286989903.3600 21428.7511
47079084398313.6100 8031.7963
60624484754348.7600 2619.5208
552357302762.0256 6418.4395
64563654012835.6600 913.5373
22822894691069.9800 2102.0572
5955221950272.9890 3972.3448
742210193312.8560 8478.0617
29273630060727.0040 6971.8109
7102509863767.9370 3668.3136
5768077074801.6710 2326.5069
41964217502833.2660 13464.0714
84684215815.4978 939.7605
85428815974246.1100 6841.2051
22489845004388.5860 7383.5588
72202010558318.4500 21844.2657
63496061531126.4800 17008.6108
346110539202.0894 1977.3761
5104572315989.2290 8309.2015
68083393878170.9100 7668.3769
99044797905963.1600 19918.4764
47290742850.7817 4743.3671
1894841062006.1370 3124.0690
1828038242572.1404 3350.4403
42809168856.5410 944.6687
22440780522760.0980 9585.1593
53353526220491.1700 1529.3421
56147127134.3884 1349.9899
49179673832736.7200 14099.4492
87411021170675.1600 11082.3638
89666865082190.2800 2865.8600
136072240.2813 1864.3023
1790776494528.0040 9013.9903
88630047878540.1400 4434.1476
31378766443179.9340 17207.7116
19014888622550.0040 8322.6377
361795805184.4183 4449.0462
2623719610.4620 3069.5714
10969191620513.4940 6287.9889
27402349190698.1760 10977.5135
71420317667384.1000 10197.7816
59273990261.7329 1998.4150
62959698882973.3900 7793.8099
2114800194841.7058 8026.0031
1570697101449.5183 6655.7790
9776164448889.7560 14064.5418
40552429931418.2800 262.0797
38830965191.2474 5198.1700
50214695446018.0700 5949.1574
20739339194900.8100 10103.0263
4328543274628.8920 10437.0714
19471554849498.0700 754.6820
5507946234119.6500 3135.0655
4371883320541.9536 2740.4075
23416909554240.5700 1745.1312
78391798986661.1400 22169.9167
14516654831145.3800 7565.6923
85674407140078.1900 17941.3142
342123750433.4459 4710.7183
67686934834821.4100 7109.0317
543173916895.5558 4722.5058
577782862799.2943 7463.6820
10465630877910.0160 2293.1098
4287755469.1522 1712.3923
2642713574450.4170 1947.6182
47963891720890.6300 9164.0985
19485950.5771 262.0213
11564239516590.5660 4578.8420
863962973748.4280 1358.1889
11882764915034.2420 14316.5530
764500887498.9785 6923.3237
22450712940823.2770 559.7870
7873777190000.2860 7844.0785
103897762832564.9800 10344.5971
18368995493047.4400 3431.1444
248063956197.9170 2080.1346
3302509277.4783 920.0026
19762312375625.6520 529.6059
35044907557824.6640 4327.0711
65970962630326.1100 16705.6998
65036585138278.6000 11345.2195
30403339727968.2540 2976.6482
210107385316.8584 8620.3617
951862568060.3580 4515.0643
84480379465019.8000 5315.4119
100357743255623.4500 17655.4795
1634435378176.9749 4711.2591
30818530.8357 987.5919
27981590250186.3670 9447.3208
853542380181.0479 2148.8462
28003670121.2896 880.8603
1728266532921.3170 3882.9111
5137080478428.9410 495.3343
10992420260716.2050 5253.8615
32904906121299.4960 17366.3775
37191833.1587 1840.8766
276045434874.4255 1410.2005
276313180415.6503 1083.0950
66577968622156.7200 4767.0537
9373621830923.1110 3332.1855
1307198694870.7395 5231.5714
50916576670652.6900 21437.4999
953132432026.0906 9794.6870
46609963636831.2100 4990.0061
13255579653571.8710 1525.8131
1617309918255.0278 2488.9351
3699653927.0876 94.7837
72879427759983.4400 11826.5018
9676520849936.5370 3715.9986
186487183800.7696 530.7761
14790575751905.1740 11716.8904
12226264531910.6460 7408.2472
302670492918.7371 3950.2449
2941569214820.7715 3544.9455
9356959401.1095 1774.3146
2427867559890.4210 332.1344
168138180493.5546 3087.7675
3113346568576.9873 5351.1118
62805927806880.9840 14102.5929
1724748319102.2360 2277.1153
32698651076077.5740 6162.6845
314408809596.4368 4844.6589
40499572742034.7340 12176.4080
254876415675.1376 4299.1081
72507511683420.2500 10215.4282
3581298457.7265 1322.8960
6999802679265.9790 12081.4008
10001924322371.1110 5210.2133
21999341245.1436 2618.4393
1337124208607.9450 5974.2577
20135930982610.2200 10338.4695
288203555044.9054 4801.0323
43509531236596.0600 1987.9898
47343827900651.7600 16283.8543
10308017882867.8520 674.4900
14917507007951.9340 9623.4071
593171351.4654 868.9974
11009612507326.9900 10210.2026
3145215364714.6597 1498.1455
8238421009110.3580 2209.2590
12656600433.7369 2564.0552
48579511603866.5550 1824.2756
23854341125303.9920 5604.3750
3515256094279.5440 2410.4805
43467269972166.6100 5651.3902
35672705347748.3100 12217.0883
1097391442616.7435 1791.0527
5741195550778.2850 5135.9928
10762407197971.4140 2535.6158
18227182232253.4650 3126.4631
178477589907.0645 6792.3526
21077303718914.4400 4891.3195
183251731947.1701 3423.9315
51222887164817.7100 4130.4272
1081072831172.6058 2651.8310
2230123747414.4907 4379.8361
3819034720.4713 1330.0433
4023719239180.1960 10652.5099
28416326289469.8830 7497.7025
5477089623612.1250 2933.2629
67115983298674.0550 18667.9438
85870045520137.3300 20430.4062
457713098784.0714 6014.8746
46671451388.7150 1737.8510
67071730950.2697 858.7853
21155491552693.1520 10721.3274
227264606296.3343 537.7316
57528793205.7057 124.7454
222072842.2470 1152.0673
580392251855.9353 182.6460
16286852943868.7660 4498.6559
39417746354817.9100 8287.4236
7903472340787.0210 11305.4534
19681896755753.0860 678.5578
98679044558766.1200 4345.1990
77059843811.7518 3957.9376
12640753755178.4280 13488.8544
519984355710.8501 8097.2012
698617135707.8702 1614.7243
3721216972079.1820 3451.6864
4589422836640.6040 8457.2154
11765221100086.1660 1178.8561
67743110064272.8750 15462.0113
1119138740304.0020 2264.0139
1839800848.2474 2217.1230
2382323719372.7590 1242.2622
44437232717791.8300 1109.3217
3395766985.1576 890.6648
82373929681.2198 1175.8599
9265097272353.9470 2777.6907
37709393631352.1200 8278.8822
11815373372798.8100 15227.8002
16043511707550.0700 12243.1469
115583748392.4649 1622.8408
17838372036.6324 519.5635
6524943404799.3280 5805.4031
6953147311322.9240 9445.8819
3880848012368.2350 120.3378
70107591569930.2660 14352.5977
2210929123295.1830 5445.3201
84825357023689.3100 12641.7550
39043357181355.6640 12634.4990
87712910786175.5800 15566.5419
1497315.9026 1315.4840
2820320784410.4253 4693.6799
88473213499426.4000 3286.7420
8090312919276.4870 16810.1175
10696674442.5449 2412.5867
44664520758176.1300 8816.8139
44136778034305.5500 9670.3290
16333253519117.1700 6253.9787
38134710857.0392 1257.5322
75083421796307.4500 9632.4790
11094247608815.1290 15390.6059
11999666542245.4670 4253.1511
31069766199606.2200 14485.2004
18781436799024.5040 1340.5976
1690311541019.7160 808.5773
42131200634805.7300 12435.5437
3057122639961.8470 1412.8185
578828121242.1273 2305.0669
3535509902702.4290 2376.0275
1981073556251.9077 2142.7638
80320101914399.4000 8299.8953
3981679368771.9785 4168.7464
85101821180516.3900 915.1635
1358033782885.3354 3628.4748
1051360466558.9560 6914.2473
17245612757391.5330 10921.3252
1320404592535.2570 4380.0960
4034256948628.4740 5634.7140
1021857437.1238 2862.9065
26792696713456.5620 1324.4626
62897374.7323 1291.2488
108250297811940.2000 340.7009
11790741053412.5880 9082.0136
57429958129063.6700 8242.6005
331020482007.9775 464.1452
8440269490958.8125 4922.3821
12418304976941.0140 261.0835
4005671895678.7940 1012.8082
2782512043946.5050 10821.5615
1803522082838.2590 5002.0285
80722665812691.6200 6726.0181
28944092652748.6100 9799.3528
3079447348647.1587 3817.6578
65596722364.0627 684.7517
39109059667979.4800 3141.8517
12799069268023.3700 8076.5592
4224759614.2912 354.2536
5678929108502.6620 14490.7474
29502042695848.2970 8741.3766
654635037.8080 515.8375
58474160528735.9000 10067.8351
49446409203809.6500 4172.6193
6198717903463.6250 2455.8670
788001925089.1796 3136.6940
49315590649035.4300 1742.7895
2994345971028.8480 7625.8280
41111348640559.7400 7216.3490
84127495356863.0500 8084.1635
31638343447.8573 295.3066
27902300987.5944 1877.3220
37005361822563.7400 14320.3283
51955387868.1425 1245.5654
17433207339843.4060 6867.9542
12175599300707.2930 12037.2832
1317686327496.3538 7792.9550
66029198750.1670 1424.4309
72765725673947.6200 13209.2732
121328214053.6620 2567.2970
11726619380986.5590 6402.6308
2488861616856.8174 1747.5693
59417188210.6804 3241.7483
7988355014857.3630 10547.5499
3154920867270.5576 7412.2883
33719221633333.7970 10728.7815
8208890483112.5380 5263.4750
54176922276.7399 5762.4629
40608735.8078 1020.6544
90220797967858.2500 11755.8933
29493549891.4523 58.1659
3368728664118.6790 962.6775
93276181952445.1600 1926.3507
11466772300593.9120 7653.4996
16328458092394.4630 9538.8687
120000659376.3128 961.8186
44575299831226.6950 7533.2716
1729605110606.6690 3138.6916
7477922203385.4800 6302.6232
74226967087147.1900 13988.0928
10338335672751.5940 12633.9480
58374442728.7515 2333.0945
25341489667092.4340 9026.1976
60958695957.6564 4204.9771
29139133041084.3050 15864.3520
1094337132112.6764 2084.8026
11733174199.9847 1617.8997
2661298678938.8115 3221.7973
897252708161.9779 1457.9512
48520272578.8868 346.2667
5451858681516.7450 11836.3406
350627832982.1054 327.1492
106610533239377.7300 20625.4764
7109499288567.1550 897.5266
17436808654.3685 2526.2546
34224587382413.7770 15382.7758
2523616496546.5780 7602.7564
1457369168563.2010 2876.5405
6182498016214.8560 13180.4801
82226998029542.3600 6550.4304
1367157.2527 32.7297
34321536798142.4900 10612.6062
16468998169482.6540 4049.4481
18767439706595.4650 9939.2202
8277018973142.8650 6585.1627
215067997421.4887 2805.3682
11772317807881.0860 6977.4607
71049795019510.5600 3569.8894
778455254067.4970 1091.5885
1155811713857.7040 3526.1687
145112782.9301 930.0784
8013817743401.1160 10554.2036
27296906.6593 99.3911
45811439255515.0500 22327.7590
82364323045005.0200 19492.3490
5187659557891.8620 10573.1538
701452486280.5984 1494.1359
2927492357539.3740 860.4292
10374873874195.7680 16837.8209
72160150816214.8900 14519.7730
19723010517652.2660 7704.1639
69298987743.0274 776.2919
1216840683868.7870 8638.7612
25732431626407.1330 6604.4131
39138004164.6614 3811.3144
66984021599182.0300 14975.3539
10030334731908.9600 12526.4796
13059434925230.9530 9827.9760
16037905393163.1480 10729.2480
79757860.8421 114.0498
27283190479.8200 652.1098
3715042706485.6660 830.4745
956939279768.2152 2998.4408
2589568929480.8770 2256.8352
1330631902523.7427 3424.8012
36266046095377.8600 4406.6527
16402201804244.1330 4418.9277
1544401552.8313 1378.5911
42779074237.7716 5537.7009
9471766053873.7380 5057.2625
161014059180.5040 1289.1645
46723177391024.4400 11829.3341
37239788313051.0300 13061.3484
941888671556.6658 6000.1366
1599634305997.1824 393.1661
791563898206.2604 1707.6834
32991110.4254 562.9801
15570807735504.8460 3146.4810
1849574009979.3308 5450.8751
4156012523.2553 707.0669
10274503242896.8200 12858.2782
71774767162178.2500 7400.0727
7148916.9675 633.9868
5168090199266.2320 2931.2748
1437303070477.9626 8405.3548
4621265655.4144 1665.5793
507048033410.5671 931.7054
74971245731732.3000 5414.2236
79040993706881.8900 17025.0991
34121896235646.6370 12869.1743
35218564857680.8800 13917.7841
30177203451795.5080 16969.8421
43129456300507.1500 13774.6847
90131466427408.5600 21747.0009
15069932845432.4510 1748.9521
30148196494076.1600 7229.5726
13321050530.4262 1621.3699
4146790.9872 2464.9724
78534074263908.0800 5998.1744
15798916236228.5680 7876.6636
82036136253875.2000 8596.6629
913051794.8393 3812.7862
1932447642439.8203 4271.5906
229388159.7225 435.9717
5900263694277.9970 12137.5023
653423798627.0312 288.1410
23551759077546.8900 9130.8503
4466822181682.0110 7918.8231
84071422051273.0800 12914.6711
10860073292022.6540 3102.7350
65304731238351.7900 2589.1557
220637088875.0493 5078.9290
63933973962252.0500 10477.8181
1729630981868.5810 737.8886
12243307800196.0250 6490.2671
7370361840174.6790 2690.5591
381559766386.7250 6078.0770
1601865752075.0107 1689.7895
78645107752689.7200 7795.2015
39627729218211.9300 12999.2976
2194539760979.9944 6575.0249
9547903757493.1540 5925.7486
31838269191169.9260 6149.3471
294829897.7677 1614.6103
30225596351320.1880 13782.1851
9081987325907.6290 1850.2564
1510853138776.9092 983.9830
10946804355001.3280 4707.2870
9519784149442.2520 4728.4538
97778350575627.0300 5934.4605
254137734.6627 1154.1307
1139025196257.8113 6248.7905
270755478723.6257 2577.7913
3124043441587.5210 4353.8054
106763077832181.5800 6432.5422
526149137.5072 3060.0186
6374727230519.5520 9383.9355
932748101.0652 1611.4076
3071321612542.5860 11097.3732
1356449666992.7222 3292.0009
15091015176444.3770 4667.0047
18792394602425.8870 9452.6852
17213320379.3033 2108.9633
66791415925036.5400 10634.0423
99215608590239.3400 5033.7763
2489044025.5610 4160.0007
187203569752.0904 728.6187
2655381489585.5570 1058.5973
11744509011184.6660 5483.9926
220863450846.2596 594.8426
161055735481.1620 726.3380
74888460647328.7200 17750.3974
17037183.7104 2234.8419
436465514347.7900 4732.8952
52400895615763.6700 7499.6676
18954171228400.5740 9718.7401
12356481225475.8100 3844.2686
1201939913995.1570 9675.9165
1053479689580.2634 5061.0352
54133720421674.1400 16602.4042
43047019813960.2900 3300.5256
22198889850484.9400 10232.7544
47281550259612.6200 12056.1142
24394882564588.2930 7093.1888
1453651.6105 2140.9368
99932703333239.2700 5601.7253
182945501106.7032 4737.7187
6280329334352.8740 11910.6220
636485664826.3396 4041.9811
1767773612205.6448 3481.8092
74714500722697.6200 14411.2690
30343332018869.7540 545.8697
9546881740685.0720 9313.4718
34977434959514.1900 17399.4390
29766991863633.3700 8140.3576
106231202612716.4400 18834.7400
52183111753308.6400 7935.0401
132392718048.1550 3548.6094
27884282186747.6170 8184.7397
26861958249734.7800 1160.3794
123976844578.4256 6923.0504
1100487538694.7790 2806.8471
37462057326348.0400 6499.0321
38496294395.9914 3684.0221
455294590221.7958 631.5371
86818420969100.1100 19783.8017
58222002605673.3600 12834.0793
15425757782838.6660 3619.0743
18160069100.8221 2322.5659
4711616438278.8740 834.0620
19399183.1618 1571.4865
7991270.8660 1639.3266
152539005830.7158 91.8377
27851726242089.0270 19429.2566
4216151698462.0547 4910.5149
49989842602991.7800 11896.8463
32056256417826.8670 11661.1204
17220376440325.9260 11783.5985
683258898398.2246 3387.1250
1709504182046.6921 4775.0998
36231101052129.8300 2060.3670
3008403061496.6235 4753.4560
870695857977.6690 356.4431
1479978553109.8928 6830.1687
47247093609.6596 956.6267
8783744225006.9030 3168.4274
208590073829.4435 4257.9905
598825109192.1171 6785.7620
67398296.4443 3435.1907
24948606662929.0820 7887.9658
1932716133086.9180 3044.0386
68303753698148.6400 9790.3805
329193731203.7499 4838.9103
43723509289664.8900 680.6530
103070981789008.6400 2765.9155
33309889364202.0550 8557.7915
75884505459.6469 553.1774
25702273270.6837 203.1993
50570954288242.1500 12934.9761
2267030028.1765 850.8989
45530466468914.8600 5906.1500
6599374594981.3970 6987.2300
15591805764001.1970 4915.7953
62956443175673.6500 12163.3549
188013602.8496 2262.7113
2477027307516.8510 5168.1486
320288207890.1162 9018.6619
52426144190186.8050 10993.2572
51596615037.8270 624.0660
1042116095064.4479 3288.3373
423719548974.3626 8086.0967
535254256979.5529 1790.8146
101326240817437.8100 16556.3538
1258615822914.1218 556.5884
62782687.2356 884.9390
16326592017095.8730 3379.9056
80510634190.0224 1606.5115
42523127159522.9600 9548.7530
5550066284696.9070 4472.8408
1156738320725.2212 3539.9528
63749376390403.5600 15571.3152
112659281220.7057 2140.5433
13180183448604.0300 14666.3605
43947260058060.2300 11929.3040
1274340107102.9480 2645.4282
50818148785303.4900 9999.6730
84326845302426.4500 6517.9390
6852163624908.2620 6741.9134
33904819746.2026 684.8235
25846827982484.6640 11572.6185
93050117264.7472 1819.9287
8979632.7501 2221.0244
62557558559123.0900 3335.9211
33653794923393.2540 14945.4250
357790652.9984 4451.5439
2373034028.9296 2947.2842
1633404679511.1416 5617.5717
62425565996120.3600 5065.5276
293073028.7146 1803.3116
75453537872329.0600 18952.1895
6072761294583.6920 6762.4883
37906278636506.1100 1022.5853
11816861022172.6480 2700.8789
10348220816325.6350 4994.8554
10473765482113.8000 8764.0620
1328097991438.3513 11001.3115
10265996006525.5760 5683.1451
3115933073773.7100 6000.7908
25591860651080.1520 3091.0417
8443276572.0042 2583.7415
1106071457469.1838 7912.3225
1365417396916.8704 2260.4077
33095724.4739 1690.6615
2997715865670.2320 3303.6933
77265444861616.6100 5196.5348
12540046593407.4770 2109.5254
44811051091948.1100 20606.9545
2013849243211.2690 3327.5289
4474408332.3748 1509.2445
69996636968.4801 629.4120
10310079633432.0370 17454.4596
55092591270126.6000 4279.0595
14271207717616.5760 6017.8504
22307401152435.3100 1043.6325
20145183.7403 57.6175
18867025716.9644 932.5621
22254306587923.5940 18005.6112
37540621657163.9400 21114.4533
2017813753.0524 2828.1663
1973660958485.8352 5130.5755
18531472256985.2930 12406.6840
287053034.5903 5154.6301
670530609427.1023 1531.5248
723472272944.7788 11395.9840
3560251855.5529 6463.2745
1534588210.2316 3037.7824
567059171632.7661 133.8250
15523755180284.4280 2905.4758
59499039852833.9800 14254.0097
24833551888007.9000 13311.5989
696611038244.5391 3060.1424
