# FVC 2D Coordinates
159.2076 77.3768
474.6398 225.2425
489.6570 194.7947
275.5754 75.6566
342.8611 174.9576
488.9692 64.2079
27.2323 66.6874
344.4887 281.3678
380.3134 294.2177
237.8162 233.2625
50.4101 170.9376
-247.0223 71.3757
148.8068 125.9898
480.6033 205.3555
494.2113 196.5714
356.6580 206.1542
240.7315 122.1030
328.9094 190.6093
284.8210 167.1046
242.5154 221.8733
557.8025 294.3307
-133.5261 130.4183
-37.9912 84.6204
456.5200 251.0376
-242.0246 71.6750
190.7528 166.0234
-124.6310 83.8422
-11.6111 144.3253
110.4744 109.7973
73.1141 93.3231
416.0101 305.5200
472.4742 180.7306
-330.3251 44.8424
-126.3499 125.7119
107.5251 59.5081
533.6071 316.7806
-324.0895 68.3343
-255.6390 74.8622
-78.9807 173.4079
226.3131 258.1898
-486.9411 09.2035
34.6239 171.5268
208.6182 218.4512
07.8476 81.6664
-464.0485 04.6907
-477.7969 01.6982
-226.7873 110.3070
147.3282 164.0547
160.7365 96.6842
-274.1009 59.3888
587.0968 377.0566
131.7601 148.8321
-111.6227 163.5865
143.4042 249.1126
-199.2990 61.3512
368.2628 133.2744
578.3245 343.4665
113.1231 152.8390
-462.9409 03.5642
582.6727 290.5616
504.5413 100.0481
43.0285 180.3913
89.4801 110.0868
09.3975 67.6718
587.2573 291.3365
42.3237 75.5861
-338.0583 64.0438
-377.8458 35.2356
38.1634 176.5110
291.4948 35.5442
-534.5639 28.3769
590.1948 256.5668
90.9547 167.1996
-46.9207 150.8658
412.7214 272.6501
242.1368 251.4224
377.9956 68.9068
-177.1556 136.8813
261.5199 93.3501
255.3614 188.5644
224.7799 105.9391
590.7151 135.5551
374.0779 33.0739
382.6522 50.2430
444.6152 163.2542
384.1459 111.3300
240.2731 104.0772
-205.0922 66.2900
-28.0386 173.0870
379.7531 320.4425
-334.3489 68.2232
61.4057 113.6494
324.8800 69.9514
222.7825 107.0232
285.4396 77.6322
314.2835 159.4177
565.6179 172.8845
353.7844 284.3743
-494.6454 06.8093
-173.1984 130.7668
369.8517 261.6932
441.4031 238.6550
-321.1125 64.2654
186.3556 64.7252
601.5211 197.5637
549.5522 150.7950
305.5987 158.3976
258.8228 120.8100
261.7446 15.5124
591.1271 319.9739
346.5745 258.6598
-234.3834 58.1504
395.3077 204.4239
241.4991 177.7479
142.9842 163.3396
184.1699 152.0710
06.8639 84.0135
553.1709 96.8218
-76.3240 174.8487
584.2359 195.9203
155.9393 178.1313
318.0497 270.9029
587.7474 280.3736
-40.9627 188.6083
471.4832 112.3958
515.4663 271.1683
565.2403 384.3398
564.2502 244.6371
384.6191 295.2367
282.3077 243.3501
-78.5764 97.1417
288.5589 77.6030
374.7638 334.0004
543.4431 138.7229
52.0193 86.0359
27.3705 92.6889
351.0096 229.9920
373.6546 119.9337
505.7443 146.2001
138.4400 164.6535
487.0906 101.4125
563.7282 379.2463
378.6140 287.7180
169.1784 188.8668
340.1451 86.0773
-39.4715 85.3307
490.7235 251.0867
496.9576 399.3574
477.5356 219.7973
-99.5484 93.7415
24.6448 152.6426
354.3765 269.9242
485.3730 185.7734
226.8298 46.3804
-23.1364 93.7585
-96.6590 146.5314
153.1053 62.9599
350.8075 155.3765
569.5804 329.1284
63.1175 213.3133
548.5016 382.7467
-521.1045 24.5301
329.3400 142.7340
-429.0302 12.6982
-42.0902 132.7782
90.4495 95.2065
235.2189 277.2871
-452.3347 07.1836
183.8779 228.1662
102.3582 71.6881
465.6517 220.9218
-325.9402 66.7274
521.4804 196.1987
-71.3636 135.5370
567.0867 201.3185
450.8570 288.9680
585.6168 282.8768
-164.7232 106.6987
565.6853 115.7311
587.6372 385.9944
376.1701 94.7302
386.2617 337.3834
506.8649 187.0929
548.7877 67.8545
40.9387 173.2975
449.1705 75.2527
296.7952 133.6010
441.8367 274.4823
347.2065 128.2875
115.6487 195.0226
-09.7944 70.1991
119.2275 154.2424
-47.9742 103.6208
-49.8373 142.5822
412.9167 162.2417
291.8020 70.9984
17.8412 66.8681
397.1284 235.5182
526.1144 196.8454
142.2640 164.1905
392.1660 303.9051
459.1007 167.2690
499.9039 111.9449
-215.1108 65.1844
311.5311 133.9897
415.3072 246.4165
-339.5041 66.4834
576.6883 303.3047
-216.1728 91.4185
-232.5196 69.2618
307.1356 292.5853
246.9850 02.8442
434.0965 132.4544
-201.6810 64.1400
-276.2173 84.5077
287.5140 110.3736
216.3740 155.0597
243.0790 245.7749
-79.2418 85.4962
32.9277 160.8851
345.5582 184.6226
487.9944 191.2746
495.8941 243.3420
-251.3022 74.7451
589.3308 364.4702
-49.3525 164.4841
479.7707 282.3024
393.7202 48.8423
50.7536 66.6042
303.6100 210.9632
-42.9245 137.4855
99.7698 165.0748
261.8926 78.6991
469.6393 139.2608
126.2875 147.5721
-154.9165 71.1191
462.1174 160.0399
585.2165 351.3402
218.1689 134.3033
181.4337 108.5774
534.8354 201.0163
-69.1802 75.0755
583.9190 42.0699
504.3035 177.9022
202.7942 177.0782
220.3214 69.9557
549.3974 105.9103
-26.5752 111.2070
105.9783 152.7672
476.8612 216.4035
244.7114 144.6956
282.1257 47.8333
381.4310 304.1775
516.7820 114.2307
-59.0285 178.9726
-148.6938 109.0822
11.6574 99.1603
-184.3897 71.5903
-288.8951 73.7855
-14.9509 90.2907
-34.5306 133.9402
577.3200 352.7333
382.7129 217.0082
493.7446 255.5165
442.0147 222.3760
26.5212 171.3201
-397.6104 32.3645
454.7221 210.2207
-415.4303 37.2600
387.5669 18.2606
483.6258 201.3524
269.0930 59.2202
-302.0125 83.4975
279.0937 16.8756
477.4198 72.9760
154.2504 255.0596
159.2267 174.2713
-61.5893 144.3420
84.5845 170.7911
488.9615 320.2544
292.1123 102.8949
394.1066 12.7148
276.8826 254.6807
260.1082 238.3535
414.6469 269.9050
360.3120 41.9558
165.6731 220.5374
-47.4703 115.4937
-247.5302 59.2932
403.8335 159.3940
-426.7401 27.4818
00.9030 150.9214
-425.8209 27.8669
74.3688 60.5257
435.7888 102.8236
-164.0703 69.2511
137.7403 209.7735
76.0284 170.4881
82.1002 191.4671
263.4668 40.2626
339.1379 77.8037
417.0445 198.7227
451.0312 12.9351
35.3399 69.7652
-155.7242 81.7938
447.0269 325.7361
307.1712 57.9348
123.8397 177.8794
582.0028 69.8415
469.1907 395.7128
66.3193 161.4771
-480.9843 01.2973
60.7513 95.6760
446.2191 122.7944
-15.6066 78.4824
86.4672 227.9101
117.0118 92.3144
346.5311 218.4397
353.5714 222.9859
-103.1818 96.4688
-201.3744 69.1076
320.6216 95.2094
450.7188 218.0406
407.6843 305.9102
528.1898 161.8023
208.7943 85.1456
-127.3341 154.2696
297.7774 204.9787
406.7533 08.5352
453.8937 304.6584
-410.1047 34.9273
95.7210 172.0697
68.0500 70.3220
301.3188 47.2439
471.6667 146.8564
485.1514 231.2980
-36.4010 168.0448
-134.3745 104.1920
204.7396 130.0533
516.8673 192.3070
219.5323 107.2607
-140.8765 97.8407
273.0694 111.1065
205.9265 236.1517
448.7205 85.0251
-165.1136 87.2884
-469.5981 08.6383
457.6649 225.9251
481.1945 111.0912
-190.1558 60.5899
484.1124 131.6764
-86.2463 173.0396
46.5985 102.2633
35.9112 85.7144
-306.9025 71.6330
435.8380 347.5565
-220.3414 73.8010
277.9111 232.3518
356.7611 116.3715
-134.6763 114.3464
-120.0365 107.4156
300.3049 100.9058
279.2285 303.0381
320.2489 261.9925
244.9759 116.2313
584.5652 175.1787
275.0178 238.9401
590.1784 166.6972
115.8930 148.3689
462.8558 201.0563
357.8414 49.5483
290.0568 125.4682
-47.1616 93.5965
498.6308 213.3165
373.2216 271.0835
533.9609 146.8882
63.3441 227.2829
122.0949 205.1145
-35.8784 123.5331
589.6855 159.5900
403.3993 230.3073
-342.9358 38.4772
-212.8917 61.2134
-124.8977 86.2101
-66.9381 108.2500
228.3439 279.3323
21.0444 187.8079
557.2292 269.1255
34.4961 171.4989
331.3684 75.6422
02.6840 111.9561
506.1610 212.4145
540.2011 136.7103
-104.0779 96.8992
362.6549 256.0233
420.8582 08.6028
374.0231 239.2443
434.8524 251.2251
317.1539 04.1637
283.1989 246.5846
245.8512 157.4024
-199.9327 70.0185
452.2311 103.0832
-519.5486 27.8048
456.7143 170.3139
-23.4114 144.5965
-49.4190 163.6887
471.5745 215.7163
231.3154 81.4926
507.1084 373.1620
04.2314 84.6108
248.1915 192.4805
180.5210 266.7201
384.3138 188.0218
576.3416 356.8045
532.6786 225.2224
169.9309 263.0951
427.7447 124.0400
197.0332 113.8717
-76.8799 129.9520
-353.8449 31.9222
321.2334 164.9183
524.3071 201.1722
05.8748 69.3862
581.2589 343.3068
47.2278 181.1867
354.6672 202.3136
-195.0834 74.2587
-20.5489 140.1496
-208.1324 68.8984
394.7182 66.8045
85.7387 164.8757
-238.3903 65.1562
244.3738 223.3350
435.7830 229.0591
-106.5696 104.1418
21.9801 152.1653
-266.1628 76.3756
516.1124 242.0383
-45.8307 142.0063
242.6635 25.1698
544.0609 162.3194
97.7337 184.1895
342.7057 219.7890
346.4019 273.6194
113.7848 105.8427
406.5446 254.4522
567.0492 259.3614
337.5733 280.9773
331.4041 141.5754
-213.8571 112.5776
-458.7574 02.2595
-524.9098 29.0112
600.0350 228.1123
427.4443 156.7410
23.1483 171.0193
215.1917 155.0226
52.8288 182.3914
214.9374 114.2000
164.8250 263.6541
516.3415 376.8507
-05.8086 80.5352
237.8946 70.2067
-52.2953 94.3103
-287.3971 52.7252
75.3248 89.1238
-21.6632 159.6285
346.2268 109.5085
125.6041 190.1860
384.6715 204.2525
330.0978 153.4809
403.9847 310.1059
193.9981 158.2869
88.7173 90.6851
-491.7734 14.9773
131.8240 71.3899
472.0993 282.7434
459.1784 34.8098
147.7427 150.3987
-173.9627 91.3075
132.2692 157.5753
569.6720 263.6228
481.8162 169.7633
-69.3431 132.7135
282.2226 139.8200
198.7166 127.4316
556.3687 302.5906
282.8262 154.2054
571.7522 157.5959
579.7417 360.3124
-62.1974 136.4023
297.5240 173.8291
-365.2747 29.6492
446.9103 107.3323
298.5950 257.3969
310.9858 202.0670
386.7081 313.4712
44.7572 67.2486
163.4555 221.3315
388.4670 33.0408
406.2159 240.0024
437.3457 109.6340
362.4839 148.9684
99.1361 199.8010
-77.0400 74.1215
149.7082 73.8215
-119.3027 160.2201
173.7685 219.1805
182.2617 161.6125
190.8263 164.7862
-370.0372 56.7078
588.0536 323.7314
-306.2487 78.7561
414.9943 21.1394
492.4653 225.5734
251.7369 73.0269
512.7388 201.7441
390.1068 228.4028
389.0535 150.8524
423.2431 79.8595
69.3145 170.8603
-443.0471 16.9881
-20.3449 108.5719
-248.9909 92.9711
513.8277 203.1717
430.2326 203.9588
-129.3010 114.9893
587.1736 126.9653
242.9229 282.4559
341.6788 196.4775
566.2285 172.7970
03.7352 165.6884
328.9203 34.7196
-221.8874 94.9483
556.5140 198.1302
299.0584 210.3041
-479.3788 05.0640
228.7715 192.2759
-463.0196 09.1081
-70.7126 72.5941
513.4188 397.3387
37.6296 86.2054
444.8579 322.4872
345.8064 228.1968
582.9865 178.2315
219.7079 80.5804
-131.3287 105.2717
28.1289 78.3416
194.6720 114.4518
176.8971 256.7906
155.7308 197.7684
-149.1831 84.4956
287.3571 192.3409
209.8890 141.0852
453.2606 172.5097
539.3923 47.2867
483.1025 107.8791
101.2961 201.3325
161.9651 69.4568
-54.9387 128.0603
-223.0569 73.2224
431.4904 120.1974
409.6682 145.3325
-173.3594 107.1195
18.1692 146.1367
48.2556 208.9296
601.3128 326.4493
74.1021 168.2425
-274.0031 103.5329
-66.1701 85.4321
-204.6908 61.9659
188.0725 241.2663
-178.7147 83.5443
-199.7236 66.0436
-99.1780 126.9016
-458.9506 09.2105
242.1716 79.3031
166.5308 73.0362
135.6617 168.6605
315.9572 293.9876
259.6731 13.2628
228.3066 112.2500
438.1228 346.0681
85.4552 143.2419
586.6040 189.0326
-401.4777 38.4449
-120.2703 106.1275
126.7133 76.7937
321.1562 11.5244
-346.9471 67.5792
164.9322 77.2558
498.1446 111.1452
-126.9033 98.6927
361.7846 32.3970
-450.8661 02.8457
345.5417 222.5923
-94.4101 168.3440
-363.1747 61.9762
328.1411 21.2117
511.2141 208.7819
282.6977 155.8278
-518.6246 26.7920
71.0824 189.2484
-82.3549 174.5746
193.0287 158.5121
-449.4064 14.8392
42.9448 95.6110
88.5928 164.9752
-209.2839 69.3115
-207.4892 108.8875
558.3214 259.2183
264.3196 171.7006
577.8517 311.1892
-188.2629 66.0709
237.7569 236.9766
-259.0230 113.1238
371.4222 328.8664
204.8709 186.5077
515.0217 315.3491
522.6368 124.0770
182.7012 209.4242
530.3847 350.9887
576.3998 202.1713
257.2391 108.6750
562.9760 165.1793
32.2786 176.2531
159.1182 107.4812
397.4786 184.8596
111.6709 150.2965
89.0688 196.5493
343.0601 187.9455
69.5025 155.3465
-19.2057 86.1657
-281.7287 77.7873
227.6329 193.2113
-60.1331 147.4886
389.8153 38.5733
566.3320 186.2894
-82.2360 146.5453
95.5479 161.3369
582.3945 380.1874
103.6282 178.5873
565.4739 264.4391
409.2799 350.6134
-160.0967 143.8427
228.0221 98.8543
210.9842 77.8062
554.0285 363.4100
-92.8343 135.4174
-79.5008 123.1002
238.8840 203.8223
410.9749 40.6259
-213.7841 65.0468
193.1401 269.6854
-462.8946 04.6460
371.2940 204.3615
594.4879 362.5385
472.4699 381.1743
182.6503 65.6015
417.1151 43.7651
305.7245 60.8611
64.3090 83.7147
08.9171 189.8863
-239.9733 74.0795
238.3504 57.2157
137.7426 123.1732
374.8907 145.0503
498.9579 58.4276
35.7035 73.5237
-143.2691 109.3340
337.3273 150.7055
467.1827 348.2324
467.4879 141.1615
-22.7410 95.6313
278.0461 179.9469
441.9918 385.0460
465.7023 301.3681
-237.9177 93.1033
-33.4787 109.9383
438.6762 166.0688
-171.4018 62.1864
309.8089 312.0354
587.5880 289.0884
199.0492 224.4656
537.3918 170.1624
393.8400 239.0633
269.4028 199.3719
267.1088 283.0068
91.5067 98.1538
-502.4941 16.4059
455.3134 172.9607
251.8705 198.4447
36.3874 166.6753
-08.5791 166.8063
-389.2257 20.4553
-30.7375 72.6942
392.1966 67.0423
109.8949 188.4687
579.3630 351.4155
557.3947 188.8016
198.8923 166.3542
-174.7004 140.6135
115.8657 148.9330
-219.0627 71.7178
472.9644 114.7469
302.8972 264.2981
544.5921 169.2385
514.4612 165.7438
475.0956 247.9009
306.8988 134.3113
-01.2300 148.3925
538.4414 283.3086
-256.1411 109.0130
18.5802 168.9360
501.4510 108.5541
361.2808 213.8973
-288.7428 56.9341
280.7811 44.8135
37.9989 170.7807
310.3287 295.4133
582.6497 379.7954
437.0387 211.1908
392.7442 214.4754
-83.3112 81.9405
152.5435 139.5798
321.1970 253.2605
403.9890 159.3647
-189.4540 68.8954
558.5655 370.1329
-173.8041 114.9295
323.6394 264.0475
66.6144 80.3439
389.5823 111.6982
-138.6865 148.4383
07.4498 81.3991
507.7230 138.8381
402.0219 299.6286
97.6024 169.3286
-46.4119 72.3975
-226.3893 96.6737
379.7021 210.6858
-221.9336 98.1504
227.5827 77.6402
-484.1304 10.2833
224.4501 127.1191
-237.8717 56.9082
212.6062 194.0758
-20.0271 94.1414
179.7090 127.8152
77.2349 130.5463
271.2686 238.9592
-64.6756 135.5854
554.1418 189.4902
447.3038 229.7349
249.0436 86.8987
-185.7305 78.3080
560.5070 220.6980
548.7579 194.2971
84.5759 178.7226
21.0029 69.5933
-408.7049 35.0784
479.2946 223.1067
528.7229 326.6250
-128.6894 74.6126
228.0242 125.7426
225.5948 192.8243
276.0561 208.6626
524.0856 377.8285
-184.1979 88.2164
277.9303 213.9162
393.4988 91.2033
158.6435 222.7232
288.2659 249.2073
-421.5230 28.3121
391.1178 275.9679
-392.8581 18.3789
468.4385 200.6238
341.1965 115.6913
507.4287 396.6841
357.9439 281.2989
67.1288 61.1603
330.2074 263.2131
72.9846 190.6718
353.9751 93.1660
352.2860 84.0254
-255.1112 88.9944
334.8162 131.2210
-143.7980 149.9904
260.7567 59.6131
-472.2277 00.0295
584.1300 258.3869
499.8377 207.0329
331.1762 258.1207
125.4433 210.2159
394.5622 305.0058
-211.4648 98.9844
595.1483 294.9211
476.0877 253.7131
500.5010 289.9530
-393.4531 34.5144
-06.9635 199.1311
89.6237 236.0727
250.4522 60.7874
50.7964 196.6023
545.1773 314.9598
-371.8354 57.3167
418.0394 296.7521
-212.2496 66.0951
164.1348 183.6000
35.7908 173.0728
62.5829 65.5413
-172.9226 67.4343
186.5458 191.4728
335.4803 277.6942
118.1511 70.5289
-18.7157 96.8221
404.0278 298.9330
88.4902 111.6034
488.3163 100.4601
-13.2010 127.5170
86.2019 99.1085
561.2693 385.5210
533.3541 187.3806
-436.6645 01.6442
286.5999 225.4951
496.5134 359.6973
295.8880 215.0756
536.8783 188.6974
-474.7151 05.3131
307.1138 263.7776
-03.8618 139.3710
519.1041 145.2125
425.7522 347.2160
217.4104 129.1405
314.5931 310.0326
-206.7622 74.6597
274.3408 100.8205
401.4622 186.3637
528.7743 111.7204
414.7243 345.7497
-225.8342 68.3090
-110.4867 118.4978
244.5282 144.1889
564.5450 281.4562
209.8318 138.6844
124.0037 147.4545
354.4193 163.8936
-178.9688 70.1436
-92.8438 116.6615
-409.0071 40.2909
87.7473 187.5280
55.2950 62.0237
414.2993 293.7777
-12.8513 120.3204
173.5311 235.9654
378.6622 154.9733
374.0831 166.1291
-208.5700 62.3677
461.3769 26.3437
23.9682 84.3797
20.1253 164.8943
136.8033 183.9680
269.5294 177.5816
500.7300 258.6586
557.6513 255.0776
294.6604 260.0206
401.1194 79.6641
-124.3544 124.6321
94.6799 83.9392
572.1399 335.2378
96.2533 198.3191
553.2058 108.3845
-249.2207 106.8956
581.3613 175.3212
-220.1654 67.0447
80.3066 160.5299
390.4460 296.2960
171.6649 175.7152
252.0633 289.4262
445.8758 155.9078
449.4823 122.1164
-203.1020 131.1679
578.0350 33.5759
380.9156 46.0894
482.1249 217.8937
487.3547 187.7836
500.4073 132.5968
-52.6395 150.0736
266.7118 74.9803
524.9138 320.3743
115.3193 143.7575
433.9712 342.3727
266.5867 147.2453
342.3492 53.9258
235.0898 278.0171
07.5775 166.8296
416.9674 229.8419
543.2862 157.1813
223.2426 105.6196
169.6002 115.0671
340.6223 224.7729
495.8957 155.3905
-453.5912 13.8948
116.0303 131.0518
-183.4645 102.7634
254.0689 122.1959
346.2391 319.2762
-70.8719 141.2029
199.8215 60.1614
136.8328 124.9141
442.1681 104.1082
-429.2004 27.2621
43.1753 72.2904
461.6962 42.5349
189.8781 265.2358
-16.1225 159.4365
-190.4895 106.2153
515.5943 180.5432
-147.7575 87.6757
254.5183 121.5514
-401.6805 33.5002
223.9438 134.1620
-101.6328 165.3929
-145.5563 75.9146
22.2969 173.3010
356.9264 60.1655
-426.5574 11.0795
326.9570 237.2869
561.6014 158.5103
474.4845 177.3493
02.9451 163.8316
300.2624 18.5781
63.0246 176.5257
115.9506 204.1652
482.4017 308.9700
303.2716 238.6646
435.5635 165.2362
134.0224 147.7167
381.7334 145.9937
-124.5092 136.3556
247.4263 100.3343
175.3667 106.1501
-07.6307 161.1579
34.0575 121.8687
246.4055 246.8905
128.4978 185.0851
518.0244 170.6362
-286.8157 100.8672
387.5562 191.0176
203.3065 192.1021
-34.3846 160.5166
-15.3324 128.6055
547.9532 294.7675
565.6517 178.5045
457.0080 159.0306
-116.8731 133.2108
-53.7991 180.0816
440.2448 305.6783
183.4919 166.8298
-388.1183 29.4268
74.0585 175.2610
331.6085 215.8369
-459.2425 07.3983
-417.6301 29.3171
-148.8558 79.1393
531.7448 157.0775
233.3818 217.5268
207.2596 121.7835
447.0303 90.1709
-49.6764 185.7832
162.7164 124.0221
-373.7266 23.5886
349.9254 250.6874
-03.8872 85.7623
282.5919 149.7795
144.5333 149.8414
52.3443 92.3785
461.8983 174.7597
16.4721 168.8444
-249.2630 94.4438
-94.7627 166.0477
223.8344 197.8060
184.0535 176.8741
-114.0060 96.6088
235.6063 202.3294
266.1594 141.1410
255.4733 185.1655
-281.6247 84.9532
338.7614 317.1287
79.5409 175.6363
591.1584 244.6972
221.5222 99.6784
480.3518 265.5430
482.7061 272.1633
526.1167 199.7130
263.7061 93.5953
187.3686 125.3802
180.3657 219.1793
557.9257 201.3642
187.8535 226.0340
323.6727 279.9572
410.1449 41.7960
-483.7051 06.4772
473.0698 258.1398
524.1926 288.5973
488.3514 316.1024
530.2429 311.4306
499.4274 91.4132
-303.9823 70.9521
140.6929 182.9471
63.3238 206.2087
-155.6666 75.6545
04.2300 164.0160
312.7773 249.6030
394.0929 321.9021
154.9436 122.4628
40.0074 97.3325
491.7958 274.2331
368.7413 277.4261
365.2724 278.4134
377.8310 24.7642
132.1959 251.9780
455.3908 350.0539
82.2291 70.3763
317.9260 131.3414
387.1100 281.0195
-61.2990 72.4082
155.6723 158.1865
-87.6614 107.5636
588.1805 290.0187
476.9519 311.9975
582.6849 140.0387
359.8094 170.4673
591.3368 78.4055
138.4419 122.9017
102.2801 84.8614
453.7891 245.3228
31.3326 68.3711
303.2133 133.4066
-156.9633 147.8326
05.5296 164.3505
192.7619 113.6922
-133.2476 106.5456
481.4922 400.9737
380.5178 168.7539
368.6166 185.9672
277.0943 236.3971
416.1705 305.0471
36.0544 180.4735
338.7167 231.2855
-78.3831 152.9104
537.4889 155.3460
-114.1296 112.4084
374.1871 223.8831
72.7320 177.2235
520.3290 197.1371
-84.1831 96.6004
309.5969 249.2494
537.7007 192.8208
310.7907 69.3945
-66.5169 159.9749
329.3756 58.1841
215.8058 201.1797
00.5240 77.9719
-176.7791 139.9612
468.1229 223.1398
09.2343 167.4704
458.0925 159.1363
410.9237 137.7214
-419.8804 30.2865
381.9652 91.7286
458.3110 294.9983
-330.7715 42.5874
194.7973 137.7054
-538.0801 31.4478
524.8970 377.7713
43.6798 82.7492
474.8930 169.4644
-392.5470 43.8528
305.2645 270.8520
545.1459 143.3411
200.3816 78.7911
128.7641 70.4048
-117.7257 92.2205
445.1791 63.3280
289.1940 190.1623
306.5504 94.5620
479.5989 85.1118
484.1975 65.9234
116.6012 178.7211
265.3939 96.1357
32.1277 170.7970
164.2578 203.5592
511.2445 104.5543
-188.4116 66.6729
113.4929 194.2375
510.4600 151.1394
108.7973 127.4042
484.7890 161.6136
538.2543 274.0508
543.9526 240.8859
-383.0177 21.2144
366.5530 321.3784
394.3280 264.6712
318.6167 269.8978
421.5400 335.8188
368.1095 92.5173
526.0044 339.8778
05.2740 177.5605
322.8194 190.8132
462.6321 275.9062
35.1780 87.1246
85.2859 215.0381
92.5951 104.0504
160.1190 192.0571
444.7735 281.8068
-173.0913 79.2259
160.2458 223.7809
371.4590 281.4481
-441.1096 05.4140
-396.7407 29.3961
-177.7191 135.3259
223.8110 107.9682
544.0147 111.1528
302.4664 20.0023
391.1232 208.2041
-129.4930 77.6407
299.0347 193.3581
-19.3960 175.2053
-307.4748 86.8263
-215.2808 68.9823
540.2174 323.6404
202.5859 195.3208
322.4951 140.1065
-196.6490 64.2084
-464.8343 08.0331
517.7286 321.3888
595.2480 215.8274
-64.3055 130.0710
226.9849 226.5919
88.8721 206.1461
511.1799 371.0772
-52.7096 75.3316
178.3467 104.1192
556.6563 157.8065
326.8889 213.9961
-76.4765 70.2419
-03.6119 84.6804
533.0237 305.2066
-312.4570 73.8786
134.1784 146.1036
80.1825 141.6347
444.6805 286.1970
552.4912 304.2236
362.8805 252.3630
74.1321 170.2959
466.5830 194.9225
-317.1027 50.0591
78.6123 232.0636
-331.0566 45.4520
313.0694 220.9911
-251.1990 91.5184
196.0749 101.2714
431.3468 234.7068
223.8738 26.1925
139.6612 73.4002
06.8361 176.4231
284.4159 265.8571
428.9876 199.8526
528.3692 186.1432
101.8131 148.9415
89.9732 229.0198
27.0996 102.1325
-178.5691 68.6463
183.4875 126.6566
502.1590 176.2302
535.6005 73.2216
515.8830 183.0842
101.6948 70.0161
213.4528 141.1905
299.7327 64.7895
251.6727 224.5496
521.1761 177.3371
370.2995 58.7281
118.2307 168.9993
-233.5331 90.5692
336.2485 225.3759
318.6106 270.4582
-370.5989 53.6283
184.2279 138.6331
457.9787 151.5010
556.8633 214.2100
148.0539 155.2151
263.7893 117.9497
435.2040 222.6364
310.5863 163.3335
-138.3213 146.9072
16.6794 119.7043
504.5424 30.1505
526.7343 267.5704
365.4335 225.6826
349.2162 21.1829
-126.3036 158.8614
432.4379 281.3016
277.1462 248.6378
11.4004 133.7804
310.9520 250.3078
485.4430 154.1115
93.6610 65.6696
-211.3888 63.4641
-321.0076 45.7855
357.8243 72.4212
-324.2101 78.4389
194.7289 124.6633
164.4305 224.1014
-264.3508 83.0916
131.7968 77.3253
317.5812 231.1644
246.2532 11.2149
351.9304 243.5084
549.1392 159.0493
-52.7908 94.8187
56.1400 149.6399
248.7192 238.0352
561.0922 165.2341
71.8612 104.9952
175.8341 184.3218
252.9426 142.8167
-05.4831 105.8345
198.0780 88.9987
400.7686 208.2311
45.7638 161.2890
368.8459 49.1145
464.0800 174.2958
247.8406 90.0141
538.3859 173.9217
439.3290 276.8330
224.3565 222.3576
97.3704 115.9046
368.7808 145.9486
349.5416 196.6347
523.0395 204.8523
461.2277 57.6884
304.9483 133.2201
-471.4635 00.3938
512.2644 306.1344
115.4892 198.5857
-04.6245 197.4892
524.1005 202.3576
587.7600 198.9920
530.4321 350.2959
253.2210 255.5983
-06.3107 69.6308
-28.5704 92.8729
-164.3455 65.5235
455.5675 173.1775
59.3442 173.0175
76.5887 169.6663
482.2539 264.2319
65.0004 95.0268
-524.9574 31.0081
48.2833 66.4703
-207.0987 66.8618
483.6734 228.9480
510.2160 356.8163
481.4082 185.4449
-511.7046 23.8052
157.2186 146.7394
212.4627 160.1398
162.4666 130.3760
-280.4673 96.6033
85.7722 189.9150
-152.3493 140.4502
-245.2345 112.4445
247.5144 289.9703
52.2417 75.1301
342.1120 278.8403
198.9775 145.0124
-33.6227 140.5413
-14.6886 99.2591
352.1986 186.9444
482.9076 253.0790
401.2224 160.6708
126.0019 156.9371
305.2451 235.8078
-213.4426 74.3794
582.9228 302.3814
465.8874 21.1173
307.0612 60.7915
19.4588 130.8959
247.7503 22.7445
365.9526 209.0106
588.4326 388.2809
431.2820 306.6883
425.9832 203.2864
597.7054 283.4718
-119.6964 67.4294
170.7160 92.9957
-385.8354 27.8942
440.0128 167.0180
-432.9897 25.8215
-478.6192 02.0701
521.1245 127.6612
512.9526 320.4819
276.9773 85.9107
566.3569 361.1807
579.8877 363.8588
29.0609 137.2240
-474.1247 03.4715
299.5848 299.8433
-190.5024 80.5918
502.3767 42.7156
578.9829 149.5113
25.2577 105.1100
482.3992 136.8756
-314.3178 69.8225
367.3773 35.6891
400.2369 127.6949
375.7413 262.3183
-345.7791 70.9355
-424.8808 27.2596
148.3868 216.4098
45.2504 95.4731
-465.0698 02.4841
-321.9184 79.9505
425.0000 299.1900
185.8566 251.3132
-94.9893 79.9651
406.0312 301.0207
-299.1302 52.2272
-118.0909 76.2899
-297.3695 93.4943
395.5172 243.1528
254.6402 99.8165
215.8998 116.8326
-162.2448 68.5137
490.6555 125.3494
-80.3883 166.6891
-145.8501 146.4340
-118.2912 80.1551
320.9314 305.1569
470.7382 241.9115
322.3346 114.4580
117.7000 150.9012
201.3785 157.9344
421.3633 233.4504
474.9144 135.7339
247.0605 45.1056
-312.0576 69.5194
183.6775 84.1032
284.9650 65.4323
581.5695 173.2203
-102.4974 72.0399
-97.4527 148.7627
-154.2047 74.5401
366.1682 322.9188
171.7831 127.3095
515.6452 198.6764
249.3988 44.3052
475.9129 283.7820
130.5078 170.0778
177.4303 137.8779
450.6568 66.1930
378.0964 214.1996
-188.1478 74.5970
185.2505 115.0409
601.3115 301.9173
518.7335 170.1844
260.2502 75.0138
-260.2689 54.3288
495.6972 365.2765
423.6087 345.4250
517.2069 297.7938
-193.2349 122.6392
145.6335 211.5367
468.7883 128.0898
534.3516 172.5342
247.6675 89.9323
583.1132 336.4319
305.6316 169.9006
505.2381 203.8973
349.0520 74.7281
-75.6594 172.8833
159.6041 204.6505
440.4612 119.7603
132.4398 110.8449
374.4341 122.3822
550.7021 223.4432
240.7203 197.3015
494.6300 208.0314
303.6530 221.1927
277.3731 109.1141
600.5291 232.2145
-55.0462 127.9402
548.8512 313.6908
504.0987 305.6629
476.4477 313.4806
540.2918 176.7223
05.6555 177.6249
371.6092 74.1914
-537.2379 36.5538
-257.0629 72.7885
-522.6095 22.2364
451.5071 223.5703
-159.0363 77.5562
572.4323 345.9836
510.1227 317.4462
135.6042 214.6733
505.3943 154.3781
581.6470 195.5694
547.3737 90.4326
-117.6445 71.6291
297.3730 136.1259
419.6413 274.1102
318.4592 190.2431
522.8222 152.4069
85.0604 58.2772
176.6957 121.1896
-99.5747 120.7863
173.9900 77.9323
407.2242 268.5313
556.4837 197.0961
-13.1429 80.1935
499.2311 239.7685
487.3035 159.2647
400.4853 122.0023
480.7354 365.1031
15.4132 168.4566
433.9857 167.1917
-124.1531 121.3911
351.9112 08.3527
71.9532 64.8231
473.7894 201.8476
-71.9167 98.1738
501.0609 326.0315
431.3795 327.2006
51.5921 207.7929
-592.2577 53.2562
-297.5267 72.8221
-88.4371 123.8489
596.6821 226.2271
279.4193 28.5267
-02.7905 165.2126
417.7152 213.0043
307.7602 169.9395
217.3350 93.4498
-93.4909 110.8153
216.0489 243.4471
-192.3785 107.9532
543.0304 190.4958
250.9051 100.8829
-394.8056 45.0199
432.2730 316.0267
400.9899 158.6324
506.1753 185.8880
-230.4184 72.6827
-192.1793 114.2402
29.0728 76.6860
472.1095 277.8281
-171.5494 127.5312
-393.4262 42.7993
519.5735 178.7291
512.6878 157.2904
443.9210 60.7030
378.3176 199.7764
167.8710 214.7632
294.4436 152.2699
487.1708 213.5830
103.1230 192.4193
24.8603 177.3838
120.0835 224.1768
442.4185 231.4945
210.7582 180.2337
-308.8080 74.2674
112.2804 93.2576
127.1154 69.7484
123.9521 209.3830
586.2754 144.2065
184.0124 126.9544
338.5208 112.0310
-177.3780 95.9895
541.3318 350.9253
438.5808 260.0933
34.4279 111.8284
-73.9242 72.3776
-212.8731 101.2866
83.1346 177.8875
-120.9315 129.0716
444.6149 119.3691
143.2529 245.0283
-303.7909 80.6787
367.0708 55.6159
517.2672 189.0634
552.8553 193.7622
-161.7038 109.8052
145.5362 164.4245
443.0151 126.6583
454.2243 216.4976
07.8406 166.7227
282.2709 299.1058
526.8803 71.5489
288.6890 136.5613
430.0776 371.5256
64.6101 61.9358
19.2393 84.8594
261.9287 66.7305
-27.1214 120.1279
479.6519 394.9832
170.6949 90.0628
-73.5902 124.7596
249.0259 119.4670
326.6262 258.0447
576.4385 177.6873
443.3074 309.1588
430.0320 204.5459
-286.2336 83.5476
-59.9815 160.9082
394.5553 339.8511
310.1718 310.4011
599.5615 354.2057
01.0015 154.7219
44.5578 78.9140
277.8283 90.8648
130.4397 216.9442
412.5131 170.6989
312.0594 205.6701
101.5103 241.3124
452.3723 159.5568
283.8315 194.5146
27.0953 203.9056
161.5908 183.4107
306.6080 241.6890
29.4726 171.5689
305.3292 155.3872
216.7885 112.1031
56.1596 201.2399
421.2837 135.4163
-00.7357 114.4879
210.9085 183.4961
550.0783 353.3575
287.2735 265.2107
408.5626 196.5443
462.3715 235.6275
369.9703 109.0427
202.8651 240.9517
-162.3526 74.5431
583.6868 308.4626
517.1013 332.7640
-30.5719 144.4812
161.2882 164.7924
-511.7218 21.1931
06.6168 110.9712
406.3259 203.1839
496.2142 363.3633
456.1857 310.8153
291.2161 02.8866
72.1649 153.6573
30.7922 159.0283
440.8723 102.1193
-153.0381 77.9976
-233.6191 68.3230
529.9925 247.7092
289.3776 57.0033
564.1480 187.1975
-262.0552 94.4614
-49.1108 180.0675
449.9913 17.4430
43.0029 66.1013
118.5023 86.5062
488.9290 276.5661
87.2041 103.3014
-35.8306 103.4447
554.6482 262.2459
-70.7642 106.0896
91.1809 166.6297
446.9903 264.8613
126.6036 92.7249
561.5927 272.8249
-241.8261 72.6502
597.2319 374.4988
160.0046 191.2976
208.2118 258.7119
489.0758 172.5812
163.5099 64.6142
412.1510 347.1384
243.0138 240.9553
554.5502 125.9363
594.6688 349.1152
496.8788 231.9842
313.4640 311.6300
331.2646 318.3531
365.9143 03.6607
564.9193 103.9667
582.2349 185.3612
-334.9543 64.9210
460.3951 167.2910
-236.4729 106.5149
196.0185 231.9123
487.2498 377.7100
364.6737 82.3574
-304.8609 74.1437
542.6251 388.9976
569.6929 283.4737
73.6426 191.1345
287.8257 137.3084
-27.3772 184.3898
529.6710 247.5501
465.1312 304.5748
483.2067 364.2125
351.5173 120.4251
-53.6397 157.8259
118.6308 114.4743
50.1971 178.9398
432.3808 252.8810
447.2457 259.8997
349.3893 244.9060
379.1053 167.4988
438.1080 262.3513
211.8317 108.4305
571.1740 383.4247
173.0719 97.3728
137.1165 60.8746
-55.3130 137.0626
-12.5835 162.3018
-35.8662 137.3655
-78.7075 123.0503
334.3705 274.2469
-110.1083 132.5962
513.8246 182.5148
385.9187 306.2085
55.2439 183.3619
-168.8087 97.4944
57.7398 179.6352
464.7742 363.5488
518.1521 396.6424
128.0361 162.3655
424.2441 20.2372
500.0922 184.6145
419.3142 128.1555
567.0060 310.4139
428.3744 213.8725
573.7034 272.4554
-462.0666 01.3612
499.3881 81.6627
346.3712 247.7623
569.3789 186.1887
412.2089 137.6113
250.7888 214.8981
190.3400 261.3097
302.0869 169.0695
70.9553 210.1354
396.4500 234.8166
568.8509 179.3290
338.9237 150.6763
435.8001 274.7073
-519.8656 26.6813
-205.1255 70.0449
90.9878 95.1863
305.0547 128.2793
323.7180 149.2721
517.9722 74.2308
402.2710 130.6553
214.2718 213.0844
296.0837 126.0468
-322.7758 49.3375
560.7699 385.6298
-237.9092 69.7594
-292.6678 47.7455
396.7951 165.7139
-63.3036 74.6314
-175.7403 80.5057
428.0223 108.0364
418.5255 212.2319
521.7710 202.2684
70.8715 164.0226
502.3434 51.7506
-28.0287 87.2391
-286.7379 87.0967
221.3281 84.8834
581.2364 145.3659
206.1847 260.0458
69.9169 168.4659
138.5722 196.7145
251.5053 196.8632
141.6680 79.0557
423.8264 26.0550
500.8340 194.7087
483.7029 124.9372
465.1304 174.7260
238.4391 154.1633
403.0660 207.1981
-103.0075 165.8075
-33.3958 112.6970
391.9077 149.6408
510.3493 76.4876
597.3830 130.4510
155.2223 215.7435
-377.1138 23.0537
390.1729 50.5050
335.9129 145.1392
355.8900 104.7120
-357.8540 63.0862
341.2499 63.4664
359.8438 308.5288
292.0497 185.8838
517.9352 146.7484
-01.9185 163.1005
349.1006 53.0241
131.6962 177.9751
151.0436 208.0846
481.2426 109.7401
516.5787 360.7393
-404.7194 15.0622
270.4850 150.3251
467.9807 145.9834
-55.9092 72.2065
04.7469 199.2993
-411.2502 35.0959
343.4091 146.2984
487.4364 175.0915
124.3595 247.1466
301.5606 100.1121
71.6749 190.3553
547.7111 309.3255
365.3050 149.2042
346.7828 128.1917
362.7100 12.1257
91.4070 162.2147
365.0650 95.0060
505.5124 209.3752
234.3443 77.4469
466.5067 221.7243
181.9641 177.0434
-18.0732 90.7579
487.1197 312.8022
-573.9729 48.9776
284.0101 80.9831
424.9405 34.9211
399.0767 222.9620
107.5287 154.8870
196.6391 188.0646
-206.8820 130.7769
-206.4673 99.7426
254.5887 94.2612
412.9654 339.7019
114.0993 186.2638
170.6668 108.1184
-365.4554 45.0875
121.5281 163.0312
466.9774 76.0843
489.6691 165.2291
-82.1421 152.1699
-277.7665 49.2291
596.5624 135.4703
-30.5524 190.3694
447.5503 172.9084
192.3527 134.4046
101.4788 58.5436
451.3055 82.1355
218.5920 146.4383
22.5797 207.3701
252.5824 256.1427
174.2011 142.9347
472.0626 67.3765
334.7074 162.2894
80.6941 166.7975
232.4189 154.2402
274.7609 242.0702
-108.0593 97.5798
482.3255 364.4741
541.2289 220.8448
479.2609 334.2912
-74.1171 72.4632
528.4836 257.2511
212.5461 140.4750
-324.7587 82.7133
-241.0253 69.6057
-240.4998 63.3123
256.7027 113.1214
-502.3365 16.8345
-96.7313 104.3162
75.7889 178.9344
438.2435 168.9213
205.1101 240.0049
396.3818 91.4355
205.4507 107.0439
374.3281 281.9459
402.7609 215.7809
545.7325 298.7588
-105.9217 79.0336
567.5652 310.6937
417.6009 345.2760
-75.2911 140.2185
593.0650 317.2122
-309.2481 91.9931
-180.7213 78.6081
237.9460 106.4552
111.3686 67.6235
402.5288 97.6560
42.0144 171.0474
07.6873 138.8521
519.0785 137.3508
198.6952 86.0753
223.8656 283.8347
372.8110 67.9848
74.9703 169.6713
387.1484 183.0877
328.2139 30.5078
506.8451 35.6918
-31.5516 123.7306
21.1147 166.0233
600.3875 371.4892
190.2920 64.0232
328.5642 143.4029
505.2542 197.5624
337.1528 266.3388
591.7805 212.3095
578.9874 374.8641
340.9723 262.5660
-246.3050 84.2507
165.4487 220.7036
526.7086 199.5754
324.7610 194.5073
172.5491 63.9384
443.4829 113.8021
-257.6203 81.7119
577.8810 289.4840
303.6919 122.3367
-413.9370 11.1869
530.2938 200.3167
405.2482 285.9258
488.2708 362.8421
428.2731 208.0458
-48.4913 103.9186
529.4818 393.1499
562.9948 187.7545
449.2332 244.4814
-206.2186 108.5713
393.9730 88.9325
455.3063 298.8609
142.4751 104.6380
-389.4670 33.9339
-49.0873 151.5073
531.9218 310.2582
347.7992 100.7481
-130.8212 88.5694
360.3145 128.4258
349.8918 244.9998
118.5689 145.4024
471.4369 221.8083
553.7198 225.4187
130.8714 143.3947
-120.8458 78.8499
-461.4607 06.9151
582.2808 163.4922
-407.3863 11.6081
-325.1702 71.2515
99.8782 158.5259
479.9248 187.1287
-229.9474 79.6311
-372.2866 56.7759
390.1856 241.6127
-00.6584 112.7805
-192.5948 134.5541
226.5686 167.0888
307.2568 60.8400
-87.5513 157.1730
-65.4135 109.9943
518.9826 163.5270
421.9538 190.0006
202.0460 219.6758
-293.6656 83.4804
-162.0806 106.6270
-325.0897 67.6200
485.1877 180.4994
-194.6111 114.4992
527.9714 289.6276
212.6086 229.6779
155.0665 129.6173
139.1036 188.2763
488.3690 140.3981
559.9325 168.8455
510.2941 207.8853
137.4967 186.6308
338.4661 156.8260
471.6941 257.1278
592.1848 159.6499
-136.5012 71.0521
499.2486 92.7683
385.0671 275.4333
-305.5597 70.5107
170.5661 179.9294
53.3252 114.0278
393.2689 144.5664
170.3812 168.3074
152.6980 144.4258
-27.5478 137.0812
139.0865 210.2933
-316.1941 77.3128
-386.3375 45.4756
558.9561 328.5346
-458.3825 07.8863
24.3877 79.6732
97.7258 70.7708
589.1256 71.7398
588.9862 168.0272
-252.4570 76.7289
20.6211 84.0241
23.4827 169.7109
-28.6908 94.4997
345.0210 278.9859
360.5438 277.7846
399.6793 293.6140
-477.1555 02.8599
593.8900 309.2241
-127.5422 82.4851
105.6489 167.7269
-21.6127 122.7394
572.9494 176.1430
-216.1377 66.2307
-45.5185 177.3015
466.8010 284.1721
258.3128 292.7499
84.7840 190.0081
-130.5440 108.3817
-254.3492 109.8810
493.2584 237.7781
-52.4939 86.9140
-113.3504 83.7384
-129.6025 101.1447
-530.8922 28.0413
479.5536 170.7880
-319.6575 75.7350
64.9156 169.6084
207.8807 237.6901
319.1979 295.0271
-97.1246 124.2883
470.7777 359.0252
388.6635 176.3376
590.4881 366.4142
-18.5349 138.5980
00.8668 162.5821
99.7625 159.4141
-353.5802 64.6094
189.0599 210.9958
-140.8885 124.9280
219.4202 104.2164
150.1045 84.6162
427.8660 22.9275
70.9413 108.6043
521.5262 353.0766
-262.4989 72.5594
560.5902 140.6553
129.9365 196.2293
-95.0574 106.6138
513.6625 170.8561
-447.9943 11.5680
534.5662 307.1909
-13.5600 141.3821
594.0140 317.6735
-154.9359 126.2204
25.6189 122.9140
199.1490 208.6293
127.7900 78.4688
550.9835 380.2699
495.2186 174.5110
43.5548 67.0293
-145.8063 85.5528
345.0781 201.8823
251.5518 293.7307
321.6049 260.2787
381.5637 294.7844
291.2159 239.1871
502.9979 368.6190
525.5081 165.3122
410.4932 188.8218
-381.3677 49.5793
290.1687 162.5006
-349.0767 65.3502
535.5080 187.5866
-283.0208 70.2166
356.4983 91.4388
-222.3025 71.2175
250.0002 179.6717
422.4772 365.0493
-21.4258 71.5490
153.3259 200.3146
-54.4036 77.4905
599.5083 299.1883
431.1573 223.3213
-277.0292 82.8658
100.1079 200.4069
312.1449 114.7174
549.7559 177.7891
463.4023 168.9185
534.4055 334.8102
587.8601 393.6909
560.0972 151.1849
295.8056 306.5286
139.1630 174.2471
