Raw 6D
0.004
0.0045
0.0021666666666666666
0.0033333333333333335
0.0013333333333333333
0.004166666666666667
0.004666666666666667
0.0016666666666666668
0.0023333333333333335
0.004333333333333333
0.0023333333333333335
0.0035
0.0025
0.0036666666666666666
0.0023333333333333335
0.0028333333333333335
0.0026666666666666666
0.004166666666666667
0.0026666666666666666
0.0026666666666666666
0.003
0.0033333333333333335
0.0033333333333333335
0.005
0.0031666666666666666
0.0028333333333333335
0.0016666666666666668
0.0031666666666666666
0.0018333333333333333
0.0045
