Raw 2D
0.2845
0.2815
0.2905
0.2715
0.2605
0.2775
0.2935
0.266
0.273
0.2615
0.273
0.2555
0.269
0.2885
0.281
0.2565
0.273
0.2705
0.2525
0.271
0.289
0.2825
0.253
0.265
0.275
0.2695
0.281
0.268
0.277
0.2715
Raw 10D
0.0393
0.0411
0.0463
0.0409
0.0491
0.0721
0.0318
0.0415
0.032
0.031
0.0495
0.0242
0.0291
0.0579
0.0432
0.0317
0.0371
0.0681
0.0581
0.0464
0.0699
0.0348
0.0378
0.0518
0.0503
0.0541
0.0276
0.0301
0.0561
0.0195
Raw 30D
0.013633333333333334
0.09173333333333333
0.06813333333333334
0.053033333333333335
0.0359
0.05146666666666667
0.028933333333333332
0.031133333333333332
0.07743333333333334
0.047933333333333335
0.031566666666666666
0.025966666666666666
0.069
0.03816666666666667
0.022766666666666668
0.032
0.032966666666666665
0.043633333333333336
0.0138
0.051333333333333335
0.0253
0.012933333333333333
0.06246666666666666
0.03496666666666667
0.016233333333333332
0.05846666666666667
0.017266666666666666
0.06143333333333333
0.05343333333333333
0.032733333333333337
