Raw 2D
0.0
0.0
0.0
0.0
0.0
0.0
0.0
0.0
0.0
0.0
0.0
0.0
0.0
0.0
0.0
0.0
0.0
0.0
0.0
0.0
0.0
0.0
0.0
0.0
0.0
0.0
0.0
0.0
0.0
0.0
Raw 10D
1.0E-4
1.0E-4
5.0E-4
1.0E-4
2.0E-4
4.0E-4
3.0E-4
2.0E-4
9.0E-4
2.0E-4
0.0013
5.0E-4
5.0E-4
1.0E-4
3.0E-4
5.0E-4
5.0E-4
3.0E-4
0.0013
0.0012
8.0E-4
2.0E-4
0.001
6.0E-4
3.0E-4
3.0E-4
7.0E-4
5.0E-4
4.0E-4
1.0E-4
Raw 30D
6.666666666666667E-5
3.3333333333333335E-5
0.0
1.0E-4
0.0
0.0
0.0
0.0
0.0
0.0
0.0
0.0
3.3333333333333335E-5
0.0
6.666666666666667E-5
0.0
0.0
0.0
3.3333333333333335E-5
6.666666666666667E-5
0.0
0.0
3.3333333333333335E-5
0.0
6.666666666666667E-5
0.0
6.666666666666667E-5
6.666666666666667E-5
3.3333333333333335E-5
3.3333333333333335E-5
