# FVC 3D Coordinates
-00.8837 00.0000
-00.7376 00.2543
-00.7044 00.2149
-00.7388 00.2591
-00.4169 00.6336
-00.8894 00.0608
-00.7955 00.0684
-00.8990 00.0000
-00.6617 00.1793
-00.7675 00.1483
-00.6968 00.5757
-00.9419 00.1024
-00.8558 00.0179
-00.9602 00.1827
-00.7672 00.1166
-00.4700 00.9636
-00.5587 00.5564
-00.8390 00.1505
-00.9043 00.3671
-00.8349 00.3158
-00.8070 00.2133
-00.6090 00.2130
-00.6156 01.2912
-00.6857 00.0297
-00.6461 00.1703
-00.7174 00.1716
-00.9589 00.0791
-00.8546 00.1789
-00.8094 00.1078
-00.7315 00.5306
-00.9179 00.2025
-00.5500 00.5803
-00.6570 00.4271
-00.9055 00.3527
-00.7092 00.4138
-00.4191 01.4655
-00.9570 00.0919
-00.9266 00.3197
-00.5823 00.0836
-00.7371 00.5304
-00.5408 00.5679
-00.5266 00.9704
-00.7348 00.5521
-00.6878 00.1440
-00.6810 00.8406
-00.9264 00.3083
-00.9109 00.4390
-00.5840 00.8033
-00.6397 00.3644
-00.6997 00.0085
-00.9789 00.1242
-00.8332 00.1076
-00.7061 00.3815
-00.6477 00.3839
-00.9555 00.0690
-00.7762 00.2408
-00.7708 00.6895
-00.5130 00.0000
-00.9332 00.2353
-00.7728 00.2652
-00.9774 00.0825
-00.6009 00.1276
-00.7107 00.2180
-00.7555 00.5043
-00.8936 00.1433
-00.6073 00.5182
-00.7935 00.2900
-00.6603 00.2737
-00.7346 00.0722
-00.6807 00.3106
-00.6885 00.1060
-00.8888 00.2619
-00.5696 00.6151
-00.5139 00.7456
-00.4140 01.5469
-00.7323 00.0614
-00.8320 00.0317
-00.8747 00.1832
-00.7859 00.5649
-00.7472 00.2846
-00.8705 00.1827
-00.8915 00.0152
-00.5059 00.5387
-00.8617 00.3683
-00.7367 00.0000
-00.7399 00.3636
-00.4771 00.6453
-00.8728 00.0348
-00.8379 00.1149
-00.7976 00.2832
-00.5859 00.7073
-00.7153 00.5980
-00.8741 00.3176
-00.7542 00.4711
-00.7334 00.3686
-00.8991 00.2472
-00.9037 00.3863
-00.6732 00.0642
-00.9318 00.1126
-00.7783 00.3757
-00.8309 00.2182
-00.9100 00.2603
-00.7584 00.3387
-00.7975 00.2069
-00.8446 00.2815
-00.5985 00.9437
-00.7460 00.1167
-00.7511 00.1757
-00.8920 00.2141
-00.7022 00.4446
-00.7360 00.4147
-00.8583 00.1006
-00.8671 00.2636
-00.8181 00.0176
-00.4774 01.1676
-00.7479 00.0000
-00.7631 00.2395
-00.7875 00.2607
-00.9793 00.0990
-00.7781 00.3764
-00.7918 00.0987
-00.7688 00.2745
-00.6429 00.3052
-00.9048 00.0065
-00.8026 00.0893
-00.9215 00.2466
-00.7097 00.1929
-00.9830 00.0745
-00.7459 00.1639
-00.6677 00.4639
-00.7155 00.1445
-00.6815 00.1038
-00.3867 00.9060
-00.5290 01.4657
-00.7219 00.7792
-00.9396 00.2034
-00.7176 00.3392
-00.7340 00.0000
-00.6068 00.2417
-00.9212 00.0891
-00.8374 00.1129
-00.7632 00.0000
-00.8184 00.4255
-00.5446 00.5164
-00.7898 00.0412
-00.7107 00.2706
-00.6385 00.8548
-00.9080 00.1200
-00.9211 00.0833
-00.7453 00.4887
-00.7935 00.1347
-00.7829 00.1436
-00.8419 00.0000
-00.5288 00.6195
-00.7554 00.0201
-00.7576 00.1117
-00.8149 00.0342
-00.6996 00.9515
-00.6034 00.1892
-00.7263 00.9732
-00.6874 00.2843
-00.7177 00.1199
-00.9381 00.0474
-00.8643 00.3780
-00.7131 00.1882
-00.4871 00.0516
-00.9497 00.3423
-00.9770 00.1055
-00.6674 00.6436
-00.7307 00.0205
-00.7353 00.1041
-00.5832 00.8396
-00.7711 00.2745
-00.5639 00.4288
-00.6823 00.0998
-00.8580 00.4641
-00.7134 00.0174
-00.6312 00.4364
-00.5080 00.9807
-00.7225 00.5597
-00.5468 00.4623
-00.8622 00.0283
-00.6661 00.1705
-00.5912 00.7355
-00.9259 00.1927
-00.6844 00.6785
-00.9070 00.2805
-00.5185 00.3423
-00.5986 00.6325
-00.5689 00.6821
-00.7085 00.3371
-00.6530 00.1636
-00.5816 00.1375
-00.6414 00.3408
-00.8259 00.2441
-00.7881 00.2683
-00.6726 00.4441
-00.6420 00.0000
-00.7406 00.0000
-00.7962 00.0405
-00.8907 00.1354
-00.6289 00.7947
-00.6805 00.7061
-00.8129 00.4267
-00.8998 00.2981
-00.6199 01.0622
-00.6614 00.2671
-00.9174 00.3504
-00.9348 00.0533
-00.7765 00.1810
-00.5216 01.3047
-00.7778 00.3315
-00.9467 00.1065
-00.5873 01.0639
-00.8839 00.0000
-00.8302 00.2000
-00.7661 00.1929
-00.8341 00.1612
-00.7402 00.5411
-00.8947 00.1808
-00.7346 00.4893
-00.9256 00.2725
-00.7232 00.2218
-00.6925 00.1689
-00.7266 00.1156
-00.7081 00.1230
-00.7623 00.0152
-00.5656 00.0517
-00.6943 00.2437
-00.6359 00.0920
-00.6563 00.0392
-00.5425 00.0953
-00.6859 00.1499
-00.7602 00.3925
-00.6347 00.4429
-00.9523 00.3563
-00.7376 00.4097
-00.9027 00.3785
-00.9699 00.2795
-00.6867 00.1659
-00.8482 00.2129
-00.8479 00.0855
-00.7054 00.2433
-00.7291 00.1238
-00.8723 00.4074
-00.8858 00.0982
-00.7928 00.0155
-00.9947 00.0170
-00.6889 00.2024
-00.7848 00.4505
-00.7174 00.9987
-00.7555 00.0096
-00.6578 00.2171
-00.6050 00.2861
-00.7769 00.2247
-00.7565 00.1264
-00.5378 00.6865
-00.6235 00.1595
-00.6369 00.9269
-00.6273 00.1505
-00.8549 00.2688
-00.6053 00.0114
-00.6111 00.0890
-00.7965 00.3622
-00.8491 00.0537
-00.6199 00.4237
-00.8693 00.1763
-00.7856 00.2781
-00.8403 00.0621
-00.7234 00.5937
-00.9732 00.3004
-00.9262 00.2053
-00.5789 00.9732
-00.8459 00.4093
-00.7017 00.2031
-00.7141 00.1989
-00.8552 00.1149
-00.8740 00.1715
-00.9274 00.1932
-00.7912 00.1736
-00.9011 00.1531
-00.6951 00.7844
-00.7046 00.2454
-00.9703 00.0310
-00.8500 00.1103
-00.9230 00.0065
-00.6466 00.5458
-00.6169 00.0010
-00.8994 00.1665
-00.8818 00.0820
-00.7603 00.7790
-00.7784 00.3898
-00.8032 00.1030
-00.8201 00.2300
-00.7722 00.1421
-00.5293 00.2651
-00.5958 00.4644
-00.7497 00.6152
-00.9357 00.1704
-00.8382 00.0141
-00.7723 00.0592
-00.7442 00.1544
-00.7571 00.1280
-00.6787 00.3746
-00.7769 00.3846
-00.5787 00.6028
-00.7473 00.2591
-00.8323 00.1896
-00.8473 00.3812
-00.8790 00.0067
-00.6930 00.1845
-00.8940 00.0145
-00.8173 00.0576
-00.9557 00.0189
-00.8452 00.1971
-00.5758 00.7997
-00.8787 00.2531
-00.6891 00.6618
-00.6003 00.2589
-00.5363 00.9167
-00.7290 01.0560
-00.7340 00.4827
-00.8166 00.3898
-00.6655 00.2008
-00.8997 00.0000
-00.6436 00.6864
-00.9578 00.0593
-00.6542 00.0002
-00.7603 00.2511
-00.7819 00.1301
-00.6037 00.9718
-00.8576 00.1287
-00.9490 00.4143
-00.7438 00.0238
-00.6250 00.1144
-00.8454 00.1255
-00.7481 00.5516
-00.7565 00.8353
-00.7209 00.4284
-00.6219 00.1479
-00.6528 00.2114
-00.7661 00.1195
-00.9301 00.1146
-00.6311 00.0005
-00.8573 00.0112
-00.8790 00.2362
-00.8593 00.1971
-00.9189 00.2060
-00.4652 01.6823
-00.6455 00.3468
-00.5921 00.1881
-00.9576 00.3738
-00.8952 00.2837
-00.7319 00.2810
-00.8825 00.0127
-00.8801 00.1078
-00.6351 00.0000
-00.8178 00.2135
-00.7064 00.3057
-00.8802 00.0741
-00.9432 00.1747
-00.9553 00.2380
-00.9751 00.1622
-00.7002 00.8479
-00.8065 00.1730
-00.4512 01.1904
-00.7680 00.1040
-00.7448 00.2526
-00.8913 00.0000
-00.6473 00.0000
-00.7163 00.3691
-00.7755 00.0598
-00.6393 00.6357
-00.6459 00.7893
-00.6521 00.1671
-00.8838 00.4155
-00.6760 00.6586
-00.7977 00.1620
-00.9310 00.2931
-00.6476 00.7651
-00.7763 00.7039
-00.5190 00.6060
-00.8132 00.0111
-00.7559 00.6156
-00.7497 00.1840
-00.7307 00.2057
-00.7302 00.3388
-00.7564 00.4086
-00.6605 00.0174
-00.8944 00.1019
-00.5616 00.2474
-00.7556 00.3164
-00.6918 00.1861
-00.8522 00.0625
-00.8449 00.3299
-00.8039 00.1753
-00.6369 00.0978
-00.9417 00.2806
-00.8525 00.0520
-00.4811 00.6861
-00.7829 00.0000
-00.6490 00.2392
-00.5889 00.6833
-00.7004 00.4072
-00.7564 00.4655
-00.8660 00.1505
-00.8059 00.1485
-00.7783 00.2337
-00.9116 00.1108
-00.7798 00.0158
-00.7339 00.0835
-00.7531 00.0910
-00.8521 00.2380
-00.8509 00.2482
-00.6963 00.8967
-00.8894 00.2246
-00.7307 00.3991
-00.6408 00.5142
-00.5497 00.9687
-00.8385 00.2593
-00.4877 00.5231
-00.6973 00.8408
-00.9058 00.2835
-00.6609 00.2401
-00.7609 00.0000
-00.6254 00.0431
-00.8019 00.1877
-00.5893 00.3632
-00.8233 00.1784
-00.8052 00.2253
-00.6817 01.0018
-00.6089 00.3033
-00.6029 00.6195
-00.5951 00.9601
-00.6805 00.5836
-00.6273 00.1514
-00.7660 00.0502
-00.8205 00.0000
-00.5883 01.0600
-00.5756 00.3135
-00.6504 00.2191
-00.6453 00.0729
-00.7115 00.2809
-00.7209 00.4678
-00.9310 00.1198
-00.7230 00.1430
-00.9102 00.3473
-00.8447 00.1874
-00.5841 00.3316
-00.8211 00.1508
-00.7757 00.3418
-00.6894 00.4929
-00.6554 01.1810
-00.7903 00.0796
-00.8794 00.0729
-00.7780 00.1135
-00.7035 00.3052
-00.9545 00.2389
-00.8747 00.5041
-00.8492 00.1894
-00.9503 00.0000
-00.9341 00.0178
-00.4811 01.2836
-00.9054 00.3811
-00.6693 00.0502
-00.8808 00.2251
-00.6862 00.3736
-00.8992 00.2427
-00.9463 00.4122
-00.6340 00.0000
-00.8155 00.3256
-00.6225 00.7206
-00.7621 00.2242
-00.8498 00.2261
-00.7200 00.3383
-00.6404 00.6633
-00.8147 00.3482
-00.8970 00.1117
-00.7304 00.1379
-00.7441 00.2185
-00.7140 00.4149
-00.6892 00.1273
-00.6014 00.2258
-00.6935 00.2696
-00.8454 00.0478
-00.6410 00.6500
-00.8257 00.1346
-00.9703 00.1740
-00.9584 00.1505
-00.8041 00.0000
-00.5216 00.3414
-00.7587 00.1353
-00.6336 00.0109
-00.7956 00.2378
-00.9202 00.0623
-00.6529 00.1987
-00.7558 00.3113
-00.5628 01.1576
-00.7312 00.1524
-00.4486 01.3424
-00.9443 00.0399
-00.5346 01.0534
-00.7285 00.7104
-00.7687 00.3095
-00.7402 00.0021
-00.9049 00.2197
-00.8952 00.1035
-00.6334 00.1481
-00.6666 00.2523
-00.7237 00.2378
-00.6160 00.3005
-00.9070 00.2666
-00.9213 00.1908
-00.9153 00.0060
-00.9102 00.0000
-00.5424 00.5523
-00.6976 00.8390
-00.7495 00.5269
-00.5285 00.3596
-00.6440 00.8878
-00.9030 00.0678
-00.6508 00.2344
-00.9493 00.1285
-00.7622 00.3302
-00.8598 00.3256
-00.8173 00.0187
-00.3721 01.1297
-00.8102 00.1349
-00.6837 00.4928
-00.8330 00.1808
-00.6789 00.8655
-00.5125 00.8076
-00.7845 00.0919
-00.7236 00.2668
-00.8458 00.0059
-00.4757 00.7781
-00.7519 00.1715
-00.7414 00.1485
-00.5934 00.2374
-00.7217 00.7682
-00.6599 00.2329
-00.6681 00.0000
-00.9904 00.0000
-00.4729 00.8714
-00.8247 00.1135
-00.9048 00.0531
-00.5312 00.2860
-00.4886 01.0962
-00.8710 00.2010
-00.7473 00.4920
-00.7463 00.5651
-00.9008 00.4122
-00.8310 00.1569
-00.9442 00.1894
-00.9281 00.2111
-00.8803 00.1746
-00.9160 00.4137
-00.7359 00.5764
-00.9160 00.2195
-00.5267 00.9841
-00.7740 00.4091
-00.9568 00.0197
-00.7888 00.3172
-00.8273 00.2670
-00.6974 00.0089
-00.7795 00.1558
-00.5338 00.8285
-00.6605 00.4597
-00.7368 00.9584
-00.8413 00.0660
-00.9185 00.2988
-00.8521 00.0268
-00.9537 00.1343
-00.4552 00.3637
-00.6965 00.9752
-00.7387 00.3695
-00.6233 01.0566
-00.4448 01.4801
-00.6465 00.9548
-00.9222 00.2807
-00.8430 00.1646
-00.6545 00.2796
-00.8450 00.0883
-00.7808 00.3406
-00.8635 00.3332
-00.6525 00.2964
-00.7972 00.1905
-00.7268 00.5123
-00.8091 00.3060
-00.8275 00.1328
-00.6968 00.1368
-00.7265 00.0826
-00.6856 00.3964
-00.7360 00.4335
-00.6712 00.3511
-00.8514 00.0970
-00.8105 00.1245
-00.9450 00.4275
-00.8595 00.0028
-00.7766 00.3183
-00.9010 00.0930
-00.5861 00.4801
-00.7236 00.5476
-00.8667 00.1289
-00.6053 01.0214
-00.7534 00.5420
-00.8629 00.3079
-00.4903 00.2879
-00.6129 00.8670
-00.6542 00.0802
-00.9498 00.1008
-00.4701 01.2101
-00.8980 00.4053
-00.8619 00.1144
-00.6776 00.3063
-00.5511 00.2019
-00.9666 00.1497
-00.8830 00.0264
-00.6321 00.9209
-00.5604 00.7896
-00.5442 01.0375
-00.7497 00.2195
-00.8287 00.1237
-00.7382 00.0000
-00.6126 00.4599
-00.9590 00.1879
-00.9435 00.0395
-00.8100 00.1588
-00.8062 00.2003
-00.8954 00.0076
-00.6480 00.3750
-00.9608 00.2724
-00.8184 00.4838
-00.9261 00.3531
-00.4228 00.5904
-00.6932 00.3114
-00.3401 01.4641
-00.8813 00.0718
-00.4965 00.4321
-00.7589 00.0954
-00.8466 00.1171
-00.7231 00.2331
-00.7493 00.4733
-00.8287 00.0550
-00.9937 00.0885
-00.7925 00.0000
-00.8134 00.2809
-00.7962 00.1500
-00.5651 00.2636
-00.8636 00.0796
-00.8738 00.0448
-00.9531 00.2591
-00.8350 00.1534
-00.7002 00.7482
-00.7663 00.1520
-00.7799 00.4112
-00.8593 00.0000
-00.7617 00.1262
-00.9249 00.3325
-00.6315 00.1305
-00.5939 00.5676
-00.9648 00.4107
-00.8306 00.4097
-00.4851 01.5408
-00.8381 00.2079
-00.5752 00.0000
-00.7232 00.1541
-00.7991 00.0798
-00.8259 00.0828
-00.7719 00.2305
-00.9234 00.1864
-00.4080 00.7019
-00.7479 00.4973
-00.7614 00.2411
-00.7757 00.0761
-00.9051 00.0000
-00.7745 00.0353
-00.7963 00.2575
-00.8132 00.3129
-00.8893 00.2457
-00.6326 01.0148
-00.8438 00.1082
-00.5332 00.8569
-00.8987 00.3310
-00.8694 00.1423
-00.7351 00.3915
-00.7604 00.2411
-00.8344 00.0773
-00.8951 00.1241
-00.9538 00.4507
-00.7865 00.3662
-00.7297 00.1648
-00.8519 00.1847
-00.8747 00.2383
-00.6945 00.1071
-00.7307 00.4071
-00.6444 00.4535
-00.8666 00.1860
-00.5159 00.2516
-00.8128 00.0677
-00.7368 00.4345
-00.5267 00.1080
-00.9355 00.0407
-00.7420 00.9609
-00.7616 00.4288
-00.7961 00.1869
-00.6528 00.1004
-00.7271 00.7470
-00.6276 00.6908
-00.7528 00.0732
-00.9144 00.5144
-00.9316 00.2918
-00.7342 01.1435
-00.7846 00.2630
-00.9622 00.0000
-00.8264 00.1877
-00.7584 00.4759
-00.7091 00.2273
-00.7393 00.3701
-00.6198 00.0720
-00.7095 00.1540
-00.7016 00.1685
-00.7431 00.3250
-00.9206 00.1114
-00.8763 00.0971
-00.7454 00.0347
-00.9787 00.1777
-00.8002 00.1413
-00.7995 00.4339
-00.8524 00.1849
-00.5533 00.8160
-00.7611 00.2153
-00.5596 00.8623
-00.8729 00.2950
-00.8711 00.4196
-00.7019 00.1115
-00.8669 00.1735
-00.9044 00.1160
-00.9388 00.2582
-00.7565 00.1683
-00.8297 00.1310
-00.9358 00.1700
-00.5948 00.8770
-00.8431 00.1634
-00.5329 00.0597
-00.8908 00.0833
-00.7466 00.2200
-00.8558 00.3405
-00.9655 00.2304
-00.5222 00.3626
-00.8777 00.1603
-00.9650 00.1161
-00.7442 00.4593
-00.9040 00.1786
-00.7087 00.3501
-00.6846 00.1280
-00.6676 00.4415
-00.6267 00.0830
-00.7896 00.2309
-00.7607 00.4662
-00.6583 00.1091
-00.5831 00.4884
-00.7134 00.5460
-00.7428 00.2888
-00.8741 00.4329
-00.8706 00.0039
-00.8406 00.1549
-00.8585 00.1126
-00.7671 00.3481
-00.7352 00.0467
-00.8415 00.2872
-00.7759 00.2055
-00.7398 00.0181
-00.7308 00.4558
-00.7964 00.0594
-00.7877 00.0788
-00.7777 00.1164
-00.6315 00.8106
-00.7514 00.1573
-00.7690 00.0995
-00.8148 00.2510
-00.8625 00.0566
-00.5599 00.2747
-00.7861 00.1600
-00.8839 00.0865
-00.8871 00.0928
-00.7130 01.0087
-00.7934 00.4128
-00.7236 00.1212
-00.5740 00.2290
-00.8919 00.0000
-00.6714 00.9703
-00.7708 00.3115
-00.8507 00.0000
-00.7471 00.3596
-00.3747 01.0332
-00.7448 00.1099
-00.6691 00.7169
-00.6460 00.1904
-00.9056 00.1848
-00.7988 00.0845
-00.6561 00.9492
-00.6293 00.9314
-00.4997 01.1489
-00.8521 00.3120
-00.8102 00.3457
-00.6088 00.2484
-00.5692 00.4532
-00.9821 00.1106
-00.6763 00.2867
-00.9128 00.0611
-00.7658 00.3829
-00.7362 00.8084
-00.7548 00.2889
-00.9182 00.1814
-00.6957 00.2304
-00.8477 00.0254
-00.6486 00.0381
-00.5792 00.8724
-00.7757 00.0664
-00.5158 00.9069
-00.5827 00.3517
-00.6810 00.0587
-00.8248 00.0697
-00.9566 00.1352
-00.8944 00.1370
-00.7189 00.0000
-00.7057 00.2603
-00.9715 00.1546
-00.7442 00.3364
-00.6950 00.2269
-00.7641 00.2537
-00.9708 00.2173
-00.6875 00.0000
-00.7439 00.0684
-00.6786 00.0946
-00.7200 00.2153
-00.6151 00.2743
-00.6665 00.3500
-00.4415 01.1489
-00.8824 00.3312
-00.4946 00.4486
-00.7580 00.7678
-00.7843 00.3519
-00.7533 00.5914
-00.7268 00.4115
-00.7335 01.1342
-00.9989 00.0506
-00.8458 00.1875
-00.9899 00.1270
-00.5992 00.6031
-00.9345 00.1464
-00.7254 01.1326
-00.8236 00.0000
-00.8154 00.4239
-00.9379 00.2653
-00.8023 00.1226
-00.8065 00.0282
-00.5293 00.7986
-00.5706 00.6527
-00.7158 00.6315
-00.6380 00.8199
-00.7488 00.1871
-00.8066 00.0906
-00.6987 00.3005
-00.6643 00.2421
-00.6571 00.0003
-00.6479 00.9339
-00.6031 01.0136
-00.7952 00.0789
-00.5374 01.2564
-00.6814 00.2806
-00.7032 00.3585
-00.6766 00.4033
-00.3316 01.5659
-00.5787 00.0000
-00.8446 00.0081
-00.7090 00.2519
-00.5975 00.5505
-00.8766 00.0986
-00.7679 00.2808
-00.5514 00.4992
-00.3927 01.1299
-00.9052 00.2714
-00.7968 00.1414
-00.6223 00.3267
-00.7840 00.4046
-00.9479 00.0473
-00.6895 00.9676
-00.8014 00.3916
-00.7936 00.0423
-00.8274 00.2888
-00.6716 00.1509
-00.8936 00.0992
-00.6503 00.2735
-00.7494 00.2643
-00.7286 00.0498
-00.6517 00.0901
-00.6223 00.9702
-00.7655 00.6782
-00.6824 00.0066
-00.7861 00.5915
-00.5666 00.2908
-00.9952 00.3123
-00.7889 00.1907
-00.8059 00.3963
-00.7041 00.6849
-00.7653 00.1917
-00.8632 00.0260
-00.5391 00.6043
-00.8190 00.0357
-00.7379 00.5272
-00.6710 00.2216
-00.8777 00.1088
-00.7268 00.2920
-00.9064 00.1582
-00.8057 00.2895
-00.6604 00.1960
-00.9050 00.1278
-00.7764 00.0431
-00.6998 00.1117
-00.6947 00.1550
-00.6912 00.3843
-00.9299 00.1538
-00.5681 00.5580
-00.6610 00.5828
-00.6164 00.4528
-00.7082 00.1060
-00.8491 00.0000
-00.8324 00.4071
-00.8331 00.6027
-00.8342 00.2346
-00.5108 00.1385
-00.6682 00.1209
-00.8570 00.1867
-00.7440 00.1092
-00.7197 00.4754
-00.7072 00.8351
-00.8727 00.3829
-00.8353 00.3878
-00.9155 00.0876
-00.8691 00.1667
-00.7079 00.4904
-00.7491 00.2179
-00.9057 00.0094
-00.8295 00.0936
-00.5191 01.0662
-00.6843 00.2650
-00.6723 00.3343
-00.7279 00.9636
-00.6962 00.0603
-00.8724 00.0707
-00.8360 00.0477
-00.6354 00.1089
-00.9686 00.1933
-00.7513 00.0692
-00.6860 00.2365
-00.7582 00.0217
-00.4269 00.7529
-00.6328 00.1341
-00.7704 00.2494
-00.9421 00.1379
-00.7636 00.2096
-00.7842 00.2469
-00.7375 00.9786
-00.8205 00.2641
-00.5123 00.3904
-00.5257 00.7874
-00.9508 00.3349
-00.6879 00.1269
-00.8496 00.3305
-00.6494 00.6659
-00.7147 00.2534
-00.8312 00.2910
-00.6501 00.0000
-00.8084 00.3485
-00.8715 00.0000
-00.9482 00.2403
-00.5760 00.1939
-00.6937 00.4201
-00.9292 00.2276
-00.5127 00.9311
-00.7746 00.1554
-00.7330 00.1890
-00.6908 00.1024
-00.7521 00.3201
-00.7995 00.4205
-00.9085 00.0218
-00.8675 00.0161
-00.8619 00.3470
-00.6196 01.1055
-00.7454 00.5020
-00.7734 00.3322
-00.9041 00.0223
-00.6357 01.0852
-00.8527 00.0000
-00.8958 00.1140
-00.6601 00.3173
-00.8536 00.4505
-00.6742 00.1081
-00.5466 00.5180
-00.6880 00.5103
-00.8283 00.0000
-00.6800 00.1323
-00.8474 00.1403
-00.7184 00.5372
-00.9335 00.2580
-00.8704 00.0050
-00.7393 00.0735
-00.8627 00.4466
-00.8757 00.2787
-00.6178 00.0839
-00.7304 00.9141
-00.8387 00.0764
-00.9742 00.2815
-00.7873 00.2521
-00.9449 00.2254
-00.7542 00.4765
-00.6369 00.1584
-00.5500 00.6515
-00.8379 00.1152
-00.9803 00.1581
-00.8219 00.1360
-00.6316 00.1144
-00.6919 00.3616
-00.9180 00.1622
-00.8455 00.0000
-00.8534 00.2145
-00.8437 00.2651
-00.6966 00.1404
-00.7700 00.4472
-00.8513 00.1160
-00.6364 01.0009
-00.6173 00.5418
-00.7622 00.0449
-00.8979 00.2898
-00.5800 00.1744
-00.9223 00.1152
-00.9229 00.1143
-00.8078 00.3111
-00.5889 00.1910
-00.4243 01.3711
-00.6134 00.9287
-00.9373 00.3295
-00.6230 00.5626
-00.8618 00.2570
-00.7435 00.3248
-00.9169 00.1450
-00.7337 00.1584
-00.7424 00.4604
-00.9204 00.0792
-00.5862 00.0623
-00.6830 00.0416
-00.8411 00.1811
-00.7901 00.2855
-00.7172 00.2530
-00.9418 00.2375
-00.8635 00.2207
-00.6061 00.2701
-00.7089 00.3164
-00.8356 00.2756
-00.4176 00.6567
-00.7934 00.2621
-00.7332 00.1200
-00.6612 00.3814
-00.7575 00.2142
-00.7649 00.1495
-00.6291 00.6065
-00.5376 01.1321
-00.6446 00.3476
-00.8997 00.3813
-00.8059 00.0113
-00.7458 00.2839
-00.3608 01.2334
-00.8343 00.1352
-00.8386 00.2071
-00.5838 00.2735
-00.4947 01.2313
-00.8150 00.1670
-00.7952 00.0741
-00.6816 00.2592
-00.7718 00.1482
-00.5434 00.5321
-00.5826 00.2228
-00.5927 00.2764
-00.7202 01.0557
-00.6667 00.1041
-00.7171 00.2504
-00.5901 00.8736
-00.9132 00.0000
-00.8040 00.1116
-00.8043 00.0000
-00.4424 01.1786
-00.7247 00.5492
-00.8796 00.1152
-00.6734 00.1133
-00.4360 01.3070
-00.8829 00.1886
-00.7232 00.5276
-00.6037 00.2968
-00.7916 00.2729
-00.5283 00.8582
-00.8417 00.2511
-00.8194 00.0403
-00.6372 00.3006
-00.6148 00.3550
-00.9383 00.1670
-00.7785 00.7528
-00.8568 00.1027
-00.7925 00.2297
-00.8479 00.1649
-00.7236 00.9992
-00.8659 00.2780
-00.6186 00.4156
-00.8213 00.1469
-00.6819 00.5557
-00.6475 00.8464
-00.8300 00.0475
-00.7393 00.5014
-00.9440 00.1479
-00.8789 00.2951
-00.8674 00.0797
-00.8691 00.1608
-00.5968 00.7410
-00.8487 00.1315
-00.9414 00.0000
-00.5193 00.5670
-00.7158 00.3505
-00.5975 00.6342
-00.8087 00.2481
-00.7610 00.0000
-00.7164 00.5091
-00.8104 00.0754
-00.8061 00.0000
-00.5502 00.8799
-00.8071 00.4293
-00.9035 00.1975
-00.8445 00.1636
-00.7225 00.1717
-00.6525 00.4015
-00.6208 00.1010
-00.9308 00.1554
-00.4087 00.7719
-00.6868 00.2491
-00.9376 00.2653
-00.6601 00.6366
-00.5891 00.6960
-00.6534 00.4203
-00.8014 00.2521
-00.8247 00.2471
-00.4833 00.5786
-00.5490 00.1903
-00.9494 00.0751
-00.7157 00.2278
-00.7509 00.3074
-00.9132 00.0000
-00.5992 00.3145
-00.7974 00.1120
-00.7221 00.0375
-00.8043 00.0002
-00.8727 00.1893
-00.8867 00.1764
-00.5811 00.7115
-00.8863 00.2186
-00.9371 00.0000
-00.9504 00.1927
-00.7742 00.0162
-00.8396 00.3030
-00.8958 00.0000
-00.8575 00.3633
-00.8540 00.5959
-00.6810 00.5702
-00.6953 00.3424
-00.6253 00.8216
-00.7448 00.0851
-00.7730 00.3875
-00.7636 00.1876
-00.7827 00.1833
-00.7103 00.8385
-00.8548 00.0000
-00.6315 00.4846
-00.7174 00.1311
-00.9404 00.3137
-00.8387 00.1231
-00.7658 00.3348
-00.7737 00.3798
-00.8248 00.3156
-00.9878 00.0939
-00.8493 00.3774
-00.7442 00.1078
-00.9127 00.0000
-00.5768 00.3285
-00.6305 00.2351
-00.8644 00.2357
-00.7365 00.6704
-00.8994 00.1816
-00.5351 01.1295
-00.7514 00.5721
-00.8253 00.3199
-00.9535 00.1746
-00.4540 00.4577
-00.6493 00.2075
-00.6887 00.0117
-00.5561 00.3966
-00.6606 00.3446
-00.8526 00.3464
-00.6846 01.0798
-00.7813 00.1396
-00.9967 00.2673
-00.8806 00.2648
-00.4133 01.3465
-00.9223 00.3170
-00.9777 00.3359
-00.6263 00.4476
-00.6673 01.0772
-00.7229 00.9042
-00.9312 00.2311
-00.8471 00.3041
-00.8955 00.6206
-00.7055 00.8917
-00.8033 00.1524
-00.7129 00.0000
-00.7525 00.5810
-00.7391 00.9240
-00.5635 00.0981
-00.7669 00.5512
-00.8049 00.0000
-00.9170 00.1760
-00.7159 00.2273
-00.7540 00.2432
-00.7023 00.4822
-00.6361 00.0403
-00.8514 00.2752
-00.8461 00.1665
-00.4429 00.9473
-00.9393 00.2632
-00.7274 00.6431
-00.6979 00.3459
-00.7148 00.5031
-00.9236 00.0568
-00.6005 00.3429
-00.6289 00.4389
-00.5193 00.6111
-00.7253 00.5901
-00.4920 00.8447
-00.8318 00.0732
-00.6866 00.0585
-00.7414 00.0752
-00.8060 00.1513
-00.8768 00.2440
-00.6610 00.7352
-00.7350 00.0644
-00.7261 00.0250
-00.9138 00.0734
-00.9907 00.2684
-00.6516 00.8272
-00.7025 00.1947
-00.7868 00.0886
-00.7072 00.0000
-00.7887 00.2001
-00.9562 00.4137
-00.6877 00.2675
-00.8760 00.0428
-00.7514 00.1258
-00.7138 00.6915
-00.8832 00.1145
-00.8715 00.0879
-00.4235 01.3673
-00.8368 00.0124
-00.4399 00.5534
-00.9205 00.3985
-00.7574 00.2436
-00.7602 00.1961
-00.7545 00.1430
-00.6041 00.3720
-00.7681 00.1048
-00.7218 00.2998
-00.6000 00.3283
-00.5813 00.6539
-00.9110 00.1166
-00.7850 00.0300
-00.7258 00.2670
-00.9027 00.0078
-00.7073 01.0054
-00.6811 00.0457
-00.6834 00.4851
-00.8091 00.1460
-00.7720 00.0000
-00.6350 00.5936
-00.6589 00.9786
-00.7706 00.0664
-00.7783 00.3038
-00.6759 00.5803
-00.7054 00.1064
-00.6817 00.0487
-00.6664 00.2434
-00.7595 00.3472
-00.7960 00.1859
-00.6059 00.7381
-00.6358 00.4302
-00.7428 00.3544
-00.9162 00.0792
-00.6223 00.0694
-00.7489 00.2098
-00.9183 00.2628
-00.8642 00.2175
-00.8939 00.1949
-00.5669 00.4061
-00.5470 00.5050
-00.9780 00.1651
-00.8067 00.0606
-00.8080 00.1107
-00.4920 00.7603
-00.6335 01.1060
-00.9617 00.0756
-00.9032 00.2743
-00.9343 00.2670
-00.8408 00.3980
-00.8668 00.2955
-00.7216 00.4185
-00.6715 00.2855
-00.8000 00.2606
-00.5385 01.1165
-00.8115 00.2438
-00.6597 00.3518
-00.8685 00.0311
-00.6538 00.1266
-00.9297 00.1967
-00.9739 00.0238
-00.9357 00.0730
-00.7353 00.0326
-00.5327 00.4867
-00.8673 00.0640
-00.4311 00.4365
-00.6349 00.2194
-00.9112 00.1886
-00.9363 00.2392
-00.7910 00.0755
-00.7144 00.1290
-00.6787 01.1767
-00.7911 00.0743
-00.8492 00.0387
-00.9326 00.3576
-00.8899 00.2028
-00.5316 00.0000
-00.8648 00.1956
-00.9218 00.2295
-00.9583 00.2189
-00.8581 00.1290
-00.6926 00.0246
-00.5206 00.0550
-00.7849 00.2506
-00.6750 00.2449
-00.7999 00.0948
-00.8724 00.2973
-00.4799 00.9116
-00.5657 00.4616
-00.7482 00.5520
-00.8522 00.2106
-00.8163 00.0745
-00.9253 00.1143
-00.6182 00.7385
-00.5338 00.7624
-00.6311 00.0629
-00.5675 00.7045
-00.5894 00.3568
-00.4917 00.9256
-00.6147 00.7947
-00.7460 00.2060
-00.6335 00.2112
-00.7221 00.3321
-00.9090 00.0588
-00.6934 00.0598
-00.7484 00.9720
-00.5336 00.3190
-00.9277 00.0446
-00.7702 00.2050
-00.6254 01.1145
-00.8429 00.3598
-00.8418 00.0308
-00.6580 00.6555
-00.7149 00.4268
-00.7604 00.2944
-00.8277 00.2192
-00.6906 00.0796
-00.8565 00.2139
-00.6547 00.3227
-00.7705 00.1601
-00.7461 00.0700
-00.7147 00.5812
-00.8494 00.2248
-00.8554 00.2012
-00.5665 00.8056
-00.9037 00.1240
-00.4269 00.9977
-00.7315 00.2105
-00.5972 00.5714
-00.8791 00.2441
-00.7650 00.0431
-00.8444 00.0705
-00.8139 00.0565
-00.4192 01.3221
-00.6519 00.6887
-00.8703 00.2855
-00.8781 00.1855
-00.5807 00.6703
-00.9417 00.1255
-00.8890 00.0242
-00.7150 00.1365
-00.7308 00.1566
-00.5688 00.1161
-00.7210 00.2265
-00.8076 00.3348
-00.8221 00.0000
-00.7442 00.0585
-00.6708 00.2340
-00.8943 00.0000
-00.5753 00.8707
-00.8566 00.0526
-00.7692 00.2400
-00.6808 00.9557
-00.8322 00.1585
-00.5582 00.7827
-00.7822 00.0934
-00.8928 00.1100
-00.6023 00.2676
-00.5643 00.3426
-00.8885 00.1865
-00.8403 00.2586
-00.8743 00.1597
-00.9564 00.0264
-00.9367 00.2317
-00.6072 00.5789
-00.7407 00.3956
-00.8284 00.2845
-00.7300 00.0232
-00.6851 00.1027
-00.6247 00.6118
-00.8062 00.1872
-00.7123 00.5003
-00.7671 00.2717
-00.8864 00.0294
-00.5504 01.0639
-00.5752 00.2310
-00.8631 00.4695
-00.6885 00.9503
-00.8882 00.0561
-00.8253 00.3121
-00.6436 00.0980
-00.7645 00.0000
-00.8989 00.0532
-00.6927 00.9584
-00.6291 00.0724
-00.6547 00.9394
-00.6779 00.5716
-00.7132 00.0255
-00.8784 00.3843
-00.7881 00.0000
-00.7656 00.4413
-00.9256 00.3331
-00.6779 00.0941
-00.5655 00.9604
-00.9555 00.0785
-00.6057 00.1023
-00.7763 00.2509
-00.6937 00.1827
-00.8302 00.0749
-00.4871 01.3000
-00.7768 00.0916
-00.5548 00.3292
-00.7418 00.8953
-00.4693 00.1020
-00.8612 00.0766
-00.5515 00.1012
-00.7028 00.1935
-00.8863 00.1847
-00.7957 00.3100
-00.6902 00.1150
-00.6275 00.1483
-00.7044 00.9028
-00.7931 00.3633
-00.4225 00.4059
-00.6500 00.6548
-00.4854 00.4325
-00.7495 00.0735
-00.7358 00.0000
-00.7074 00.0072
-00.7549 00.2719
-00.7965 00.0000
-00.6620 00.4586
-00.8865 00.2611
-00.8706 00.0216
-00.8953 00.0590
-00.9216 00.4448
-00.8338 00.1459
-00.9079 00.2703
-00.9461 00.2380
-00.7599 00.1937
-00.8538 00.3632
-00.8946 00.0575
-00.3701 00.9805
-00.6978 00.2263
-00.8956 00.3040
-00.7950 00.0749
-00.9240 00.3426
-00.6804 00.4667
-00.8958 00.1394
-00.5323 00.8172
-00.7846 00.2798
-00.8357 00.1013
-00.8740 00.4177
-00.8536 00.3665
-00.6757 00.2193
-00.6572 00.2550
-00.6262 00.1848
-00.7479 00.8624
-00.5597 00.0232
-00.6170 00.2177
-00.8405 00.0000
-00.7978 00.0273
-00.9844 00.0032
-00.9456 00.1922
-00.7413 00.2192
-00.7989 00.3054
-00.6626 00.2436
-00.9149 00.2514
-00.7375 00.5490
-00.7276 00.3633
-00.8474 00.0743
-00.6247 00.0796
-00.8537 00.3909
-00.8318 00.1956
-00.7670 00.0038
-00.9956 00.3126
-00.6390 00.6486
-00.8084 00.0000
-00.8100 00.0948
-00.7887 00.2679
-00.8728 00.0886
-00.4734 00.7654
-00.9049 00.2211
-00.6557 00.8800
-00.7674 00.4981
-00.7941 00.3201
-00.7871 00.1727
-00.9596 00.3007
-00.8523 00.0827
-00.9759 00.1939
-00.8646 00.3438
-00.7640 00.3001
-00.6840 00.1194
-00.9103 00.4463
-00.7328 00.0546
-00.7644 00.1763
-00.8630 00.3830
-00.5393 00.2416
-00.9477 00.0827
-00.8359 00.3802
-00.8479 00.1868
-00.7158 00.8102
-00.6948 00.2420
-00.5519 00.5897
-00.7236 00.2658
-00.9696 00.1248
-00.8007 00.0922
-00.8080 00.0221
-00.6633 00.8429
-00.8051 00.1148
-00.6274 00.1240
-00.8712 00.0438
-00.7679 00.0906
-00.7792 00.2297
-00.8310 00.0000
-00.9398 00.0793
-00.7451 00.1922
-00.8030 00.2724
-00.7818 00.4601
-00.8410 00.0778
-00.8769 00.1975
-00.7414 00.0223
-00.5194 01.1267
-00.8153 00.2353
-00.8644 00.0000
-00.7698 00.1660
-00.5045 00.6295
-00.7060 00.2117
-00.8525 00.2539
-00.7966 00.0323
-00.8952 00.0000
-00.7653 00.7625
-00.7187 00.1690
-00.3984 00.9987
-00.9320 00.0000
-00.9936 00.2180
-00.8931 00.0616
-00.8330 00.1461
-00.7759 00.0278
-00.8111 00.1418
-00.8154 00.4558
-00.7627 00.2651
-00.8710 00.0089
-00.9620 00.2371
-00.6086 00.8382
-00.8078 00.1123
-00.6653 00.0343
-00.7102 00.0967
-00.8031 00.3133
-00.9548 00.1493
-00.8036 00.2970
-00.6417 00.3939
-00.7425 00.0622
-00.6077 00.4590
-00.9085 00.2769
-00.8388 00.0885
-00.9471 00.2627
-00.5780 00.8516
-00.8005 00.1497
-00.6379 00.9831
-00.5921 00.1074
-00.7792 00.1425
-00.7869 00.2849
-00.6866 00.6821
-00.7152 00.0626
-00.9187 00.2973
-00.6438 00.2487
-00.7012 00.0000
-00.9187 00.1578
-00.7598 00.2666
-00.8185 00.1512
-00.7152 00.0351
-00.7664 00.3000
-00.6431 00.0871
-00.9844 00.2393
-00.9826 00.2206
-00.8090 00.0146
-00.7646 00.1980
-00.5912 00.4385
-00.8524 00.3809
-00.6323 00.6369
-00.4598 01.1371
-00.6380 01.0976
-00.8173 00.2795
-00.6335 00.9860
-00.7030 00.1020
-00.7625 00.5392
-00.3948 00.6733
-00.8235 00.1122
-00.5986 00.8516
-00.8528 00.1579
-00.6314 00.2730
-00.7213 00.1780
-00.7250 00.6606
-00.6776 00.4330
-00.7836 00.2593
-00.9193 00.2859
-00.5494 00.0907
-00.6113 00.3643
-00.7766 00.0286
-00.8185 00.0328
-00.6768 00.4671
-00.6537 00.4142
-00.9522 00.1307
-00.6694 00.1107
-00.7668 00.2890
-00.7945 00.3515
-00.8163 00.0994
-00.7003 00.1297
-00.9142 00.2208
-00.7389 00.2880
-00.7835 00.1450
-00.7534 00.2893
-00.7147 00.2247
-00.5583 00.3648
-00.6900 00.1464
-00.7503 00.5787
-00.9030 00.2882
-00.5531 00.0501
-00.8110 00.0380
-00.8367 00.2859
-00.7722 00.0028
-00.6995 00.0082
-00.5751 00.3381
-00.7522 00.7730
-00.9004 00.0000
-00.5563 01.0868
-00.6619 00.9280
-00.7860 00.6326
-00.7142 00.0000
-00.7209 00.4835
-00.9672 00.3543
-00.9088 00.3066
-00.7408 00.4856
-00.7856 00.2050
-00.9407 00.4816
-00.8642 00.3123
-00.6457 00.2427
-00.9142 00.0000
-00.7716 00.1239
-00.7294 00.8728
-00.7071 00.2853
-00.7578 00.8475
-00.6956 00.7756
-00.4614 00.1214
-00.5774 00.0703
-00.9461 00.0000
-00.7777 00.5050
-00.8770 00.1039
-00.7746 00.0116
-00.8159 00.3075
-00.7571 00.3229
-00.8648 00.4694
-00.8164 00.2528
-00.5906 00.0000
-00.7086 00.2340
-00.6942 00.2017
-00.5291 01.1716
-00.6904 00.5265
-00.7709 00.5168
-00.9765 00.3876
-00.9624 00.0702
-00.9258 00.0524
-00.8409 00.1780
-00.6451 01.0001
-00.6968 00.2764
-00.6288 00.2892
-00.9484 00.0856
-00.6414 00.9078
-00.9622 00.1245
-00.8712 00.1166
-00.6990 00.1483
-00.9351 00.2353
-00.7133 00.3112
-00.7015 00.9450
-00.9142 00.1952
-00.5674 00.3226
-00.9432 00.2072
-00.8245 00.0196
-00.9073 00.0941
-00.8764 00.0327
-00.7824 00.2733
-00.6541 00.0534
-00.9526 00.0000
-00.7949 00.2637
-00.6372 00.7673
-00.7182 00.0469
-00.8531 00.2589
-00.6457 00.3613
-00.7737 00.2356
-00.7008 00.2618
-00.9489 00.0619
-00.9725 00.1303
-00.5265 01.2515
-00.7038 00.2534
-00.6308 00.9185
-00.6958 00.5001
-00.8880 00.0924
-00.6767 00.2879
-00.5250 00.5004
-00.7134 00.2080
-00.7697 00.1130
-00.9176 00.3302
-00.7774 00.0745
-00.4274 01.0867
-00.8978 00.2718
-00.7799 00.0012
-00.8538 00.2641
-00.3265 01.6228
-00.8025 00.1358
-00.7103 00.7062
-00.8470 00.2831
-00.5781 00.8569
-00.9458 00.4461
-00.8168 00.1970
-00.8211 00.2417
-00.5856 01.0098
-00.6812 00.3357
-00.9335 00.1829
-00.8780 00.2074
-00.6944 00.1813
-00.5290 01.0474
-00.5672 00.3284
-00.6859 00.3066
-00.6734 00.2544
-00.8706 00.2767
-00.8217 00.1932
-00.7230 01.0483
-00.6742 00.0593
-00.5869 00.4620
-00.7860 00.2674
-00.7299 00.0970
-00.5773 00.8749
-00.7084 00.6823
-00.7822 00.1307
-00.7216 00.1734
-00.8730 00.2165
-00.8336 00.2613
-00.7762 00.2114
-00.9614 00.2431
-00.7286 00.4947
-00.7861 00.1778
-00.8350 00.2753
-00.8709 00.2364
-00.6251 00.7285
-00.7730 00.1573
-00.8410 00.0925
-00.9484 00.0538
-00.6834 00.2673
-00.5697 00.8772
-00.8189 00.1170
-00.5091 00.3578
-00.6703 00.5199
-00.7406 00.0920
-00.7457 00.0764
-00.5669 00.6182
-00.6623 00.9098
-00.6164 00.1810
-00.7057 00.6695
-00.8174 00.3658
-00.7750 00.0904
-00.4816 00.8166
-00.7506 00.0000
-00.6212 00.4015
-00.6205 00.0577
-00.8550 00.0000
-00.6921 00.4617
-00.7321 00.2006
-00.8098 00.2909
-00.7876 00.0000
-00.4982 00.5507
-00.8392 00.2972
-00.9481 00.1194
-00.9310 00.2745
-00.6780 00.3409
-00.6391 00.0602
-00.6814 00.8458
-00.8133 00.0553
-00.9111 00.1168
-00.8935 00.6210
-00.9220 00.0710
-00.7226 00.2015
-00.7131 00.2327
-00.7824 00.0571
-00.6111 00.2561
-00.6328 00.0000
-00.8966 00.2744
-00.6447 00.1276
-00.9305 00.0172
-00.6129 00.6371
-00.6952 00.6127
-00.8416 00.2262
-00.8800 00.2393
-00.8419 00.0630
-00.6936 00.2287
-00.8131 00.2731
-00.5678 00.6541
-00.7265 00.3135
-00.6205 00.2049
-00.9143 00.2133
-00.8177 00.2113
-00.7534 00.3332
-00.8677 00.3952
-00.7021 00.1402
-00.4753 01.3801
-00.7154 00.2140
-00.9120 00.1996
-00.8018 00.2879
-00.8606 00.2133
-00.8321 00.2782
-00.7470 00.3373
-00.6807 00.4077
-00.8719 00.0481
-00.7982 00.1088
-00.5608 00.8931
-00.8419 00.2761
-00.7488 00.1039
-00.5686 00.4675
-00.7300 00.9846
-00.8108 00.4151
-00.9231 00.1737
-00.9763 00.0000
-00.7899 00.2098
-00.6493 00.4470
-00.9013 00.3613
-00.8443 00.4553
-00.7298 00.0000
-00.7730 00.0000
-00.8970 00.2168
-00.5166 00.7979
-00.9577 00.0619
-00.9674 00.0459
-00.9439 00.0000
-00.7430 00.5385
-00.4794 01.0443
-00.7634 00.6969
-00.6557 00.0000
-00.6263 00.9376
-00.3837 00.8320
-00.8151 00.0174
-00.6709 00.5155
-00.5691 00.2362
-00.7243 00.7087
-00.6694 00.4391
-00.7859 00.0432
-00.9068 00.1369
-00.5860 00.6169
-00.7201 00.4620
-00.5581 00.9187
-00.7918 00.1629
-00.6438 00.9441
-00.8357 00.1468
-00.7468 00.3328
-00.9109 00.0000
-00.6982 00.0039
-00.8486 00.2226
-00.6862 00.8836
-00.7851 00.2587
-00.6799 00.6913
-00.6872 00.0822
-00.7910 00.1630
-00.6121 00.8649
-00.8469 00.2444
-00.7138 00.0000
-00.8120 00.3858
-00.8174 00.4193
-00.7417 00.8015
-00.6644 00.5298
-00.8551 00.1709
-00.8743 00.3462
-00.7471 00.0877
-00.8163 00.2229
-00.7097 00.0263
-00.8432 00.3576
-00.5866 00.2553
-00.5389 01.2456
-00.4566 00.7198
-00.7822 00.4295
-00.6391 00.5115
-00.9576 00.1255
-00.7203 00.0296
-00.8035 00.1131
-00.9080 00.1875
-00.8569 00.2772
-00.6384 01.0724
-00.8284 00.0000
-00.8056 00.0581
-00.8487 00.3015
-00.7332 00.2067
-00.9386 00.1024
-00.8278 00.1280
-00.8106 00.1825
-00.7238 00.2487
-00.7828 00.1685
-00.7079 00.4547
-00.4317 00.7033
-00.8347 00.2288
-00.7074 00.2031
-00.6611 00.7310
-00.7959 00.5585
-00.7526 00.2110
-00.8912 00.1644
-00.8670 00.3236
-00.7368 00.2739
-00.7055 00.3838
-00.9491 00.0935
-00.8773 00.1309
-00.7759 00.2369
-00.6829 00.4819
-00.5718 00.9665
-00.7678 00.3275
-00.9876 00.0428
-00.8920 00.0000
-00.8500 00.0090
-00.7690 00.0878
-00.9244 00.0911
-00.8492 00.2730
-00.6348 00.3059
-00.7237 00.2441
-00.8462 00.4656
-00.9379 00.0565
-00.4509 00.6198
-00.7136 00.3084
-00.6106 00.0267
-00.9129 00.0261
-00.8392 00.2386
-00.6351 00.0778
-00.8372 00.1117
-00.7111 00.0451
-00.7141 00.9636
-00.7398 00.2830
-00.8051 00.2023
-00.6212 00.1822
-00.8427 00.0139
-00.7655 00.0997
-00.8887 00.1893
-00.6739 00.1403
-00.5589 00.1596
-00.8194 00.2358
-00.7560 00.4796
-00.5571 00.6316
-00.7914 00.0465
-00.7316 00.1192
-00.7142 00.7713
-00.7398 00.9374
-00.8602 00.5059
-00.8745 00.3070
-00.7233 00.8741
-00.7577 00.3510
-00.8794 00.2408
-00.8884 00.1283
-00.8693 00.0000
-00.6744 00.5379
-00.6865 00.2444
-00.6061 00.4313
-00.6345 00.8072
-00.8603 00.1272
-00.7473 00.1935
-00.8943 00.2951
-00.4847 00.8834
-00.7406 00.3689
-00.6606 00.5098
-00.8014 00.2474
-00.4195 00.4439
-00.7520 00.0000
-00.8052 00.2411
-00.5416 00.7106
-00.7893 00.1252
-00.7446 00.1191
-00.8698 00.1868
-00.6561 00.5341
-00.7020 00.4051
-00.8833 00.1144
-00.9079 00.1278
-00.9785 00.1668
-00.8431 00.2103
-00.9131 00.3801
-00.8631 00.1315
-00.9005 00.1865
-00.9340 00.0597
-00.6643 00.6050
-00.8722 00.3579
-00.7940 00.1793
-00.5023 00.4685
-00.8662 00.3789
-00.8957 00.2773
-00.9373 00.3561
-00.9281 00.1747
-00.6651 00.4314
-00.6847 00.2212
-00.6670 00.5837
-00.8683 00.1850
-00.8079 00.2084
-00.7490 00.2623
-00.8719 00.0295
-00.6235 00.0746
-00.6579 00.7213
-00.5603 00.3442
-00.8013 00.0709
-00.8588 00.1790
-00.6277 00.0396
-00.9125 00.0326
-00.8599 00.5058
-00.7100 00.9511
-00.8918 00.1581
-00.8465 00.3792
-00.4973 00.7713
-00.8730 00.2154
-00.8212 00.2439
-00.7758 00.0000
-00.7434 00.2818
-00.8899 00.1015
-00.7428 00.1522
-00.6836 00.0000
-00.6694 00.4031
-00.5958 00.7946
-00.6421 00.1254
-00.9501 00.0706
-00.6751 00.5457
-00.6839 00.0667
-00.7871 00.2883
-00.9332 00.0777
-00.6297 00.9095
-00.7996 00.0203
-00.7952 00.4045
-00.9568 00.2484
-00.7234 00.1793
-00.8884 00.2818
-00.5694 00.2124
-00.8622 00.0366
-00.8536 00.0486
-00.9158 00.5115
-00.7323 00.1032
-00.8188 00.2684
-00.7809 00.1694
-00.6766 00.7703
-00.9468 00.0240
-00.6958 00.3257
-00.7567 00.0640
-00.8100 00.0802
-00.6691 00.5340
-00.9680 00.1081
-00.7023 00.2793
-00.9636 00.2987
-00.9287 00.0463
-00.6956 00.3877
-00.8030 00.0282
-00.6289 00.0897
-00.5171 00.7173
-00.6673 00.0000
-00.5877 00.0000
-00.7228 00.9518
-00.6117 00.3976
-00.5620 00.3054
-00.7071 00.6382
-00.8147 00.0000
-00.7888 00.3155
-00.5965 00.2856
-00.6352 00.2471
-00.8861 00.1353
-00.8083 00.1563
-00.6915 00.3266
-00.6202 00.3191
-00.7528 00.1743
-00.7617 00.1441
-00.7858 00.6444
-00.8563 00.0997
-00.7211 00.2738
-00.6724 00.1203
-00.7343 01.0119
-00.8201 00.2484
-00.8548 00.3470
-00.9081 00.0000
-00.6475 00.1394
-00.7375 00.2382
-00.6871 00.9314
-00.8981 00.2903
-00.8365 00.0051
-00.7042 00.2720
-00.6726 01.2258
-00.9363 00.0488
-00.7352 00.3859
-00.8476 00.0024
-00.8445 00.2581
-00.4901 00.7988
-00.6726 00.1002
-00.8232 00.1077
-00.9643 00.3481
-00.8660 00.4243
-00.6491 00.6710
-00.5463 00.9424
-00.7427 00.4565
-00.6185 00.9594
-00.9303 00.1082
-00.6604 00.0815
-00.4851 00.7650
-00.6920 00.3896
-00.8578 00.0000
-00.8931 00.2897
-00.5685 01.0698
-00.7402 00.1868
-00.8883 00.2872
-00.6385 00.3770
-00.8719 00.3569
-00.8234 00.3055
-00.7436 00.6716
-00.6583 00.3528
-00.7796 00.2583
-00.7444 00.0478
-00.6141 00.8454
-00.7610 00.0636
-00.8756 00.2874
-00.7808 00.0000
-00.5518 00.4197
-00.8126 00.3441
-00.7725 00.1160
-00.7857 00.2678
-00.7972 00.2638
-00.7543 00.3160
-00.7630 00.9869
-00.8277 00.2054
-00.7613 00.1161
-00.8898 00.0206
-00.6600 00.2492
-00.6759 00.4267
-00.7429 00.3794
-00.6068 00.6237
-00.5311 00.7366
-00.6196 00.0968
-00.8727 00.2502
-00.7906 00.3095
-00.8299 00.2767
-00.6994 00.1127
-00.9820 00.1873
-00.7478 00.0503
-00.8450 00.1831
-00.5882 01.0080
-00.6871 00.1969
-00.7235 00.5583
-00.4254 00.9496
-00.7375 00.0000
-00.7881 00.3230
-00.7069 00.1331
-00.6519 00.8014
-00.5786 00.1960
-00.5675 00.2575
-00.8655 00.1607
-00.6054 00.1877
-00.6033 00.0000
-00.8547 00.0000
-00.9501 00.0268
-00.6605 00.1618
-00.7188 00.2718
-00.6120 00.0548
-00.5865 01.1674
-00.9137 00.0000
-00.8233 00.1310
-00.7209 00.1397
-00.9116 00.1490
-00.7353 00.4435
-00.5924 00.6104
-00.7491 00.5932
-00.7798 00.0640
-00.9177 00.1064
-00.7518 00.0000
-00.5729 00.0000
-00.6617 00.6176
-00.7982 00.2755
-00.6708 00.1216
-00.5875 00.2596
-00.6921 00.8136
-00.7532 00.0000
-00.6363 00.0470
-00.6398 00.4292
-00.6029 00.3188
-00.7700 00.1047
-00.5078 00.5195
-00.8374 00.2588
-00.6176 00.3522
-00.8232 00.0726
-00.6877 00.2584
-00.7177 00.3646
-00.9028 00.0000
-00.8462 00.0057
-00.4118 00.8091
-00.7497 00.4148
-00.8035 00.0363
-00.7840 00.2177
-00.9381 00.3423
-00.7177 00.3366
-00.7013 00.0068
-00.7170 00.2639
-00.6666 00.7938
-00.8893 00.0522
-00.7528 00.4683
-00.6108 00.7336
-00.6750 00.1970
-00.9054 00.0243
-00.8113 00.0600
-00.7391 00.8275
-00.8816 00.2623
-00.6275 00.4798
-00.6003 00.6772
-00.7619 00.2049
-00.5660 00.9394
-00.6347 00.2763
-00.6590 00.3345
-00.7033 00.4860
-00.8683 00.3310
-00.7320 00.3716
-00.7935 00.3673
-00.5403 00.2015
-00.6977 00.2537
-00.7338 00.3612
-00.6640 00.7178
-00.8250 00.3619
-00.8176 00.3951
-00.8635 00.1276
-00.8273 00.0000
-00.7984 00.1231
-00.7287 00.1009
-00.8165 00.1282
-00.7502 00.1629
-00.8540 00.2424
-00.6968 00.7812
-00.6699 00.3683
-00.9291 00.1031
-00.9565 00.3211
-00.6833 00.7999
-00.8486 00.1188
-00.7691 00.2576
-00.6965 00.3543
-00.5095 00.4475
-00.9427 00.1306
-00.7130 00.2373
-00.7370 00.5726
-00.9594 00.0000
-00.7099 01.1761
-00.9143 00.3644
-00.7913 00.2167
-00.5209 00.9077
-00.8015 00.0417
-00.7311 00.0111
-00.6745 00.0393
-00.7466 00.2661
-00.5996 00.2901
-00.8237 00.0315
-00.8024 00.0125
-00.7777 00.2124
-00.6638 00.0385
-00.7755 00.0886
-00.8858 00.2850
-00.7509 00.0000
-00.7431 00.6380
-00.7873 00.2788
-00.9613 00.2775
-00.7505 00.2536
-00.7699 00.0475
-00.6843 00.8053
-00.7636 00.3145
-00.9116 00.2661
-00.7001 00.3843
-00.9793 00.0820
-00.8526 00.6310
-00.7185 00.6845
-00.5180 00.8894
-00.8988 00.3856
-00.7922 00.3542
-00.6252 00.0000
-00.7158 00.2037
-00.6838 00.3474
-00.6408 00.9248
-00.9360 00.1007
-00.4988 00.4070
-00.8590 00.1954
-00.4256 00.4373
-00.7031 01.0919
-00.6618 00.7176
-00.8520 00.2284
-00.9566 00.0927
-00.9390 00.3951
-00.9458 00.0840
-00.8040 00.0496
-00.5111 00.9473
-00.7248 00.7404
-00.5428 01.0571
-00.6837 01.0295
-00.6292 00.1264
-00.7481 00.4245
-00.9747 00.1520
-00.4971 00.2648
-00.8380 00.1107
-00.5905 00.1700
-00.6262 00.6519
-00.7291 00.1029
-00.7849 00.1423
-00.8801 00.0615
-00.9009 00.1333
-00.8407 00.2989
-00.7793 00.1763
-00.7699 00.2293
-00.6847 00.2035
-00.9398 00.0259
-00.7830 00.1600
-00.9049 00.0444
-00.7384 00.3065
-00.5651 00.8844
-00.9640 00.0000
-00.8315 00.2818
-00.5554 01.0121
-00.5748 00.8404
-00.8089 00.1539
-00.5993 00.3289
-00.5615 00.4174
-00.5398 00.4626
-00.6451 00.1174
-00.9169 00.3613
-00.7005 00.1594
-00.8905 00.2906
-00.7718 00.1480
-00.8991 00.1685
-00.6234 00.2538
-00.6806 00.3064
-00.9381 00.0187
-00.8614 00.1165
-00.5865 00.2436
-00.9193 00.2497
-00.5725 00.3929
-00.4603 01.2431
-00.7548 00.6405
-00.7696 00.4019
-00.6333 00.1389
-00.8863 00.0506
-00.5029 00.7726
-00.8244 00.2234
-00.6549 00.1752
-00.7122 00.3994
-00.6276 00.4879
-00.8079 00.2580
-00.8439 00.4683
-00.7487 00.4066
-00.9451 00.2473
-00.8582 00.0843
-00.4227 00.7102
-00.6996 00.6816
-00.7985 00.0390
-00.7297 00.1599
-00.8025 00.0384
-00.8284 00.3279
-00.6906 00.3422
-00.7505 00.8334
-00.8360 00.1627
-00.7832 00.3926
-00.6694 00.1841
-00.8759 00.0000
-00.4685 00.6975
-00.8411 00.3444
-00.6568 00.7122
-00.7606 00.1890
-00.7170 00.2397
-00.9577 00.2006
-00.8477 00.0893
-00.8705 00.0101
-00.7662 00.1040
-00.7828 00.3751
-00.7243 00.2786
-00.7594 00.1660
-00.5865 00.7534
-00.8509 00.0361
-00.7410 00.5775
-00.8483 00.2580
-00.8389 00.1236
-00.6234 00.9166
-00.5515 00.8155
-00.4871 00.8235
-00.7001 00.1165
-00.8662 00.1511
-00.6122 00.5980
-00.7371 00.4476
-00.8694 00.0000
-00.8443 00.4501
-00.7034 00.2485
-00.8803 00.0644
-00.5310 00.6687
-00.8598 00.0972
-00.8156 00.2078
-00.6922 00.1451
-00.7234 00.6283
-00.8841 00.3055
-00.8298 00.3719
-00.7843 00.1989
-00.8104 00.3115
-00.7308 00.2393
-00.8413 00.1458
-00.6258 00.6432
-00.6761 00.2825
-00.6539 00.2071
-00.6446 00.3224
-00.5884 00.9048
-00.9457 00.3676
-00.9631 00.3362
-00.5161 00.6636
-00.9122 00.0329
-00.7438 00.0000
-00.9397 00.3036
-00.9496 00.2123
-00.6651 00.0762
-00.7863 00.2155
-00.8794 00.1171
-00.6223 00.6171
-00.6735 00.3423
-00.7047 00.8385
-00.3089 01.9341
-00.8432 00.2027
-00.8992 00.3333
-00.6987 00.2057
-00.7245 00.3410
-00.6137 00.2853
-00.7236 01.0121
-00.8218 00.2259
-00.5960 00.9119
-00.8809 00.0089
-00.8050 00.2929
-00.8820 00.0937
-00.8770 00.3643
-00.7803 00.3108
-00.7783 00.2102
-00.6459 00.5450
-00.9136 00.1829
-00.7739 00.0983
-00.8099 00.2441
-00.7507 00.2550
-00.5796 00.3481
-00.9500 00.5688
-00.7186 00.1904
-00.7113 00.1190
-00.7747 00.2184
-00.6547 00.0305
-00.8266 00.0000
-00.6231 00.1107
-00.8007 00.3378
-00.7150 00.1966
-00.4984 00.4070
-00.8760 00.0818
-00.5630 00.7083
-00.8679 00.3229
-00.9447 00.3551
-00.6664 00.0000
-00.6131 00.4761
-00.8600 00.0545
-00.7625 00.1044
-00.9254 00.2451
-00.8565 00.2652
-00.7523 00.1256
-00.7255 00.3905
-00.9479 00.1673
-00.7350 00.0000
-00.7012 00.2312
-00.7292 00.3341
-00.9153 00.1674
-00.8627 00.1280
-00.5876 00.9305
-00.8970 00.3648
-00.8724 00.1104
-00.7392 00.9794
-00.9632 00.0824
-00.5928 00.7284
-00.5416 01.2357
-00.6358 00.7516
-00.6045 00.5793
-00.9297 00.0579
-00.5912 00.9689
-00.8265 00.0000
-00.8630 00.0673
-00.9416 00.0305
-00.7217 00.5859
-00.8028 00.0936
-00.7250 00.0751
-00.7702 00.1839
-00.7148 00.1167
-00.6780 00.1691
-00.7727 00.5031
-00.5272 00.9766
-00.7438 00.3927
-00.8192 00.0092
-00.9874 00.3092
-00.6367 00.6901
-00.8207 00.3320
-00.7458 00.4061
-00.7221 00.0000
-00.7469 00.0971
-00.8636 00.2028
-00.7926 00.1736
-00.8011 00.3087
-00.5969 00.3083
-00.7156 00.7441
-00.8466 00.1214
-00.6853 00.0844
-00.4921 01.2919
-00.8003 00.1154
-00.7125 00.6464
-00.7066 00.1398
-00.8374 00.5099
-00.6827 00.5880
-00.4771 00.7305
-00.7306 00.1697
-00.7229 00.4301
-00.6167 00.4901
-00.5821 00.9852
-00.8840 00.1123
-00.8552 00.1356
-00.9695 00.0188
-00.7615 00.5792
-00.6633 00.3032
-00.7895 00.2961
-00.7226 00.0310
-00.7582 00.6982
-00.7802 00.6150
-00.8676 00.0000
-00.7119 00.8481
-00.7981 00.1550
-00.6466 00.7573
-00.8689 00.3349
-00.6548 00.9928
-00.7317 00.4548
-00.7117 00.1249
-00.5483 00.9683
-00.5032 00.4754
-00.8873 00.0000
-00.6271 00.7601
-00.5517 00.4955
-00.6544 00.1359
-00.9079 00.3664
-00.6256 00.4259
-00.8633 00.1170
-00.9330 00.0934
-00.5825 00.0759
-00.7772 00.2405
-00.7358 00.0853
-00.8422 00.5192
-00.7837 00.3924
-00.9393 00.2193
-00.7385 00.0000
-00.8482 00.0995
-00.7723 00.3747
-00.7660 00.2031
-00.6858 00.1252
-00.6299 00.2118
-00.8975 00.3077
-00.7940 00.2170
-00.9029 00.0701
-00.8368 00.2656
-00.4541 00.6172
-00.6627 00.1470
-00.6610 00.3429
-00.8229 00.1795
-00.7712 00.0000
-00.8610 00.4638
-00.4586 00.7434
-00.8978 00.0094
-00.7493 00.1189
-00.8150 00.0994
-00.9111 00.1284
-00.5915 00.8441
-00.8493 00.5152
-00.7667 00.4453
-00.7838 00.1740
-00.7320 00.0233
-00.6829 00.2682
-00.5819 00.4898
-00.6610 00.9044
-00.6247 00.1810
-00.8573 00.1509
-00.8580 00.1826
-00.8777 00.0276
-00.8975 00.1157
-00.8629 00.0000
-00.9577 00.0788
-00.9115 00.3943
-00.7701 00.0720
-00.8313 00.1640
-00.6855 00.3299
-00.7452 00.2400
-00.7807 00.0000
-00.7689 00.7276
-00.8198 00.2339
-00.9809 00.1514
-00.7926 00.1989
-00.8858 00.2012
-00.7392 00.4223
-00.8361 00.1721
-00.8391 00.3580
-00.6034 00.2699
-00.5584 00.4658
-00.9324 00.3722
-00.5482 00.4731
-00.6525 00.1964
-00.5225 00.4533
-00.8542 00.2892
-00.6004 00.6817
-00.9879 00.1952
-00.6596 00.5613
-00.7104 00.8634
-00.6775 00.1555
-00.9361 00.2126
-00.8167 00.2378
-00.7933 00.4849
-00.7395 00.1065
-00.4101 01.1446
-00.8677 00.3773
-00.6400 00.2589
-00.7504 00.1598
-00.6496 00.6688
-00.6816 00.3998
-00.7472 00.5287
-00.8341 00.2785
-00.8627 00.2492
-00.8701 00.0784
-00.6894 00.0467
-00.8825 00.0662
-00.7271 00.1004
-00.7643 00.6756
-00.8731 00.2134
-00.7512 00.2209
-00.6110 00.1941
-00.7112 00.8328
-00.7142 00.1718
-00.6935 00.2334
-00.5576 00.6216
-00.8829 00.5248
-00.6007 00.5438
-00.7152 00.0688
-00.4819 01.3939
-00.7889 00.0976
-00.7995 00.0730
-00.5612 00.0727
-00.7099 00.0726
-00.9413 00.1529
-00.6878 00.1959
-00.3363 01.6317
-00.6828 00.6188
-00.7338 00.1438
-00.6995 00.0482
-00.7839 00.3078
-00.7023 00.6792
-00.9876 00.1727
-00.4247 00.4586
-00.6635 00.5392
-00.8148 00.0105
-00.7867 00.2759
-00.7449 00.1575
-00.8524 00.1893
-00.6398 00.1586
-00.6952 00.9144
-00.9508 00.2483
-00.6942 00.2697
-00.8411 00.2431
-00.7766 00.1559
-00.7378 00.5185
-00.9154 00.1609
-00.7101 00.6945
-00.7906 00.4016
-00.3550 01.4194
-00.6118 00.1059
-00.7423 00.4997
-00.8006 00.0095
-00.7594 00.1225
-00.8330 00.3672
-00.8628 00.2684
-00.9213 00.2912
-00.7972 00.0795
-00.5589 01.0838
-00.8248 00.0000
-00.6434 00.5034
-00.7231 00.7581
-00.5624 00.5675
-00.9102 00.0000
-00.9225 00.1620
-00.7177 00.2668
-00.5987 00.5966
-00.9300 00.1479
-00.7872 00.1591
-00.9356 00.2303
-00.7378 00.3028
-00.5269 00.3443
-00.6899 00.1383
-00.7393 00.9599
-00.5551 00.8518
-00.5421 00.3697
-00.8622 00.4214
-00.9013 00.1206
-00.8254 00.0465
-00.7701 00.1169
-00.8050 00.4361
-00.4486 01.1475
-00.8632 00.2489
-00.6366 00.2519
-00.9312 00.2712
-00.7943 00.3834
-00.5103 00.6085
-00.9766 00.0596
-00.4263 00.5705
-00.8437 00.0519
-00.8372 00.1774
-00.6620 00.2449
-00.8934 00.0361
-00.8374 00.1876
-00.9050 00.2928
-00.5460 00.2388
-00.7435 00.1244
-00.7430 00.0057
-00.9411 00.1915
-00.9997 00.0000
-00.8895 00.2873
-00.7192 00.0000
-00.8308 00.2109
-00.7646 00.1483
-00.7248 00.3733
-00.4528 00.9579
-00.9734 00.1205
-00.9542 00.1303
-00.7651 00.0255
-00.6078 00.5252
-00.8514 00.2647
-00.7655 00.1661
-00.5733 00.3956
-00.9627 00.3697
-00.8088 00.1210
-00.7536 00.4587
-00.7138 00.5460
-00.4308 01.2810
-00.7210 00.1895
-00.9487 00.0095
-00.7278 01.2922
-00.9162 00.0000
-00.8709 00.2486
-00.5499 01.2002
-00.9077 00.1160
-00.8733 00.0100
-00.7853 00.1807
-00.8799 00.1245
-00.9510 00.0942
-00.7444 00.2026
-00.7467 00.5236
-00.7736 00.2693
-00.6978 00.3792
-00.6152 00.3293
-00.7145 00.2130
-00.6875 00.0093
-00.7960 00.1726
-00.7749 00.0000
-00.8124 00.3204
-00.8753 00.0113
-00.5928 01.0097
-00.9174 00.1431
-00.6961 00.3599
-00.5157 00.9420
-00.8747 00.5260
-00.8637 00.4182
-00.8300 00.4127
-00.8054 00.2925
-00.9735 00.2598
-00.8750 00.2550
-00.7995 00.2154
-00.5899 00.8069
-00.8516 00.3407
-00.7573 00.6117
-00.7855 00.4158
-00.8706 00.3631
-00.8668 00.1778
-00.7960 00.1624
-00.8718 00.1722
-00.6901 00.9440
-00.6558 00.2538
-00.4531 00.7277
-00.5076 01.2272
-00.6970 00.0789
-00.6838 00.9364
-00.8636 00.2647
-00.7896 00.2577
-00.7043 00.5129
-00.7592 00.1322
-00.7667 00.3168
-00.8983 00.3303
-00.5199 01.1429
-00.5815 00.2282
-00.9334 00.2552
-00.6649 01.0315
-00.6456 00.7289
-00.7442 00.3408
-00.4897 00.2515
-00.7754 00.2004
-00.8757 00.2030
-00.6288 00.1465
-00.8004 00.3859
-00.5330 01.2186
-00.8991 00.0000
-00.6822 00.0342
-00.7140 00.0906
-00.7429 00.1837
-00.7204 00.2175
-00.7161 00.1107
-00.8145 00.0148
-00.9093 00.2843
-00.7673 00.4734
-00.7494 00.3689
-00.7201 00.0000
-00.9174 00.2115
-00.8563 00.0826
-00.7318 00.5493
-00.7164 00.1559
-00.8568 00.2573
-00.9206 00.0606
-00.8270 00.3901
-00.7354 00.5693
-00.8418 00.1709
-00.6796 00.0779
-00.8478 00.1029
-00.6844 00.1075
-00.6041 00.4042
-00.7543 00.2450
-00.7625 00.2733
-00.6298 00.0670
-00.7373 00.7831
-00.8844 00.0918
-00.7089 00.7671
-00.8325 00.3355
-00.9138 00.3142
-00.8364 00.2580
-00.5105 00.7632
-00.8277 00.0292
-00.9586 00.2202
-00.8270 00.1695
-00.6410 00.1021
-00.7796 00.0538
-00.8069 00.1005
-00.9474 00.1570
-00.7206 00.2642
-00.7384 00.6890
-00.7411 00.7382
-00.9512 00.1566
-00.9339 00.1414
-00.8093 00.3418
-00.7028 00.8436
-00.9688 00.0872
-00.4742 00.5859
-00.9107 00.0822
-00.5093 01.1688
-00.8212 00.2760
-00.7310 00.2233
-00.6855 00.3359
-00.8262 00.2352
-00.6265 00.1386
-00.9232 00.0941
-00.5602 00.5025
-00.6361 01.0407
-00.8448 00.0513
-00.7131 00.0839
-00.6366 00.2495
-00.8404 00.2959
-00.9665 00.1277
-00.8751 00.4039
-00.6213 01.1127
-00.8262 00.1112
-00.6807 00.3242
-00.8677 00.0168
-00.8098 00.2483
-00.9430 00.0000
-00.7260 00.7298
-00.4761 00.4274
-00.7454 00.3180
-00.7739 00.4971
-00.3225 01.6550
-00.7433 00.2895
-00.7976 00.3123
-00.5689 00.3422
-00.9082 00.4577
-00.4782 00.5971
-00.6322 00.2054
-00.7736 00.5209
-00.7567 00.1191
-00.8514 00.1776
-00.6507 00.4480
-00.7670 00.2805
-00.8318 00.2991
-00.9551 00.0000
-00.4974 00.3931
-00.6829 00.9874
-00.8389 00.2142
-00.7056 00.0830
-00.5760 00.4783
-00.5381 01.0735
-00.7028 00.6817
-00.9235 00.2766
-00.6740 00.1567
-00.8101 00.1087
-00.8745 00.0000
-00.8640 00.0249
-00.9900 00.0611
-00.6327 00.2191
-00.8731 00.2419
-00.4726 00.8078
-00.6905 00.0000
-00.8593 00.0763
-00.8474 00.3279
-00.5782 00.7693
-00.5670 00.7358
-00.7302 00.0689
-00.7390 00.0734
-00.6498 00.0420
-00.8634 00.2293
-00.6568 00.5915
-00.9504 00.2898
-00.8034 00.3629
-00.8110 00.3325
-00.8241 00.1904
-00.4766 01.1529
-00.5424 01.0887
-00.7751 00.1860
-00.4065 01.1969
-00.6743 00.0930
-00.7341 00.6781
-00.5136 00.4174
-00.9739 00.3610
-00.6006 00.1884
-00.9058 00.2334
-00.5313 00.6865
-00.5711 00.6736
-00.6963 00.0585
-00.8618 00.2133
-00.7188 00.2194
-00.8265 00.2369
-00.7854 00.2915
-00.6475 00.1854
-00.6214 00.3269
-00.8716 00.2088
-00.4965 01.3621
-00.7155 00.6646
-00.5227 00.3140
-00.6179 00.7359
-00.7908 00.3078
-00.6276 00.1985
