Raw 3D
0.02736069402736069
0.026026026026026026
0.028695362028695364
0.0333667000333667
0.028695362028695364
0.0333667000333667
0.030363697030363696
0.020020020020020023
0.024024024024024024
0.028695362028695364
0.02736069402736069
0.024691358024691357
0.03670337003670337
0.022689356022689355
0.020020020020020016
0.024691358024691357
0.025358692025358693
0.03670337003670337
0.0273606940273607
0.029362696029362697
0.028695362028695364
0.02736069402736069
0.03203203203203203
0.02335669002335669
0.028028028028028024
0.029362696029362697
0.022689356022689358
0.0323656990323657
0.022022022022022022
0.033366700033366704
