Raw 3D
0.45130532294611686
0.4598447134134147
0.43935742321830273
0.4468734547919965
0.431353017937632
0.4472477133959941
0.44225448574131027
0.4587152458523028
0.4684047196496925
0.47359393811099026
0.4870421298475947
0.4625737376084007
0.47880088375882546
0.4538187919355295
0.45332228195013125
0.4605460890258171
0.45992748519882215
0.45889829161852963
0.4546357908425656
0.46095340734908835
0.47018376249240124
0.46329299881006275
0.45943901185901076
0.445971363700652
0.4906729656188864
0.46394444873239166
0.44802938822445093
0.4786990175866262
0.445814138596665
0.4743550240173721
